Pile ID	Distribution Type	X-Position	Y-Position	Pickup Time	Drop Off Time	Ant ID
1	1	-2.23048	6.5502	-1	-1	-1
1	1	-2.08048	6.5502	-1	-1	-1
1	1	-1.93048	6.5502	-1	-1	-1
1	1	-1.78048	6.5502	-1	-1	-1
1	1	-1.63048	6.5502	-1	-1	-1
1	1	-1.48048	6.5502	4418	4474.59	-1
1	1	-1.33048	6.5502	-1	-1	-1
1	1	-1.18048	6.5502	-1	-1	-1
1	1	-1.03048	6.5502	-1	-1	-1
1	1	-0.880479	6.5502	3792	3897.75	-1
1	1	-0.730479	6.5502	3944	4008.66	-1
1	1	-0.580479	6.5502	4232	4283.59	-1
1	1	-0.430479	6.5502	4509	4572.53	-1
1	1	-0.280479	6.5502	-1	-1	-1
1	1	-0.130479	6.5502	4958	5019	-1
1	1	0.0195214	6.5502	4799	4872.66	-1
1	1	-2.23048	6.7002	-1	-1	-1
1	1	-2.08048	6.7002	-1	-1	-1
1	1	-1.93048	6.7002	-1	-1	-1
1	1	-1.78048	6.7002	-1	-1	-1
1	1	-1.63048	6.7002	-1	-1	-1
1	1	-1.48048	6.7002	-1	-1	-1
1	1	-1.33048	6.7002	-1	-1	-1
1	1	-1.18048	6.7002	-1	-1	-1
1	1	-1.03048	6.7002	-1	-1	-1
1	1	-0.880479	6.7002	3993	4046.28	-1
1	1	-0.730479	6.7002	4092	4150.81	-1
1	1	-0.580479	6.7002	4331	4387.06	-1
1	1	-0.430479	6.7002	4381	4442.5	-1
1	1	-0.280479	6.7002	-1	-1	-1
1	1	-0.130479	6.7002	5070	5132.59	-1
1	1	0.0195214	6.7002	4895	4956.25	-1
1	1	-2.23048	6.8502	-1	-1	-1
1	1	-2.08048	6.8502	-1	-1	-1
1	1	-1.93048	6.8502	-1	-1	-1
1	1	-1.78048	6.8502	-1	-1	-1
1	1	-1.63048	6.8502	-1	-1	-1
1	1	-1.48048	6.8502	-1	-1	-1
1	1	-1.33048	6.8502	-1	-1	-1
1	1	-1.18048	6.8502	-1	-1	-1
1	1	-1.03048	6.8502	-1	-1	-1
1	1	-0.880479	6.8502	-1	-1	-1
1	1	-0.730479	6.8502	-1	-1	-1
1	1	-0.580479	6.8502	4547	4607.94	-1
1	1	-0.430479	6.8502	-1	-1	-1
1	1	-0.280479	6.8502	5294	5345.78	-1
1	1	-0.130479	6.8502	5143	5208.03	-1
1	1	0.0195214	6.8502	5019	5089.91	-1
1	1	-2.23048	7.0002	-1	-1	-1
1	1	-2.08048	7.0002	-1	-1	-1
1	1	-1.93048	7.0002	-1	-1	-1
1	1	-1.78048	7.0002	-1	-1	-1
1	1	-1.63048	7.0002	-1	-1	-1
1	1	-1.48048	7.0002	-1	-1	-1
1	1	-1.33048	7.0002	-1	-1	-1
1	1	-1.18048	7.0002	-1	-1	-1
1	1	-1.03048	7.0002	-1	-1	-1
1	1	-0.880479	7.0002	-1	-1	-1
1	1	-0.730479	7.0002	-1	-1	-1
1	1	-0.580479	7.0002	-1	-1	-1
1	1	-0.430479	7.0002	-1	-1	-1
1	1	-0.280479	7.0002	-1	-1	-1
1	1	-0.130479	7.0002	-1	-1	-1
1	1	0.0195214	7.0002	-1	-1	-1
1	1	-2.23048	7.1502	-1	-1	-1
1	1	-2.08048	7.1502	-1	-1	-1
1	1	-1.93048	7.1502	-1	-1	-1
1	1	-1.78048	7.1502	-1	-1	-1
1	1	-1.63048	7.1502	-1	-1	-1
1	1	-1.48048	7.1502	-1	-1	-1
1	1	-1.33048	7.1502	-1	-1	-1
1	1	-1.18048	7.1502	-1	-1	-1
1	1	-1.03048	7.1502	-1	-1	-1
1	1	-0.880479	7.1502	-1	-1	-1
1	1	-0.730479	7.1502	-1	-1	-1
1	1	-0.580479	7.1502	-1	-1	-1
1	1	-0.430479	7.1502	-1	-1	-1
1	1	-0.280479	7.1502	-1	-1	-1
1	1	-0.130479	7.1502	-1	-1	-1
1	1	0.0195214	7.1502	-1	-1	-1
1	1	-2.23048	7.3002	-1	-1	-1
1	1	-2.08048	7.3002	-1	-1	-1
1	1	-1.93048	7.3002	-1	-1	-1
1	1	-1.78048	7.3002	-1	-1	-1
1	1	-1.63048	7.3002	-1	-1	-1
1	1	-1.48048	7.3002	-1	-1	-1
1	1	-1.33048	7.3002	-1	-1	-1
1	1	-1.18048	7.3002	-1	-1	-1
1	1	-1.03048	7.3002	-1	-1	-1
1	1	-0.880479	7.3002	-1	-1	-1
1	1	-0.730479	7.3002	-1	-1	-1
1	1	-0.580479	7.3002	-1	-1	-1
1	1	-0.430479	7.3002	-1	-1	-1
1	1	-0.280479	7.3002	-1	-1	-1
1	1	-0.130479	7.3002	-1	-1	-1
1	1	0.0195214	7.3002	-1	-1	-1
1	1	-2.23048	7.4502	-1	-1	-1
1	1	-2.08048	7.4502	-1	-1	-1
1	1	-1.93048	7.4502	-1	-1	-1
1	1	-1.78048	7.4502	-1	-1	-1
1	1	-1.63048	7.4502	-1	-1	-1
1	1	-1.48048	7.4502	-1	-1	-1
1	1	-1.33048	7.4502	-1	-1	-1
1	1	-1.18048	7.4502	-1	-1	-1
1	1	-1.03048	7.4502	-1	-1	-1
1	1	-0.880479	7.4502	-1	-1	-1
1	1	-0.730479	7.4502	-1	-1	-1
1	1	-0.580479	7.4502	-1	-1	-1
1	1	-0.430479	7.4502	-1	-1	-1
1	1	-0.280479	7.4502	-1	-1	-1
1	1	-0.130479	7.4502	-1	-1	-1
1	1	0.0195214	7.4502	-1	-1	-1
1	1	-2.23048	7.6002	-1	-1	-1
1	1	-2.08048	7.6002	-1	-1	-1
1	1	-1.93048	7.6002	-1	-1	-1
1	1	-1.78048	7.6002	-1	-1	-1
1	1	-1.63048	7.6002	-1	-1	-1
1	1	-1.48048	7.6002	-1	-1	-1
1	1	-1.33048	7.6002	-1	-1	-1
1	1	-1.18048	7.6002	-1	-1	-1
1	1	-1.03048	7.6002	-1	-1	-1
1	1	-0.880479	7.6002	-1	-1	-1
1	1	-0.730479	7.6002	-1	-1	-1
1	1	-0.580479	7.6002	-1	-1	-1
1	1	-0.430479	7.6002	-1	-1	-1
1	1	-0.280479	7.6002	-1	-1	-1
1	1	-0.130479	7.6002	-1	-1	-1
1	1	0.0195214	7.6002	-1	-1	-1
1	1	-2.23048	7.7502	-1	-1	-1
1	1	-2.08048	7.7502	-1	-1	-1
1	1	-1.93048	7.7502	-1	-1	-1
1	1	-1.78048	7.7502	-1	-1	-1
1	1	-1.63048	7.7502	-1	-1	-1
1	1	-1.48048	7.7502	-1	-1	-1
1	1	-1.33048	7.7502	-1	-1	-1
1	1	-1.18048	7.7502	-1	-1	-1
1	1	-1.03048	7.7502	-1	-1	-1
1	1	-0.880479	7.7502	-1	-1	-1
1	1	-0.730479	7.7502	-1	-1	-1
1	1	-0.580479	7.7502	-1	-1	-1
1	1	-0.430479	7.7502	-1	-1	-1
1	1	-0.280479	7.7502	-1	-1	-1
1	1	-0.130479	7.7502	-1	-1	-1
1	1	0.0195214	7.7502	-1	-1	-1
1	1	-2.23048	7.9002	-1	-1	-1
1	1	-2.08048	7.9002	-1	-1	-1
1	1	-1.93048	7.9002	-1	-1	-1
1	1	-1.78048	7.9002	-1	-1	-1
1	1	-1.63048	7.9002	-1	-1	-1
1	1	-1.48048	7.9002	-1	-1	-1
1	1	-1.33048	7.9002	-1	-1	-1
1	1	-1.18048	7.9002	-1	-1	-1
1	1	-1.03048	7.9002	-1	-1	-1
1	1	-0.880479	7.9002	-1	-1	-1
1	1	-0.730479	7.9002	-1	-1	-1
1	1	-0.580479	7.9002	-1	-1	-1
1	1	-0.430479	7.9002	-1	-1	-1
1	1	-0.280479	7.9002	-1	-1	-1
1	1	-0.130479	7.9002	-1	-1	-1
1	1	0.0195214	7.9002	-1	-1	-1
1	1	-2.23048	8.0502	529	594.125	-1
1	1	-2.08048	8.0502	-1	-1	-1
1	1	-1.93048	8.0502	-1	-1	-1
1	1	-1.78048	8.0502	-1	-1	-1
1	1	-1.63048	8.0502	-1	-1	-1
1	1	-1.48048	8.0502	-1	-1	-1
1	1	-1.33048	8.0502	-1	-1	-1
1	1	-1.18048	8.0502	-1	-1	-1
1	1	-1.03048	8.0502	-1	-1	-1
1	1	-0.880479	8.0502	-1	-1	-1
1	1	-0.730479	8.0502	-1	-1	-1
1	1	-0.580479	8.0502	-1	-1	-1
1	1	-0.430479	8.0502	-1	-1	-1
1	1	-0.280479	8.0502	-1	-1	-1
1	1	-0.130479	8.0502	-1	-1	-1
1	1	0.0195214	8.0502	-1	-1	-1
1	1	-2.23048	8.2002	-1	-1	-1
1	1	-2.08048	8.2002	-1	-1	-1
1	1	-1.93048	8.2002	-1	-1	-1
1	1	-1.78048	8.2002	-1	-1	-1
1	1	-1.63048	8.2002	-1	-1	-1
1	1	-1.48048	8.2002	-1	-1	-1
1	1	-1.33048	8.2002	-1	-1	-1
1	1	-1.18048	8.2002	-1	-1	-1
1	1	-1.03048	8.2002	-1	-1	-1
1	1	-0.880479	8.2002	-1	-1	-1
1	1	-0.730479	8.2002	-1	-1	-1
1	1	-0.580479	8.2002	-1	-1	-1
1	1	-0.430479	8.2002	-1	-1	-1
1	1	-0.280479	8.2002	-1	-1	-1
1	1	-0.130479	8.2002	-1	-1	-1
1	1	0.0195214	8.2002	-1	-1	-1
1	1	-2.23048	8.3502	-1	-1	-1
1	1	-2.08048	8.3502	-1	-1	-1
1	1	-1.93048	8.3502	-1	-1	-1
1	1	-1.78048	8.3502	-1	-1	-1
1	1	-1.63048	8.3502	-1	-1	-1
1	1	-1.48048	8.3502	-1	-1	-1
1	1	-1.33048	8.3502	-1	-1	-1
1	1	-1.18048	8.3502	-1	-1	-1
1	1	-1.03048	8.3502	-1	-1	-1
1	1	-0.880479	8.3502	-1	-1	-1
1	1	-0.730479	8.3502	-1	-1	-1
1	1	-0.580479	8.3502	-1	-1	-1
1	1	-0.430479	8.3502	-1	-1	-1
1	1	-0.280479	8.3502	-1	-1	-1
1	1	-0.130479	8.3502	-1	-1	-1
1	1	0.0195214	8.3502	-1	-1	-1
1	1	-2.23048	8.5002	-1	-1	-1
1	1	-2.08048	8.5002	-1	-1	-1
1	1	-1.93048	8.5002	-1	-1	-1
1	1	-1.78048	8.5002	-1	-1	-1
1	1	-1.63048	8.5002	-1	-1	-1
1	1	-1.48048	8.5002	-1	-1	-1
1	1	-1.33048	8.5002	-1	-1	-1
1	1	-1.18048	8.5002	-1	-1	-1
1	1	-1.03048	8.5002	-1	-1	-1
1	1	-0.880479	8.5002	-1	-1	-1
1	1	-0.730479	8.5002	-1	-1	-1
1	1	-0.580479	8.5002	-1	-1	-1
1	1	-0.430479	8.5002	-1	-1	-1
1	1	-0.280479	8.5002	-1	-1	-1
1	1	-0.130479	8.5002	-1	-1	-1
1	1	0.0195214	8.5002	-1	-1	-1
1	1	-2.23048	8.6502	-1	-1	-1
1	1	-2.08048	8.6502	-1	-1	-1
1	1	-1.93048	8.6502	-1	-1	-1
1	1	-1.78048	8.6502	-1	-1	-1
1	1	-1.63048	8.6502	-1	-1	-1
1	1	-1.48048	8.6502	-1	-1	-1
1	1	-1.33048	8.6502	-1	-1	-1
1	1	-1.18048	8.6502	-1	-1	-1
1	1	-1.03048	8.6502	-1	-1	-1
1	1	-0.880479	8.6502	-1	-1	-1
1	1	-0.730479	8.6502	-1	-1	-1
1	1	-0.580479	8.6502	-1	-1	-1
1	1	-0.430479	8.6502	-1	-1	-1
1	1	-0.280479	8.6502	-1	-1	-1
1	1	-0.130479	8.6502	-1	-1	-1
1	1	0.0195214	8.6502	-1	-1	-1
1	1	-2.23048	8.8002	-1	-1	-1
1	1	-2.08048	8.8002	-1	-1	-1
1	1	-1.93048	8.8002	-1	-1	-1
1	1	-1.78048	8.8002	-1	-1	-1
1	1	-1.63048	8.8002	-1	-1	-1
1	1	-1.48048	8.8002	-1	-1	-1
1	1	-1.33048	8.8002	-1	-1	-1
1	1	-1.18048	8.8002	-1	-1	-1
1	1	-1.03048	8.8002	-1	-1	-1
1	1	-0.880479	8.8002	-1	-1	-1
1	1	-0.730479	8.8002	-1	-1	-1
1	1	-0.580479	8.8002	-1	-1	-1
1	1	-0.430479	8.8002	-1	-1	-1
1	1	-0.280479	8.8002	-1	-1	-1
1	1	-0.130479	8.8002	-1	-1	-1
1	1	0.0195214	8.8002	-1	-1	-1
2	4	8.3741	-9.80718	-1	-1	-1
2	4	8.5241	-9.80718	-1	-1	-1
2	4	8.6741	-9.80718	-1	-1	-1
2	4	8.8241	-9.80718	-1	-1	-1
2	4	8.9741	-9.80718	-1	-1	-1
2	4	9.1241	-9.80718	-1	-1	-1
2	4	9.2741	-9.80718	-1	-1	-1
2	4	9.4241	-9.80718	-1	-1	-1
2	4	8.3741	-9.65718	-1	-1	-1
2	4	8.5241	-9.65718	-1	-1	-1
2	4	8.6741	-9.65718	-1	-1	-1
2	4	8.8241	-9.65718	-1	-1	-1
2	4	8.9741	-9.65718	-1	-1	-1
2	4	9.1241	-9.65718	-1	-1	-1
2	4	9.2741	-9.65718	-1	-1	-1
2	4	9.4241	-9.65718	-1	-1	-1
2	4	8.3741	-9.50718	-1	-1	-1
2	4	8.5241	-9.50718	-1	-1	-1
2	4	8.6741	-9.50718	-1	-1	-1
2	4	8.8241	-9.50718	-1	-1	-1
2	4	8.9741	-9.50718	-1	-1	-1
2	4	9.1241	-9.50718	-1	-1	-1
2	4	9.2741	-9.50718	-1	-1	-1
2	4	9.4241	-9.50718	-1	-1	-1
2	4	8.3741	-9.35718	-1	-1	-1
2	4	8.5241	-9.35718	-1	-1	-1
2	4	8.6741	-9.35718	-1	-1	-1
2	4	8.8241	-9.35718	-1	-1	-1
2	4	8.9741	-9.35718	-1	-1	-1
2	4	9.1241	-9.35718	-1	-1	-1
2	4	9.2741	-9.35718	-1	-1	-1
2	4	9.4241	-9.35718	-1	-1	-1
2	4	8.3741	-9.20718	-1	-1	-1
2	4	8.5241	-9.20718	-1	-1	-1
2	4	8.6741	-9.20718	-1	-1	-1
2	4	8.8241	-9.20718	-1	-1	-1
2	4	8.9741	-9.20718	-1	-1	-1
2	4	9.1241	-9.20718	-1	-1	-1
2	4	9.2741	-9.20718	-1	-1	-1
2	4	9.4241	-9.20718	-1	-1	-1
2	4	8.3741	-9.05718	-1	-1	-1
2	4	8.5241	-9.05718	-1	-1	-1
2	4	8.6741	-9.05718	-1	-1	-1
2	4	8.8241	-9.05718	-1	-1	-1
2	4	8.9741	-9.05718	-1	-1	-1
2	4	9.1241	-9.05718	-1	-1	-1
2	4	9.2741	-9.05718	-1	-1	-1
2	4	9.4241	-9.05718	-1	-1	-1
2	4	8.3741	-8.90718	-1	-1	-1
2	4	8.5241	-8.90718	-1	-1	-1
2	4	8.6741	-8.90718	-1	-1	-1
2	4	8.8241	-8.90718	-1	-1	-1
2	4	8.9741	-8.90718	-1	-1	-1
2	4	9.1241	-8.90718	-1	-1	-1
2	4	9.2741	-8.90718	-1	-1	-1
2	4	9.4241	-8.90718	-1	-1	-1
2	4	8.3741	-8.75718	-1	-1	-1
2	4	8.5241	-8.75718	-1	-1	-1
2	4	8.6741	-8.75718	-1	-1	-1
2	4	8.8241	-8.75718	1804	1896.84	-1
2	4	8.9741	-8.75718	-1	-1	-1
2	4	9.1241	-8.75718	-1	-1	-1
2	4	9.2741	-8.75718	-1	-1	-1
2	4	9.4241	-8.75718	-1	-1	-1
3	4	0.921103	-3.57166	-1	-1	-1
3	4	1.0711	-3.57166	-1	-1	-1
3	4	1.2211	-3.57166	-1	-1	-1
3	4	1.3711	-3.57166	-1	-1	-1
3	4	1.5211	-3.57166	-1	-1	-1
3	4	1.6711	-3.57166	-1	-1	-1
3	4	1.8211	-3.57166	-1	-1	-1
3	4	1.9711	-3.57166	-1	-1	-1
3	4	0.921103	-3.42166	-1	-1	-1
3	4	1.0711	-3.42166	-1	-1	-1
3	4	1.2211	-3.42166	-1	-1	-1
3	4	1.3711	-3.42166	5387	-1	-1
3	4	1.5211	-3.42166	5268	5316.56	-1
3	4	1.6711	-3.42166	-1	-1	-1
3	4	1.8211	-3.42166	5388	-1	-1
3	4	1.9711	-3.42166	-1	-1	-1
3	4	0.921103	-3.27166	-1	-1	-1
3	4	1.0711	-3.27166	-1	-1	-1
3	4	1.2211	-3.27166	-1	-1	-1
3	4	1.3711	-3.27166	4900	5028.19	-1
3	4	1.5211	-3.27166	5055	5091.44	-1
3	4	1.6711	-3.27166	5104	5153.09	-1
3	4	1.8211	-3.27166	5204	5240.94	-1
3	4	1.9711	-3.27166	-1	-1	-1
3	4	0.921103	-3.12166	-1	-1	-1
3	4	1.0711	-3.12166	-1	-1	-1
3	4	1.2211	-3.12166	-1	-1	-1
3	4	1.3711	-3.12166	3712	3836.75	-1
3	4	1.5211	-3.12166	3870	3900.78	-1
3	4	1.6711	-3.12166	3949	3987.25	-1
3	4	1.8211	-3.12166	5276	5319.81	-1
3	4	1.9711	-3.12166	-1	-1	-1
3	4	0.921103	-2.97166	-1	-1	-1
3	4	1.0711	-2.97166	-1	-1	-1
3	4	1.2211	-2.97166	799	851.594	-1
3	4	1.3711	-2.97166	683	739.281	-1
3	4	1.5211	-2.97166	771	800.219	-1
3	4	1.6711	-2.97166	4023	4065.97	-1
3	4	1.8211	-2.97166	4577	4712.81	-1
3	4	1.9711	-2.97166	-1	-1	-1
3	4	0.921103	-2.82166	-1	-1	-1
3	4	1.0711	-2.82166	3002	3048.84	-1
3	4	1.2211	-2.82166	378	518.062	-1
3	4	1.3711	-2.82166	543	597.219	-1
3	4	1.5211	-2.82166	582	659.5	-1
3	4	1.6711	-2.82166	4147	4174.69	-1
3	4	1.8211	-2.82166	-1	-1	-1
3	4	1.9711	-2.82166	4506	4558.94	-1
3	4	0.921103	-2.67166	3015	3042.28	-1
3	4	1.0711	-2.67166	2782	2929.31	-1
3	4	1.2211	-2.67166	647	699.188	-1
3	4	1.3711	-2.67166	561	618.094	-1
3	4	1.5211	-2.67166	577	645.469	-1
3	4	1.6711	-2.67166	1266	1404.03	-1
3	4	1.8211	-2.67166	2883	3072.19	-1
3	4	1.9711	-2.67166	2485	2514.03	-1
3	4	0.921103	-2.52166	2672	2810.94	-1
3	4	1.0711	-2.52166	1381	1514.97	-1
3	4	1.2211	-2.52166	717	787.75	-1
3	4	1.3711	-2.52166	416	445.312	-1
3	4	1.5211	-2.52166	643	717.906	-1
3	4	1.6711	-2.52166	315	341.25	-1
3	4	1.8211	-2.52166	43	76.6875	-1
3	4	1.9711	-2.52166	115	143.469	-1
4	4	3.61937	-6.83536	-1	-1	-1
4	4	3.76937	-6.83536	-1	-1	-1
4	4	3.91937	-6.83536	-1	-1	-1
4	4	4.06937	-6.83536	-1	-1	-1
4	4	4.21937	-6.83536	-1	-1	-1
4	4	4.36937	-6.83536	-1	-1	-1
4	4	4.51937	-6.83536	-1	-1	-1
4	4	4.66937	-6.83536	-1	-1	-1
4	4	3.61937	-6.68536	-1	-1	-1
4	4	3.76937	-6.68536	-1	-1	-1
4	4	3.91937	-6.68536	-1	-1	-1
4	4	4.06937	-6.68536	-1	-1	-1
4	4	4.21937	-6.68536	-1	-1	-1
4	4	4.36937	-6.68536	-1	-1	-1
4	4	4.51937	-6.68536	-1	-1	-1
4	4	4.66937	-6.68536	-1	-1	-1
4	4	3.61937	-6.53536	-1	-1	-1
4	4	3.76937	-6.53536	-1	-1	-1
4	4	3.91937	-6.53536	-1	-1	-1
4	4	4.06937	-6.53536	-1	-1	-1
4	4	4.21937	-6.53536	-1	-1	-1
4	4	4.36937	-6.53536	-1	-1	-1
4	4	4.51937	-6.53536	-1	-1	-1
4	4	4.66937	-6.53536	-1	-1	-1
4	4	3.61937	-6.38536	-1	-1	-1
4	4	3.76937	-6.38536	-1	-1	-1
4	4	3.91937	-6.38536	-1	-1	-1
4	4	4.06937	-6.38536	-1	-1	-1
4	4	4.21937	-6.38536	-1	-1	-1
4	4	4.36937	-6.38536	-1	-1	-1
4	4	4.51937	-6.38536	-1	-1	-1
4	4	4.66937	-6.38536	-1	-1	-1
4	4	3.61937	-6.23536	-1	-1	-1
4	4	3.76937	-6.23536	-1	-1	-1
4	4	3.91937	-6.23536	-1	-1	-1
4	4	4.06937	-6.23536	-1	-1	-1
4	4	4.21937	-6.23536	-1	-1	-1
4	4	4.36937	-6.23536	-1	-1	-1
4	4	4.51937	-6.23536	-1	-1	-1
4	4	4.66937	-6.23536	-1	-1	-1
4	4	3.61937	-6.08536	-1	-1	-1
4	4	3.76937	-6.08536	-1	-1	-1
4	4	3.91937	-6.08536	-1	-1	-1
4	4	4.06937	-6.08536	-1	-1	-1
4	4	4.21937	-6.08536	-1	-1	-1
4	4	4.36937	-6.08536	-1	-1	-1
4	4	4.51937	-6.08536	-1	-1	-1
4	4	4.66937	-6.08536	-1	-1	-1
4	4	3.61937	-5.93536	-1	-1	-1
4	4	3.76937	-5.93536	-1	-1	-1
4	4	3.91937	-5.93536	-1	-1	-1
4	4	4.06937	-5.93536	-1	-1	-1
4	4	4.21937	-5.93536	-1	-1	-1
4	4	4.36937	-5.93536	-1	-1	-1
4	4	4.51937	-5.93536	-1	-1	-1
4	4	4.66937	-5.93536	-1	-1	-1
4	4	3.61937	-5.78536	-1	-1	-1
4	4	3.76937	-5.78536	-1	-1	-1
4	4	3.91937	-5.78536	-1	-1	-1
4	4	4.06937	-5.78536	-1	-1	-1
4	4	4.21937	-5.78536	-1	-1	-1
4	4	4.36937	-5.78536	-1	-1	-1
4	4	4.51937	-5.78536	-1	-1	-1
4	4	4.66937	-5.78536	-1	-1	-1
5	4	0.067341	5.28727	3491	3544.03	-1
5	4	0.217341	5.28727	3424	3473.84	-1
5	4	0.367341	5.28727	3335	3394	-1
5	4	0.517341	5.28727	3558	3617.59	-1
5	4	0.667341	5.28727	1577	1628.59	-1
5	4	0.817341	5.28727	1489	1530.78	-1
5	4	0.967341	5.28727	1622	1689.31	-1
5	4	1.11734	5.28727	1790	1846.31	-1
5	4	0.067341	5.43727	3342	3426.06	-1
5	4	0.217341	5.43727	3081	3189.44	-1
5	4	0.367341	5.43727	3267	3330.59	-1
5	4	0.517341	5.43727	3469	3509.72	-1
5	4	0.667341	5.43727	3585	3641.66	-1
5	4	0.817341	5.43727	1673	1730.47	-1
5	4	0.967341	5.43727	1789	1857.56	-1
5	4	1.11734	5.43727	2007	2072.06	-1
5	4	0.067341	5.58727	3422	3475.81	-1
5	4	0.217341	5.58727	3230	3275.41	-1
5	4	0.367341	5.58727	3241	3299.19	-1
5	4	0.517341	5.58727	3658	3716.06	-1
5	4	0.667341	5.58727	2134	2187.06	-1
5	4	0.817341	5.58727	1970	2036.97	-1
5	4	0.967341	5.58727	1816	1909.56	-1
5	4	1.11734	5.58727	2026	2095.66	-1
5	4	0.067341	5.73727	3552	3600.62	-1
5	4	0.217341	5.73727	3898	3946.06	-1
5	4	0.367341	5.73727	3374	3491.56	-1
5	4	0.517341	5.73727	3519	3585.53	-1
5	4	0.667341	5.73727	-1	-1	-1
5	4	0.817341	5.73727	5255	5364.03	-1
5	4	0.967341	5.73727	4134	4244.38	-1
5	4	1.11734	5.73727	-1	-1	-1
5	4	0.067341	5.88727	-1	-1	-1
5	4	0.217341	5.88727	-1	-1	-1
5	4	0.367341	5.88727	-1	-1	-1
5	4	0.517341	5.88727	-1	-1	-1
5	4	0.667341	5.88727	-1	-1	-1
5	4	0.817341	5.88727	-1	-1	-1
5	4	0.967341	5.88727	-1	-1	-1
5	4	1.11734	5.88727	-1	-1	-1
5	4	0.067341	6.03727	5304	5386.97	-1
5	4	0.217341	6.03727	-1	-1	-1
5	4	0.367341	6.03727	-1	-1	-1
5	4	0.517341	6.03727	-1	-1	-1
5	4	0.667341	6.03727	-1	-1	-1
5	4	0.817341	6.03727	-1	-1	-1
5	4	0.967341	6.03727	-1	-1	-1
5	4	1.11734	6.03727	-1	-1	-1
5	4	0.067341	6.18727	5083	5144.75	-1
5	4	0.217341	6.18727	4973	5033.75	-1
5	4	0.367341	6.18727	5195	5262.5	-1
5	4	0.517341	6.18727	-1	-1	-1
5	4	0.667341	6.18727	-1	-1	-1
5	4	0.817341	6.18727	-1	-1	-1
5	4	0.967341	6.18727	-1	-1	-1
5	4	1.11734	6.18727	-1	-1	-1
5	4	0.067341	6.33727	4611	4713.78	-1
5	4	0.217341	6.33727	4759	4818.94	-1
5	4	0.367341	6.33727	5221	5279.47	-1
5	4	0.517341	6.33727	-1	-1	-1
5	4	0.667341	6.33727	-1	-1	-1
5	4	0.817341	6.33727	-1	-1	-1
5	4	0.967341	6.33727	-1	-1	-1
5	4	1.11734	6.33727	-1	-1	-1
6	16	-3.07678	-8.06933	-1	-1	-1
6	16	-2.92678	-8.06933	-1	-1	-1
6	16	-2.77678	-8.06933	-1	-1	-1
6	16	-2.62678	-8.06933	-1	-1	-1
6	16	-3.07678	-7.91933	-1	-1	-1
6	16	-2.92678	-7.91933	-1	-1	-1
6	16	-2.77678	-7.91933	-1	-1	-1
6	16	-2.62678	-7.91933	-1	-1	-1
6	16	-3.07678	-7.76933	-1	-1	-1
6	16	-2.92678	-7.76933	-1	-1	-1
6	16	-2.77678	-7.76933	-1	-1	-1
6	16	-2.62678	-7.76933	4622	4716.84	-1
6	16	-3.07678	-7.61933	-1	-1	-1
6	16	-2.92678	-7.61933	-1	-1	-1
6	16	-2.77678	-7.61933	-1	-1	-1
6	16	-2.62678	-7.61933	89	152.656	-1
7	16	-7.41817	-0.619603	-1	-1	-1
7	16	-7.26817	-0.619603	-1	-1	-1
7	16	-7.11817	-0.619603	-1	-1	-1
7	16	-6.96817	-0.619603	-1	-1	-1
7	16	-7.41817	-0.469603	-1	-1	-1
7	16	-7.26817	-0.469603	-1	-1	-1
7	16	-7.11817	-0.469603	-1	-1	-1
7	16	-6.96817	-0.469603	-1	-1	-1
7	16	-7.41817	-0.319603	-1	-1	-1
7	16	-7.26817	-0.319603	-1	-1	-1
7	16	-7.11817	-0.319603	-1	-1	-1
7	16	-6.96817	-0.319603	-1	-1	-1
7	16	-7.41817	-0.169603	-1	-1	-1
7	16	-7.26817	-0.169603	-1	-1	-1
7	16	-7.11817	-0.169603	-1	-1	-1
7	16	-6.96817	-0.169603	-1	-1	-1
8	16	8.94749	-0.0858216	-1	-1	-1
8	16	9.09749	-0.0858216	-1	-1	-1
8	16	9.24749	-0.0858216	-1	-1	-1
8	16	9.39749	-0.0858216	-1	-1	-1
8	16	8.94749	0.0641784	-1	-1	-1
8	16	9.09749	0.0641784	-1	-1	-1
8	16	9.24749	0.0641784	-1	-1	-1
8	16	9.39749	0.0641784	-1	-1	-1
8	16	8.94749	0.214178	-1	-1	-1
8	16	9.09749	0.214178	-1	-1	-1
8	16	9.24749	0.214178	-1	-1	-1
8	16	9.39749	0.214178	-1	-1	-1
8	16	8.94749	0.364178	-1	-1	-1
8	16	9.09749	0.364178	-1	-1	-1
8	16	9.24749	0.364178	-1	-1	-1
8	16	9.39749	0.364178	-1	-1	-1
9	16	-3.45317	3.79416	1319	1470.38	-1
9	16	-3.30317	3.79416	999	1041.88	-1
9	16	-3.15317	3.79416	738	894.656	-1
9	16	-3.00317	3.79416	820	901.156	-1
9	16	-3.45317	3.94416	1536	1582.06	-1
9	16	-3.30317	3.94416	1619	1670.25	-1
9	16	-3.15317	3.94416	4588	4730.91	-1
9	16	-3.00317	3.94416	1105	1251.5	-1
9	16	-3.45317	4.09416	2676	2831.09	-1
9	16	-3.30317	4.09416	2931	3065.91	-1
9	16	-3.15317	4.09416	3167	3209.41	-1
9	16	-3.00317	4.09416	1604	1745.12	-1
9	16	-3.45317	4.24416	3229	3274.97	-1
9	16	-3.30317	4.24416	3109	3156.09	-1
9	16	-3.15317	4.24416	3217	3270.66	-1
9	16	-3.00317	4.24416	1507	1646.25	-1
10	16	2.11609	-6.65403	-1	-1	-1
10	16	2.26609	-6.65403	-1	-1	-1
10	16	2.41609	-6.65403	-1	-1	-1
10	16	2.56609	-6.65403	-1	-1	-1
10	16	2.11609	-6.50403	-1	-1	-1
10	16	2.26609	-6.50403	-1	-1	-1
10	16	2.41609	-6.50403	-1	-1	-1
10	16	2.56609	-6.50403	-1	-1	-1
10	16	2.11609	-6.35403	-1	-1	-1
10	16	2.26609	-6.35403	-1	-1	-1
10	16	2.41609	-6.35403	-1	-1	-1
10	16	2.56609	-6.35403	-1	-1	-1
10	16	2.11609	-6.20403	-1	-1	-1
10	16	2.26609	-6.20403	-1	-1	-1
10	16	2.41609	-6.20403	-1	-1	-1
10	16	2.56609	-6.20403	-1	-1	-1
11	16	-5.83032	-3.8286	-1	-1	-1
11	16	-5.68032	-3.8286	-1	-1	-1
11	16	-5.53032	-3.8286	-1	-1	-1
11	16	-5.38032	-3.8286	-1	-1	-1
11	16	-5.83032	-3.6786	-1	-1	-1
11	16	-5.68032	-3.6786	-1	-1	-1
11	16	-5.53032	-3.6786	-1	-1	-1
11	16	-5.38032	-3.6786	-1	-1	-1
11	16	-5.83032	-3.5286	-1	-1	-1
11	16	-5.68032	-3.5286	-1	-1	-1
11	16	-5.53032	-3.5286	-1	-1	-1
11	16	-5.38032	-3.5286	2029	2149	-1
11	16	-5.83032	-3.3786	5089	5139.88	-1
11	16	-5.68032	-3.3786	-1	-1	-1
11	16	-5.53032	-3.3786	-1	-1	-1
11	16	-5.38032	-3.3786	393	526.781	-1
12	16	7.11326	-3.61898	2874	2979.41	-1
12	16	7.26326	-3.61898	-1	-1	-1
12	16	7.41326	-3.61898	-1	-1	-1
12	16	7.56326	-3.61898	-1	-1	-1
12	16	7.11326	-3.46898	-1	-1	-1
12	16	7.26326	-3.46898	-1	-1	-1
12	16	7.41326	-3.46898	-1	-1	-1
12	16	7.56326	-3.46898	-1	-1	-1
12	16	7.11326	-3.31898	-1	-1	-1
12	16	7.26326	-3.31898	-1	-1	-1
12	16	7.41326	-3.31898	-1	-1	-1
12	16	7.56326	-3.31898	-1	-1	-1
12	16	7.11326	-3.16898	-1	-1	-1
12	16	7.26326	-3.16898	-1	-1	-1
12	16	7.41326	-3.16898	-1	-1	-1
12	16	7.56326	-3.16898	-1	-1	-1
13	16	5.98847	-0.398734	1026	1122.81	-1
13	16	6.13847	-0.398734	-1	-1	-1
13	16	6.28847	-0.398734	-1	-1	-1
13	16	6.43847	-0.398734	-1	-1	-1
13	16	5.98847	-0.248734	-1	-1	-1
13	16	6.13847	-0.248734	-1	-1	-1
13	16	6.28847	-0.248734	-1	-1	-1
13	16	6.43847	-0.248734	-1	-1	-1
13	16	5.98847	-0.0987339	-1	-1	-1
13	16	6.13847	-0.0987339	-1	-1	-1
13	16	6.28847	-0.0987339	-1	-1	-1
13	16	6.43847	-0.0987339	-1	-1	-1
13	16	5.98847	0.0512661	2717	2820.47	-1
13	16	6.13847	0.0512661	-1	-1	-1
13	16	6.28847	0.0512661	-1	-1	-1
13	16	6.43847	0.0512661	-1	-1	-1
14	16	0.77245	-5.48292	-1	-1	-1
14	16	0.92245	-5.48292	-1	-1	-1
14	16	1.07245	-5.48292	-1	-1	-1
14	16	1.22245	-5.48292	-1	-1	-1
14	16	0.77245	-5.33292	-1	-1	-1
14	16	0.92245	-5.33292	-1	-1	-1
14	16	1.07245	-5.33292	-1	-1	-1
14	16	1.22245	-5.33292	-1	-1	-1
14	16	0.77245	-5.18292	5266	5374	-1
14	16	0.92245	-5.18292	-1	-1	-1
14	16	1.07245	-5.18292	-1	-1	-1
14	16	1.22245	-5.18292	-1	-1	-1
14	16	0.77245	-5.03292	2715	2822.06	-1
14	16	0.92245	-5.03292	1724	1763.12	-1
14	16	1.07245	-5.03292	1824	1866.69	-1
14	16	1.22245	-5.03292	3404	3523.75	-1
15	16	7.64395	4.4027	-1	-1	-1
15	16	7.79395	4.4027	-1	-1	-1
15	16	7.94395	4.4027	-1	-1	-1
15	16	8.09395	4.4027	-1	-1	-1
15	16	7.64395	4.5527	2432	2503.81	-1
15	16	7.79395	4.5527	-1	-1	-1
15	16	7.94395	4.5527	-1	-1	-1
15	16	8.09395	4.5527	-1	-1	-1
15	16	7.64395	4.7027	2145	2249.59	-1
15	16	7.79395	4.7027	2395	2479	-1
15	16	7.94395	4.7027	-1	-1	-1
15	16	8.09395	4.7027	-1	-1	-1
15	16	7.64395	4.8527	2327	2422.12	-1
15	16	7.79395	4.8527	2570	2654.09	-1
15	16	7.94395	4.8527	-1	-1	-1
15	16	8.09395	4.8527	-1	-1	-1
16	16	7.17953	-2.55809	-1	-1	-1
16	16	7.32953	-2.55809	-1	-1	-1
16	16	7.47953	-2.55809	-1	-1	-1
16	16	7.62953	-2.55809	-1	-1	-1
16	16	7.17953	-2.40809	-1	-1	-1
16	16	7.32953	-2.40809	-1	-1	-1
16	16	7.47953	-2.40809	-1	-1	-1
16	16	7.62953	-2.40809	-1	-1	-1
16	16	7.17953	-2.25809	-1	-1	-1
16	16	7.32953	-2.25809	-1	-1	-1
16	16	7.47953	-2.25809	-1	-1	-1
16	16	7.62953	-2.25809	-1	-1	-1
16	16	7.17953	-2.10809	-1	-1	-1
16	16	7.32953	-2.10809	-1	-1	-1
16	16	7.47953	-2.10809	-1	-1	-1
16	16	7.62953	-2.10809	-1	-1	-1
17	16	8.80511	3.55402	-1	-1	-1
17	16	8.95511	3.55402	-1	-1	-1
17	16	9.10511	3.55402	-1	-1	-1
17	16	9.25511	3.55402	-1	-1	-1
17	16	8.80511	3.70402	-1	-1	-1
17	16	8.95511	3.70402	-1	-1	-1
17	16	9.10511	3.70402	-1	-1	-1
17	16	9.25511	3.70402	-1	-1	-1
17	16	8.80511	3.85402	-1	-1	-1
17	16	8.95511	3.85402	-1	-1	-1
17	16	9.10511	3.85402	-1	-1	-1
17	16	9.25511	3.85402	-1	-1	-1
17	16	8.80511	4.00402	-1	-1	-1
17	16	8.95511	4.00402	-1	-1	-1
17	16	9.10511	4.00402	-1	-1	-1
17	16	9.25511	4.00402	-1	-1	-1
18	16	8.36111	1.76642	-1	-1	-1
18	16	8.51111	1.76642	-1	-1	-1
18	16	8.66111	1.76642	-1	-1	-1
18	16	8.81111	1.76642	-1	-1	-1
18	16	8.36111	1.91642	-1	-1	-1
18	16	8.51111	1.91642	-1	-1	-1
18	16	8.66111	1.91642	-1	-1	-1
18	16	8.81111	1.91642	-1	-1	-1
18	16	8.36111	2.06642	-1	-1	-1
18	16	8.51111	2.06642	-1	-1	-1
18	16	8.66111	2.06642	-1	-1	-1
18	16	8.81111	2.06642	-1	-1	-1
18	16	8.36111	2.21642	-1	-1	-1
18	16	8.51111	2.21642	-1	-1	-1
18	16	8.66111	2.21642	-1	-1	-1
18	16	8.81111	2.21642	-1	-1	-1
19	16	6.23944	2.55188	-1	-1	-1
19	16	6.38944	2.55188	-1	-1	-1
19	16	6.53944	2.55188	-1	-1	-1
19	16	6.68944	2.55188	4945	5000.53	-1
19	16	6.23944	2.70188	-1	-1	-1
19	16	6.38944	2.70188	-1	-1	-1
19	16	6.53944	2.70188	-1	-1	-1
19	16	6.68944	2.70188	-1	-1	-1
19	16	6.23944	2.85188	4940	4991	-1
19	16	6.38944	2.85188	-1	-1	-1
19	16	6.53944	2.85188	-1	-1	-1
19	16	6.68944	2.85188	-1	-1	-1
19	16	6.23944	3.00188	-1	-1	-1
19	16	6.38944	3.00188	-1	-1	-1
19	16	6.53944	3.00188	-1	-1	-1
19	16	6.68944	3.00188	-1	-1	-1
20	16	2.80721	-3.02217	-1	-1	-1
20	16	2.95721	-3.02217	-1	-1	-1
20	16	3.10721	-3.02217	-1	-1	-1
20	16	3.25721	-3.02217	-1	-1	-1
20	16	2.80721	-2.87217	4397	4434.22	-1
20	16	2.95721	-2.87217	-1	-1	-1
20	16	3.10721	-2.87217	4374	4525.56	-1
20	16	3.25721	-2.87217	-1	-1	-1
20	16	2.80721	-2.72217	1710	1871.25	-1
20	16	2.95721	-2.72217	1150	1183.78	-1
20	16	3.10721	-2.72217	1213	1252.38	-1
20	16	3.25721	-2.72217	-1	-1	-1
20	16	2.80721	-2.57217	838	1004.78	-1
20	16	2.95721	-2.57217	879	1032.88	-1
20	16	3.10721	-2.57217	1070	1107.88	-1
20	16	3.25721	-2.57217	1825	1858.06	-1
21	16	-4.54075	3.99294	405	537.188	-1
21	16	-4.39075	3.99294	2069	2214.88	-1
21	16	-4.24075	3.99294	2266	2328.97	-1
21	16	-4.09075	3.99294	-1	-1	-1
21	16	-4.54075	4.14294	2291	2343.88	-1
21	16	-4.39075	4.14294	2379	2441.97	-1
21	16	-4.24075	4.14294	2417	2465.28	-1
21	16	-4.09075	4.14294	-1	-1	-1
21	16	-4.54075	4.29294	2655	2726.97	-1
21	16	-4.39075	4.29294	2514	2564.12	-1
21	16	-4.24075	4.29294	2619	2709.59	-1
21	16	-4.09075	4.29294	-1	-1	-1
21	16	-4.54075	4.44294	-1	-1	-1
21	16	-4.39075	4.44294	2835	2899.34	-1
21	16	-4.24075	4.44294	-1	-1	-1
21	16	-4.09075	4.44294	2119	2264.31	-1
0	256	-0.549977	-5.69487	58	159.688	-1
0	256	-4.00099	2.81758	384	422.656	-1
0	256	7.76447	-1.44619	-1	-1	-1
0	256	0.0304414	3.06066	1466	1492.81	-1
0	256	-6.0815	-0.375352	-1	-1	-1
0	256	-0.835311	-9.58749	-1	-1	-1
0	256	7.67189	-0.152524	-1	-1	-1
0	256	0.312623	4.1732	5217	5251.41	-1
0	256	5.21389	1.46147	-1	-1	-1
0	256	4.25568	2.90306	-1	-1	-1
0	256	-4.98871	0.316736	1702	1817.19	-1
0	256	6.53044	4.40047	-1	-1	-1
0	256	2.93759	3.74075	4406	4448.16	-1
0	256	5.41351	2.73101	98	216.406	-1
0	256	-2.35109	3.17294	495	532.031	-1
0	256	-4.34995	7.76466	-1	-1	-1
0	256	0.180408	8.75009	-1	-1	-1
0	256	8.58815	0.932302	-1	-1	-1
0	256	3.63492	-8.43085	-1	-1	-1
0	256	-6.87962	2.31604	-1	-1	-1
0	256	7.37676	6.5237	-1	-1	-1
0	256	3.46736	-8.81109	-1	-1	-1
0	256	-5.379	1.36231	-1	-1	-1
0	256	-7.02452	-6.03927	-1	-1	-1
0	256	8.88388	1.54489	828	911.844	-1
0	256	-6.84367	3.10219	-1	-1	-1
0	256	3.62844	2.67225	2399	2540.75	-1
0	256	0.436063	4.52132	1887	1964.03	-1
0	256	-6.77756	1.43646	995	1084.94	-1
0	256	-5.2882	-2.61895	3167	3294.5	-1
0	256	7.55054	-1.9509	-1	-1	-1
0	256	-3.64812	-3.98646	1198	1365.38	-1
0	256	3.77314	-2.31697	1326	1460.09	-1
0	256	-5.78317	-4.95187	-1	-1	-1
0	256	-9.39662	-3.16051	-1	-1	-1
0	256	-2.52918	-8.67782	-1	-1	-1
0	256	4.09311	3.56791	2177	2325.94	-1
0	256	0.891984	-5.8293	2093	2144.47	-1
0	256	-0.220681	3.90983	3008	3043.22	-1
0	256	0.395516	3.87423	3968	4087.5	-1
0	256	5.47584	-4.97236	-1	-1	-1
0	256	-2.58566	3.05544	57	207.25	-1
0	256	-3.63506	-0.169818	950	979.719	-1
0	256	-6.22213	-3.7028	-1	-1	-1
0	256	9.56178	-3.81188	-1	-1	-1
0	256	1.08113	-5.77352	-1	-1	-1
0	256	4.85762	-8.24277	-1	-1	-1
0	256	0.198757	-7.63571	-1	-1	-1
0	256	-4.89011	0.146666	1460	1577.09	-1
0	256	-5.7308	-0.272421	2914	3017.53	-1
0	256	-9.25721	-1.04541	-1	-1	-1
0	256	-3.74886	4.57333	3534	3675.19	-1
0	256	2.54558	1.65163	4135	4278.56	-1
0	256	5.09496	-0.668713	72	111.844	-1
0	256	-2.54936	-4.71759	1308	1350.75	-1
0	256	2.68785	7.8773	-1	-1	-1
0	256	-2.69093	1.53777	1408	1539.47	-1
0	256	2.50894	-3.78247	-1	-1	-1
0	256	8.83888	-4.66278	-1	-1	-1
0	256	4.21111	-0.565843	-1	-1	-1
0	256	-8.93861	0.950235	-1	-1	-1
0	256	-9.05687	1.89256	-1	-1	-1
0	256	-0.33399	-7.31649	-1	-1	-1
0	256	-3.93782	-1.6424	230	301.875	-1
0	256	-6.24934	-4.87282	-1	-1	-1
0	256	6.97212	-5.83341	-1	-1	-1
0	256	8.26154	0.627281	-1	-1	-1
0	256	2.98403	-7.18142	-1	-1	-1
0	256	-5.99838	6.9745	-1	-1	-1
0	256	-3.04674	4.65299	938	1060.81	-1
0	256	1.38841	9.47842	157	228.312	-1
0	256	-1.31125	-9.22737	-1	-1	-1
0	256	-4.33706	-3.83696	-1	-1	-1
0	256	8.30452	2.48297	-1	-1	-1
0	256	0.234728	-3.47322	2648	2678.31	-1
0	256	-4.21769	-3.48871	645	698.75	-1
0	256	-8.17436	4.7595	-1	-1	-1
0	256	9.61977	-0.389493	-1	-1	-1
0	256	-5.44815	3.38312	3261	3389.69	-1
0	256	-2.14287	-2.66549	740	771.469	-1
0	256	-0.212288	5.95216	5071	5115.91	-1
0	256	4.21884	-3.12486	-1	-1	-1
0	256	0.692456	6.52998	-1	-1	-1
0	256	-4.43838	7.43753	-1	-1	-1
0	256	1.18972	2.84214	230	370.312	-1
0	256	-6.21307	4.13027	4295	4421.16	-1
0	256	4.48029	-3.66075	-1	-1	-1
0	256	7.80554	5.52919	-1	-1	-1
0	256	6.28842	-5.86678	-1	-1	-1
0	256	4.54542	2.49594	474	587.312	-1
0	256	3.37398	-5.74325	-1	-1	-1
0	256	2.51757	-8.57823	-1	-1	-1
0	256	5.21102	3.68866	-1	-1	-1
0	256	-1.13925	-5.41081	-1	-1	-1
0	256	3.44351	3.28972	2954	3107.06	-1
0	256	1.78165	-3.81045	-1	-1	-1
0	256	9.20239	-2.87717	-1	-1	-1
0	256	4.27799	8.83129	-1	-1	-1
0	256	-8.32534	-1.49005	-1	-1	-1
0	256	2.62448	-1.4215	183	308.125	-1
0	256	6.24745	-5.48976	-1	-1	-1
0	256	-2.25903	-4.18632	-1	-1	-1
0	256	2.78041	-8.66133	-1	-1	-1
0	256	-7.05267	6.67561	-1	-1	-1
0	256	8.22345	-1.76576	-1	-1	-1
0	256	-6.41688	-5.43522	-1	-1	-1
0	256	-0.219756	-9.65791	-1	-1	-1
0	256	3.93851	-2.27736	-1	-1	-1
0	256	6.899	-7.14555	-1	-1	-1
0	256	5.32734	7.32445	-1	-1	-1
0	256	2.78637	-8.05213	-1	-1	-1
0	256	-2.57545	-2.09914	33	62.5312	-1
0	256	-4.85647	-5.70075	-1	-1	-1
0	256	-8.24536	-0.474536	-1	-1	-1
0	256	4.84984	-7.90008	-1	-1	-1
0	256	1.36904	3.14153	325	372.562	-1
0	256	-8.58475	1.18804	-1	-1	-1
0	256	6.11266	3.53112	-1	-1	-1
0	256	-4.29413	-5.20046	3611	3745.78	-1
0	256	1.61751	-4.30442	2181	2312.97	-1
0	256	5.70598	-7.73159	-1	-1	-1
0	256	-2.56953	-4.34285	1289	1425.59	-1
0	256	-1.4846	-6.84662	-1	-1	-1
0	256	0.401671	7.85161	-1	-1	-1
0	256	-7.4122	-4.91298	-1	-1	-1
0	256	-4.12458	-1.22458	1302	1416.19	-1
0	256	-3.53125	3.55629	3981	4133.44	-1
0	256	-2.77955	-4.82544	-1	-1	-1
0	256	0.668076	-5.03201	2856	2895.22	-1
0	256	6.0011	0.642424	1311	1361	-1
0	256	-0.888384	5.03226	4600	4640.62	-1
0	256	-2.74858	-3.56108	3517	3665.88	-1
0	256	-3.79953	7.18202	-1	-1	-1
0	256	7.99294	-0.927563	-1	-1	-1
0	256	-3.70468	0.461472	3415	3531.34	-1
0	256	0.142374	5.04596	-1	-1	-1
0	256	7.89836	-2.60943	-1	-1	-1
0	256	7.50657	-0.472676	-1	-1	-1
0	256	6.56982	-1.49331	-1	-1	-1
0	256	-8.4965	-2.68572	-1	-1	-1
0	256	-5.57582	3.76558	1200	1332.56	-1
0	256	9.28328	1.98936	-1	-1	-1
0	256	-6.68002	0.842032	-1	-1	-1
0	256	3.68581	-9.09854	-1	-1	-1
0	256	9.42191	-2.55674	-1	-1	-1
0	256	6.08926	-7.26409	-1	-1	-1
0	256	4.18555	3.96989	-1	-1	-1
0	256	-1.6309	-3.10996	880	1022.62	-1
0	256	-6.36226	-8.84869	4158	4266.84	-1
0	256	4.99269	-5.10031	-1	-1	-1
0	256	6.92721	-6.78803	-1	-1	-1
0	256	0.392351	-1.56085	1256	1273.28	-1
0	256	-5.45296	7.32158	-1	-1	-1
0	256	-5.45102	5.01516	-1	-1	-1
0	256	7.25386	-4.79244	-1	-1	-1
0	256	-2.45823	-2.49573	2208	2367.62	-1
0	256	7.30963	1.63857	1071	1172.97	-1
0	256	-6.57502	0.859362	-1	-1	-1
0	256	-6.55147	-3.00246	54	167	-1
0	256	1.42833	2.95725	1027	1154	-1
0	256	5.2362	-0.672704	-1	-1	-1
0	256	-5.91619	-3.14829	4084	4188.41	-1
0	256	-9.07437	0.543187	-1	-1	-1
0	256	5.57538	4.90054	-1	-1	-1
0	256	5.08587	2.44183	-1	-1	-1
0	256	-6.4923	0.939163	-1	-1	-1
0	256	8.1436	8.49674	-1	-1	-1
0	256	-7.96535	-1.51716	-1	-1	-1
0	256	5.07389	2.94821	1163	1283.22	-1
0	256	6.5598	-6.14238	-1	-1	-1
0	256	6.83965	-5.94783	-1	-1	-1
0	256	-7.68651	3.21254	-1	-1	-1
0	256	-1.86913	3.84868	2994	3127.53	-1
0	256	-3.81704	-3.67885	4672	4843.94	-1
0	256	-0.848713	6.0964	2852	2958.62	-1
0	256	-6.42559	-2.26733	-1	-1	-1
0	256	3.81659	-3.12582	4574	4612.31	-1
0	256	0.228112	-3.37118	2109	2157.03	-1
0	256	7.00557	-6.86869	-1	-1	-1
0	256	-2.02181	3.02559	40	77.4688	-1
0	256	3.53114	6.25524	2527	2587.69	-1
0	256	-5.59774	6.2576	4663	4796.88	-1
0	256	-4.36153	-8.17869	3746	3836.97	-1
0	256	-1.90102	4.80009	901	1018.41	-1
0	256	0.716853	-3.97001	4741	4868.94	-1
0	256	0.0985213	-3.21339	322	366.125	-1
0	256	-0.170934	3.32149	932	960.656	-1
0	256	-2.39475	5.75749	5356	-1	-1
0	256	7.95114	-2.08571	-1	-1	-1
0	256	-5.60669	2.30668	1127	1241.28	-1
0	256	-3.17605	6.11219	-1	-1	-1
0	256	-0.86272	5.2076	-1	-1	-1
0	256	8.94526	-2.32406	-1	-1	-1
0	256	0.50412	-4.70769	4824	4876.75	-1
0	256	8.66402	7.57649	4559	4641.38	-1
0	256	2.09499	7.65001	5116	5215.03	-1
0	256	0.182353	-7.33991	364	458.344	-1
0	256	-3.32949	2.22783	180	219.469	-1
0	256	-2.95891	-2.3217	2730	2761.56	-1
0	256	3.52787	-4.97136	1434	1571.31	-1
0	256	7.26335	-0.228871	-1	-1	-1
0	256	1.57196	3.21673	101	132.469	-1
0	256	3.62128	-5.05716	-1	-1	-1
0	256	-3.4906	-5.7902	-1	-1	-1
0	256	-2.46711	-6.76664	-1	-1	-1
0	256	-1.64858	-9.71806	-1	-1	-1
0	256	0.943683	9.46183	-1	-1	-1
0	256	3.03162	-5.44662	4002	4068.44	-1
0	256	-0.674955	9.3538	-1	-1	-1
0	256	2.94827	4.14923	1017	1145.78	-1
0	256	2.83732	-5.6132	-1	-1	-1
0	256	-6.63924	6.12112	-1	-1	-1
0	256	-7.2187	3.45048	-1	-1	-1
0	256	-8.85858	-4.30053	4196	4300.66	-1
0	256	-0.0535199	-8.77306	-1	-1	-1
0	256	1.51455	9.28258	-1	-1	-1
0	256	-8.00626	0.453141	-1	-1	-1
0	256	5.55785	2.84401	4977	5089.31	-1
0	256	-8.90906	1.09125	-1	-1	-1
0	256	1.85851	7.82696	-1	-1	-1
0	256	3.93944	0.058801	1228	1264.38	-1
0	256	1.22792	-6.02067	-1	-1	-1
0	256	-4.30413	0.724115	3172	3206.97	-1
0	256	3.81247	6.34857	-1	-1	-1
0	256	5.27084	7.93376	3728	3845.78	-1
0	256	0.225659	-5.5706	4314	4363.09	-1
0	256	-3.25796	-7.71772	-1	-1	-1
0	256	-6.74491	-1.6254	-1	-1	-1
0	256	-4.1667	-2.2693	756	900.562	-1
0	256	0.755207	-9.05383	-1	-1	-1
0	256	-2.57007	1.56503	1072	1098.56	-1
0	256	-4.84901	7.13596	-1	-1	-1
0	256	-8.25628	1.09847	-1	-1	-1
0	256	-2.87524	7.98514	-1	-1	-1
0	256	-6.11415	-1.52582	-1	-1	-1
0	256	6.83997	0.917133	503	614.812	-1
0	256	5.71331	-2.09577	3164	3219.03	-1
0	256	-4.4543	-3.956	-1	-1	-1
0	256	6.95139	0.0133218	-1	-1	-1
0	256	-4.7755	8.00731	-1	-1	-1
0	256	7.15243	0.448802	1065	1161.84	-1
0	256	-5.02317	3.76978	3225	3353.34	-1
0	256	5.92507	-1.84044	74	181.344	-1
0	256	7.7098	2.3008	-1	-1	-1
0	256	4.12164	-4.89351	-1	-1	-1
0	256	4.95355	-4.66302	3360	3412.31	-1
0	256	-6.1087	4.91252	-1	-1	-1
0	256	-8.86415	3.79545	-1	-1	-1
0	256	-1.68703	4.81689	2194	2256.69	-1
0	256	4.526	-4.52739	-1	-1	-1
0	256	-9.13112	3.14069	3839	3913.59	-1
0	256	-6.17605	0.671545	-1	-1	-1
0	256	2.4046	3.87721	3060	3097	-1
0	256	-4.27428	8.19734	2119	2185.75	-1
0	256	7.01695	5.89168	-1	-1	-1
0	256	0.374186	3.63848	3909	3939.38	-1
