Pile ID	Distribution Type	X-Position	Y-Position	Pickup Time	Drop Off Time	Ant ID
1	1	4.87075	-3.6404	1271	1317.47	-1
1	1	5.02075	-3.6404	1861	2000.5	-1
1	1	5.17075	-3.6404	-1	-1	-1
1	1	5.32075	-3.6404	-1	-1	-1
1	1	5.47075	-3.6404	-1	-1	-1
1	1	5.62075	-3.6404	-1	-1	-1
1	1	5.77075	-3.6404	-1	-1	-1
1	1	5.92075	-3.6404	-1	-1	-1
1	1	6.07075	-3.6404	-1	-1	-1
1	1	6.22075	-3.6404	-1	-1	-1
1	1	6.37075	-3.6404	-1	-1	-1
1	1	6.52075	-3.6404	-1	-1	-1
1	1	6.67075	-3.6404	4696	4763.66	-1
1	1	6.82075	-3.6404	4731	4819.81	-1
1	1	6.97075	-3.6404	5265	5323.28	-1
1	1	7.12075	-3.6404	-1	-1	-1
1	1	4.87075	-3.4904	1088	1223.25	-1
1	1	5.02075	-3.4904	-1	-1	-1
1	1	5.17075	-3.4904	-1	-1	-1
1	1	5.32075	-3.4904	-1	-1	-1
1	1	5.47075	-3.4904	-1	-1	-1
1	1	5.62075	-3.4904	-1	-1	-1
1	1	5.77075	-3.4904	-1	-1	-1
1	1	5.92075	-3.4904	-1	-1	-1
1	1	6.07075	-3.4904	-1	-1	-1
1	1	6.22075	-3.4904	-1	-1	-1
1	1	6.37075	-3.4904	-1	-1	-1
1	1	6.52075	-3.4904	4872	4961.28	-1
1	1	6.67075	-3.4904	4546	4629.38	-1
1	1	6.82075	-3.4904	4383	4490	-1
1	1	6.97075	-3.4904	4702	4780.44	-1
1	1	7.12075	-3.4904	5113	5197.88	-1
1	1	4.87075	-3.3404	3293	3421.44	-1
1	1	5.02075	-3.3404	-1	-1	-1
1	1	5.17075	-3.3404	-1	-1	-1
1	1	5.32075	-3.3404	-1	-1	-1
1	1	5.47075	-3.3404	-1	-1	-1
1	1	5.62075	-3.3404	-1	-1	-1
1	1	5.77075	-3.3404	-1	-1	-1
1	1	5.92075	-3.3404	-1	-1	-1
1	1	6.07075	-3.3404	-1	-1	-1
1	1	6.22075	-3.3404	-1	-1	-1
1	1	6.37075	-3.3404	-1	-1	-1
1	1	6.52075	-3.3404	4973	5042.66	-1
1	1	6.67075	-3.3404	4581	4665.91	-1
1	1	6.82075	-3.3404	4566	4650.47	-1
1	1	6.97075	-3.3404	4761	4836	-1
1	1	7.12075	-3.3404	-1	-1	-1
1	1	4.87075	-3.1904	3465	3514.84	-1
1	1	5.02075	-3.1904	-1	-1	-1
1	1	5.17075	-3.1904	-1	-1	-1
1	1	5.32075	-3.1904	-1	-1	-1
1	1	5.47075	-3.1904	-1	-1	-1
1	1	5.62075	-3.1904	-1	-1	-1
1	1	5.77075	-3.1904	-1	-1	-1
1	1	5.92075	-3.1904	-1	-1	-1
1	1	6.07075	-3.1904	-1	-1	-1
1	1	6.22075	-3.1904	-1	-1	-1
1	1	6.37075	-3.1904	-1	-1	-1
1	1	6.52075	-3.1904	-1	-1	-1
1	1	6.67075	-3.1904	4802	4871.97	-1
1	1	6.82075	-3.1904	4879	4968.44	-1
1	1	6.97075	-3.1904	4946	5038.06	-1
1	1	7.12075	-3.1904	5168	5231.75	-1
1	1	4.87075	-3.0404	-1	-1	-1
1	1	5.02075	-3.0404	-1	-1	-1
1	1	5.17075	-3.0404	-1	-1	-1
1	1	5.32075	-3.0404	-1	-1	-1
1	1	5.47075	-3.0404	-1	-1	-1
1	1	5.62075	-3.0404	-1	-1	-1
1	1	5.77075	-3.0404	-1	-1	-1
1	1	5.92075	-3.0404	-1	-1	-1
1	1	6.07075	-3.0404	-1	-1	-1
1	1	6.22075	-3.0404	-1	-1	-1
1	1	6.37075	-3.0404	-1	-1	-1
1	1	6.52075	-3.0404	-1	-1	-1
1	1	6.67075	-3.0404	-1	-1	-1
1	1	6.82075	-3.0404	-1	-1	-1
1	1	6.97075	-3.0404	-1	-1	-1
1	1	7.12075	-3.0404	-1	-1	-1
1	1	4.87075	-2.8904	-1	-1	-1
1	1	5.02075	-2.8904	-1	-1	-1
1	1	5.17075	-2.8904	-1	-1	-1
1	1	5.32075	-2.8904	-1	-1	-1
1	1	5.47075	-2.8904	-1	-1	-1
1	1	5.62075	-2.8904	-1	-1	-1
1	1	5.77075	-2.8904	-1	-1	-1
1	1	5.92075	-2.8904	-1	-1	-1
1	1	6.07075	-2.8904	-1	-1	-1
1	1	6.22075	-2.8904	-1	-1	-1
1	1	6.37075	-2.8904	-1	-1	-1
1	1	6.52075	-2.8904	-1	-1	-1
1	1	6.67075	-2.8904	-1	-1	-1
1	1	6.82075	-2.8904	-1	-1	-1
1	1	6.97075	-2.8904	-1	-1	-1
1	1	7.12075	-2.8904	-1	-1	-1
1	1	4.87075	-2.7404	-1	-1	-1
1	1	5.02075	-2.7404	-1	-1	-1
1	1	5.17075	-2.7404	-1	-1	-1
1	1	5.32075	-2.7404	-1	-1	-1
1	1	5.47075	-2.7404	-1	-1	-1
1	1	5.62075	-2.7404	-1	-1	-1
1	1	5.77075	-2.7404	-1	-1	-1
1	1	5.92075	-2.7404	-1	-1	-1
1	1	6.07075	-2.7404	-1	-1	-1
1	1	6.22075	-2.7404	-1	-1	-1
1	1	6.37075	-2.7404	-1	-1	-1
1	1	6.52075	-2.7404	-1	-1	-1
1	1	6.67075	-2.7404	-1	-1	-1
1	1	6.82075	-2.7404	-1	-1	-1
1	1	6.97075	-2.7404	-1	-1	-1
1	1	7.12075	-2.7404	-1	-1	-1
1	1	4.87075	-2.5904	4521	4581.72	-1
1	1	5.02075	-2.5904	4753	4829.41	-1
1	1	5.17075	-2.5904	-1	-1	-1
1	1	5.32075	-2.5904	-1	-1	-1
1	1	5.47075	-2.5904	-1	-1	-1
1	1	5.62075	-2.5904	-1	-1	-1
1	1	5.77075	-2.5904	-1	-1	-1
1	1	5.92075	-2.5904	-1	-1	-1
1	1	6.07075	-2.5904	-1	-1	-1
1	1	6.22075	-2.5904	-1	-1	-1
1	1	6.37075	-2.5904	-1	-1	-1
1	1	6.52075	-2.5904	-1	-1	-1
1	1	6.67075	-2.5904	-1	-1	-1
1	1	6.82075	-2.5904	-1	-1	-1
1	1	6.97075	-2.5904	-1	-1	-1
1	1	7.12075	-2.5904	-1	-1	-1
1	1	4.87075	-2.4404	4622	4693.31	-1
1	1	5.02075	-2.4404	4902	4985.28	-1
1	1	5.17075	-2.4404	-1	-1	-1
1	1	5.32075	-2.4404	-1	-1	-1
1	1	5.47075	-2.4404	-1	-1	-1
1	1	5.62075	-2.4404	-1	-1	-1
1	1	5.77075	-2.4404	-1	-1	-1
1	1	5.92075	-2.4404	-1	-1	-1
1	1	6.07075	-2.4404	-1	-1	-1
1	1	6.22075	-2.4404	-1	-1	-1
1	1	6.37075	-2.4404	-1	-1	-1
1	1	6.52075	-2.4404	-1	-1	-1
1	1	6.67075	-2.4404	-1	-1	-1
1	1	6.82075	-2.4404	-1	-1	-1
1	1	6.97075	-2.4404	-1	-1	-1
1	1	7.12075	-2.4404	-1	-1	-1
1	1	4.87075	-2.2904	4864	4917.69	-1
1	1	5.02075	-2.2904	-1	-1	-1
1	1	5.17075	-2.2904	-1	-1	-1
1	1	5.32075	-2.2904	-1	-1	-1
1	1	5.47075	-2.2904	-1	-1	-1
1	1	5.62075	-2.2904	-1	-1	-1
1	1	5.77075	-2.2904	-1	-1	-1
1	1	5.92075	-2.2904	-1	-1	-1
1	1	6.07075	-2.2904	-1	-1	-1
1	1	6.22075	-2.2904	-1	-1	-1
1	1	6.37075	-2.2904	-1	-1	-1
1	1	6.52075	-2.2904	-1	-1	-1
1	1	6.67075	-2.2904	-1	-1	-1
1	1	6.82075	-2.2904	-1	-1	-1
1	1	6.97075	-2.2904	-1	-1	-1
1	1	7.12075	-2.2904	-1	-1	-1
1	1	4.87075	-2.1404	-1	-1	-1
1	1	5.02075	-2.1404	-1	-1	-1
1	1	5.17075	-2.1404	-1	-1	-1
1	1	5.32075	-2.1404	-1	-1	-1
1	1	5.47075	-2.1404	-1	-1	-1
1	1	5.62075	-2.1404	-1	-1	-1
1	1	5.77075	-2.1404	-1	-1	-1
1	1	5.92075	-2.1404	-1	-1	-1
1	1	6.07075	-2.1404	-1	-1	-1
1	1	6.22075	-2.1404	-1	-1	-1
1	1	6.37075	-2.1404	-1	-1	-1
1	1	6.52075	-2.1404	-1	-1	-1
1	1	6.67075	-2.1404	-1	-1	-1
1	1	6.82075	-2.1404	-1	-1	-1
1	1	6.97075	-2.1404	-1	-1	-1
1	1	7.12075	-2.1404	-1	-1	-1
1	1	4.87075	-1.9904	3810	3928.31	-1
1	1	5.02075	-1.9904	-1	-1	-1
1	1	5.17075	-1.9904	-1	-1	-1
1	1	5.32075	-1.9904	-1	-1	-1
1	1	5.47075	-1.9904	-1	-1	-1
1	1	5.62075	-1.9904	-1	-1	-1
1	1	5.77075	-1.9904	-1	-1	-1
1	1	5.92075	-1.9904	-1	-1	-1
1	1	6.07075	-1.9904	-1	-1	-1
1	1	6.22075	-1.9904	-1	-1	-1
1	1	6.37075	-1.9904	-1	-1	-1
1	1	6.52075	-1.9904	-1	-1	-1
1	1	6.67075	-1.9904	-1	-1	-1
1	1	6.82075	-1.9904	-1	-1	-1
1	1	6.97075	-1.9904	-1	-1	-1
1	1	7.12075	-1.9904	-1	-1	-1
1	1	4.87075	-1.8404	-1	-1	-1
1	1	5.02075	-1.8404	-1	-1	-1
1	1	5.17075	-1.8404	-1	-1	-1
1	1	5.32075	-1.8404	-1	-1	-1
1	1	5.47075	-1.8404	-1	-1	-1
1	1	5.62075	-1.8404	-1	-1	-1
1	1	5.77075	-1.8404	-1	-1	-1
1	1	5.92075	-1.8404	-1	-1	-1
1	1	6.07075	-1.8404	-1	-1	-1
1	1	6.22075	-1.8404	-1	-1	-1
1	1	6.37075	-1.8404	-1	-1	-1
1	1	6.52075	-1.8404	-1	-1	-1
1	1	6.67075	-1.8404	-1	-1	-1
1	1	6.82075	-1.8404	-1	-1	-1
1	1	6.97075	-1.8404	-1	-1	-1
1	1	7.12075	-1.8404	-1	-1	-1
1	1	4.87075	-1.6904	-1	-1	-1
1	1	5.02075	-1.6904	-1	-1	-1
1	1	5.17075	-1.6904	-1	-1	-1
1	1	5.32075	-1.6904	-1	-1	-1
1	1	5.47075	-1.6904	-1	-1	-1
1	1	5.62075	-1.6904	-1	-1	-1
1	1	5.77075	-1.6904	-1	-1	-1
1	1	5.92075	-1.6904	-1	-1	-1
1	1	6.07075	-1.6904	-1	-1	-1
1	1	6.22075	-1.6904	-1	-1	-1
1	1	6.37075	-1.6904	-1	-1	-1
1	1	6.52075	-1.6904	-1	-1	-1
1	1	6.67075	-1.6904	-1	-1	-1
1	1	6.82075	-1.6904	-1	-1	-1
1	1	6.97075	-1.6904	-1	-1	-1
1	1	7.12075	-1.6904	-1	-1	-1
1	1	4.87075	-1.5404	3040	3078.91	-1
1	1	5.02075	-1.5404	-1	-1	-1
1	1	5.17075	-1.5404	-1	-1	-1
1	1	5.32075	-1.5404	-1	-1	-1
1	1	5.47075	-1.5404	-1	-1	-1
1	1	5.62075	-1.5404	-1	-1	-1
1	1	5.77075	-1.5404	2523	2587.69	-1
1	1	5.92075	-1.5404	2392	2442.78	-1
1	1	6.07075	-1.5404	-1	-1	-1
1	1	6.22075	-1.5404	-1	-1	-1
1	1	6.37075	-1.5404	-1	-1	-1
1	1	6.52075	-1.5404	-1	-1	-1
1	1	6.67075	-1.5404	-1	-1	-1
1	1	6.82075	-1.5404	-1	-1	-1
1	1	6.97075	-1.5404	-1	-1	-1
1	1	7.12075	-1.5404	-1	-1	-1
1	1	4.87075	-1.3904	-1	-1	-1
1	1	5.02075	-1.3904	-1	-1	-1
1	1	5.17075	-1.3904	4487	4597.41	-1
1	1	5.32075	-1.3904	-1	-1	-1
1	1	5.47075	-1.3904	-1	-1	-1
1	1	5.62075	-1.3904	-1	-1	-1
1	1	5.77075	-1.3904	2670	2720.69	-1
1	1	5.92075	-1.3904	2288	2360.88	-1
1	1	6.07075	-1.3904	2138	2241.81	-1
1	1	6.22075	-1.3904	-1	-1	-1
1	1	6.37075	-1.3904	-1	-1	-1
1	1	6.52075	-1.3904	-1	-1	-1
1	1	6.67075	-1.3904	-1	-1	-1
1	1	6.82075	-1.3904	-1	-1	-1
1	1	6.97075	-1.3904	-1	-1	-1
1	1	7.12075	-1.3904	-1	-1	-1
2	4	-1.49144	-9.36095	-1	-1	-1
2	4	-1.34144	-9.36095	-1	-1	-1
2	4	-1.19144	-9.36095	-1	-1	-1
2	4	-1.04144	-9.36095	-1	-1	-1
2	4	-0.891442	-9.36095	-1	-1	-1
2	4	-0.741442	-9.36095	-1	-1	-1
2	4	-0.591442	-9.36095	-1	-1	-1
2	4	-0.441442	-9.36095	-1	-1	-1
2	4	-1.49144	-9.21095	-1	-1	-1
2	4	-1.34144	-9.21095	-1	-1	-1
2	4	-1.19144	-9.21095	-1	-1	-1
2	4	-1.04144	-9.21095	-1	-1	-1
2	4	-0.891442	-9.21095	-1	-1	-1
2	4	-0.741442	-9.21095	-1	-1	-1
2	4	-0.591442	-9.21095	-1	-1	-1
2	4	-0.441442	-9.21095	-1	-1	-1
2	4	-1.49144	-9.06095	-1	-1	-1
2	4	-1.34144	-9.06095	-1	-1	-1
2	4	-1.19144	-9.06095	-1	-1	-1
2	4	-1.04144	-9.06095	-1	-1	-1
2	4	-0.891442	-9.06095	-1	-1	-1
2	4	-0.741442	-9.06095	-1	-1	-1
2	4	-0.591442	-9.06095	-1	-1	-1
2	4	-0.441442	-9.06095	-1	-1	-1
2	4	-1.49144	-8.91095	-1	-1	-1
2	4	-1.34144	-8.91095	-1	-1	-1
2	4	-1.19144	-8.91095	-1	-1	-1
2	4	-1.04144	-8.91095	-1	-1	-1
2	4	-0.891442	-8.91095	-1	-1	-1
2	4	-0.741442	-8.91095	-1	-1	-1
2	4	-0.591442	-8.91095	-1	-1	-1
2	4	-0.441442	-8.91095	-1	-1	-1
2	4	-1.49144	-8.76095	-1	-1	-1
2	4	-1.34144	-8.76095	-1	-1	-1
2	4	-1.19144	-8.76095	-1	-1	-1
2	4	-1.04144	-8.76095	-1	-1	-1
2	4	-0.891442	-8.76095	-1	-1	-1
2	4	-0.741442	-8.76095	-1	-1	-1
2	4	-0.591442	-8.76095	-1	-1	-1
2	4	-0.441442	-8.76095	-1	-1	-1
2	4	-1.49144	-8.61095	-1	-1	-1
2	4	-1.34144	-8.61095	-1	-1	-1
2	4	-1.19144	-8.61095	-1	-1	-1
2	4	-1.04144	-8.61095	-1	-1	-1
2	4	-0.891442	-8.61095	-1	-1	-1
2	4	-0.741442	-8.61095	-1	-1	-1
2	4	-0.591442	-8.61095	-1	-1	-1
2	4	-0.441442	-8.61095	-1	-1	-1
2	4	-1.49144	-8.46095	-1	-1	-1
2	4	-1.34144	-8.46095	-1	-1	-1
2	4	-1.19144	-8.46095	-1	-1	-1
2	4	-1.04144	-8.46095	-1	-1	-1
2	4	-0.891442	-8.46095	-1	-1	-1
2	4	-0.741442	-8.46095	-1	-1	-1
2	4	-0.591442	-8.46095	-1	-1	-1
2	4	-0.441442	-8.46095	-1	-1	-1
2	4	-1.49144	-8.31095	-1	-1	-1
2	4	-1.34144	-8.31095	-1	-1	-1
2	4	-1.19144	-8.31095	5324	-1	-1
2	4	-1.04144	-8.31095	-1	-1	-1
2	4	-0.891442	-8.31095	-1	-1	-1
2	4	-0.741442	-8.31095	-1	-1	-1
2	4	-0.591442	-8.31095	-1	-1	-1
2	4	-0.441442	-8.31095	-1	-1	-1
3	4	2.183	-5.92294	-1	-1	-1
3	4	2.333	-5.92294	-1	-1	-1
3	4	2.483	-5.92294	-1	-1	-1
3	4	2.633	-5.92294	-1	-1	-1
3	4	2.783	-5.92294	-1	-1	-1
3	4	2.933	-5.92294	-1	-1	-1
3	4	3.083	-5.92294	-1	-1	-1
3	4	3.233	-5.92294	-1	-1	-1
3	4	2.183	-5.77294	-1	-1	-1
3	4	2.333	-5.77294	-1	-1	-1
3	4	2.483	-5.77294	-1	-1	-1
3	4	2.633	-5.77294	-1	-1	-1
3	4	2.783	-5.77294	-1	-1	-1
3	4	2.933	-5.77294	-1	-1	-1
3	4	3.083	-5.77294	-1	-1	-1
3	4	3.233	-5.77294	-1	-1	-1
3	4	2.183	-5.62294	-1	-1	-1
3	4	2.333	-5.62294	-1	-1	-1
3	4	2.483	-5.62294	-1	-1	-1
3	4	2.633	-5.62294	-1	-1	-1
3	4	2.783	-5.62294	-1	-1	-1
3	4	2.933	-5.62294	-1	-1	-1
3	4	3.083	-5.62294	-1	-1	-1
3	4	3.233	-5.62294	-1	-1	-1
3	4	2.183	-5.47294	-1	-1	-1
3	4	2.333	-5.47294	-1	-1	-1
3	4	2.483	-5.47294	-1	-1	-1
3	4	2.633	-5.47294	-1	-1	-1
3	4	2.783	-5.47294	-1	-1	-1
3	4	2.933	-5.47294	-1	-1	-1
3	4	3.083	-5.47294	-1	-1	-1
3	4	3.233	-5.47294	-1	-1	-1
3	4	2.183	-5.32294	-1	-1	-1
3	4	2.333	-5.32294	-1	-1	-1
3	4	2.483	-5.32294	-1	-1	-1
3	4	2.633	-5.32294	-1	-1	-1
3	4	2.783	-5.32294	-1	-1	-1
3	4	2.933	-5.32294	-1	-1	-1
3	4	3.083	-5.32294	-1	-1	-1
3	4	3.233	-5.32294	-1	-1	-1
3	4	2.183	-5.17294	-1	-1	-1
3	4	2.333	-5.17294	-1	-1	-1
3	4	2.483	-5.17294	-1	-1	-1
3	4	2.633	-5.17294	-1	-1	-1
3	4	2.783	-5.17294	-1	-1	-1
3	4	2.933	-5.17294	-1	-1	-1
3	4	3.083	-5.17294	-1	-1	-1
3	4	3.233	-5.17294	-1	-1	-1
3	4	2.183	-5.02294	-1	-1	-1
3	4	2.333	-5.02294	-1	-1	-1
3	4	2.483	-5.02294	3337	3393.19	-1
3	4	2.633	-5.02294	-1	-1	-1
3	4	2.783	-5.02294	-1	-1	-1
3	4	2.933	-5.02294	-1	-1	-1
3	4	3.083	-5.02294	-1	-1	-1
3	4	3.233	-5.02294	-1	-1	-1
3	4	2.183	-4.87294	3239	3300.38	-1
3	4	2.333	-4.87294	3058	3176.53	-1
3	4	2.483	-4.87294	3045	3161.97	-1
3	4	2.633	-4.87294	3205	3258.09	-1
3	4	2.783	-4.87294	-1	-1	-1
3	4	2.933	-4.87294	-1	-1	-1
3	4	3.083	-4.87294	-1	-1	-1
3	4	3.233	-4.87294	-1	-1	-1
4	4	-5.65113	7.30863	-1	-1	-1
4	4	-5.50113	7.30863	-1	-1	-1
4	4	-5.35113	7.30863	-1	-1	-1
4	4	-5.20113	7.30863	-1	-1	-1
4	4	-5.05113	7.30863	-1	-1	-1
4	4	-4.90113	7.30863	-1	-1	-1
4	4	-4.75113	7.30863	-1	-1	-1
4	4	-4.60113	7.30863	656	753.344	-1
4	4	-5.65113	7.45863	-1	-1	-1
4	4	-5.50113	7.45863	-1	-1	-1
4	4	-5.35113	7.45863	-1	-1	-1
4	4	-5.20113	7.45863	-1	-1	-1
4	4	-5.05113	7.45863	-1	-1	-1
4	4	-4.90113	7.45863	-1	-1	-1
4	4	-4.75113	7.45863	2070	2138.28	-1
4	4	-4.60113	7.45863	2246	2320.84	-1
4	4	-5.65113	7.60863	-1	-1	-1
4	4	-5.50113	7.60863	-1	-1	-1
4	4	-5.35113	7.60863	-1	-1	-1
4	4	-5.20113	7.60863	-1	-1	-1
4	4	-5.05113	7.60863	-1	-1	-1
4	4	-4.90113	7.60863	2223	2292.09	-1
4	4	-4.75113	7.60863	1663	1740.28	-1
4	4	-4.60113	7.60863	1864	1932.19	-1
4	4	-5.65113	7.75863	-1	-1	-1
4	4	-5.50113	7.75863	-1	-1	-1
4	4	-5.35113	7.75863	-1	-1	-1
4	4	-5.20113	7.75863	-1	-1	-1
4	4	-5.05113	7.75863	-1	-1	-1
4	4	-4.90113	7.75863	-1	-1	-1
4	4	-4.75113	7.75863	1506	1578.03	-1
4	4	-4.60113	7.75863	1351	1431.81	-1
4	4	-5.65113	7.90863	-1	-1	-1
4	4	-5.50113	7.90863	-1	-1	-1
4	4	-5.35113	7.90863	-1	-1	-1
4	4	-5.20113	7.90863	-1	-1	-1
4	4	-5.05113	7.90863	-1	-1	-1
4	4	-4.90113	7.90863	1693	1793.91	-1
4	4	-4.75113	7.90863	1363	1440.19	-1
4	4	-4.60113	7.90863	1144	1247.28	-1
4	4	-5.65113	8.05863	-1	-1	-1
4	4	-5.50113	8.05863	-1	-1	-1
4	4	-5.35113	8.05863	-1	-1	-1
4	4	-5.20113	8.05863	-1	-1	-1
4	4	-5.05113	8.05863	-1	-1	-1
4	4	-4.90113	8.05863	-1	-1	-1
4	4	-4.75113	8.05863	1736	1821.94	-1
4	4	-4.60113	8.05863	1361	1435.97	-1
4	4	-5.65113	8.20863	-1	-1	-1
4	4	-5.50113	8.20863	-1	-1	-1
4	4	-5.35113	8.20863	-1	-1	-1
4	4	-5.20113	8.20863	-1	-1	-1
4	4	-5.05113	8.20863	-1	-1	-1
4	4	-4.90113	8.20863	-1	-1	-1
4	4	-4.75113	8.20863	-1	-1	-1
4	4	-4.60113	8.20863	1512	1588.97	-1
4	4	-5.65113	8.35863	-1	-1	-1
4	4	-5.50113	8.35863	-1	-1	-1
4	4	-5.35113	8.35863	-1	-1	-1
4	4	-5.20113	8.35863	-1	-1	-1
4	4	-5.05113	8.35863	-1	-1	-1
4	4	-4.90113	8.35863	-1	-1	-1
4	4	-4.75113	8.35863	-1	-1	-1
4	4	-4.60113	8.35863	-1	-1	-1
5	4	-5.37935	-0.734857	-1	-1	-1
5	4	-5.22935	-0.734857	-1	-1	-1
5	4	-5.07935	-0.734857	-1	-1	-1
5	4	-4.92935	-0.734857	-1	-1	-1
5	4	-4.77935	-0.734857	-1	-1	-1
5	4	-4.62935	-0.734857	-1	-1	-1
5	4	-4.47935	-0.734857	-1	-1	-1
5	4	-4.32935	-0.734857	-1	-1	-1
5	4	-5.37935	-0.584857	-1	-1	-1
5	4	-5.22935	-0.584857	-1	-1	-1
5	4	-5.07935	-0.584857	-1	-1	-1
5	4	-4.92935	-0.584857	-1	-1	-1
5	4	-4.77935	-0.584857	-1	-1	-1
5	4	-4.62935	-0.584857	-1	-1	-1
5	4	-4.47935	-0.584857	3343	3381.84	-1
5	4	-4.32935	-0.584857	3126	3182.22	-1
5	4	-5.37935	-0.434857	-1	-1	-1
5	4	-5.22935	-0.434857	-1	-1	-1
5	4	-5.07935	-0.434857	-1	-1	-1
5	4	-4.92935	-0.434857	-1	-1	-1
5	4	-4.77935	-0.434857	-1	-1	-1
5	4	-4.62935	-0.434857	3510	3589.47	-1
5	4	-4.47935	-0.434857	3233	3270.16	-1
5	4	-4.32935	-0.434857	3105	3161.84	-1
5	4	-5.37935	-0.284857	-1	-1	-1
5	4	-5.22935	-0.284857	-1	-1	-1
5	4	-5.07935	-0.284857	-1	-1	-1
5	4	-4.92935	-0.284857	-1	-1	-1
5	4	-4.77935	-0.284857	-1	-1	-1
5	4	-4.62935	-0.284857	3546	3603.19	-1
5	4	-4.47935	-0.284857	3439	3473.84	-1
5	4	-4.32935	-0.284857	3255	3306.25	-1
5	4	-5.37935	-0.134857	-1	-1	-1
5	4	-5.22935	-0.134857	-1	-1	-1
5	4	-5.07935	-0.134857	-1	-1	-1
5	4	-4.92935	-0.134857	-1	-1	-1
5	4	-4.77935	-0.134857	-1	-1	-1
5	4	-4.62935	-0.134857	1401	1458.03	-1
5	4	-4.47935	-0.134857	3574	3613.03	-1
5	4	-4.32935	-0.134857	3535	3576.84	-1
5	4	-5.37935	0.0151426	-1	-1	-1
5	4	-5.22935	0.0151426	-1	-1	-1
5	4	-5.07935	0.0151426	-1	-1	-1
5	4	-4.92935	0.0151426	2012	2056.22	-1
5	4	-4.77935	0.0151426	1503	1549.62	-1
5	4	-4.62935	0.0151426	1361	1400.19	-1
5	4	-4.47935	0.0151426	1281	1319.84	-1
5	4	-4.32935	0.0151426	1066	1116.34	-1
5	4	-5.37935	0.165143	-1	-1	-1
5	4	-5.22935	0.165143	-1	-1	-1
5	4	-5.07935	0.165143	-1	-1	-1
5	4	-4.92935	0.165143	1762	1819.78	-1
5	4	-4.77935	0.165143	1614	1656.06	-1
5	4	-4.62935	0.165143	1185	1231.78	-1
5	4	-4.47935	0.165143	1042	1096.34	-1
5	4	-4.32935	0.165143	950	998.375	-1
5	4	-5.37935	0.315143	-1	-1	-1
5	4	-5.22935	0.315143	-1	-1	-1
5	4	-5.07935	0.315143	-1	-1	-1
5	4	-4.92935	0.315143	1914	1958.16	-1
5	4	-4.77935	0.315143	1698	1745.94	-1
5	4	-4.62935	0.315143	1503	1544.75	-1
5	4	-4.47935	0.315143	1582	1636.72	-1
5	4	-4.32935	0.315143	782	897.062	-1
6	16	-2.87535	-6.93505	-1	-1	-1
6	16	-2.72535	-6.93505	-1	-1	-1
6	16	-2.57535	-6.93505	-1	-1	-1
6	16	-2.42535	-6.93505	-1	-1	-1
6	16	-2.87535	-6.78505	4192	4296.91	-1
6	16	-2.72535	-6.78505	3511	3568.44	-1
6	16	-2.57535	-6.78505	-1	-1	-1
6	16	-2.42535	-6.78505	3967	4063.47	-1
6	16	-2.87535	-6.63505	1736	1788.72	-1
6	16	-2.72535	-6.63505	1578	1682.78	-1
6	16	-2.57535	-6.63505	3391	3453.59	-1
6	16	-2.42535	-6.63505	3213	3327.84	-1
6	16	-2.87535	-6.48505	78	155.594	-1
6	16	-2.72535	-6.48505	210	267.531	-1
6	16	-2.57535	-6.48505	1726	1811.97	-1
6	16	-2.42535	-6.48505	3112	3164.97	-1
7	16	6.33192	1.0779	4365	4468.66	-1
7	16	6.48192	1.0779	-1	-1	-1
7	16	6.63192	1.0779	-1	-1	-1
7	16	6.78192	1.0779	-1	-1	-1
7	16	6.33192	1.2279	4079	4175.78	-1
7	16	6.48192	1.2279	-1	-1	-1
7	16	6.63192	1.2279	-1	-1	-1
7	16	6.78192	1.2279	-1	-1	-1
7	16	6.33192	1.3779	858	955	-1
7	16	6.48192	1.3779	-1	-1	-1
7	16	6.63192	1.3779	-1	-1	-1
7	16	6.78192	1.3779	-1	-1	-1
7	16	6.33192	1.5279	1029	1081.81	-1
7	16	6.48192	1.5279	-1	-1	-1
7	16	6.63192	1.5279	-1	-1	-1
7	16	6.78192	1.5279	-1	-1	-1
8	16	8.32365	3.04826	4418	4502.66	-1
8	16	8.47365	3.04826	-1	-1	-1
8	16	8.62365	3.04826	-1	-1	-1
8	16	8.77365	3.04826	-1	-1	-1
8	16	8.32365	3.19826	4581	4672.28	-1
8	16	8.47365	3.19826	4936	5028.44	-1
8	16	8.62365	3.19826	-1	-1	-1
8	16	8.77365	3.19826	-1	-1	-1
8	16	8.32365	3.34826	4762	4843	-1
8	16	8.47365	3.34826	4921	5015.59	-1
8	16	8.62365	3.34826	-1	-1	-1
8	16	8.77365	3.34826	-1	-1	-1
8	16	8.32365	3.49826	5266	5332.78	-1
8	16	8.47365	3.49826	5111	5188.16	-1
8	16	8.62365	3.49826	-1	-1	-1
8	16	8.77365	3.49826	-1	-1	-1
9	16	8.75515	4.36767	-1	-1	-1
9	16	8.90515	4.36767	-1	-1	-1
9	16	9.05515	4.36767	-1	-1	-1
9	16	9.20515	4.36767	-1	-1	-1
9	16	8.75515	4.51767	-1	-1	-1
9	16	8.90515	4.51767	-1	-1	-1
9	16	9.05515	4.51767	-1	-1	-1
9	16	9.20515	4.51767	-1	-1	-1
9	16	8.75515	4.66767	-1	-1	-1
9	16	8.90515	4.66767	-1	-1	-1
9	16	9.05515	4.66767	-1	-1	-1
9	16	9.20515	4.66767	-1	-1	-1
9	16	8.75515	4.81767	-1	-1	-1
9	16	8.90515	4.81767	-1	-1	-1
9	16	9.05515	4.81767	-1	-1	-1
9	16	9.20515	4.81767	-1	-1	-1
10	16	8.49819	5.00253	-1	-1	-1
10	16	8.64819	5.00253	-1	-1	-1
10	16	8.79819	5.00253	-1	-1	-1
10	16	8.94819	5.00253	-1	-1	-1
10	16	8.49819	5.15253	-1	-1	-1
10	16	8.64819	5.15253	-1	-1	-1
10	16	8.79819	5.15253	-1	-1	-1
10	16	8.94819	5.15253	-1	-1	-1
10	16	8.49819	5.30253	-1	-1	-1
10	16	8.64819	5.30253	-1	-1	-1
10	16	8.79819	5.30253	-1	-1	-1
10	16	8.94819	5.30253	-1	-1	-1
10	16	8.49819	5.45253	427	524.906	-1
10	16	8.64819	5.45253	-1	-1	-1
10	16	8.79819	5.45253	-1	-1	-1
10	16	8.94819	5.45253	-1	-1	-1
11	16	-4.55209	-3.44166	-1	-1	-1
11	16	-4.40209	-3.44166	-1	-1	-1
11	16	-4.25209	-3.44166	3742	3788.38	-1
11	16	-4.10209	-3.44166	2603	2757	-1
11	16	-4.55209	-3.29166	5399	-1	-1
11	16	-4.40209	-3.29166	3635	3677.94	-1
11	16	-4.25209	-3.29166	3654	3700.75	-1
11	16	-4.10209	-3.29166	2836	2877.38	-1
11	16	-4.55209	-3.14166	3797	3843.44	-1
11	16	-4.40209	-3.14166	3549	3591.12	-1
11	16	-4.25209	-3.14166	3365	3499.12	-1
11	16	-4.10209	-3.14166	2167	2313.06	-1
11	16	-4.55209	-2.99166	-1	-1	-1
11	16	-4.40209	-2.99166	3689	3744.28	-1
11	16	-4.25209	-2.99166	3360	3489.78	-1
11	16	-4.10209	-2.99166	736	869.125	-1
12	16	-4.153	-0.659146	3034	3083.56	-1
12	16	-4.003	-0.659146	-1	-1	-1
12	16	-3.853	-0.659146	3814	3937.12	-1
12	16	-3.703	-0.659146	1897	1944.5	-1
12	16	-4.153	-0.509146	2844	2961.12	-1
12	16	-4.003	-0.509146	2306	2337.03	-1
12	16	-3.853	-0.509146	2023	2062.94	-1
12	16	-3.703	-0.509146	1591	1711.53	-1
12	16	-4.153	-0.359146	2992	3045.97	-1
12	16	-4.003	-0.359146	2117	2169.06	-1
12	16	-3.853	-0.359146	1964	1994.59	-1
12	16	-3.703	-0.359146	1740	1774	-1
12	16	-4.153	-0.209146	3148	3196.34	-1
12	16	-4.003	-0.209146	2204	2242	-1
12	16	-3.853	-0.209146	1889	1927.03	-1
12	16	-3.703	-0.209146	1082	1120.41	-1
13	16	-0.7934	6.11932	-1	-1	-1
13	16	-0.6434	6.11932	-1	-1	-1
13	16	-0.4934	6.11932	4254	4305.12	-1
13	16	-0.3434	6.11932	2858	2967.5	-1
13	16	-0.7934	6.26932	-1	-1	-1
13	16	-0.6434	6.26932	-1	-1	-1
13	16	-0.4934	6.26932	4764	4815.38	-1
13	16	-0.3434	6.26932	4098	4205.38	-1
13	16	-0.7934	6.41932	-1	-1	-1
13	16	-0.6434	6.41932	-1	-1	-1
13	16	-0.4934	6.41932	-1	-1	-1
13	16	-0.3434	6.41932	4516	4565.59	-1
13	16	-0.7934	6.56932	-1	-1	-1
13	16	-0.6434	6.56932	-1	-1	-1
13	16	-0.4934	6.56932	-1	-1	-1
13	16	-0.3434	6.56932	-1	-1	-1
14	16	-8.81213	8.04328	-1	-1	-1
14	16	-8.66213	8.04328	-1	-1	-1
14	16	-8.51213	8.04328	-1	-1	-1
14	16	-8.36213	8.04328	-1	-1	-1
14	16	-8.81213	8.19328	-1	-1	-1
14	16	-8.66213	8.19328	-1	-1	-1
14	16	-8.51213	8.19328	-1	-1	-1
14	16	-8.36213	8.19328	-1	-1	-1
14	16	-8.81213	8.34328	-1	-1	-1
14	16	-8.66213	8.34328	-1	-1	-1
14	16	-8.51213	8.34328	-1	-1	-1
14	16	-8.36213	8.34328	-1	-1	-1
14	16	-8.81213	8.49328	-1	-1	-1
14	16	-8.66213	8.49328	-1	-1	-1
14	16	-8.51213	8.49328	-1	-1	-1
14	16	-8.36213	8.49328	-1	-1	-1
15	16	1.47149	-5.13622	3729	3848.94	-1
15	16	1.62149	-5.13622	-1	-1	-1
15	16	1.77149	-5.13622	-1	-1	-1
15	16	1.92149	-5.13622	-1	-1	-1
15	16	1.47149	-4.98622	1127	1253.94	-1
15	16	1.62149	-4.98622	-1	-1	-1
15	16	1.77149	-4.98622	-1	-1	-1
15	16	1.92149	-4.98622	-1	-1	-1
15	16	1.47149	-4.83622	1306	1361.25	-1
15	16	1.62149	-4.83622	4417	4521.81	-1
15	16	1.77149	-4.83622	2749	2859.47	-1
15	16	1.92149	-4.83622	2524	2646.84	-1
15	16	1.47149	-4.68622	3055	3094.06	-1
15	16	1.62149	-4.68622	2124	2249.75	-1
15	16	1.77149	-4.68622	2286	2324.59	-1
15	16	1.92149	-4.68622	2423	2460.53	-1
16	16	-4.88488	-6.53997	-1	-1	-1
16	16	-4.73488	-6.53997	-1	-1	-1
16	16	-4.58488	-6.53997	-1	-1	-1
16	16	-4.43488	-6.53997	-1	-1	-1
16	16	-4.88488	-6.38997	-1	-1	-1
16	16	-4.73488	-6.38997	-1	-1	-1
16	16	-4.58488	-6.38997	-1	-1	-1
16	16	-4.43488	-6.38997	-1	-1	-1
16	16	-4.88488	-6.23997	-1	-1	-1
16	16	-4.73488	-6.23997	-1	-1	-1
16	16	-4.58488	-6.23997	-1	-1	-1
16	16	-4.43488	-6.23997	-1	-1	-1
16	16	-4.88488	-6.08997	-1	-1	-1
16	16	-4.73488	-6.08997	-1	-1	-1
16	16	-4.58488	-6.08997	-1	-1	-1
16	16	-4.43488	-6.08997	-1	-1	-1
17	16	4.81039	5.59087	1613	1761.06	-1
17	16	4.96039	5.59087	2760	2816.72	-1
17	16	5.11039	5.59087	5245	5382.47	-1
17	16	5.26039	5.59087	75	130.375	-1
17	16	4.81039	5.74087	-1	-1	-1
17	16	4.96039	5.74087	-1	-1	-1
17	16	5.11039	5.74087	-1	-1	-1
17	16	5.26039	5.74087	-1	-1	-1
17	16	4.81039	5.89087	-1	-1	-1
17	16	4.96039	5.89087	-1	-1	-1
17	16	5.11039	5.89087	-1	-1	-1
17	16	5.26039	5.89087	-1	-1	-1
17	16	4.81039	6.04087	3661	3717.09	-1
17	16	4.96039	6.04087	-1	-1	-1
17	16	5.11039	6.04087	-1	-1	-1
17	16	5.26039	6.04087	-1	-1	-1
18	16	-4.02466	-8.82177	-1	-1	-1
18	16	-3.87466	-8.82177	-1	-1	-1
18	16	-3.72466	-8.82177	5231	5303.69	-1
18	16	-3.57466	-8.82177	-1	-1	-1
18	16	-4.02466	-8.67177	-1	-1	-1
18	16	-3.87466	-8.67177	-1	-1	-1
18	16	-3.72466	-8.67177	-1	-1	-1
18	16	-3.57466	-8.67177	-1	-1	-1
18	16	-4.02466	-8.52177	-1	-1	-1
18	16	-3.87466	-8.52177	-1	-1	-1
18	16	-3.72466	-8.52177	-1	-1	-1
18	16	-3.57466	-8.52177	-1	-1	-1
18	16	-4.02466	-8.37177	2483	2571.72	-1
18	16	-3.87466	-8.37177	2695	2806.91	-1
18	16	-3.72466	-8.37177	-1	-1	-1
18	16	-3.57466	-8.37177	-1	-1	-1
19	16	8.95647	-1.53275	-1	-1	-1
19	16	9.10647	-1.53275	-1	-1	-1
19	16	9.25647	-1.53275	-1	-1	-1
19	16	9.40647	-1.53275	-1	-1	-1
19	16	8.95647	-1.38275	-1	-1	-1
19	16	9.10647	-1.38275	-1	-1	-1
19	16	9.25647	-1.38275	-1	-1	-1
19	16	9.40647	-1.38275	-1	-1	-1
19	16	8.95647	-1.23275	-1	-1	-1
19	16	9.10647	-1.23275	-1	-1	-1
19	16	9.25647	-1.23275	-1	-1	-1
19	16	9.40647	-1.23275	-1	-1	-1
19	16	8.95647	-1.08275	4147	4213.72	-1
19	16	9.10647	-1.08275	-1	-1	-1
19	16	9.25647	-1.08275	-1	-1	-1
19	16	9.40647	-1.08275	-1	-1	-1
20	16	-4.67827	1.063	-1	-1	-1
20	16	-4.52827	1.063	-1	-1	-1
20	16	-4.37827	1.063	-1	-1	-1
20	16	-4.22827	1.063	1330	1450.72	-1
20	16	-4.67827	1.213	-1	-1	-1
20	16	-4.52827	1.213	-1	-1	-1
20	16	-4.37827	1.213	-1	-1	-1
20	16	-4.22827	1.213	1490	1529.91	-1
20	16	-4.67827	1.363	-1	-1	-1
20	16	-4.52827	1.363	-1	-1	-1
20	16	-4.37827	1.363	-1	-1	-1
20	16	-4.22827	1.363	-1	-1	-1
20	16	-4.67827	1.513	-1	-1	-1
20	16	-4.52827	1.513	-1	-1	-1
20	16	-4.37827	1.513	159	208.344	-1
20	16	-4.22827	1.513	191	235.656	-1
21	16	-1.89163	-2.44221	-1	-1	-1
21	16	-1.74163	-2.44221	-1	-1	-1
21	16	-1.59163	-2.44221	4420	4446.41	-1
21	16	-1.44163	-2.44221	310	456.656	-1
21	16	-1.89163	-2.29221	2671	2701.38	-1
21	16	-1.74163	-2.29221	2452	2601.66	-1
21	16	-1.59163	-2.29221	603	632.812	-1
21	16	-1.44163	-2.29221	636	663.031	-1
21	16	-1.89163	-2.14221	2726	2757.91	-1
21	16	-1.74163	-2.14221	415	556.094	-1
21	16	-1.59163	-2.14221	578	663.562	-1
21	16	-1.44163	-2.14221	414	578.719	-1
21	16	-1.89163	-1.99221	2873	3056.88	-1
21	16	-1.74163	-1.99221	430	600.281	-1
21	16	-1.59163	-1.99221	339	362.938	-1
21	16	-1.44163	-1.99221	288	310.969	-1
0	256	2.47822	-6.89686	-1	-1	-1
0	256	-3.52119	-1.81114	831	862.594	-1
0	256	-2.5138	-2.1597	560	704	-1
0	256	-7.51532	-4.12785	-1	-1	-1
0	256	-2.75789	6.01786	-1	-1	-1
0	256	-7.59542	-0.315654	-1	-1	-1
0	256	4.94313	-4.77616	-1	-1	-1
0	256	-3.7686	5.80858	-1	-1	-1
0	256	-3.35777	-4.69997	-1	-1	-1
0	256	-3.04804	0.0404998	377	503.312	-1
0	256	2.13625	4.3283	3661	3776.5	-1
0	256	-8.43952	2.99126	-1	-1	-1
0	256	-4.16891	-4.09474	-1	-1	-1
0	256	6.77916	5.36035	3509	3617.5	-1
0	256	7.53103	-3.33593	-1	-1	-1
0	256	-4.71696	-1.1797	4408	4445.59	-1
0	256	4.72937	4.58692	2185	2233.94	-1
0	256	3.72209	-2.98564	904	1046.56	-1
0	256	-5.69752	-3.32546	1538	1644.53	-1
0	256	-0.952197	6.75563	-1	-1	-1
0	256	3.41899	-0.538437	2565	2690.81	-1
0	256	-2.96839	-2.95819	1257	1298.31	-1
0	256	-1.15346	-2.94831	31	58.9062	-1
0	256	-6.64813	-2.39251	508	560.344	-1
0	256	-0.951816	-7.79607	5317	-1	-1
0	256	-8.7481	2.39474	-1	-1	-1
0	256	-0.845307	-0.195393	4288	4424.59	-1
0	256	-0.899858	-3.37447	97	216.938	-1
0	256	-5.77352	6.15796	5238	5364	-1
0	256	-4.98159	2.47158	570	691.844	-1
0	256	-1.88489	-8.0775	-1	-1	-1
0	256	-7.58923	4.07818	-1	-1	-1
0	256	-4.76996	-6.79601	-1	-1	-1
0	256	0.54365	3.62554	102	140.031	-1
0	256	-2.87708	5.52125	-1	-1	-1
0	256	4.96461	2.33953	1237	1355.12	-1
0	256	2.6364	7.86282	1935	2035.72	-1
0	256	-6.29319	2.9564	-1	-1	-1
0	256	7.49225	6.02266	-1	-1	-1
0	256	-7.8798	-2.41938	-1	-1	-1
0	256	7.32548	-5.65113	-1	-1	-1
0	256	9.32708	1.1301	-1	-1	-1
0	256	-3.53659	3.05293	-1	-1	-1
0	256	7.38541	-6.45211	4102	4172.62	-1
0	256	-3.01841	-7.87642	4517	4581.09	-1
0	256	-7.52081	-1.16872	-1	-1	-1
0	256	6.81987	3.82536	-1	-1	-1
0	256	5.79772	4.20665	-1	-1	-1
0	256	1.42063	-4.16008	1164	1199.97	-1
0	256	3.04305	-3.69396	373	533.406	-1
0	256	-4.83173	5.78455	2675	2750.38	-1
0	256	-5.43838	-8.93941	-1	-1	-1
0	256	4.49472	-1.77618	-1	-1	-1
0	256	-3.01949	-3.75375	3849	3892.47	-1
0	256	8.28596	2.02673	-1	-1	-1
0	256	5.08339	4.95504	4059	4196.91	-1
0	256	-1.30552	7.01196	-1	-1	-1
0	256	-4.99698	4.08606	-1	-1	-1
0	256	-1.2966	6.2245	-1	-1	-1
0	256	2.8074	-2.71449	363	518.031	-1
0	256	-6.88752	-5.50484	-1	-1	-1
0	256	5.43239	5.76482	3212	3341.41	-1
0	256	-2.62772	8.7932	-1	-1	-1
0	256	-0.772459	3.57701	882	912.469	-1
0	256	-7.10904	5.43647	-1	-1	-1
0	256	-0.296215	-9.06958	2984	3053.5	-1
0	256	2.29571	-4.05097	60	98.5	-1
0	256	4.00586	-5.21687	1427	1564.97	-1
0	256	-1.1424	-3.3316	258	306.625	-1
0	256	5.23005	4.73308	733	785.375	-1
0	256	-4.5815	2.74653	2085	2130.19	-1
0	256	-7.26568	-5.31089	-1	-1	-1
0	256	5.99681	6.01758	2933	2996.75	-1
0	256	2.51976	6.41	1330	1444.5	-1
0	256	2.80615	1.18865	39	73.2812	-1
0	256	6.59217	5.85891	-1	-1	-1
0	256	-3.36991	1.91844	2087	2119.03	-1
0	256	-3.35631	2.74447	-1	-1	-1
0	256	-6.3043	-7.15409	-1	-1	-1
0	256	-0.602333	8.20154	1164	1247.38	-1
0	256	-0.63278	-5.10304	4031	4142.91	-1
0	256	-2.17124	5.05499	-1	-1	-1
0	256	-5.45819	-5.65618	-1	-1	-1
0	256	-6.95285	4.67766	-1	-1	-1
0	256	-7.34925	-5.81468	-1	-1	-1
0	256	-8.03288	-1.61574	-1	-1	-1
0	256	2.97461	5.1608	1109	1225	-1
0	256	-3.27316	2.86511	633	801.969	-1
0	256	7.68701	4.12535	-1	-1	-1
0	256	8.38103	2.09565	-1	-1	-1
0	256	6.26865	-0.50314	-1	-1	-1
0	256	5.3547	-7.55778	-1	-1	-1
0	256	6.3993	0.759137	-1	-1	-1
0	256	-0.320196	8.6839	-1	-1	-1
0	256	6.55133	-1.03179	2621	2695.5	-1
0	256	-8.83002	-0.749635	-1	-1	-1
0	256	2.83774	4.12586	-1	-1	-1
0	256	-0.676988	2.99204	769	892	-1
0	256	-1.98522	5.74479	-1	-1	-1
0	256	0.950387	3.93951	2349	2466.72	-1
0	256	6.70169	2.94877	-1	-1	-1
0	256	-5.96039	-7.43515	-1	-1	-1
0	256	-3.41379	-4.12994	853	910.438	-1
0	256	-4.4507	7.47723	-1	-1	-1
0	256	4.52508	5.6468	-1	-1	-1
0	256	5.60386	2.98942	-1	-1	-1
0	256	3.79843	7.11321	-1	-1	-1
0	256	-3.46436	8.99003	-1	-1	-1
0	256	7.04237	5.15177	-1	-1	-1
0	256	-2.98895	2.29908	1936	1968.66	-1
0	256	-2.34565	-8.92169	-1	-1	-1
0	256	-3.45988	-4.8644	-1	-1	-1
0	256	-4.86185	6.10833	-1	-1	-1
0	256	4.64584	-2.96719	-1	-1	-1
0	256	-2.2157	-8.61909	-1	-1	-1
0	256	3.07562	-2.16022	194	347.594	-1
0	256	0.583335	4.36898	2035	2178.28	-1
0	256	-5.28467	5.21506	-1	-1	-1
0	256	3.33077	-1.37815	500	536.469	-1
0	256	-7.51254	-3.86894	-1	-1	-1
0	256	-6.69497	2.82945	3928	4038.66	-1
0	256	-6.8711	1.77616	3868	3920.12	-1
0	256	-1.25718	9.41736	-1	-1	-1
0	256	-3.73927	8.52355	-1	-1	-1
0	256	-7.53066	2.17279	-1	-1	-1
0	256	7.13638	-0.715632	-1	-1	-1
0	256	3.62618	0.390235	930	991.406	-1
0	256	8.06702	-5.3812	-1	-1	-1
0	256	-4.05859	-9.07201	-1	-1	-1
0	256	5.40196	-3.7623	-1	-1	-1
0	256	-8.61755	1.86182	-1	-1	-1
0	256	7.11471	1.17219	-1	-1	-1
0	256	0.224931	6.37463	-1	-1	-1
0	256	-8.47988	3.26972	-1	-1	-1
0	256	-5.00745	2.74651	4998	5115.12	-1
0	256	5.36735	0.191213	3599	3644.72	-1
0	256	7.09518	1.91221	-1	-1	-1
0	256	-6.7367	4.54694	-1	-1	-1
0	256	3.35626	2.25583	1154	1282.25	-1
0	256	-5.83084	-1.98832	5249	5294.66	-1
0	256	2.6229	-4.49152	-1	-1	-1
0	256	-8.02232	0.384977	-1	-1	-1
0	256	-0.687108	7.42418	-1	-1	-1
0	256	-2.26143	5.28629	-1	-1	-1
0	256	-2.57346	1.72081	2882	3040.16	-1
0	256	-1.82135	4.1461	4205	4333.03	-1
0	256	7.92457	-0.747241	-1	-1	-1
0	256	4.91359	4.03127	-1	-1	-1
0	256	-4.23466	-7.16769	-1	-1	-1
0	256	-6.74403	-0.659586	-1	-1	-1
0	256	-7.38448	3.1721	-1	-1	-1
0	256	3.76875	7.43733	-1	-1	-1
0	256	6.74477	-6.91209	-1	-1	-1
0	256	-6.31762	6.99237	-1	-1	-1
0	256	-6.55812	-6.56123	-1	-1	-1
0	256	-3.11442	-3.1089	4212	4380.34	-1
0	256	5.67476	6.31502	-1	-1	-1
0	256	9.02221	-2.69329	-1	-1	-1
0	256	9.64669	-3.47734	-1	-1	-1
0	256	-7.00027	2.48037	4177	4279.41	-1
0	256	-6.63146	-1.37904	-1	-1	-1
0	256	-3.85911	7.55912	-1	-1	-1
0	256	5.75885	5.14057	4872	5006.44	-1
0	256	-1.18544	-6.72916	3894	3996.38	-1
0	256	1.72046	7.00792	2379	2488.91	-1
0	256	-7.51632	-3.75101	2337	2430.72	-1
0	256	2.33509	3.80397	573	610	-1
0	256	8.3672	4.64268	-1	-1	-1
0	256	-9.61136	6.65026	-1	-1	-1
0	256	6.87116	1.47739	-1	-1	-1
0	256	3.59543	2.47548	1469	1595.75	-1
0	256	-2.14963	-6.89783	-1	-1	-1
0	256	-3.80409	0.795356	719	751.344	-1
0	256	4.20934	-1.48878	3979	4098.53	-1
0	256	7.78223	2.33881	2875	2968.03	-1
0	256	4.48677	4.28986	310	465.25	-1
0	256	2.63628	-6.39445	-1	-1	-1
0	256	-6.16453	-4.3418	-1	-1	-1
0	256	-2.01474	-7.9747	-1	-1	-1
0	256	2.05663	-3.92737	2786	2821.38	-1
0	256	-2.46612	7.69119	-1	-1	-1
0	256	-5.0469	-5.15199	-1	-1	-1
0	256	-5.13678	-4.54024	4479	4634.28	-1
0	256	4.51374	-4.86996	-1	-1	-1
0	256	0.221724	5.45611	289	401.125	-1
0	256	9.12415	1.63247	-1	-1	-1
0	256	-9.46072	1.20344	2756	2843.28	-1
0	256	4.42332	5.84632	965	1018.38	-1
0	256	-0.243889	-4.36706	4100	4212.81	-1
0	256	-7.71744	1.15068	-1	-1	-1
0	256	-6.27951	4.53177	-1	-1	-1
0	256	-0.311318	4.92058	196	234.844	-1
0	256	0.452114	6.70184	617	682.062	-1
0	256	7.19366	5.19744	-1	-1	-1
0	256	3.16283	-0.865003	2907	3021.41	-1
0	256	-6.92832	2.85598	-1	-1	-1
0	256	-0.894488	8.25856	-1	-1	-1
0	256	0.250254	-3.35525	59	95.9375	-1
0	256	1.6379	-6.20362	-1	-1	-1
0	256	6.22035	7.16645	-1	-1	-1
0	256	-2.51123	-5.45292	2242	2356.53	-1
0	256	-7.43448	-8.82261	-1	-1	-1
0	256	-8.37427	3.33159	-1	-1	-1
0	256	7.92492	4.0196	-1	-1	-1
0	256	-8.12458	2.88264	-1	-1	-1
0	256	6.25696	-0.364685	-1	-1	-1
0	256	5.58271	2.46964	1869	1917.31	-1
0	256	7.23448	0.255214	3888	3977.94	-1
0	256	4.66339	-4.31256	1948	2089.69	-1
0	256	5.3255	-4.72268	2769	2916.03	-1
0	256	-3.6925	9.10567	-1	-1	-1
0	256	-2.42554	6.52087	-1	-1	-1
0	256	-3.78978	-2.48273	-1	-1	-1
0	256	7.61979	-5.72128	4559	4637.31	-1
0	256	-4.16637	5.48565	-1	-1	-1
0	256	-1.06209	5.0136	68	107.625	-1
0	256	-7.342	-6.50115	-1	-1	-1
0	256	-2.67276	-3.51079	-1	-1	-1
0	256	7.95338	-4.27295	-1	-1	-1
0	256	-2.45911	8.99804	-1	-1	-1
0	256	4.21067	-5.26007	-1	-1	-1
0	256	-8.01574	-2.53127	-1	-1	-1
0	256	-2.929	1.02674	751	868.625	-1
0	256	-3.07792	-7.51865	-1	-1	-1
0	256	-9.03837	-3.49303	-1	-1	-1
0	256	-2.54867	-2.29127	632	794.719	-1
0	256	-0.548564	-5.72762	4212	4321.97	-1
0	256	9.03377	2.58127	-1	-1	-1
0	256	8.45024	-4.9159	-1	-1	-1
0	256	3.5454	-8.86621	-1	-1	-1
0	256	-2.22458	8.52	-1	-1	-1
0	256	3.95619	2.80642	-1	-1	-1
0	256	-2.95021	-8.71983	-1	-1	-1
0	256	-1.9982	-3.60849	710	747.406	-1
0	256	7.22419	-0.269062	-1	-1	-1
0	256	-4.36146	-5.00952	3844	3991.53	-1
0	256	1.28472	2.78806	965	1111.09	-1
0	256	-2.81985	-9.74978	3323	3415.59	-1
0	256	-4.35144	1.83936	48	84.9062	-1
0	256	9.64785	-1.01244	425	494.844	-1
0	256	5.19238	-0.901469	-1	-1	-1
0	256	-2.00167	-9.00068	-1	-1	-1
0	256	-8.40808	-2.01833	-1	-1	-1
0	256	2.28963	4.73285	2796	2837	-1
0	256	4.14201	5.98162	-1	-1	-1
0	256	-3.30321	7.53514	-1	-1	-1
0	256	-7.24861	-4.1924	3148	3248.81	-1
0	256	3.252	4.07992	787	941.656	-1
0	256	-9.46418	-1.3198	-1	-1	-1
0	256	-5.8873	0.347777	-1	-1	-1
0	256	-5.80307	4.04479	-1	-1	-1
0	256	-7.31728	-1.63477	-1	-1	-1
0	256	-0.389112	-6.87702	-1	-1	-1
0	256	-4.21932	-2.64362	-1	-1	-1
0	256	7.03838	-4.14407	-1	-1	-1
0	256	2.16499	6.18251	3255	3360.94	-1
