Pile ID	Distribution Type	X-Position	Y-Position	Pickup Time	Drop Off Time	Ant ID
1	1	3.661	4.98976	4943	5002.06	-1
1	1	3.811	4.98976	4764	4890.75	-1
1	1	3.961	4.98976	4970	5038.84	-1
1	1	4.111	4.98976	5095	5158.53	-1
1	1	4.261	4.98976	-1	-1	-1
1	1	4.411	4.98976	1299	1356.28	-1
1	1	4.561	4.98976	1175	1225.03	-1
1	1	4.711	4.98976	1430	1498.22	-1
1	1	4.861	4.98976	1598	1660.16	-1
1	1	5.011	4.98976	3896	3950.16	-1
1	1	5.161	4.98976	339	479.344	-1
1	1	5.311	4.98976	662	717.531	-1
1	1	5.461	4.98976	409	582.719	-1
1	1	5.611	4.98976	884	979.844	-1
1	1	5.761	4.98976	1080	1145.06	-1
1	1	5.911	4.98976	-1	-1	-1
1	1	3.661	5.13976	5087	5139.97	-1
1	1	3.811	5.13976	-1	-1	-1
1	1	3.961	5.13976	5211	5268.59	-1
1	1	4.111	5.13976	5322	5374.44	-1
1	1	4.261	5.13976	-1	-1	-1
1	1	4.411	5.13976	1478	1547.84	-1
1	1	4.561	5.13976	1294	1367.28	-1
1	1	4.711	5.13976	1449	1514.38	-1
1	1	4.861	5.13976	1719	1799.97	-1
1	1	5.011	5.13976	-1	-1	-1
1	1	5.161	5.13976	-1	-1	-1
1	1	5.311	5.13976	3886	4017	-1
1	1	5.461	5.13976	769	824.375	-1
1	1	5.611	5.13976	1032	1088.06	-1
1	1	5.761	5.13976	-1	-1	-1
1	1	5.911	5.13976	-1	-1	-1
1	1	3.661	5.28976	1350	1400.34	-1
1	1	3.811	5.28976	-1	-1	-1
1	1	3.961	5.28976	-1	-1	-1
1	1	4.111	5.28976	-1	-1	-1
1	1	4.261	5.28976	-1	-1	-1
1	1	4.411	5.28976	-1	-1	-1
1	1	4.561	5.28976	1641	1702.56	-1
1	1	4.711	5.28976	-1	-1	-1
1	1	4.861	5.28976	-1	-1	-1
1	1	5.011	5.28976	-1	-1	-1
1	1	5.161	5.28976	-1	-1	-1
1	1	5.311	5.28976	-1	-1	-1
1	1	5.461	5.28976	-1	-1	-1
1	1	5.611	5.28976	-1	-1	-1
1	1	5.761	5.28976	-1	-1	-1
1	1	5.911	5.28976	-1	-1	-1
1	1	3.661	5.43976	3924	4053.88	-1
1	1	3.811	5.43976	-1	-1	-1
1	1	3.961	5.43976	-1	-1	-1
1	1	4.111	5.43976	-1	-1	-1
1	1	4.261	5.43976	-1	-1	-1
1	1	4.411	5.43976	-1	-1	-1
1	1	4.561	5.43976	-1	-1	-1
1	1	4.711	5.43976	-1	-1	-1
1	1	4.861	5.43976	-1	-1	-1
1	1	5.011	5.43976	-1	-1	-1
1	1	5.161	5.43976	-1	-1	-1
1	1	5.311	5.43976	-1	-1	-1
1	1	5.461	5.43976	-1	-1	-1
1	1	5.611	5.43976	-1	-1	-1
1	1	5.761	5.43976	-1	-1	-1
1	1	5.911	5.43976	-1	-1	-1
1	1	3.661	5.58976	-1	-1	-1
1	1	3.811	5.58976	-1	-1	-1
1	1	3.961	5.58976	-1	-1	-1
1	1	4.111	5.58976	-1	-1	-1
1	1	4.261	5.58976	-1	-1	-1
1	1	4.411	5.58976	-1	-1	-1
1	1	4.561	5.58976	-1	-1	-1
1	1	4.711	5.58976	-1	-1	-1
1	1	4.861	5.58976	-1	-1	-1
1	1	5.011	5.58976	-1	-1	-1
1	1	5.161	5.58976	-1	-1	-1
1	1	5.311	5.58976	-1	-1	-1
1	1	5.461	5.58976	-1	-1	-1
1	1	5.611	5.58976	-1	-1	-1
1	1	5.761	5.58976	-1	-1	-1
1	1	5.911	5.58976	-1	-1	-1
1	1	3.661	5.73976	-1	-1	-1
1	1	3.811	5.73976	-1	-1	-1
1	1	3.961	5.73976	-1	-1	-1
1	1	4.111	5.73976	-1	-1	-1
1	1	4.261	5.73976	-1	-1	-1
1	1	4.411	5.73976	-1	-1	-1
1	1	4.561	5.73976	-1	-1	-1
1	1	4.711	5.73976	-1	-1	-1
1	1	4.861	5.73976	-1	-1	-1
1	1	5.011	5.73976	-1	-1	-1
1	1	5.161	5.73976	-1	-1	-1
1	1	5.311	5.73976	-1	-1	-1
1	1	5.461	5.73976	-1	-1	-1
1	1	5.611	5.73976	-1	-1	-1
1	1	5.761	5.73976	-1	-1	-1
1	1	5.911	5.73976	-1	-1	-1
1	1	3.661	5.88976	-1	-1	-1
1	1	3.811	5.88976	-1	-1	-1
1	1	3.961	5.88976	-1	-1	-1
1	1	4.111	5.88976	-1	-1	-1
1	1	4.261	5.88976	-1	-1	-1
1	1	4.411	5.88976	-1	-1	-1
1	1	4.561	5.88976	-1	-1	-1
1	1	4.711	5.88976	-1	-1	-1
1	1	4.861	5.88976	-1	-1	-1
1	1	5.011	5.88976	-1	-1	-1
1	1	5.161	5.88976	-1	-1	-1
1	1	5.311	5.88976	-1	-1	-1
1	1	5.461	5.88976	-1	-1	-1
1	1	5.611	5.88976	-1	-1	-1
1	1	5.761	5.88976	-1	-1	-1
1	1	5.911	5.88976	-1	-1	-1
1	1	3.661	6.03976	227	348.656	-1
1	1	3.811	6.03976	-1	-1	-1
1	1	3.961	6.03976	-1	-1	-1
1	1	4.111	6.03976	-1	-1	-1
1	1	4.261	6.03976	-1	-1	-1
1	1	4.411	6.03976	-1	-1	-1
1	1	4.561	6.03976	-1	-1	-1
1	1	4.711	6.03976	-1	-1	-1
1	1	4.861	6.03976	-1	-1	-1
1	1	5.011	6.03976	-1	-1	-1
1	1	5.161	6.03976	-1	-1	-1
1	1	5.311	6.03976	-1	-1	-1
1	1	5.461	6.03976	-1	-1	-1
1	1	5.611	6.03976	-1	-1	-1
1	1	5.761	6.03976	-1	-1	-1
1	1	5.911	6.03976	-1	-1	-1
1	1	3.661	6.18976	-1	-1	-1
1	1	3.811	6.18976	-1	-1	-1
1	1	3.961	6.18976	-1	-1	-1
1	1	4.111	6.18976	-1	-1	-1
1	1	4.261	6.18976	-1	-1	-1
1	1	4.411	6.18976	-1	-1	-1
1	1	4.561	6.18976	-1	-1	-1
1	1	4.711	6.18976	-1	-1	-1
1	1	4.861	6.18976	-1	-1	-1
1	1	5.011	6.18976	-1	-1	-1
1	1	5.161	6.18976	-1	-1	-1
1	1	5.311	6.18976	-1	-1	-1
1	1	5.461	6.18976	-1	-1	-1
1	1	5.611	6.18976	-1	-1	-1
1	1	5.761	6.18976	-1	-1	-1
1	1	5.911	6.18976	-1	-1	-1
1	1	3.661	6.33976	3909	3972.81	-1
1	1	3.811	6.33976	3975	4035.88	-1
1	1	3.961	6.33976	4361	4434.56	-1
1	1	4.111	6.33976	-1	-1	-1
1	1	4.261	6.33976	-1	-1	-1
1	1	4.411	6.33976	-1	-1	-1
1	1	4.561	6.33976	-1	-1	-1
1	1	4.711	6.33976	-1	-1	-1
1	1	4.861	6.33976	-1	-1	-1
1	1	5.011	6.33976	-1	-1	-1
1	1	5.161	6.33976	-1	-1	-1
1	1	5.311	6.33976	-1	-1	-1
1	1	5.461	6.33976	-1	-1	-1
1	1	5.611	6.33976	-1	-1	-1
1	1	5.761	6.33976	-1	-1	-1
1	1	5.911	6.33976	-1	-1	-1
1	1	3.661	6.48976	3798	3852.06	-1
1	1	3.811	6.48976	4522	4578.22	-1
1	1	3.961	6.48976	4042	4099.38	-1
1	1	4.111	6.48976	4178	4250.44	-1
1	1	4.261	6.48976	-1	-1	-1
1	1	4.411	6.48976	-1	-1	-1
1	1	4.561	6.48976	-1	-1	-1
1	1	4.711	6.48976	-1	-1	-1
1	1	4.861	6.48976	-1	-1	-1
1	1	5.011	6.48976	-1	-1	-1
1	1	5.161	6.48976	-1	-1	-1
1	1	5.311	6.48976	-1	-1	-1
1	1	5.461	6.48976	-1	-1	-1
1	1	5.611	6.48976	-1	-1	-1
1	1	5.761	6.48976	-1	-1	-1
1	1	5.911	6.48976	-1	-1	-1
1	1	3.661	6.63976	-1	-1	-1
1	1	3.811	6.63976	3711	3776.06	-1
1	1	3.961	6.63976	3984	4060.88	-1
1	1	4.111	6.63976	3851	3914.44	-1
1	1	4.261	6.63976	-1	-1	-1
1	1	4.411	6.63976	-1	-1	-1
1	1	4.561	6.63976	-1	-1	-1
1	1	4.711	6.63976	-1	-1	-1
1	1	4.861	6.63976	-1	-1	-1
1	1	5.011	6.63976	-1	-1	-1
1	1	5.161	6.63976	-1	-1	-1
1	1	5.311	6.63976	-1	-1	-1
1	1	5.461	6.63976	-1	-1	-1
1	1	5.611	6.63976	-1	-1	-1
1	1	5.761	6.63976	-1	-1	-1
1	1	5.911	6.63976	-1	-1	-1
1	1	3.661	6.78976	3478	3544.41	-1
1	1	3.811	6.78976	3682	3752.5	-1
1	1	3.961	6.78976	3553	3611.72	-1
1	1	4.111	6.78976	3502	3569.44	-1
1	1	4.261	6.78976	-1	-1	-1
1	1	4.411	6.78976	-1	-1	-1
1	1	4.561	6.78976	-1	-1	-1
1	1	4.711	6.78976	-1	-1	-1
1	1	4.861	6.78976	-1	-1	-1
1	1	5.011	6.78976	-1	-1	-1
1	1	5.161	6.78976	-1	-1	-1
1	1	5.311	6.78976	-1	-1	-1
1	1	5.461	6.78976	-1	-1	-1
1	1	5.611	6.78976	-1	-1	-1
1	1	5.761	6.78976	-1	-1	-1
1	1	5.911	6.78976	-1	-1	-1
1	1	3.661	6.93976	3322	3393.91	-1
1	1	3.811	6.93976	2960	3068.38	-1
1	1	3.961	6.93976	3252	3321.31	-1
1	1	4.111	6.93976	3354	3426.5	-1
1	1	4.261	6.93976	-1	-1	-1
1	1	4.411	6.93976	-1	-1	-1
1	1	4.561	6.93976	-1	-1	-1
1	1	4.711	6.93976	-1	-1	-1
1	1	4.861	6.93976	-1	-1	-1
1	1	5.011	6.93976	-1	-1	-1
1	1	5.161	6.93976	-1	-1	-1
1	1	5.311	6.93976	-1	-1	-1
1	1	5.461	6.93976	-1	-1	-1
1	1	5.611	6.93976	-1	-1	-1
1	1	5.761	6.93976	-1	-1	-1
1	1	5.911	6.93976	-1	-1	-1
1	1	3.661	7.08976	3168	3245.09	-1
1	1	3.811	7.08976	3122	3189.06	-1
1	1	3.961	7.08976	3303	3376.56	-1
1	1	4.111	7.08976	-1	-1	-1
1	1	4.261	7.08976	-1	-1	-1
1	1	4.411	7.08976	-1	-1	-1
1	1	4.561	7.08976	-1	-1	-1
1	1	4.711	7.08976	-1	-1	-1
1	1	4.861	7.08976	-1	-1	-1
1	1	5.011	7.08976	-1	-1	-1
1	1	5.161	7.08976	-1	-1	-1
1	1	5.311	7.08976	-1	-1	-1
1	1	5.461	7.08976	-1	-1	-1
1	1	5.611	7.08976	-1	-1	-1
1	1	5.761	7.08976	-1	-1	-1
1	1	5.911	7.08976	-1	-1	-1
1	1	3.661	7.23976	3461	3524.59	-1
1	1	3.811	7.23976	3145	3214.19	-1
1	1	3.961	7.23976	3439	3504.09	-1
1	1	4.111	7.23976	-1	-1	-1
1	1	4.261	7.23976	-1	-1	-1
1	1	4.411	7.23976	-1	-1	-1
1	1	4.561	7.23976	-1	-1	-1
1	1	4.711	7.23976	-1	-1	-1
1	1	4.861	7.23976	-1	-1	-1
1	1	5.011	7.23976	-1	-1	-1
1	1	5.161	7.23976	-1	-1	-1
1	1	5.311	7.23976	-1	-1	-1
1	1	5.461	7.23976	-1	-1	-1
1	1	5.611	7.23976	-1	-1	-1
1	1	5.761	7.23976	-1	-1	-1
1	1	5.911	7.23976	-1	-1	-1
2	4	8.12619	-2.51338	167	229	-1
2	4	8.27619	-2.51338	-1	-1	-1
2	4	8.42619	-2.51338	-1	-1	-1
2	4	8.57619	-2.51338	-1	-1	-1
2	4	8.72619	-2.51338	-1	-1	-1
2	4	8.87619	-2.51338	-1	-1	-1
2	4	9.02619	-2.51338	-1	-1	-1
2	4	9.17619	-2.51338	-1	-1	-1
2	4	8.12619	-2.36338	-1	-1	-1
2	4	8.27619	-2.36338	-1	-1	-1
2	4	8.42619	-2.36338	-1	-1	-1
2	4	8.57619	-2.36338	-1	-1	-1
2	4	8.72619	-2.36338	-1	-1	-1
2	4	8.87619	-2.36338	-1	-1	-1
2	4	9.02619	-2.36338	-1	-1	-1
2	4	9.17619	-2.36338	-1	-1	-1
2	4	8.12619	-2.21338	-1	-1	-1
2	4	8.27619	-2.21338	-1	-1	-1
2	4	8.42619	-2.21338	-1	-1	-1
2	4	8.57619	-2.21338	-1	-1	-1
2	4	8.72619	-2.21338	-1	-1	-1
2	4	8.87619	-2.21338	-1	-1	-1
2	4	9.02619	-2.21338	-1	-1	-1
2	4	9.17619	-2.21338	-1	-1	-1
2	4	8.12619	-2.06338	-1	-1	-1
2	4	8.27619	-2.06338	-1	-1	-1
2	4	8.42619	-2.06338	-1	-1	-1
2	4	8.57619	-2.06338	-1	-1	-1
2	4	8.72619	-2.06338	-1	-1	-1
2	4	8.87619	-2.06338	-1	-1	-1
2	4	9.02619	-2.06338	-1	-1	-1
2	4	9.17619	-2.06338	-1	-1	-1
2	4	8.12619	-1.91338	-1	-1	-1
2	4	8.27619	-1.91338	-1	-1	-1
2	4	8.42619	-1.91338	-1	-1	-1
2	4	8.57619	-1.91338	-1	-1	-1
2	4	8.72619	-1.91338	-1	-1	-1
2	4	8.87619	-1.91338	-1	-1	-1
2	4	9.02619	-1.91338	-1	-1	-1
2	4	9.17619	-1.91338	740	812.031	-1
2	4	8.12619	-1.76338	-1	-1	-1
2	4	8.27619	-1.76338	-1	-1	-1
2	4	8.42619	-1.76338	-1	-1	-1
2	4	8.57619	-1.76338	-1	-1	-1
2	4	8.72619	-1.76338	-1	-1	-1
2	4	8.87619	-1.76338	-1	-1	-1
2	4	9.02619	-1.76338	-1	-1	-1
2	4	9.17619	-1.76338	-1	-1	-1
2	4	8.12619	-1.61338	-1	-1	-1
2	4	8.27619	-1.61338	-1	-1	-1
2	4	8.42619	-1.61338	-1	-1	-1
2	4	8.57619	-1.61338	-1	-1	-1
2	4	8.72619	-1.61338	-1	-1	-1
2	4	8.87619	-1.61338	-1	-1	-1
2	4	9.02619	-1.61338	-1	-1	-1
2	4	9.17619	-1.61338	-1	-1	-1
2	4	8.12619	-1.46338	-1	-1	-1
2	4	8.27619	-1.46338	-1	-1	-1
2	4	8.42619	-1.46338	-1	-1	-1
2	4	8.57619	-1.46338	-1	-1	-1
2	4	8.72619	-1.46338	4632	4721.94	-1
2	4	8.87619	-1.46338	-1	-1	-1
2	4	9.02619	-1.46338	2988	3058.62	-1
2	4	9.17619	-1.46338	1176	1244.97	-1
3	4	-4.19616	5.89742	-1	-1	-1
3	4	-4.04616	5.89742	-1	-1	-1
3	4	-3.89616	5.89742	-1	-1	-1
3	4	-3.74616	5.89742	-1	-1	-1
3	4	-3.59616	5.89742	-1	-1	-1
3	4	-3.44616	5.89742	-1	-1	-1
3	4	-3.29616	5.89742	3075	3183.91	-1
3	4	-3.14616	5.89742	3232	3287.09	-1
3	4	-4.19616	6.04742	-1	-1	-1
3	4	-4.04616	6.04742	-1	-1	-1
3	4	-3.89616	6.04742	-1	-1	-1
3	4	-3.74616	6.04742	-1	-1	-1
3	4	-3.59616	6.04742	-1	-1	-1
3	4	-3.44616	6.04742	-1	-1	-1
3	4	-3.29616	6.04742	-1	-1	-1
3	4	-3.14616	6.04742	-1	-1	-1
3	4	-4.19616	6.19742	-1	-1	-1
3	4	-4.04616	6.19742	-1	-1	-1
3	4	-3.89616	6.19742	-1	-1	-1
3	4	-3.74616	6.19742	-1	-1	-1
3	4	-3.59616	6.19742	-1	-1	-1
3	4	-3.44616	6.19742	-1	-1	-1
3	4	-3.29616	6.19742	-1	-1	-1
3	4	-3.14616	6.19742	-1	-1	-1
3	4	-4.19616	6.34742	-1	-1	-1
3	4	-4.04616	6.34742	-1	-1	-1
3	4	-3.89616	6.34742	-1	-1	-1
3	4	-3.74616	6.34742	-1	-1	-1
3	4	-3.59616	6.34742	-1	-1	-1
3	4	-3.44616	6.34742	-1	-1	-1
3	4	-3.29616	6.34742	-1	-1	-1
3	4	-3.14616	6.34742	-1	-1	-1
3	4	-4.19616	6.49742	-1	-1	-1
3	4	-4.04616	6.49742	-1	-1	-1
3	4	-3.89616	6.49742	-1	-1	-1
3	4	-3.74616	6.49742	-1	-1	-1
3	4	-3.59616	6.49742	-1	-1	-1
3	4	-3.44616	6.49742	-1	-1	-1
3	4	-3.29616	6.49742	-1	-1	-1
3	4	-3.14616	6.49742	842	945.031	-1
3	4	-4.19616	6.64742	-1	-1	-1
3	4	-4.04616	6.64742	-1	-1	-1
3	4	-3.89616	6.64742	-1	-1	-1
3	4	-3.74616	6.64742	-1	-1	-1
3	4	-3.59616	6.64742	-1	-1	-1
3	4	-3.44616	6.64742	-1	-1	-1
3	4	-3.29616	6.64742	-1	-1	-1
3	4	-3.14616	6.64742	-1	-1	-1
3	4	-4.19616	6.79742	-1	-1	-1
3	4	-4.04616	6.79742	-1	-1	-1
3	4	-3.89616	6.79742	-1	-1	-1
3	4	-3.74616	6.79742	-1	-1	-1
3	4	-3.59616	6.79742	-1	-1	-1
3	4	-3.44616	6.79742	-1	-1	-1
3	4	-3.29616	6.79742	-1	-1	-1
3	4	-3.14616	6.79742	-1	-1	-1
3	4	-4.19616	6.94742	-1	-1	-1
3	4	-4.04616	6.94742	-1	-1	-1
3	4	-3.89616	6.94742	-1	-1	-1
3	4	-3.74616	6.94742	-1	-1	-1
3	4	-3.59616	6.94742	-1	-1	-1
3	4	-3.44616	6.94742	-1	-1	-1
3	4	-3.29616	6.94742	-1	-1	-1
3	4	-3.14616	6.94742	-1	-1	-1
4	4	-5.09198	7.91006	-1	-1	-1
4	4	-4.94198	7.91006	-1	-1	-1
4	4	-4.79198	7.91006	-1	-1	-1
4	4	-4.64198	7.91006	-1	-1	-1
4	4	-4.49198	7.91006	-1	-1	-1
4	4	-4.34198	7.91006	-1	-1	-1
4	4	-4.19198	7.91006	-1	-1	-1
4	4	-4.04198	7.91006	-1	-1	-1
4	4	-5.09198	8.06006	-1	-1	-1
4	4	-4.94198	8.06006	-1	-1	-1
4	4	-4.79198	8.06006	-1	-1	-1
4	4	-4.64198	8.06006	-1	-1	-1
4	4	-4.49198	8.06006	-1	-1	-1
4	4	-4.34198	8.06006	-1	-1	-1
4	4	-4.19198	8.06006	-1	-1	-1
4	4	-4.04198	8.06006	-1	-1	-1
4	4	-5.09198	8.21006	-1	-1	-1
4	4	-4.94198	8.21006	-1	-1	-1
4	4	-4.79198	8.21006	-1	-1	-1
4	4	-4.64198	8.21006	-1	-1	-1
4	4	-4.49198	8.21006	-1	-1	-1
4	4	-4.34198	8.21006	-1	-1	-1
4	4	-4.19198	8.21006	-1	-1	-1
4	4	-4.04198	8.21006	-1	-1	-1
4	4	-5.09198	8.36006	3418	3490.56	-1
4	4	-4.94198	8.36006	-1	-1	-1
4	4	-4.79198	8.36006	-1	-1	-1
4	4	-4.64198	8.36006	-1	-1	-1
4	4	-4.49198	8.36006	-1	-1	-1
4	4	-4.34198	8.36006	-1	-1	-1
4	4	-4.19198	8.36006	-1	-1	-1
4	4	-4.04198	8.36006	-1	-1	-1
4	4	-5.09198	8.51006	-1	-1	-1
4	4	-4.94198	8.51006	-1	-1	-1
4	4	-4.79198	8.51006	-1	-1	-1
4	4	-4.64198	8.51006	-1	-1	-1
4	4	-4.49198	8.51006	-1	-1	-1
4	4	-4.34198	8.51006	-1	-1	-1
4	4	-4.19198	8.51006	-1	-1	-1
4	4	-4.04198	8.51006	-1	-1	-1
4	4	-5.09198	8.66006	-1	-1	-1
4	4	-4.94198	8.66006	-1	-1	-1
4	4	-4.79198	8.66006	-1	-1	-1
4	4	-4.64198	8.66006	-1	-1	-1
4	4	-4.49198	8.66006	-1	-1	-1
4	4	-4.34198	8.66006	-1	-1	-1
4	4	-4.19198	8.66006	-1	-1	-1
4	4	-4.04198	8.66006	-1	-1	-1
4	4	-5.09198	8.81006	-1	-1	-1
4	4	-4.94198	8.81006	-1	-1	-1
4	4	-4.79198	8.81006	-1	-1	-1
4	4	-4.64198	8.81006	-1	-1	-1
4	4	-4.49198	8.81006	-1	-1	-1
4	4	-4.34198	8.81006	-1	-1	-1
4	4	-4.19198	8.81006	-1	-1	-1
4	4	-4.04198	8.81006	-1	-1	-1
4	4	-5.09198	8.96006	-1	-1	-1
4	4	-4.94198	8.96006	-1	-1	-1
4	4	-4.79198	8.96006	-1	-1	-1
4	4	-4.64198	8.96006	5233	5311.97	-1
4	4	-4.49198	8.96006	-1	-1	-1
4	4	-4.34198	8.96006	-1	-1	-1
4	4	-4.19198	8.96006	-1	-1	-1
4	4	-4.04198	8.96006	-1	-1	-1
5	4	-7.05871	0.22312	-1	-1	-1
5	4	-6.90871	0.22312	-1	-1	-1
5	4	-6.75871	0.22312	-1	-1	-1
5	4	-6.60871	0.22312	-1	-1	-1
5	4	-6.45871	0.22312	-1	-1	-1
5	4	-6.30871	0.22312	-1	-1	-1
5	4	-6.15871	0.22312	-1	-1	-1
5	4	-6.00871	0.22312	-1	-1	-1
5	4	-7.05871	0.37312	-1	-1	-1
5	4	-6.90871	0.37312	-1	-1	-1
5	4	-6.75871	0.37312	-1	-1	-1
5	4	-6.60871	0.37312	-1	-1	-1
5	4	-6.45871	0.37312	-1	-1	-1
5	4	-6.30871	0.37312	-1	-1	-1
5	4	-6.15871	0.37312	-1	-1	-1
5	4	-6.00871	0.37312	-1	-1	-1
5	4	-7.05871	0.52312	-1	-1	-1
5	4	-6.90871	0.52312	-1	-1	-1
5	4	-6.75871	0.52312	-1	-1	-1
5	4	-6.60871	0.52312	-1	-1	-1
5	4	-6.45871	0.52312	-1	-1	-1
5	4	-6.30871	0.52312	-1	-1	-1
5	4	-6.15871	0.52312	-1	-1	-1
5	4	-6.00871	0.52312	-1	-1	-1
5	4	-7.05871	0.67312	-1	-1	-1
5	4	-6.90871	0.67312	-1	-1	-1
5	4	-6.75871	0.67312	-1	-1	-1
5	4	-6.60871	0.67312	-1	-1	-1
5	4	-6.45871	0.67312	-1	-1	-1
5	4	-6.30871	0.67312	-1	-1	-1
5	4	-6.15871	0.67312	-1	-1	-1
5	4	-6.00871	0.67312	-1	-1	-1
5	4	-7.05871	0.82312	-1	-1	-1
5	4	-6.90871	0.82312	-1	-1	-1
5	4	-6.75871	0.82312	-1	-1	-1
5	4	-6.60871	0.82312	-1	-1	-1
5	4	-6.45871	0.82312	-1	-1	-1
5	4	-6.30871	0.82312	-1	-1	-1
5	4	-6.15871	0.82312	-1	-1	-1
5	4	-6.00871	0.82312	-1	-1	-1
5	4	-7.05871	0.97312	-1	-1	-1
5	4	-6.90871	0.97312	-1	-1	-1
5	4	-6.75871	0.97312	-1	-1	-1
5	4	-6.60871	0.97312	-1	-1	-1
5	4	-6.45871	0.97312	-1	-1	-1
5	4	-6.30871	0.97312	-1	-1	-1
5	4	-6.15871	0.97312	-1	-1	-1
5	4	-6.00871	0.97312	-1	-1	-1
5	4	-7.05871	1.12312	-1	-1	-1
5	4	-6.90871	1.12312	-1	-1	-1
5	4	-6.75871	1.12312	-1	-1	-1
5	4	-6.60871	1.12312	-1	-1	-1
5	4	-6.45871	1.12312	-1	-1	-1
5	4	-6.30871	1.12312	-1	-1	-1
5	4	-6.15871	1.12312	-1	-1	-1
5	4	-6.00871	1.12312	-1	-1	-1
5	4	-7.05871	1.27312	-1	-1	-1
5	4	-6.90871	1.27312	-1	-1	-1
5	4	-6.75871	1.27312	-1	-1	-1
5	4	-6.60871	1.27312	-1	-1	-1
5	4	-6.45871	1.27312	-1	-1	-1
5	4	-6.30871	1.27312	-1	-1	-1
5	4	-6.15871	1.27312	-1	-1	-1
5	4	-6.00871	1.27312	3601	3650.16	-1
6	16	-2.72219	6.4003	-1	-1	-1
6	16	-2.57219	6.4003	-1	-1	-1
6	16	-2.42219	6.4003	-1	-1	-1
6	16	-2.27219	6.4003	-1	-1	-1
6	16	-2.72219	6.5503	-1	-1	-1
6	16	-2.57219	6.5503	-1	-1	-1
6	16	-2.42219	6.5503	-1	-1	-1
6	16	-2.27219	6.5503	-1	-1	-1
6	16	-2.72219	6.7003	-1	-1	-1
6	16	-2.57219	6.7003	-1	-1	-1
6	16	-2.42219	6.7003	-1	-1	-1
6	16	-2.27219	6.7003	-1	-1	-1
6	16	-2.72219	6.8503	-1	-1	-1
6	16	-2.57219	6.8503	-1	-1	-1
6	16	-2.42219	6.8503	-1	-1	-1
6	16	-2.27219	6.8503	-1	-1	-1
7	16	-4.58888	-4.73241	-1	-1	-1
7	16	-4.43888	-4.73241	-1	-1	-1
7	16	-4.28888	-4.73241	5134	5184.53	-1
7	16	-4.13888	-4.73241	5000	5051.66	-1
7	16	-4.58888	-4.58241	-1	-1	-1
7	16	-4.43888	-4.58241	-1	-1	-1
7	16	-4.28888	-4.58241	-1	-1	-1
7	16	-4.13888	-4.58241	4756	4896	-1
7	16	-4.58888	-4.43241	-1	-1	-1
7	16	-4.43888	-4.43241	-1	-1	-1
7	16	-4.28888	-4.43241	-1	-1	-1
7	16	-4.13888	-4.43241	-1	-1	-1
7	16	-4.58888	-4.28241	-1	-1	-1
7	16	-4.43888	-4.28241	-1	-1	-1
7	16	-4.28888	-4.28241	-1	-1	-1
7	16	-4.13888	-4.28241	-1	-1	-1
8	16	0.885557	7.14616	5158	5259.22	-1
8	16	1.03556	7.14616	5348	5399.66	-1
8	16	1.18556	7.14616	-1	-1	-1
8	16	1.33556	7.14616	-1	-1	-1
8	16	0.885557	7.29616	-1	-1	-1
8	16	1.03556	7.29616	-1	-1	-1
8	16	1.18556	7.29616	-1	-1	-1
8	16	1.33556	7.29616	-1	-1	-1
8	16	0.885557	7.44616	-1	-1	-1
8	16	1.03556	7.44616	-1	-1	-1
8	16	1.18556	7.44616	-1	-1	-1
8	16	1.33556	7.44616	-1	-1	-1
8	16	0.885557	7.59616	-1	-1	-1
8	16	1.03556	7.59616	-1	-1	-1
8	16	1.18556	7.59616	-1	-1	-1
8	16	1.33556	7.59616	-1	-1	-1
9	16	7.08873	-1.82348	-1	-1	-1
9	16	7.23873	-1.82348	-1	-1	-1
9	16	7.38873	-1.82348	-1	-1	-1
9	16	7.53873	-1.82348	-1	-1	-1
9	16	7.08873	-1.67348	-1	-1	-1
9	16	7.23873	-1.67348	-1	-1	-1
9	16	7.38873	-1.67348	-1	-1	-1
9	16	7.53873	-1.67348	-1	-1	-1
9	16	7.08873	-1.52348	-1	-1	-1
9	16	7.23873	-1.52348	-1	-1	-1
9	16	7.38873	-1.52348	-1	-1	-1
9	16	7.53873	-1.52348	-1	-1	-1
9	16	7.08873	-1.37348	-1	-1	-1
9	16	7.23873	-1.37348	-1	-1	-1
9	16	7.38873	-1.37348	-1	-1	-1
9	16	7.53873	-1.37348	-1	-1	-1
10	16	6.92722	4.54037	-1	-1	-1
10	16	7.07722	4.54037	4646	4750.69	-1
10	16	7.22722	4.54037	-1	-1	-1
10	16	7.37722	4.54037	-1	-1	-1
10	16	6.92722	4.69037	-1	-1	-1
10	16	7.07722	4.69037	-1	-1	-1
10	16	7.22722	4.69037	-1	-1	-1
10	16	7.37722	4.69037	-1	-1	-1
10	16	6.92722	4.84037	-1	-1	-1
10	16	7.07722	4.84037	-1	-1	-1
10	16	7.22722	4.84037	-1	-1	-1
10	16	7.37722	4.84037	-1	-1	-1
10	16	6.92722	4.99037	-1	-1	-1
10	16	7.07722	4.99037	-1	-1	-1
10	16	7.22722	4.99037	-1	-1	-1
10	16	7.37722	4.99037	-1	-1	-1
11	16	0.756688	4.2494	448	483.469	-1
11	16	0.906688	4.2494	53	88.25	-1
11	16	1.05669	4.2494	1738	1845.75	-1
11	16	1.20669	4.2494	1199	1310.75	-1
11	16	0.756688	4.3994	264	380.5	-1
11	16	0.906688	4.3994	2791	2908.16	-1
11	16	1.05669	4.3994	-1	-1	-1
11	16	1.20669	4.3994	-1	-1	-1
11	16	0.756688	4.5494	-1	-1	-1
11	16	0.906688	4.5494	-1	-1	-1
11	16	1.05669	4.5494	-1	-1	-1
11	16	1.20669	4.5494	4544	4586.44	-1
11	16	0.756688	4.6994	-1	-1	-1
11	16	0.906688	4.6994	-1	-1	-1
11	16	1.05669	4.6994	-1	-1	-1
11	16	1.20669	4.6994	-1	-1	-1
12	16	-1.38273	-6.26112	-1	-1	-1
12	16	-1.23273	-6.26112	-1	-1	-1
12	16	-1.08273	-6.26112	-1	-1	-1
12	16	-0.932732	-6.26112	-1	-1	-1
12	16	-1.38273	-6.11112	-1	-1	-1
12	16	-1.23273	-6.11112	-1	-1	-1
12	16	-1.08273	-6.11112	-1	-1	-1
12	16	-0.932732	-6.11112	-1	-1	-1
12	16	-1.38273	-5.96112	-1	-1	-1
12	16	-1.23273	-5.96112	-1	-1	-1
12	16	-1.08273	-5.96112	-1	-1	-1
12	16	-0.932732	-5.96112	-1	-1	-1
12	16	-1.38273	-5.81112	-1	-1	-1
12	16	-1.23273	-5.81112	-1	-1	-1
12	16	-1.08273	-5.81112	-1	-1	-1
12	16	-0.932732	-5.81112	5368	-1	-1
13	16	-9.46691	-2.57726	-1	-1	-1
13	16	-9.31691	-2.57726	-1	-1	-1
13	16	-9.16691	-2.57726	-1	-1	-1
13	16	-9.01691	-2.57726	1236	1305.47	-1
13	16	-9.46691	-2.42726	-1	-1	-1
13	16	-9.31691	-2.42726	-1	-1	-1
13	16	-9.16691	-2.42726	-1	-1	-1
13	16	-9.01691	-2.42726	-1	-1	-1
13	16	-9.46691	-2.27726	-1	-1	-1
13	16	-9.31691	-2.27726	-1	-1	-1
13	16	-9.16691	-2.27726	-1	-1	-1
13	16	-9.01691	-2.27726	-1	-1	-1
13	16	-9.46691	-2.12726	-1	-1	-1
13	16	-9.31691	-2.12726	-1	-1	-1
13	16	-9.16691	-2.12726	-1	-1	-1
13	16	-9.01691	-2.12726	-1	-1	-1
14	16	0.0137926	-7.34791	-1	-1	-1
14	16	0.163793	-7.34791	-1	-1	-1
14	16	0.313793	-7.34791	-1	-1	-1
14	16	0.463793	-7.34791	-1	-1	-1
14	16	0.0137926	-7.19791	-1	-1	-1
14	16	0.163793	-7.19791	-1	-1	-1
14	16	0.313793	-7.19791	-1	-1	-1
14	16	0.463793	-7.19791	-1	-1	-1
14	16	0.0137926	-7.04791	-1	-1	-1
14	16	0.163793	-7.04791	-1	-1	-1
14	16	0.313793	-7.04791	-1	-1	-1
14	16	0.463793	-7.04791	-1	-1	-1
14	16	0.0137926	-6.89791	-1	-1	-1
14	16	0.163793	-6.89791	-1	-1	-1
14	16	0.313793	-6.89791	-1	-1	-1
14	16	0.463793	-6.89791	4555	4608.72	-1
15	16	-0.448461	5.96181	59	113.5	-1
15	16	-0.298461	5.96181	751	859.375	-1
15	16	-0.148461	5.96181	1007	1109.34	-1
15	16	0.00153852	5.96181	4462	4572.28	-1
15	16	-0.448461	6.11181	914	979.844	-1
15	16	-0.298461	6.11181	1027	1072.12	-1
15	16	-0.148461	6.11181	-1	-1	-1
15	16	0.00153852	6.11181	5357	-1	-1
15	16	-0.448461	6.26181	4399	4451.88	-1
15	16	-0.298461	6.26181	-1	-1	-1
15	16	-0.148461	6.26181	-1	-1	-1
15	16	0.00153852	6.26181	-1	-1	-1
15	16	-0.448461	6.41181	4807	4915.47	-1
15	16	-0.298461	6.41181	-1	-1	-1
15	16	-0.148461	6.41181	-1	-1	-1
15	16	0.00153852	6.41181	-1	-1	-1
16	16	8.57808	4.52753	1755	1840	-1
16	16	8.72808	4.52753	-1	-1	-1
16	16	8.87808	4.52753	-1	-1	-1
16	16	9.02808	4.52753	-1	-1	-1
16	16	8.57808	4.67753	-1	-1	-1
16	16	8.72808	4.67753	-1	-1	-1
16	16	8.87808	4.67753	-1	-1	-1
16	16	9.02808	4.67753	-1	-1	-1
16	16	8.57808	4.82753	-1	-1	-1
16	16	8.72808	4.82753	-1	-1	-1
16	16	8.87808	4.82753	-1	-1	-1
16	16	9.02808	4.82753	-1	-1	-1
16	16	8.57808	4.97753	-1	-1	-1
16	16	8.72808	4.97753	-1	-1	-1
16	16	8.87808	4.97753	-1	-1	-1
16	16	9.02808	4.97753	-1	-1	-1
17	16	-6.40758	7.19794	1691	1764.81	-1
17	16	-6.25758	7.19794	1327	1449.5	-1
17	16	-6.10758	7.19794	1548	1675.16	-1
17	16	-5.95758	7.19794	2685	2769.03	-1
17	16	-6.40758	7.34794	1710	1783.72	-1
17	16	-6.25758	7.34794	1527	1610.41	-1
17	16	-6.10758	7.34794	2054	2133.94	-1
17	16	-5.95758	7.34794	2192	2279.03	-1
17	16	-6.40758	7.49794	1930	2007.62	-1
17	16	-6.25758	7.49794	1859	1967.41	-1
17	16	-6.10758	7.49794	1888	1974.47	-1
17	16	-5.95758	7.49794	2409	2490.09	-1
17	16	-6.40758	7.64794	-1	-1	-1
17	16	-6.25758	7.64794	2082	2162.53	-1
17	16	-6.10758	7.64794	2242	2323.84	-1
17	16	-5.95758	7.64794	2623	2713.41	-1
18	16	4.19544	-1.84702	-1	-1	-1
18	16	4.34544	-1.84702	-1	-1	-1
18	16	4.49544	-1.84702	-1	-1	-1
18	16	4.64544	-1.84702	-1	-1	-1
18	16	4.19544	-1.69702	487	602.781	-1
18	16	4.34544	-1.69702	2427	2545.97	-1
18	16	4.49544	-1.69702	-1	-1	-1
18	16	4.64544	-1.69702	-1	-1	-1
18	16	4.19544	-1.54702	366	486.406	-1
18	16	4.34544	-1.54702	2581	2621.34	-1
18	16	4.49544	-1.54702	2666	2726.09	-1
18	16	4.64544	-1.54702	-1	-1	-1
18	16	4.19544	-1.39702	4524	4560.5	-1
18	16	4.34544	-1.39702	-1	-1	-1
18	16	4.49544	-1.39702	4194	4309.19	-1
18	16	4.64544	-1.39702	2086	2125.31	-1
19	16	-4.86307	0.282112	-1	-1	-1
19	16	-4.71307	0.282112	-1	-1	-1
19	16	-4.56307	0.282112	3059	3174.84	-1
19	16	-4.41307	0.282112	3181	-1	-1
19	16	-4.86307	0.432112	-1	-1	-1
19	16	-4.71307	0.432112	-1	-1	-1
19	16	-4.56307	0.432112	3187	-1	-1
19	16	-4.41307	0.432112	974	1093.09	-1
19	16	-4.86307	0.582112	-1	-1	-1
19	16	-4.71307	0.582112	-1	-1	-1
19	16	-4.56307	0.582112	302	337.594	-1
19	16	-4.41307	0.582112	79	114.031	-1
19	16	-4.86307	0.732112	-1	-1	-1
19	16	-4.71307	0.732112	-1	-1	-1
19	16	-4.56307	0.732112	-1	-1	-1
19	16	-4.41307	0.732112	2046	2165.66	-1
20	16	0.235026	7.04567	-1	-1	-1
20	16	0.385026	7.04567	-1	-1	-1
20	16	0.535026	7.04567	-1	-1	-1
20	16	0.685026	7.04567	-1	-1	-1
20	16	0.235026	7.19567	-1	-1	-1
20	16	0.385026	7.19567	-1	-1	-1
20	16	0.535026	7.19567	-1	-1	-1
20	16	0.685026	7.19567	-1	-1	-1
20	16	0.235026	7.34567	-1	-1	-1
20	16	0.385026	7.34567	-1	-1	-1
20	16	0.535026	7.34567	-1	-1	-1
20	16	0.685026	7.34567	-1	-1	-1
20	16	0.235026	7.49567	-1	-1	-1
20	16	0.385026	7.49567	-1	-1	-1
20	16	0.535026	7.49567	-1	-1	-1
20	16	0.685026	7.49567	-1	-1	-1
21	16	-2.97155	4.68077	77	207.094	-1
21	16	-2.82155	4.68077	565	696.875	-1
21	16	-2.67155	4.68077	1979	2025.72	-1
21	16	-2.52155	4.68077	2944	2985.66	-1
21	16	-2.97155	4.83077	3705	3836.25	-1
21	16	-2.82155	4.83077	2696	2749.56	-1
21	16	-2.67155	4.83077	2523	2585.34	-1
21	16	-2.52155	4.83077	2459	2548.84	-1
21	16	-2.97155	4.98077	-1	-1	-1
21	16	-2.82155	4.98077	2647	2724.88	-1
21	16	-2.67155	4.98077	2376	2420.47	-1
21	16	-2.52155	4.98077	2281	2331.12	-1
21	16	-2.97155	5.13077	-1	-1	-1
21	16	-2.82155	5.13077	2679	2732.59	-1
21	16	-2.67155	5.13077	2499	2562.5	-1
21	16	-2.52155	5.13077	2611	2660.19	-1
0	256	-9.36774	2.85659	-1	-1	-1
0	256	2.18557	-8.98192	-1	-1	-1
0	256	-2.05395	5.69989	2545	2666.19	-1
0	256	-0.526481	3.48995	-1	-1	-1
0	256	-7.89044	6.83853	-1	-1	-1
0	256	2.35207	6.23585	-1	-1	-1
0	256	-0.476055	-9.55582	290	360.844	-1
0	256	-5.1357	6.14466	1117	1256.78	-1
0	256	2.85984	2.63778	155	190.5	-1
0	256	3.07411	7.30168	-1	-1	-1
0	256	4.98048	-7.81635	-1	-1	-1
0	256	5.42605	0.600033	3613	3716.22	-1
0	256	-5.00873	-6.25251	-1	-1	-1
0	256	3.27872	-3.57603	787	927.719	-1
0	256	-4.97363	7.59201	-1	-1	-1
0	256	2.02276	-7.95471	-1	-1	-1
0	256	5.42237	-8.00751	-1	-1	-1
0	256	4.15885	0.648264	3348	3382.5	-1
0	256	-4.24091	-0.854999	1180	1214.28	-1
0	256	7.62595	9.31214	-1	-1	-1
0	256	1.09426	-7.333	-1	-1	-1
0	256	6.24203	-7.54642	-1	-1	-1
0	256	-4.90423	1.73164	-1	-1	-1
0	256	3.08353	5.56217	-1	-1	-1
0	256	-4.59271	-6.80522	4683	4747.16	-1
0	256	-0.597482	-3.45248	1147	1177.91	-1
0	256	-5.19562	4.57406	613	749.344	-1
0	256	4.21318	-4.92384	5191	5324	-1
0	256	-0.517845	3.21298	3425	3454.34	-1
0	256	4.48773	-2.13556	-1	-1	-1
0	256	-2.651	2.77828	573	605.844	-1
0	256	-6.24866	-0.652092	-1	-1	-1
0	256	3.31041	6.54713	553	613.75	-1
0	256	2.88431	-2.44616	1107	1266.41	-1
0	256	-9.65557	-1.60817	-1	-1	-1
0	256	3.80909	4.86404	2222	2273.06	-1
0	256	0.977084	-6.34466	981	1081.69	-1
0	256	-4.98811	-3.66766	1982	2032.31	-1
0	256	-7.70791	1.96986	4784	4875.91	-1
0	256	-7.27929	5.75639	-1	-1	-1
0	256	-6.03025	-1.1695	-1	-1	-1
0	256	6.72093	5.61482	-1	-1	-1
0	256	-2.75977	5.3562	5185	5296.94	-1
0	256	-5.47322	-8.84829	-1	-1	-1
0	256	7.39562	6.9916	-1	-1	-1
0	256	-1.14323	-9.14537	-1	-1	-1
0	256	-7.97349	-3.30498	4468	4559.59	-1
0	256	-5.76616	-4.31156	-1	-1	-1
0	256	-5.3431	-6.9479	-1	-1	-1
0	256	0.733946	-3.45868	1920	2035.94	-1
0	256	3.76931	-2.10564	2302	2436.97	-1
0	256	2.80757	-6.11322	-1	-1	-1
0	256	-4.4135	7.49231	-1	-1	-1
0	256	4.89031	8.16564	-1	-1	-1
0	256	-1.69782	-4.17795	2451	2489.44	-1
0	256	7.44993	-0.687609	-1	-1	-1
0	256	1.83279	9.40739	-1	-1	-1
0	256	2.48862	-7.08656	161	269.875	-1
0	256	-4.25499	3.31093	-1	-1	-1
0	256	-4.97874	-1.13171	4342	4463.53	-1
0	256	-2.70324	-3.19434	393	540.938	-1
0	256	-3.40623	-9.23056	-1	-1	-1
0	256	-5.9414	2.42858	-1	-1	-1
0	256	2.62838	6.90692	-1	-1	-1
0	256	2.22254	5.64654	3331	3438	-1
0	256	7.21087	-6.18799	-1	-1	-1
0	256	-0.00240031	-8.86439	-1	-1	-1
0	256	-0.292619	8.36833	-1	-1	-1
0	256	-8.82501	1.13472	-1	-1	-1
0	256	-7.51092	-6.07578	-1	-1	-1
0	256	-0.454052	-3.45428	566	692.812	-1
0	256	4.93661	-7.26351	2294	2394.09	-1
0	256	-9.41113	-0.373504	-1	-1	-1
0	256	1.96797	9.11023	-1	-1	-1
0	256	-2.41986	-2.36732	4259	4288.66	-1
0	256	4.72431	-3.10282	1748	1791.28	-1
0	256	2.95582	3.15347	2413	2447.81	-1
0	256	-0.586386	7.22034	-1	-1	-1
0	256	-9.25962	1.61668	-1	-1	-1
0	256	3.51095	4.96493	5044	5091.66	-1
0	256	6.918	-1.45838	3501	3600.09	-1
0	256	-7.37528	-4.85225	-1	-1	-1
0	256	3.60931	-1.16191	3075	3193.34	-1
0	256	-8.3196	1.72222	-1	-1	-1
0	256	-2.39976	5.67408	4852	4968.81	-1
0	256	5.20532	8.23574	4075	4162.38	-1
0	256	-3.67303	-4.49574	3380	3513.47	-1
0	256	2.84401	-3.44524	2035	2198.19	-1
0	256	6.12114	2.68629	-1	-1	-1
0	256	-1.97983	3.65268	1631	1762.09	-1
0	256	-4.703	3.04708	3016	3147.12	-1
0	256	-0.739052	-4.26494	4807	4841.88	-1
0	256	2.61817	-3.86728	399	529.5	-1
0	256	-7.11916	5.67889	-1	-1	-1
0	256	-0.336021	8.68681	-1	-1	-1
0	256	-1.33023	8.51907	-1	-1	-1
0	256	8.37022	4.72257	-1	-1	-1
0	256	-0.689882	9.07576	-1	-1	-1
0	256	-7.2062	-4.64015	-1	-1	-1
0	256	-2.39443	-5.20131	-1	-1	-1
0	256	2.74028	-6.62725	-1	-1	-1
0	256	-2.74074	2.69059	-1	-1	-1
0	256	3.1113	7.55798	-1	-1	-1
0	256	1.88608	-7.72574	-1	-1	-1
0	256	-0.0515863	-8.6792	1940	2003.81	-1
0	256	-6.27184	-1.86759	2307	2355.97	-1
0	256	-4.1357	-5.72223	1467	1602.47	-1
0	256	4.01964	-4.58332	2365	2504.81	-1
0	256	-5.53335	6.33521	168	289.812	-1
0	256	-4.36978	-8.253	-1	-1	-1
0	256	6.43883	3.05697	646	709.406	-1
0	256	2.69196	-1.69124	510	537.281	-1
0	256	4.79245	-1.43577	5389	-1	-1
0	256	-2.0525	-7.03444	2489	2553.47	-1
0	256	-2.66155	7.47039	-1	-1	-1
0	256	-4.85025	-1.5872	4181	4298.16	-1
0	256	9.38694	-1.9852	595	665.188	-1
0	256	7.05536	5.53022	-1	-1	-1
0	256	8.37653	-3.61027	-1	-1	-1
0	256	4.40756	0.785325	-1	-1	-1
0	256	5.59236	1.73036	-1	-1	-1
0	256	-3.15455	-7.67593	-1	-1	-1
0	256	3.46959	-7.31519	-1	-1	-1
0	256	-5.35697	-0.542307	4332	4451.75	-1
0	256	4.48847	3.70533	1782	1923	-1
0	256	-9.21357	6.14445	-1	-1	-1
0	256	3.45214	9.00584	-1	-1	-1
0	256	0.726911	-5.09995	836	953.969	-1
0	256	-1.71974	8.52579	-1	-1	-1
0	256	-3.69633	8.46322	-1	-1	-1
0	256	-2.35861	-3.09426	61	95.7188	-1
0	256	-6.53744	4.34916	3352	3466.53	-1
0	256	2.85681	2.52032	87	119.531	-1
0	256	6.30189	0.314863	1664	1713.44	-1
0	256	-2.26449	1.56855	277	432.594	-1
0	256	6.1135	-2.3503	-1	-1	-1
0	256	7.87038	1.32447	-1	-1	-1
0	256	5.64351	1.37288	4946	4989.59	-1
0	256	8.21129	5.78699	-1	-1	-1
0	256	-9.21731	-1.95357	-1	-1	-1
0	256	-3.45213	4.13327	-1	-1	-1
0	256	8.197	-5.06645	-1	-1	-1
0	256	6.45125	-0.468928	4917	5017.28	-1
0	256	-4.91158	-8.47578	-1	-1	-1
0	256	6.35534	2.01295	-1	-1	-1
0	256	6.02614	-4.33343	-1	-1	-1
0	256	-8.11005	-0.897187	-1	-1	-1
0	256	1.84972	8.85372	-1	-1	-1
0	256	8.15518	-3.0133	-1	-1	-1
0	256	-0.529633	-4.9395	-1	-1	-1
0	256	4.86734	3.09894	132	253.781	-1
0	256	9.63728	2.25382	-1	-1	-1
0	256	8.41178	2.67954	-1	-1	-1
0	256	-5.29793	-0.717893	3773	3880.16	-1
0	256	6.33025	4.79825	-1	-1	-1
0	256	-3.49308	-5.11423	2764	2892.81	-1
0	256	5.56407	4.33958	-1	-1	-1
0	256	3.77137	8.61386	-1	-1	-1
0	256	-6.31995	-1.02102	-1	-1	-1
0	256	-1.37618	4.53146	793	843.875	-1
0	256	-2.8503	4.08636	3676	3809.06	-1
0	256	-0.141323	-3.58649	60	110.719	-1
0	256	-8.73485	3.16227	-1	-1	-1
0	256	-6.17606	3.38204	5085	5196.56	-1
0	256	-0.0469094	8.32217	-1	-1	-1
0	256	3.09616	8.82031	-1	-1	-1
0	256	3.11467	6.62599	146	247.312	-1
0	256	-9.03441	-1.22977	-1	-1	-1
0	256	-1.00807	3.09299	4438	4474.06	-1
0	256	-7.1631	-1.21433	-1	-1	-1
0	256	-9.28298	0.452787	2442	2515.66	-1
0	256	-6.85317	-3.37063	-1	-1	-1
0	256	0.219524	-5.15517	-1	-1	-1
0	256	-9.23746	-0.200358	-1	-1	-1
0	256	9.58868	-2.53134	5211	5284.12	-1
0	256	3.21431	-5.02364	1970	2103.25	-1
0	256	2.08704	9.46346	-1	-1	-1
0	256	2.92651	-8.69605	5258	5356.69	-1
0	256	-4.78213	-4.41167	3837	3888.47	-1
0	256	-5.91346	-0.618652	-1	-1	-1
0	256	6.816	-5.49883	-1	-1	-1
0	256	-6.63598	-2.65782	-1	-1	-1
0	256	5.94994	-6.23105	-1	-1	-1
0	256	-7.72424	-3.57922	-1	-1	-1
0	256	-6.07227	1.47647	261	364.25	-1
0	256	-1.26815	-3.26371	3164	3299.16	-1
0	256	7.66136	0.313315	-1	-1	-1
0	256	3.35062	-7.4645	-1	-1	-1
0	256	5.76789	2.45427	2179	2233.16	-1
0	256	-3.35874	-0.583328	3997	4120.66	-1
0	256	-1.13678	-9.58095	-1	-1	-1
0	256	-6.58144	5.11002	2344	2407.03	-1
0	256	-3.76466	-4.89656	-1	-1	-1
0	256	-3.75225	-5.90054	4793	4921.38	-1
0	256	-4.92974	1.99305	-1	-1	-1
0	256	-2.61253	-3.07526	39	74.75	-1
0	256	-7.95599	4.32108	-1	-1	-1
0	256	2.56917	0.846286	1363	1386.94	-1
0	256	-8.75271	0.303072	-1	-1	-1
0	256	3.60745	-1.75788	1332	1450.25	-1
0	256	-8.25471	-2.94944	-1	-1	-1
0	256	-4.87043	-3.95609	3949	4085.44	-1
0	256	-6.36757	-0.924188	-1	-1	-1
0	256	-0.81387	7.74994	-1	-1	-1
0	256	3.24887	7.01372	-1	-1	-1
0	256	6.20546	6.28257	-1	-1	-1
0	256	-3.51947	-7.96788	-1	-1	-1
0	256	0.490362	6.62878	3779	3830.22	-1
0	256	5.195	-1.66277	-1	-1	-1
0	256	-4.0771	-1.53848	4034	4144.94	-1
0	256	-6.09697	-4.22386	5382	-1	-1
0	256	4.98831	1.55084	4396	4441.06	-1
0	256	-6.14935	1.68499	3031	3129.66	-1
0	256	-1.61963	5.95672	1237	1285.75	-1
0	256	-6.25143	2.10364	-1	-1	-1
0	256	6.98466	-5.47158	1907	2022.81	-1
0	256	3.02956	6.9603	2943	3046.41	-1
0	256	-5.21452	-3.60928	4359	4410.91	-1
0	256	-5.09882	6.33288	443	561.938	-1
0	256	4.61362	4.60046	1179	1244.03	-1
0	256	2.24736	4.26986	1301	1430.75	-1
0	256	-3.13714	0.996217	632	755.344	-1
0	256	-6.405	3.15102	-1	-1	-1
0	256	-7.01593	1.5891	-1	-1	-1
0	256	5.05312	-8.60773	3917	4004.59	-1
0	256	3.31894	-2.8798	1379	1533.47	-1
0	256	-1.82005	2.58644	2031	2181.81	-1
0	256	7.8214	3.64739	-1	-1	-1
0	256	7.76265	0.918439	4064	4153.81	-1
0	256	-7.47202	-6.29219	4518	4647.78	-1
0	256	-8.48188	-1.76539	-1	-1	-1
0	256	6.15278	-4.50467	-1	-1	-1
0	256	-2.51311	-1.93409	98	252.25	-1
0	256	-4.80473	6.77417	-1	-1	-1
0	256	-4.93676	-3.77195	5248	5382.38	-1
0	256	6.6471	1.28582	2162	2260.06	-1
0	256	-1.14602	8.4169	-1	-1	-1
0	256	7.44136	-1.9214	-1	-1	-1
0	256	-0.426611	-5.54986	51	101.406	-1
0	256	-1.06039	8.23163	-1	-1	-1
0	256	-5.96528	7.03642	1905	1981.78	-1
0	256	-7.72611	-1.91764	-1	-1	-1
0	256	7.03266	4.20687	-1	-1	-1
0	256	3.95402	0.508979	1172	1286.03	-1
0	256	8.62914	-3.54658	-1	-1	-1
0	256	-8.66503	-0.503773	-1	-1	-1
0	256	0.574193	7.71836	-1	-1	-1
0	256	0.690308	-5.69313	-1	-1	-1
0	256	-4.98347	2.71688	3095	3225.06	-1
0	256	-1.77333	5.25766	-1	-1	-1
0	256	4.29971	-8.1726	-1	-1	-1
0	256	-2.83336	-5.57594	3753	3869.53	-1
0	256	4.63547	7.66136	-1	-1	-1
0	256	1.1609	5.2877	-1	-1	-1
0	256	6.63237	3.92888	-1	-1	-1
0	256	-0.79639	6.28614	-1	-1	-1
