Pile ID	Distribution Type	X-Position	Y-Position	Pickup Time	Drop Off Time	Ant ID
1	1	5.93924	1.71138	2897	2953.38	-1
1	1	6.08924	1.71138	-1	-1	-1
1	1	6.23924	1.71138	-1	-1	-1
1	1	6.38924	1.71138	-1	-1	-1
1	1	6.53924	1.71138	-1	-1	-1
1	1	6.68924	1.71138	-1	-1	-1
1	1	6.83924	1.71138	-1	-1	-1
1	1	6.98924	1.71138	-1	-1	-1
1	1	7.13924	1.71138	-1	-1	-1
1	1	7.28924	1.71138	-1	-1	-1
1	1	7.43924	1.71138	-1	-1	-1
1	1	7.58924	1.71138	-1	-1	-1
1	1	7.73924	1.71138	-1	-1	-1
1	1	7.88924	1.71138	-1	-1	-1
1	1	8.03924	1.71138	-1	-1	-1
1	1	8.18924	1.71138	-1	-1	-1
1	1	5.93924	1.86138	2747	2854.53	-1
1	1	6.08924	1.86138	-1	-1	-1
1	1	6.23924	1.86138	-1	-1	-1
1	1	6.38924	1.86138	-1	-1	-1
1	1	6.53924	1.86138	-1	-1	-1
1	1	6.68924	1.86138	-1	-1	-1
1	1	6.83924	1.86138	-1	-1	-1
1	1	6.98924	1.86138	-1	-1	-1
1	1	7.13924	1.86138	-1	-1	-1
1	1	7.28924	1.86138	-1	-1	-1
1	1	7.43924	1.86138	-1	-1	-1
1	1	7.58924	1.86138	-1	-1	-1
1	1	7.73924	1.86138	-1	-1	-1
1	1	7.88924	1.86138	-1	-1	-1
1	1	8.03924	1.86138	-1	-1	-1
1	1	8.18924	1.86138	-1	-1	-1
1	1	5.93924	2.01138	-1	-1	-1
1	1	6.08924	2.01138	-1	-1	-1
1	1	6.23924	2.01138	-1	-1	-1
1	1	6.38924	2.01138	-1	-1	-1
1	1	6.53924	2.01138	-1	-1	-1
1	1	6.68924	2.01138	-1	-1	-1
1	1	6.83924	2.01138	-1	-1	-1
1	1	6.98924	2.01138	-1	-1	-1
1	1	7.13924	2.01138	-1	-1	-1
1	1	7.28924	2.01138	-1	-1	-1
1	1	7.43924	2.01138	-1	-1	-1
1	1	7.58924	2.01138	-1	-1	-1
1	1	7.73924	2.01138	-1	-1	-1
1	1	7.88924	2.01138	-1	-1	-1
1	1	8.03924	2.01138	-1	-1	-1
1	1	8.18924	2.01138	-1	-1	-1
1	1	5.93924	2.16138	-1	-1	-1
1	1	6.08924	2.16138	-1	-1	-1
1	1	6.23924	2.16138	-1	-1	-1
1	1	6.38924	2.16138	-1	-1	-1
1	1	6.53924	2.16138	-1	-1	-1
1	1	6.68924	2.16138	-1	-1	-1
1	1	6.83924	2.16138	-1	-1	-1
1	1	6.98924	2.16138	-1	-1	-1
1	1	7.13924	2.16138	-1	-1	-1
1	1	7.28924	2.16138	-1	-1	-1
1	1	7.43924	2.16138	-1	-1	-1
1	1	7.58924	2.16138	-1	-1	-1
1	1	7.73924	2.16138	-1	-1	-1
1	1	7.88924	2.16138	-1	-1	-1
1	1	8.03924	2.16138	-1	-1	-1
1	1	8.18924	2.16138	-1	-1	-1
1	1	5.93924	2.31138	-1	-1	-1
1	1	6.08924	2.31138	-1	-1	-1
1	1	6.23924	2.31138	-1	-1	-1
1	1	6.38924	2.31138	-1	-1	-1
1	1	6.53924	2.31138	-1	-1	-1
1	1	6.68924	2.31138	-1	-1	-1
1	1	6.83924	2.31138	-1	-1	-1
1	1	6.98924	2.31138	-1	-1	-1
1	1	7.13924	2.31138	-1	-1	-1
1	1	7.28924	2.31138	-1	-1	-1
1	1	7.43924	2.31138	-1	-1	-1
1	1	7.58924	2.31138	-1	-1	-1
1	1	7.73924	2.31138	-1	-1	-1
1	1	7.88924	2.31138	-1	-1	-1
1	1	8.03924	2.31138	-1	-1	-1
1	1	8.18924	2.31138	-1	-1	-1
1	1	5.93924	2.46138	3088	3151.59	-1
1	1	6.08924	2.46138	4309	4360.34	-1
1	1	6.23924	2.46138	-1	-1	-1
1	1	6.38924	2.46138	-1	-1	-1
1	1	6.53924	2.46138	-1	-1	-1
1	1	6.68924	2.46138	-1	-1	-1
1	1	6.83924	2.46138	-1	-1	-1
1	1	6.98924	2.46138	-1	-1	-1
1	1	7.13924	2.46138	-1	-1	-1
1	1	7.28924	2.46138	-1	-1	-1
1	1	7.43924	2.46138	-1	-1	-1
1	1	7.58924	2.46138	-1	-1	-1
1	1	7.73924	2.46138	-1	-1	-1
1	1	7.88924	2.46138	-1	-1	-1
1	1	8.03924	2.46138	-1	-1	-1
1	1	8.18924	2.46138	-1	-1	-1
1	1	5.93924	2.61138	2889	2987.81	-1
1	1	6.08924	2.61138	4149	4251.53	-1
1	1	6.23924	2.61138	-1	-1	-1
1	1	6.38924	2.61138	-1	-1	-1
1	1	6.53924	2.61138	-1	-1	-1
1	1	6.68924	2.61138	-1	-1	-1
1	1	6.83924	2.61138	-1	-1	-1
1	1	6.98924	2.61138	-1	-1	-1
1	1	7.13924	2.61138	-1	-1	-1
1	1	7.28924	2.61138	-1	-1	-1
1	1	7.43924	2.61138	-1	-1	-1
1	1	7.58924	2.61138	-1	-1	-1
1	1	7.73924	2.61138	-1	-1	-1
1	1	7.88924	2.61138	-1	-1	-1
1	1	8.03924	2.61138	-1	-1	-1
1	1	8.18924	2.61138	-1	-1	-1
1	1	5.93924	2.76138	-1	-1	-1
1	1	6.08924	2.76138	1437	1490.59	-1
1	1	6.23924	2.76138	1295	1349.78	-1
1	1	6.38924	2.76138	1421	1490.53	-1
1	1	6.53924	2.76138	-1	-1	-1
1	1	6.68924	2.76138	-1	-1	-1
1	1	6.83924	2.76138	-1	-1	-1
1	1	6.98924	2.76138	-1	-1	-1
1	1	7.13924	2.76138	-1	-1	-1
1	1	7.28924	2.76138	-1	-1	-1
1	1	7.43924	2.76138	-1	-1	-1
1	1	7.58924	2.76138	-1	-1	-1
1	1	7.73924	2.76138	-1	-1	-1
1	1	7.88924	2.76138	-1	-1	-1
1	1	8.03924	2.76138	-1	-1	-1
1	1	8.18924	2.76138	-1	-1	-1
1	1	5.93924	2.91138	1593	1647.78	-1
1	1	6.08924	2.91138	840	910.688	-1
1	1	6.23924	2.91138	1173	1239.03	-1
1	1	6.38924	2.91138	1430	1496.75	-1
1	1	6.53924	2.91138	-1	-1	-1
1	1	6.68924	2.91138	-1	-1	-1
1	1	6.83924	2.91138	-1	-1	-1
1	1	6.98924	2.91138	-1	-1	-1
1	1	7.13924	2.91138	-1	-1	-1
1	1	7.28924	2.91138	-1	-1	-1
1	1	7.43924	2.91138	-1	-1	-1
1	1	7.58924	2.91138	-1	-1	-1
1	1	7.73924	2.91138	-1	-1	-1
1	1	7.88924	2.91138	-1	-1	-1
1	1	8.03924	2.91138	-1	-1	-1
1	1	8.18924	2.91138	-1	-1	-1
1	1	5.93924	3.06138	706	781.781	-1
1	1	6.08924	3.06138	680	766.688	-1
1	1	6.23924	3.06138	878	953.688	-1
1	1	6.38924	3.06138	1561	1620.78	-1
1	1	6.53924	3.06138	-1	-1	-1
1	1	6.68924	3.06138	-1	-1	-1
1	1	6.83924	3.06138	-1	-1	-1
1	1	6.98924	3.06138	-1	-1	-1
1	1	7.13924	3.06138	-1	-1	-1
1	1	7.28924	3.06138	-1	-1	-1
1	1	7.43924	3.06138	-1	-1	-1
1	1	7.58924	3.06138	-1	-1	-1
1	1	7.73924	3.06138	-1	-1	-1
1	1	7.88924	3.06138	-1	-1	-1
1	1	8.03924	3.06138	-1	-1	-1
1	1	8.18924	3.06138	-1	-1	-1
1	1	5.93924	3.21138	617	754.125	-1
1	1	6.08924	3.21138	511	566.562	-1
1	1	6.23924	3.21138	1059	1123.12	-1
1	1	6.38924	3.21138	3482	3541.41	-1
1	1	6.53924	3.21138	-1	-1	-1
1	1	6.68924	3.21138	-1	-1	-1
1	1	6.83924	3.21138	-1	-1	-1
1	1	6.98924	3.21138	-1	-1	-1
1	1	7.13924	3.21138	-1	-1	-1
1	1	7.28924	3.21138	-1	-1	-1
1	1	7.43924	3.21138	-1	-1	-1
1	1	7.58924	3.21138	-1	-1	-1
1	1	7.73924	3.21138	-1	-1	-1
1	1	7.88924	3.21138	-1	-1	-1
1	1	8.03924	3.21138	-1	-1	-1
1	1	8.18924	3.21138	-1	-1	-1
1	1	5.93924	3.36138	230	360.719	-1
1	1	6.08924	3.36138	412	462.188	-1
1	1	6.23924	3.36138	642	705.094	-1
1	1	6.38924	3.36138	1134	1192.62	-1
1	1	6.53924	3.36138	1293	1349.84	-1
1	1	6.68924	3.36138	2045	2131.66	-1
1	1	6.83924	3.36138	-1	-1	-1
1	1	6.98924	3.36138	-1	-1	-1
1	1	7.13924	3.36138	-1	-1	-1
1	1	7.28924	3.36138	-1	-1	-1
1	1	7.43924	3.36138	-1	-1	-1
1	1	7.58924	3.36138	-1	-1	-1
1	1	7.73924	3.36138	-1	-1	-1
1	1	7.88924	3.36138	-1	-1	-1
1	1	8.03924	3.36138	-1	-1	-1
1	1	8.18924	3.36138	-1	-1	-1
1	1	5.93924	3.51138	856	927.781	-1
1	1	6.08924	3.51138	786	855.656	-1
1	1	6.23924	3.51138	810	902.188	-1
1	1	6.38924	3.51138	984	1050	-1
1	1	6.53924	3.51138	1446	1521.94	-1
1	1	6.68924	3.51138	1751	1818.12	-1
1	1	6.83924	3.51138	1895	1957.62	-1
1	1	6.98924	3.51138	-1	-1	-1
1	1	7.13924	3.51138	-1	-1	-1
1	1	7.28924	3.51138	-1	-1	-1
1	1	7.43924	3.51138	-1	-1	-1
1	1	7.58924	3.51138	-1	-1	-1
1	1	7.73924	3.51138	-1	-1	-1
1	1	7.88924	3.51138	-1	-1	-1
1	1	8.03924	3.51138	-1	-1	-1
1	1	8.18924	3.51138	-1	-1	-1
1	1	5.93924	3.66138	972	1041.47	-1
1	1	6.08924	3.66138	1000	1060.91	-1
1	1	6.23924	3.66138	831	896.656	-1
1	1	6.38924	3.66138	1141	1197.12	-1
1	1	6.53924	3.66138	1314	1373.59	-1
1	1	6.68924	3.66138	1493	1557.22	-1
1	1	6.83924	3.66138	1943	2029.84	-1
1	1	6.98924	3.66138	2055	2145.25	-1
1	1	7.13924	3.66138	2306	2371.84	-1
1	1	7.28924	3.66138	-1	-1	-1
1	1	7.43924	3.66138	-1	-1	-1
1	1	7.58924	3.66138	-1	-1	-1
1	1	7.73924	3.66138	-1	-1	-1
1	1	7.88924	3.66138	-1	-1	-1
1	1	8.03924	3.66138	-1	-1	-1
1	1	8.18924	3.66138	-1	-1	-1
1	1	5.93924	3.81138	1633	1687.47	-1
1	1	6.08924	3.81138	1122	1178.59	-1
1	1	6.23924	3.81138	2289	2363.62	-1
1	1	6.38924	3.81138	1784	1853.53	-1
1	1	6.53924	3.81138	1620	1696.34	-1
1	1	6.68924	3.81138	2098	2169.59	-1
1	1	6.83924	3.81138	2108	2196.06	-1
1	1	6.98924	3.81138	2277	2344.09	-1
1	1	7.13924	3.81138	2432	2490.91	-1
1	1	7.28924	3.81138	-1	-1	-1
1	1	7.43924	3.81138	-1	-1	-1
1	1	7.58924	3.81138	-1	-1	-1
1	1	7.73924	3.81138	-1	-1	-1
1	1	7.88924	3.81138	-1	-1	-1
1	1	8.03924	3.81138	-1	-1	-1
1	1	8.18924	3.81138	-1	-1	-1
1	1	5.93924	3.96138	-1	-1	-1
1	1	6.08924	3.96138	-1	-1	-1
1	1	6.23924	3.96138	4999	5094	-1
1	1	6.38924	3.96138	1933	2011.97	-1
1	1	6.53924	3.96138	1960	2039.84	-1
1	1	6.68924	3.96138	2157	2255.91	-1
1	1	6.83924	3.96138	4705	4788.34	-1
1	1	6.98924	3.96138	5084	5145.91	-1
1	1	7.13924	3.96138	-1	-1	-1
1	1	7.28924	3.96138	-1	-1	-1
1	1	7.43924	3.96138	-1	-1	-1
1	1	7.58924	3.96138	-1	-1	-1
1	1	7.73924	3.96138	-1	-1	-1
1	1	7.88924	3.96138	-1	-1	-1
1	1	8.03924	3.96138	-1	-1	-1
1	1	8.18924	3.96138	-1	-1	-1
2	4	-9.65487	6.89571	-1	-1	-1
2	4	-9.50487	6.89571	-1	-1	-1
2	4	-9.35487	6.89571	-1	-1	-1
2	4	-9.20487	6.89571	-1	-1	-1
2	4	-9.05487	6.89571	-1	-1	-1
2	4	-8.90487	6.89571	-1	-1	-1
2	4	-8.75487	6.89571	-1	-1	-1
2	4	-8.60487	6.89571	-1	-1	-1
2	4	-9.65487	7.04571	-1	-1	-1
2	4	-9.50487	7.04571	-1	-1	-1
2	4	-9.35487	7.04571	-1	-1	-1
2	4	-9.20487	7.04571	-1	-1	-1
2	4	-9.05487	7.04571	-1	-1	-1
2	4	-8.90487	7.04571	-1	-1	-1
2	4	-8.75487	7.04571	-1	-1	-1
2	4	-8.60487	7.04571	-1	-1	-1
2	4	-9.65487	7.19571	-1	-1	-1
2	4	-9.50487	7.19571	-1	-1	-1
2	4	-9.35487	7.19571	-1	-1	-1
2	4	-9.20487	7.19571	-1	-1	-1
2	4	-9.05487	7.19571	-1	-1	-1
2	4	-8.90487	7.19571	-1	-1	-1
2	4	-8.75487	7.19571	-1	-1	-1
2	4	-8.60487	7.19571	-1	-1	-1
2	4	-9.65487	7.34571	-1	-1	-1
2	4	-9.50487	7.34571	-1	-1	-1
2	4	-9.35487	7.34571	-1	-1	-1
2	4	-9.20487	7.34571	-1	-1	-1
2	4	-9.05487	7.34571	-1	-1	-1
2	4	-8.90487	7.34571	-1	-1	-1
2	4	-8.75487	7.34571	-1	-1	-1
2	4	-8.60487	7.34571	-1	-1	-1
2	4	-9.65487	7.49571	-1	-1	-1
2	4	-9.50487	7.49571	-1	-1	-1
2	4	-9.35487	7.49571	-1	-1	-1
2	4	-9.20487	7.49571	-1	-1	-1
2	4	-9.05487	7.49571	-1	-1	-1
2	4	-8.90487	7.49571	-1	-1	-1
2	4	-8.75487	7.49571	-1	-1	-1
2	4	-8.60487	7.49571	-1	-1	-1
2	4	-9.65487	7.64571	-1	-1	-1
2	4	-9.50487	7.64571	-1	-1	-1
2	4	-9.35487	7.64571	-1	-1	-1
2	4	-9.20487	7.64571	-1	-1	-1
2	4	-9.05487	7.64571	-1	-1	-1
2	4	-8.90487	7.64571	-1	-1	-1
2	4	-8.75487	7.64571	-1	-1	-1
2	4	-8.60487	7.64571	-1	-1	-1
2	4	-9.65487	7.79571	-1	-1	-1
2	4	-9.50487	7.79571	-1	-1	-1
2	4	-9.35487	7.79571	-1	-1	-1
2	4	-9.20487	7.79571	-1	-1	-1
2	4	-9.05487	7.79571	-1	-1	-1
2	4	-8.90487	7.79571	-1	-1	-1
2	4	-8.75487	7.79571	-1	-1	-1
2	4	-8.60487	7.79571	-1	-1	-1
2	4	-9.65487	7.94571	-1	-1	-1
2	4	-9.50487	7.94571	-1	-1	-1
2	4	-9.35487	7.94571	-1	-1	-1
2	4	-9.20487	7.94571	-1	-1	-1
2	4	-9.05487	7.94571	-1	-1	-1
2	4	-8.90487	7.94571	-1	-1	-1
2	4	-8.75487	7.94571	-1	-1	-1
2	4	-8.60487	7.94571	-1	-1	-1
3	4	8.57942	-1.21469	-1	-1	-1
3	4	8.72942	-1.21469	-1	-1	-1
3	4	8.87942	-1.21469	-1	-1	-1
3	4	9.02942	-1.21469	-1	-1	-1
3	4	9.17942	-1.21469	-1	-1	-1
3	4	9.32942	-1.21469	-1	-1	-1
3	4	9.47942	-1.21469	-1	-1	-1
3	4	9.62942	-1.21469	-1	-1	-1
3	4	8.57942	-1.06469	-1	-1	-1
3	4	8.72942	-1.06469	-1	-1	-1
3	4	8.87942	-1.06469	-1	-1	-1
3	4	9.02942	-1.06469	-1	-1	-1
3	4	9.17942	-1.06469	-1	-1	-1
3	4	9.32942	-1.06469	-1	-1	-1
3	4	9.47942	-1.06469	-1	-1	-1
3	4	9.62942	-1.06469	-1	-1	-1
3	4	8.57942	-0.914693	1240	1319.78	-1
3	4	8.72942	-0.914693	-1	-1	-1
3	4	8.87942	-0.914693	-1	-1	-1
3	4	9.02942	-0.914693	-1	-1	-1
3	4	9.17942	-0.914693	-1	-1	-1
3	4	9.32942	-0.914693	-1	-1	-1
3	4	9.47942	-0.914693	-1	-1	-1
3	4	9.62942	-0.914693	-1	-1	-1
3	4	8.57942	-0.764693	1016	1103.97	-1
3	4	8.72942	-0.764693	1332	1413.03	-1
3	4	8.87942	-0.764693	-1	-1	-1
3	4	9.02942	-0.764693	-1	-1	-1
3	4	9.17942	-0.764693	-1	-1	-1
3	4	9.32942	-0.764693	-1	-1	-1
3	4	9.47942	-0.764693	-1	-1	-1
3	4	9.62942	-0.764693	-1	-1	-1
3	4	8.57942	-0.614693	1168	1234.47	-1
3	4	8.72942	-0.614693	1494	1557.59	-1
3	4	8.87942	-0.614693	-1	-1	-1
3	4	9.02942	-0.614693	-1	-1	-1
3	4	9.17942	-0.614693	-1	-1	-1
3	4	9.32942	-0.614693	-1	-1	-1
3	4	9.47942	-0.614693	-1	-1	-1
3	4	9.62942	-0.614693	-1	-1	-1
3	4	8.57942	-0.464693	-1	-1	-1
3	4	8.72942	-0.464693	-1	-1	-1
3	4	8.87942	-0.464693	-1	-1	-1
3	4	9.02942	-0.464693	-1	-1	-1
3	4	9.17942	-0.464693	-1	-1	-1
3	4	9.32942	-0.464693	-1	-1	-1
3	4	9.47942	-0.464693	-1	-1	-1
3	4	9.62942	-0.464693	-1	-1	-1
3	4	8.57942	-0.314693	-1	-1	-1
3	4	8.72942	-0.314693	-1	-1	-1
3	4	8.87942	-0.314693	-1	-1	-1
3	4	9.02942	-0.314693	-1	-1	-1
3	4	9.17942	-0.314693	-1	-1	-1
3	4	9.32942	-0.314693	-1	-1	-1
3	4	9.47942	-0.314693	-1	-1	-1
3	4	9.62942	-0.314693	-1	-1	-1
3	4	8.57942	-0.164693	-1	-1	-1
3	4	8.72942	-0.164693	-1	-1	-1
3	4	8.87942	-0.164693	-1	-1	-1
3	4	9.02942	-0.164693	-1	-1	-1
3	4	9.17942	-0.164693	-1	-1	-1
3	4	9.32942	-0.164693	-1	-1	-1
3	4	9.47942	-0.164693	-1	-1	-1
3	4	9.62942	-0.164693	4721	4791.62	-1
4	4	6.31856	4.1541	4841	4911.38	-1
4	4	6.46856	4.1541	2137	2209.41	-1
4	4	6.61856	4.1541	2244	2306.53	-1
4	4	6.76856	4.1541	2319	2403.81	-1
4	4	6.91856	4.1541	4381	4489.72	-1
4	4	7.06856	4.1541	4686	4756.84	-1
4	4	7.21856	4.1541	5252	5318.41	-1
4	4	7.36856	4.1541	-1	-1	-1
4	4	6.31856	4.3041	5267	5335.56	-1
4	4	6.46856	4.3041	4703	4775.06	-1
4	4	6.61856	4.3041	4604	4679.44	-1
4	4	6.76856	4.3041	4546	4614.69	-1
4	4	6.91856	4.3041	4754	4827.12	-1
4	4	7.06856	4.3041	4862	4949.59	-1
4	4	7.21856	4.3041	5036	5148.56	-1
4	4	7.36856	4.3041	5342	-1	-1
4	4	6.31856	4.4541	3198	3269.06	-1
4	4	6.46856	4.4541	4879	4962.09	-1
4	4	6.61856	4.4541	5066	5135.62	-1
4	4	6.76856	4.4541	4850	4969.41	-1
4	4	6.91856	4.4541	4960	5022.94	-1
4	4	7.06856	4.4541	5101	5190.88	-1
4	4	7.21856	4.4541	5132	5254.06	-1
4	4	7.36856	4.4541	5239	5324.91	-1
4	4	6.31856	4.6041	3179	3261.72	-1
4	4	6.46856	4.6041	-1	-1	-1
4	4	6.61856	4.6041	5264	5346.91	-1
4	4	6.76856	4.6041	5219	5302.41	-1
4	4	6.91856	4.6041	-1	-1	-1
4	4	7.06856	4.6041	-1	-1	-1
4	4	7.21856	4.6041	-1	-1	-1
4	4	7.36856	4.6041	-1	-1	-1
4	4	6.31856	4.7541	2979	3099.69	-1
4	4	6.46856	4.7541	-1	-1	-1
4	4	6.61856	4.7541	-1	-1	-1
4	4	6.76856	4.7541	-1	-1	-1
4	4	6.91856	4.7541	-1	-1	-1
4	4	7.06856	4.7541	-1	-1	-1
4	4	7.21856	4.7541	-1	-1	-1
4	4	7.36856	4.7541	-1	-1	-1
4	4	6.31856	4.9041	-1	-1	-1
4	4	6.46856	4.9041	-1	-1	-1
4	4	6.61856	4.9041	-1	-1	-1
4	4	6.76856	4.9041	-1	-1	-1
4	4	6.91856	4.9041	-1	-1	-1
4	4	7.06856	4.9041	-1	-1	-1
4	4	7.21856	4.9041	-1	-1	-1
4	4	7.36856	4.9041	-1	-1	-1
4	4	6.31856	5.0541	-1	-1	-1
4	4	6.46856	5.0541	-1	-1	-1
4	4	6.61856	5.0541	-1	-1	-1
4	4	6.76856	5.0541	-1	-1	-1
4	4	6.91856	5.0541	-1	-1	-1
4	4	7.06856	5.0541	-1	-1	-1
4	4	7.21856	5.0541	-1	-1	-1
4	4	7.36856	5.0541	-1	-1	-1
4	4	6.31856	5.2041	3751	3868.91	-1
4	4	6.46856	5.2041	-1	-1	-1
4	4	6.61856	5.2041	-1	-1	-1
4	4	6.76856	5.2041	-1	-1	-1
4	4	6.91856	5.2041	-1	-1	-1
4	4	7.06856	5.2041	-1	-1	-1
4	4	7.21856	5.2041	-1	-1	-1
4	4	7.36856	5.2041	-1	-1	-1
5	4	-9.43947	-7.16689	-1	-1	-1
5	4	-9.28947	-7.16689	-1	-1	-1
5	4	-9.13947	-7.16689	-1	-1	-1
5	4	-8.98947	-7.16689	-1	-1	-1
5	4	-8.83947	-7.16689	-1	-1	-1
5	4	-8.68947	-7.16689	-1	-1	-1
5	4	-8.53947	-7.16689	-1	-1	-1
5	4	-8.38947	-7.16689	-1	-1	-1
5	4	-9.43947	-7.01689	-1	-1	-1
5	4	-9.28947	-7.01689	-1	-1	-1
5	4	-9.13947	-7.01689	-1	-1	-1
5	4	-8.98947	-7.01689	-1	-1	-1
5	4	-8.83947	-7.01689	-1	-1	-1
5	4	-8.68947	-7.01689	-1	-1	-1
5	4	-8.53947	-7.01689	-1	-1	-1
5	4	-8.38947	-7.01689	-1	-1	-1
5	4	-9.43947	-6.86689	-1	-1	-1
5	4	-9.28947	-6.86689	-1	-1	-1
5	4	-9.13947	-6.86689	-1	-1	-1
5	4	-8.98947	-6.86689	-1	-1	-1
5	4	-8.83947	-6.86689	-1	-1	-1
5	4	-8.68947	-6.86689	-1	-1	-1
5	4	-8.53947	-6.86689	-1	-1	-1
5	4	-8.38947	-6.86689	-1	-1	-1
5	4	-9.43947	-6.71689	-1	-1	-1
5	4	-9.28947	-6.71689	-1	-1	-1
5	4	-9.13947	-6.71689	-1	-1	-1
5	4	-8.98947	-6.71689	-1	-1	-1
5	4	-8.83947	-6.71689	-1	-1	-1
5	4	-8.68947	-6.71689	-1	-1	-1
5	4	-8.53947	-6.71689	-1	-1	-1
5	4	-8.38947	-6.71689	-1	-1	-1
5	4	-9.43947	-6.56689	-1	-1	-1
5	4	-9.28947	-6.56689	-1	-1	-1
5	4	-9.13947	-6.56689	-1	-1	-1
5	4	-8.98947	-6.56689	-1	-1	-1
5	4	-8.83947	-6.56689	-1	-1	-1
5	4	-8.68947	-6.56689	-1	-1	-1
5	4	-8.53947	-6.56689	-1	-1	-1
5	4	-8.38947	-6.56689	-1	-1	-1
5	4	-9.43947	-6.41689	-1	-1	-1
5	4	-9.28947	-6.41689	-1	-1	-1
5	4	-9.13947	-6.41689	-1	-1	-1
5	4	-8.98947	-6.41689	-1	-1	-1
5	4	-8.83947	-6.41689	-1	-1	-1
5	4	-8.68947	-6.41689	-1	-1	-1
5	4	-8.53947	-6.41689	-1	-1	-1
5	4	-8.38947	-6.41689	-1	-1	-1
5	4	-9.43947	-6.26689	-1	-1	-1
5	4	-9.28947	-6.26689	-1	-1	-1
5	4	-9.13947	-6.26689	-1	-1	-1
5	4	-8.98947	-6.26689	-1	-1	-1
5	4	-8.83947	-6.26689	-1	-1	-1
5	4	-8.68947	-6.26689	-1	-1	-1
5	4	-8.53947	-6.26689	-1	-1	-1
5	4	-8.38947	-6.26689	-1	-1	-1
5	4	-9.43947	-6.11689	-1	-1	-1
5	4	-9.28947	-6.11689	-1	-1	-1
5	4	-9.13947	-6.11689	-1	-1	-1
5	4	-8.98947	-6.11689	-1	-1	-1
5	4	-8.83947	-6.11689	-1	-1	-1
5	4	-8.68947	-6.11689	-1	-1	-1
5	4	-8.53947	-6.11689	-1	-1	-1
5	4	-8.38947	-6.11689	5384	-1	-1
6	16	3.87954	8.80264	-1	-1	-1
6	16	4.02954	8.80264	-1	-1	-1
6	16	4.17954	8.80264	-1	-1	-1
6	16	4.32954	8.80264	-1	-1	-1
6	16	3.87954	8.95264	-1	-1	-1
6	16	4.02954	8.95264	-1	-1	-1
6	16	4.17954	8.95264	-1	-1	-1
6	16	4.32954	8.95264	-1	-1	-1
6	16	3.87954	9.10264	-1	-1	-1
6	16	4.02954	9.10264	-1	-1	-1
6	16	4.17954	9.10264	-1	-1	-1
6	16	4.32954	9.10264	-1	-1	-1
6	16	3.87954	9.25264	-1	-1	-1
6	16	4.02954	9.25264	-1	-1	-1
6	16	4.17954	9.25264	-1	-1	-1
6	16	4.32954	9.25264	-1	-1	-1
7	16	-0.836048	-4.32217	4070	4107.06	-1
7	16	-0.686048	-4.32217	-1	-1	-1
7	16	-0.536048	-4.32217	-1	-1	-1
7	16	-0.386048	-4.32217	-1	-1	-1
7	16	-0.836048	-4.17217	3091	3125.94	-1
7	16	-0.686048	-4.17217	-1	-1	-1
7	16	-0.536048	-4.17217	-1	-1	-1
7	16	-0.386048	-4.17217	-1	-1	-1
7	16	-0.836048	-4.02217	3965	3998.81	-1
7	16	-0.686048	-4.02217	-1	-1	-1
7	16	-0.536048	-4.02217	-1	-1	-1
7	16	-0.386048	-4.02217	-1	-1	-1
7	16	-0.836048	-3.87217	2708	2825.12	-1
7	16	-0.686048	-3.87217	3782	3898.09	-1
7	16	-0.536048	-3.87217	-1	-1	-1
7	16	-0.386048	-3.87217	148	179.281	-1
8	16	3.44987	4.44416	1022	1153.19	-1
8	16	3.59987	4.44416	2868	3016.41	-1
8	16	3.74987	4.44416	-1	-1	-1
8	16	3.89987	4.44416	2105	2270.19	-1
8	16	3.44987	4.59416	-1	-1	-1
8	16	3.59987	4.59416	-1	-1	-1
8	16	3.74987	4.59416	-1	-1	-1
8	16	3.89987	4.59416	3760	3807.5	-1
8	16	3.44987	4.74416	-1	-1	-1
8	16	3.59987	4.74416	-1	-1	-1
8	16	3.74987	4.74416	-1	-1	-1
8	16	3.89987	4.74416	-1	-1	-1
8	16	3.44987	4.89416	-1	-1	-1
8	16	3.59987	4.89416	-1	-1	-1
8	16	3.74987	4.89416	-1	-1	-1
8	16	3.89987	4.89416	-1	-1	-1
9	16	-2.51184	-3.03854	-1	-1	-1
9	16	-2.36184	-3.03854	5327	-1	-1
9	16	-2.21184	-3.03854	-1	-1	-1
9	16	-2.06184	-3.03854	1484	1515.59	-1
9	16	-2.51184	-2.88854	4650	4688.38	-1
9	16	-2.36184	-2.88854	3282	3316.03	-1
9	16	-2.21184	-2.88854	1665	1705	-1
9	16	-2.06184	-2.88854	1573	1607.38	-1
9	16	-2.51184	-2.73854	4448	4603.38	-1
9	16	-2.36184	-2.73854	1937	2080.75	-1
9	16	-2.21184	-2.73854	566	595.75	-1
9	16	-2.06184	-2.73854	505	590.469	-1
9	16	-2.51184	-2.58854	4444	4618.66	-1
9	16	-2.36184	-2.58854	3158	3334.19	-1
9	16	-2.21184	-2.58854	354	523.406	-1
9	16	-2.06184	-2.58854	433	461.625	-1
10	16	6.65908	-6.19788	-1	-1	-1
10	16	6.80908	-6.19788	-1	-1	-1
10	16	6.95908	-6.19788	-1	-1	-1
10	16	7.10908	-6.19788	-1	-1	-1
10	16	6.65908	-6.04788	-1	-1	-1
10	16	6.80908	-6.04788	-1	-1	-1
10	16	6.95908	-6.04788	-1	-1	-1
10	16	7.10908	-6.04788	-1	-1	-1
10	16	6.65908	-5.89788	-1	-1	-1
10	16	6.80908	-5.89788	-1	-1	-1
10	16	6.95908	-5.89788	-1	-1	-1
10	16	7.10908	-5.89788	-1	-1	-1
10	16	6.65908	-5.74788	-1	-1	-1
10	16	6.80908	-5.74788	-1	-1	-1
10	16	6.95908	-5.74788	-1	-1	-1
10	16	7.10908	-5.74788	-1	-1	-1
11	16	-4.08971	-5.853	-1	-1	-1
11	16	-3.93971	-5.853	-1	-1	-1
11	16	-3.78971	-5.853	-1	-1	-1
11	16	-3.63971	-5.853	-1	-1	-1
11	16	-4.08971	-5.703	-1	-1	-1
11	16	-3.93971	-5.703	-1	-1	-1
11	16	-3.78971	-5.703	-1	-1	-1
11	16	-3.63971	-5.703	3379	3497.12	-1
11	16	-4.08971	-5.553	-1	-1	-1
11	16	-3.93971	-5.553	-1	-1	-1
11	16	-3.78971	-5.553	4345	4465.34	-1
11	16	-3.63971	-5.553	998	1131.22	-1
11	16	-4.08971	-5.403	-1	-1	-1
11	16	-3.93971	-5.403	-1	-1	-1
11	16	-3.78971	-5.403	1307	1360.69	-1
11	16	-3.63971	-5.403	1178	1229.97	-1
12	16	1.2901	-8.69597	-1	-1	-1
12	16	1.4401	-8.69597	-1	-1	-1
12	16	1.5901	-8.69597	-1	-1	-1
12	16	1.7401	-8.69597	-1	-1	-1
12	16	1.2901	-8.54597	-1	-1	-1
12	16	1.4401	-8.54597	-1	-1	-1
12	16	1.5901	-8.54597	-1	-1	-1
12	16	1.7401	-8.54597	-1	-1	-1
12	16	1.2901	-8.39597	3691	3754.66	-1
12	16	1.4401	-8.39597	-1	-1	-1
12	16	1.5901	-8.39597	-1	-1	-1
12	16	1.7401	-8.39597	4671	4736.25	-1
12	16	1.2901	-8.24597	3440	3503.22	-1
12	16	1.4401	-8.24597	3621	3682.84	-1
12	16	1.5901	-8.24597	4791	4889.22	-1
12	16	1.7401	-8.24597	-1	-1	-1
13	16	6.78238	-1.20398	-1	-1	-1
13	16	6.93238	-1.20398	-1	-1	-1
13	16	7.08238	-1.20398	-1	-1	-1
13	16	7.23238	-1.20398	-1	-1	-1
13	16	6.78238	-1.05398	-1	-1	-1
13	16	6.93238	-1.05398	-1	-1	-1
13	16	7.08238	-1.05398	-1	-1	-1
13	16	7.23238	-1.05398	-1	-1	-1
13	16	6.78238	-0.903982	-1	-1	-1
13	16	6.93238	-0.903982	-1	-1	-1
13	16	7.08238	-0.903982	-1	-1	-1
13	16	7.23238	-0.903982	-1	-1	-1
13	16	6.78238	-0.753982	3709	3807.25	-1
13	16	6.93238	-0.753982	-1	-1	-1
13	16	7.08238	-0.753982	-1	-1	-1
13	16	7.23238	-0.753982	-1	-1	-1
14	16	4.91356	4.86898	1646	1778.19	-1
14	16	5.06356	4.86898	4176	4228.41	-1
14	16	5.21356	4.86898	-1	-1	-1
14	16	5.36356	4.86898	-1	-1	-1
14	16	4.91356	5.01898	3370	3509.62	-1
14	16	5.06356	5.01898	-1	-1	-1
14	16	5.21356	5.01898	-1	-1	-1
14	16	5.36356	5.01898	-1	-1	-1
14	16	4.91356	5.16898	-1	-1	-1
14	16	5.06356	5.16898	-1	-1	-1
14	16	5.21356	5.16898	-1	-1	-1
14	16	5.36356	5.16898	-1	-1	-1
14	16	4.91356	5.31898	-1	-1	-1
14	16	5.06356	5.31898	-1	-1	-1
14	16	5.21356	5.31898	-1	-1	-1
14	16	5.36356	5.31898	-1	-1	-1
15	16	-5.33305	-0.344236	-1	-1	-1
15	16	-5.18305	-0.344236	-1	-1	-1
15	16	-5.03305	-0.344236	4261	4301.5	-1
15	16	-4.88305	-0.344236	1667	1777.59	-1
15	16	-5.33305	-0.194236	-1	-1	-1
15	16	-5.18305	-0.194236	-1	-1	-1
15	16	-5.03305	-0.194236	4089	4205.81	-1
15	16	-4.88305	-0.194236	3839	3945.22	-1
15	16	-5.33305	-0.0442363	-1	-1	-1
15	16	-5.18305	-0.0442363	-1	-1	-1
15	16	-5.03305	-0.0442363	-1	-1	-1
15	16	-4.88305	-0.0442363	-1	-1	-1
15	16	-5.33305	0.105764	-1	-1	-1
15	16	-5.18305	0.105764	-1	-1	-1
15	16	-5.03305	0.105764	-1	-1	-1
15	16	-4.88305	0.105764	-1	-1	-1
16	16	3.64899	-0.57355	162	280.781	-1
16	16	3.79899	-0.57355	228	267.344	-1
16	16	3.94899	-0.57355	316	351.469	-1
16	16	4.09899	-0.57355	395	428.75	-1
16	16	3.64899	-0.42355	310	343.969	-1
16	16	3.79899	-0.42355	532	593.625	-1
16	16	3.94899	-0.42355	458	515.031	-1
16	16	4.09899	-0.42355	474	531.688	-1
16	16	3.64899	-0.27355	692	729.406	-1
16	16	3.79899	-0.27355	566	614.594	-1
16	16	3.94899	-0.27355	632	686.375	-1
16	16	4.09899	-0.27355	527	570.688	-1
16	16	3.64899	-0.12355	1633	1663.97	-1
16	16	3.79899	-0.12355	2778	2895.62	-1
16	16	3.94899	-0.12355	3384	3416.59	-1
16	16	4.09899	-0.12355	3904	3937.53	-1
17	16	6.68244	-4.69339	-1	-1	-1
17	16	6.83244	-4.69339	-1	-1	-1
17	16	6.98244	-4.69339	-1	-1	-1
17	16	7.13244	-4.69339	-1	-1	-1
17	16	6.68244	-4.54339	-1	-1	-1
17	16	6.83244	-4.54339	-1	-1	-1
17	16	6.98244	-4.54339	-1	-1	-1
17	16	7.13244	-4.54339	-1	-1	-1
17	16	6.68244	-4.39339	-1	-1	-1
17	16	6.83244	-4.39339	-1	-1	-1
17	16	6.98244	-4.39339	4370	4430.44	-1
17	16	7.13244	-4.39339	4196	4308.06	-1
17	16	6.68244	-4.24339	-1	-1	-1
17	16	6.83244	-4.24339	864	973.812	-1
17	16	6.98244	-4.24339	1035	1093.5	-1
17	16	7.13244	-4.24339	1228	1290.22	-1
18	16	-2.59042	2.60172	2737	2926.47	-1
18	16	-2.44042	2.60172	2609	2645.22	-1
18	16	-2.29042	2.60172	2079	2240.62	-1
18	16	-2.14042	2.60172	3409	3560.66	-1
18	16	-2.59042	2.75172	4083	4241.81	-1
18	16	-2.44042	2.75172	4637	4669.03	-1
18	16	-2.29042	2.75172	4589	4622.5	-1
18	16	-2.14042	2.75172	1811	1841.88	-1
18	16	-2.59042	2.90172	4721	4768.72	-1
18	16	-2.44042	2.90172	-1	-1	-1
18	16	-2.29042	2.90172	2799	2945.56	-1
18	16	-2.14042	2.90172	58	98	-1
18	16	-2.59042	3.05172	-1	-1	-1
18	16	-2.44042	3.05172	-1	-1	-1
18	16	-2.29042	3.05172	-1	-1	-1
18	16	-2.14042	3.05172	-1	-1	-1
19	16	-7.36877	2.38368	-1	-1	-1
19	16	-7.21877	2.38368	-1	-1	-1
19	16	-7.06877	2.38368	1596	1693.97	-1
19	16	-6.91877	2.38368	-1	-1	-1
19	16	-7.36877	2.53368	-1	-1	-1
19	16	-7.21877	2.53368	-1	-1	-1
19	16	-7.06877	2.53368	-1	-1	-1
19	16	-6.91877	2.53368	-1	-1	-1
19	16	-7.36877	2.68368	-1	-1	-1
19	16	-7.21877	2.68368	-1	-1	-1
19	16	-7.06877	2.68368	-1	-1	-1
19	16	-6.91877	2.68368	-1	-1	-1
19	16	-7.36877	2.83368	-1	-1	-1
19	16	-7.21877	2.83368	-1	-1	-1
19	16	-7.06877	2.83368	-1	-1	-1
19	16	-6.91877	2.83368	-1	-1	-1
20	16	-5.91808	4.5037	-1	-1	-1
20	16	-5.76808	4.5037	-1	-1	-1
20	16	-5.61808	4.5037	3046	3116.84	-1
20	16	-5.46808	4.5037	3731	3867.84	-1
20	16	-5.91808	4.6537	-1	-1	-1
20	16	-5.76808	4.6537	-1	-1	-1
20	16	-5.61808	4.6537	-1	-1	-1
20	16	-5.46808	4.6537	3646	3773.16	-1
20	16	-5.91808	4.8037	-1	-1	-1
20	16	-5.76808	4.8037	4337	4396.97	-1
20	16	-5.61808	4.8037	3922	3981.03	-1
20	16	-5.46808	4.8037	3824	3904.72	-1
20	16	-5.91808	4.9537	-1	-1	-1
20	16	-5.76808	4.9537	-1	-1	-1
20	16	-5.61808	4.9537	4032	4088.94	-1
20	16	-5.46808	4.9537	4151	4212.34	-1
21	16	8.67283	1.4732	5273	5358.44	-1
21	16	8.82283	1.4732	-1	-1	-1
21	16	8.97283	1.4732	-1	-1	-1
21	16	9.12283	1.4732	-1	-1	-1
21	16	8.67283	1.6232	-1	-1	-1
21	16	8.82283	1.6232	-1	-1	-1
21	16	8.97283	1.6232	-1	-1	-1
21	16	9.12283	1.6232	-1	-1	-1
21	16	8.67283	1.7732	-1	-1	-1
21	16	8.82283	1.7732	-1	-1	-1
21	16	8.97283	1.7732	-1	-1	-1
21	16	9.12283	1.7732	-1	-1	-1
21	16	8.67283	1.9232	-1	-1	-1
21	16	8.82283	1.9232	-1	-1	-1
21	16	8.97283	1.9232	-1	-1	-1
21	16	9.12283	1.9232	-1	-1	-1
0	256	5.25484	-1.87975	2661	2774.47	-1
0	256	-4.61497	-3.94739	3492	3626.25	-1
0	256	-6.91949	-1.69119	4173	4227.69	-1
0	256	-9.3885	-2.16592	-1	-1	-1
0	256	-2.24348	4.10481	4139	4262.28	-1
0	256	4.5123	-2.47728	-1	-1	-1
0	256	2.9763	-2.19479	191	230.719	-1
0	256	6.50318	-7.37003	5285	-1	-1
0	256	3.50568	6.31949	173	282.75	-1
0	256	2.15463	3.51315	4012	4143.12	-1
0	256	3.16052	-5.20335	-1	-1	-1
0	256	3.73066	-9.14865	1259	1335.53	-1
0	256	6.28221	-6.08885	-1	-1	-1
0	256	-4.85597	-1.44239	2178	2217.88	-1
0	256	4.09691	0.704929	446	479.594	-1
0	256	-3.8522	-0.639904	36	81	-1
0	256	-4.77451	4.02169	3383	3516.5	-1
0	256	3.30631	-9.2639	-1	-1	-1
0	256	-7.67413	-4.34908	-1	-1	-1
0	256	-5.42572	7.37965	-1	-1	-1
0	256	-1.17174	3.38256	3177	3307.34	-1
0	256	-5.89558	7.48631	-1	-1	-1
0	256	-7.97903	-2.65864	-1	-1	-1
0	256	-4.74091	4.82013	-1	-1	-1
0	256	-0.134285	7.31539	-1	-1	-1
0	256	-2.30009	6.5145	-1	-1	-1
0	256	-2.54203	-6.3772	66	124.344	-1
0	256	-5.61838	-4.36798	1383	1512.56	-1
0	256	7.92803	6.82254	303	417.656	-1
0	256	-2.67582	6.10417	-1	-1	-1
0	256	-5.12113	-2.71265	-1	-1	-1
0	256	0.926652	2.91206	372	405.781	-1
0	256	-6.57577	-0.982412	-1	-1	-1
0	256	-4.03635	0.579861	356	391.844	-1
0	256	-7.08063	1.2779	-1	-1	-1
0	256	-5.07854	-6.13953	-1	-1	-1
0	256	1.74748	-7.11825	-1	-1	-1
0	256	-2.03844	-7.11064	3952	4059.25	-1
0	256	2.54156	-8.88507	-1	-1	-1
0	256	2.22351	-2.18329	2708	2737.31	-1
0	256	7.6489	5.28337	-1	-1	-1
0	256	2.82423	7.4879	-1	-1	-1
0	256	-2.92382	1.83866	1822	1966.38	-1
0	256	-2.81129	7.26768	-1	-1	-1
0	256	8.15426	4.76301	-1	-1	-1
0	256	-8.27811	-0.462035	-1	-1	-1
0	256	4.59379	6.71386	-1	-1	-1
0	256	-2.57647	-9.36335	-1	-1	-1
0	256	-6.03136	3.16613	-1	-1	-1
0	256	4.94324	-6.17085	-1	-1	-1
0	256	-2.12002	-8.19105	1910	1975.5	-1
0	256	-0.708608	7.59371	-1	-1	-1
0	256	0.438681	3.88725	1831	1966.28	-1
0	256	-6.26782	1.26961	4314	4421.94	-1
0	256	5.91385	0.419352	-1	-1	-1
0	256	-6.07013	-0.647701	-1	-1	-1
0	256	-8.54015	-1.60459	-1	-1	-1
0	256	-2.73589	9.00469	-1	-1	-1
0	256	6.86005	6.41456	-1	-1	-1
0	256	-1.20728	4.31595	4091	4128.12	-1
0	256	-2.14412	-6.25681	3748	3853.62	-1
0	256	-2.85094	6.59822	-1	-1	-1
0	256	-6.17225	0.0831366	-1	-1	-1
0	256	-3.48477	-5.2771	176	226.406	-1
0	256	-5.50403	3.381	2627	2680.75	-1
0	256	5.12176	3.38547	-1	-1	-1
0	256	-2.98899	-9.46875	-1	-1	-1
0	256	4.5139	7.67326	-1	-1	-1
0	256	-6.73634	-3.78379	-1	-1	-1
0	256	6.37987	-2.76429	-1	-1	-1
0	256	8.35805	-0.305589	5051	5142.5	-1
0	256	4.74122	5.93619	-1	-1	-1
0	256	-6.52389	-6.4135	-1	-1	-1
0	256	5.21866	-7.81882	-1	-1	-1
0	256	-3.65282	2.52364	2724	2867.81	-1
0	256	-7.60032	5.65272	-1	-1	-1
0	256	-0.852975	4.0275	2627	2661.09	-1
0	256	-6.10158	3.7386	2784	2912.84	-1
0	256	1.05675	-8.18962	3613	3693.03	-1
0	256	-7.60489	-5.21123	-1	-1	-1
0	256	4.37609	-1.3464	261	381.094	-1
0	256	-5.79511	-3.87504	-1	-1	-1
0	256	-6.39189	2.75598	-1	-1	-1
0	256	5.59058	-8.28856	-1	-1	-1
0	256	0.115766	3.98544	2452	2574	-1
0	256	-9.61956	-0.41288	-1	-1	-1
0	256	-7.83012	-0.236026	-1	-1	-1
0	256	-4.49065	4.39114	-1	-1	-1
0	256	-1.41859	-6.81263	-1	-1	-1
0	256	-7.80081	-3.03153	-1	-1	-1
0	256	-5.74394	3.8268	-1	-1	-1
0	256	-0.772962	5.58638	123	235.875	-1
0	256	-8.4546	-4.37853	-1	-1	-1
0	256	-6.69914	-2.32012	4834	4937.69	-1
0	256	-5.13429	-8.42995	4473	4548.75	-1
0	256	-5.15967	-2.46248	604	712.344	-1
0	256	-6.92698	-9.74456	-1	-1	-1
0	256	-4.51756	-0.535222	3485	3598.88	-1
0	256	-3.50152	5.36684	-1	-1	-1
0	256	5.50393	-5.16469	-1	-1	-1
0	256	1.38744	-4.65827	2302	2424.09	-1
0	256	9.63059	0.0109248	-1	-1	-1
0	256	4.79609	-4.28949	-1	-1	-1
0	256	8.63336	0.589357	2325	2387.59	-1
0	256	1.72029	4.1392	1343	1470.5	-1
0	256	-0.960286	-9.22148	-1	-1	-1
0	256	6.13998	-6.61542	-1	-1	-1
0	256	-7.57357	-4.91684	-1	-1	-1
0	256	5.48317	-5.61191	-1	-1	-1
0	256	2.36924	5.08778	-1	-1	-1
0	256	5.8234	1.63019	2101	2157.91	-1
0	256	2.5047	9.57876	-1	-1	-1
0	256	9.27427	2.53663	826	896.281	-1
0	256	1.53897	-4.25917	1757	1874.75	-1
0	256	9.25785	3.68111	204	278.438	-1
0	256	-3.46799	5.05597	-1	-1	-1
0	256	-4.24978	-7.02788	-1	-1	-1
0	256	-4.87966	-1.90042	1358	1398.09	-1
0	256	-4.463	3.09323	-1	-1	-1
0	256	-2.37633	2.02366	1640	1805.38	-1
0	256	4.02394	1.59775	1047	1166.28	-1
0	256	4.49599	-5.44173	-1	-1	-1
0	256	3.46697	-8.33298	2380	2468.34	-1
0	256	1.18704	5.96187	4980	5089.78	-1
0	256	-1.23052	-9.28483	2548	2624.78	-1
0	256	-9.50686	-1.61497	478	546.625	-1
0	256	-4.03767	2.90812	1984	2121.03	-1
0	256	4.24062	7.7498	-1	-1	-1
0	256	3.71494	3.5805	-1	-1	-1
0	256	-8.018	-0.890087	-1	-1	-1
0	256	-7.09347	-2.0167	4319	4372.78	-1
0	256	-4.09743	3.9792	-1	-1	-1
0	256	-7.48358	5.92997	-1	-1	-1
0	256	-9.0203	-3.71417	3404	3532.84	-1
0	256	-7.07771	-4.76429	-1	-1	-1
0	256	9.38258	-7.14175	-1	-1	-1
0	256	0.553889	-5.33075	223	338.969	-1
0	256	2.35294	-1.94552	866	1019	-1
0	256	1.96436	5.50239	1937	2052.88	-1
0	256	-9.04017	-4.17432	-1	-1	-1
0	256	-3.02962	4.12024	-1	-1	-1
0	256	-4.51064	0.588408	-1	-1	-1
0	256	-3.85052	-5.08536	4760	4812.47	-1
0	256	-4.2918	3.2422	1813	1942.31	-1
0	256	-0.885884	3.85123	83	118.781	-1
0	256	4.29454	-1.88611	2601	2713.03	-1
0	256	4.45452	0.460578	-1	-1	-1
0	256	-1.46852	8.22527	-1	-1	-1
0	256	-9.00423	2.93815	-1	-1	-1
0	256	8.71075	-4.45476	-1	-1	-1
0	256	-0.723483	-3.15339	2505	2532.78	-1
0	256	-1.74743	-4.14279	4843	4976.75	-1
0	256	-7.37697	1.61947	72	135.062	-1
0	256	3.37857	3.8923	178	328.469	-1
0	256	-7.76497	5.27926	-1	-1	-1
0	256	-6.34097	-3.59261	-1	-1	-1
0	256	0.790434	-6.6819	-1	-1	-1
0	256	5.85736	-4.81686	-1	-1	-1
0	256	-7.44669	-6.17816	-1	-1	-1
0	256	-3.3286	3.7247	5279	-1	-1
0	256	3.87623	8.12843	-1	-1	-1
0	256	-5.63075	-3.22248	-1	-1	-1
0	256	5.34972	-4.82116	-1	-1	-1
0	256	-1.0291	-3.54882	297	332.219	-1
0	256	-8.7404	1.04251	-1	-1	-1
0	256	2.77557	3.96383	3363	3400.75	-1
0	256	-1.02628	-4.90971	-1	-1	-1
0	256	4.16938	7.87274	-1	-1	-1
0	256	-6.11695	-3.46402	-1	-1	-1
0	256	3.11285	-4.92416	3909	4032.88	-1
0	256	2.15651	-9.62085	-1	-1	-1
0	256	-5.87605	-6.75198	-1	-1	-1
0	256	-6.87866	-5.87833	-1	-1	-1
0	256	3.77751	-0.993273	-1	-1	-1
0	256	-1.98132	5.0762	2576	2686.88	-1
0	256	9.06283	0.669509	-1	-1	-1
0	256	-2.90288	-8.30816	-1	-1	-1
0	256	-3.54859	-2.34858	4295	4444.5	-1
0	256	-2.04853	-3.53708	2659	2693.19	-1
0	256	4.06552	4.4512	2686	2837.88	-1
0	256	0.314198	-4.37818	4156	4273.78	-1
0	256	-6.26672	2.70689	2438	2539.03	-1
0	256	5.70232	2.17453	-1	-1	-1
0	256	-4.61391	-8.51521	-1	-1	-1
0	256	-5.10499	-5.74164	-1	-1	-1
0	256	2.87351	-3.76831	66	106.188	-1
0	256	5.15786	1.70374	133	178.469	-1
0	256	-6.81595	-4.65063	-1	-1	-1
0	256	6.61404	-1.52479	-1	-1	-1
0	256	4.45396	-3.90399	2630	2675.28	-1
0	256	-0.405834	9.62056	2305	2390.22	-1
0	256	-4.89831	-5.70998	2603	2662.62	-1
0	256	4.40121	-6.09831	4290	4419	-1
0	256	-1.77108	-9.63222	-1	-1	-1
0	256	1.978	-3.11488	156	186.344	-1
0	256	5.10032	7.92633	-1	-1	-1
0	256	-7.0026	-2.29774	-1	-1	-1
0	256	3.88299	0.950083	-1	-1	-1
0	256	3.55002	-8.89254	-1	-1	-1
0	256	8.73622	-3.71714	-1	-1	-1
0	256	2.53594	-7.98786	-1	-1	-1
0	256	-3.40717	3.84013	-1	-1	-1
0	256	-6.03813	8.6115	-1	-1	-1
0	256	-2.43951	-6.60715	-1	-1	-1
0	256	-2.78048	-3.20746	-1	-1	-1
0	256	2.1739	8.00082	-1	-1	-1
0	256	9.00398	-1.51016	-1	-1	-1
0	256	5.11986	8.04083	-1	-1	-1
0	256	-1.57861	6.28343	62	113.688	-1
0	256	1.76159	-8.05812	-1	-1	-1
0	256	-9.25519	1.57423	-1	-1	-1
0	256	1.55757	-9.23333	-1	-1	-1
0	256	7.27597	-5.5091	-1	-1	-1
0	256	-3.62673	0.864712	1763	1794.16	-1
0	256	9.35744	0.287139	4000	4086	-1
0	256	-2.84371	0.278883	57	85.4062	-1
0	256	-4.40361	2.10997	3640	3779.22	-1
0	256	-0.213015	8.40503	-1	-1	-1
0	256	0.0182759	-8.30755	369	435.125	-1
0	256	-5.77016	-3.00728	1523	1632.91	-1
0	256	-5.27445	-1.25835	1341	1445.91	-1
0	256	2.36802	6.48599	-1	-1	-1
0	256	1.19356	-4.90753	1081	1123.34	-1
0	256	6.04013	6.00102	-1	-1	-1
0	256	-2.5867	7.87269	-1	-1	-1
0	256	4.78714	-8.49396	-1	-1	-1
0	256	-3.59937	1.62535	-1	-1	-1
0	256	-3.40776	1.0352	69	102.375	-1
0	256	-6.81715	-4.48741	-1	-1	-1
0	256	-3.86489	0.06014	-1	-1	-1
0	256	1.36331	2.54633	371	400.875	-1
0	256	4.71572	-7.89706	3453	3527.53	-1
0	256	-6.73171	1.41467	4577	4680.81	-1
0	256	3.19281	-0.0150611	1203	1324.19	-1
0	256	-1.68084	6.46808	5174	5226.78	-1
0	256	6.61386	2.08924	-1	-1	-1
0	256	-2.46994	9.56778	-1	-1	-1
0	256	2.13029	3.38963	3958	4093.88	-1
0	256	-0.0293796	7.86562	-1	-1	-1
0	256	5.29878	0.417542	-1	-1	-1
0	256	-5.84662	-4.82111	-1	-1	-1
0	256	4.37041	-8.60962	2738	2846.19	-1
0	256	7.66806	-0.199299	5293	5383.38	-1
0	256	8.88756	-2.40041	-1	-1	-1
0	256	-6.22361	-4.92304	-1	-1	-1
0	256	2.17281	6.84994	332	435.656	-1
0	256	-9.13968	3.56194	-1	-1	-1
0	256	-3.49699	9.09305	-1	-1	-1
0	256	2.6738	-8.94726	-1	-1	-1
0	256	-4.05579	-7.90012	-1	-1	-1
0	256	-4.3013	7.27737	-1	-1	-1
0	256	-5.03481	-6.7949	-1	-1	-1
0	256	-4.12165	8.43485	-1	-1	-1
0	256	2.94741	-8.42821	-1	-1	-1
0	256	6.49181	6.71392	-1	-1	-1
0	256	1.00404	6.34486	-1	-1	-1
