Pile ID	Distribution Type	X-Position	Y-Position	Pickup Time	Drop Off Time	Ant ID
1	1	5.86751	-7.33661	-1	-1	-1
1	1	6.01751	-7.33661	-1	-1	-1
1	1	6.16751	-7.33661	-1	-1	-1
1	1	6.31751	-7.33661	-1	-1	-1
1	1	6.46751	-7.33661	-1	-1	-1
1	1	6.61751	-7.33661	-1	-1	-1
1	1	6.76751	-7.33661	-1	-1	-1
1	1	6.91751	-7.33661	-1	-1	-1
1	1	7.06751	-7.33661	-1	-1	-1
1	1	7.21751	-7.33661	-1	-1	-1
1	1	7.36751	-7.33661	-1	-1	-1
1	1	7.51751	-7.33661	-1	-1	-1
1	1	7.66751	-7.33661	-1	-1	-1
1	1	7.81751	-7.33661	-1	-1	-1
1	1	7.96751	-7.33661	-1	-1	-1
1	1	8.11751	-7.33661	-1	-1	-1
1	1	5.86751	-7.18661	-1	-1	-1
1	1	6.01751	-7.18661	-1	-1	-1
1	1	6.16751	-7.18661	-1	-1	-1
1	1	6.31751	-7.18661	-1	-1	-1
1	1	6.46751	-7.18661	-1	-1	-1
1	1	6.61751	-7.18661	-1	-1	-1
1	1	6.76751	-7.18661	-1	-1	-1
1	1	6.91751	-7.18661	-1	-1	-1
1	1	7.06751	-7.18661	-1	-1	-1
1	1	7.21751	-7.18661	-1	-1	-1
1	1	7.36751	-7.18661	-1	-1	-1
1	1	7.51751	-7.18661	-1	-1	-1
1	1	7.66751	-7.18661	-1	-1	-1
1	1	7.81751	-7.18661	-1	-1	-1
1	1	7.96751	-7.18661	-1	-1	-1
1	1	8.11751	-7.18661	-1	-1	-1
1	1	5.86751	-7.03661	-1	-1	-1
1	1	6.01751	-7.03661	-1	-1	-1
1	1	6.16751	-7.03661	-1	-1	-1
1	1	6.31751	-7.03661	-1	-1	-1
1	1	6.46751	-7.03661	-1	-1	-1
1	1	6.61751	-7.03661	-1	-1	-1
1	1	6.76751	-7.03661	-1	-1	-1
1	1	6.91751	-7.03661	-1	-1	-1
1	1	7.06751	-7.03661	-1	-1	-1
1	1	7.21751	-7.03661	-1	-1	-1
1	1	7.36751	-7.03661	-1	-1	-1
1	1	7.51751	-7.03661	-1	-1	-1
1	1	7.66751	-7.03661	-1	-1	-1
1	1	7.81751	-7.03661	-1	-1	-1
1	1	7.96751	-7.03661	-1	-1	-1
1	1	8.11751	-7.03661	-1	-1	-1
1	1	5.86751	-6.88661	5031	5159.72	-1
1	1	6.01751	-6.88661	-1	-1	-1
1	1	6.16751	-6.88661	-1	-1	-1
1	1	6.31751	-6.88661	-1	-1	-1
1	1	6.46751	-6.88661	-1	-1	-1
1	1	6.61751	-6.88661	-1	-1	-1
1	1	6.76751	-6.88661	-1	-1	-1
1	1	6.91751	-6.88661	-1	-1	-1
1	1	7.06751	-6.88661	-1	-1	-1
1	1	7.21751	-6.88661	-1	-1	-1
1	1	7.36751	-6.88661	-1	-1	-1
1	1	7.51751	-6.88661	-1	-1	-1
1	1	7.66751	-6.88661	-1	-1	-1
1	1	7.81751	-6.88661	-1	-1	-1
1	1	7.96751	-6.88661	-1	-1	-1
1	1	8.11751	-6.88661	-1	-1	-1
1	1	5.86751	-6.73661	5227	5291.69	-1
1	1	6.01751	-6.73661	-1	-1	-1
1	1	6.16751	-6.73661	-1	-1	-1
1	1	6.31751	-6.73661	-1	-1	-1
1	1	6.46751	-6.73661	-1	-1	-1
1	1	6.61751	-6.73661	-1	-1	-1
1	1	6.76751	-6.73661	-1	-1	-1
1	1	6.91751	-6.73661	-1	-1	-1
1	1	7.06751	-6.73661	-1	-1	-1
1	1	7.21751	-6.73661	-1	-1	-1
1	1	7.36751	-6.73661	-1	-1	-1
1	1	7.51751	-6.73661	-1	-1	-1
1	1	7.66751	-6.73661	-1	-1	-1
1	1	7.81751	-6.73661	-1	-1	-1
1	1	7.96751	-6.73661	-1	-1	-1
1	1	8.11751	-6.73661	-1	-1	-1
1	1	5.86751	-6.58661	-1	-1	-1
1	1	6.01751	-6.58661	-1	-1	-1
1	1	6.16751	-6.58661	-1	-1	-1
1	1	6.31751	-6.58661	-1	-1	-1
1	1	6.46751	-6.58661	-1	-1	-1
1	1	6.61751	-6.58661	-1	-1	-1
1	1	6.76751	-6.58661	-1	-1	-1
1	1	6.91751	-6.58661	-1	-1	-1
1	1	7.06751	-6.58661	-1	-1	-1
1	1	7.21751	-6.58661	-1	-1	-1
1	1	7.36751	-6.58661	-1	-1	-1
1	1	7.51751	-6.58661	-1	-1	-1
1	1	7.66751	-6.58661	-1	-1	-1
1	1	7.81751	-6.58661	-1	-1	-1
1	1	7.96751	-6.58661	-1	-1	-1
1	1	8.11751	-6.58661	-1	-1	-1
1	1	5.86751	-6.43661	-1	-1	-1
1	1	6.01751	-6.43661	-1	-1	-1
1	1	6.16751	-6.43661	-1	-1	-1
1	1	6.31751	-6.43661	-1	-1	-1
1	1	6.46751	-6.43661	-1	-1	-1
1	1	6.61751	-6.43661	-1	-1	-1
1	1	6.76751	-6.43661	-1	-1	-1
1	1	6.91751	-6.43661	-1	-1	-1
1	1	7.06751	-6.43661	-1	-1	-1
1	1	7.21751	-6.43661	-1	-1	-1
1	1	7.36751	-6.43661	-1	-1	-1
1	1	7.51751	-6.43661	-1	-1	-1
1	1	7.66751	-6.43661	-1	-1	-1
1	1	7.81751	-6.43661	-1	-1	-1
1	1	7.96751	-6.43661	-1	-1	-1
1	1	8.11751	-6.43661	-1	-1	-1
1	1	5.86751	-6.28661	-1	-1	-1
1	1	6.01751	-6.28661	-1	-1	-1
1	1	6.16751	-6.28661	-1	-1	-1
1	1	6.31751	-6.28661	-1	-1	-1
1	1	6.46751	-6.28661	-1	-1	-1
1	1	6.61751	-6.28661	-1	-1	-1
1	1	6.76751	-6.28661	-1	-1	-1
1	1	6.91751	-6.28661	-1	-1	-1
1	1	7.06751	-6.28661	-1	-1	-1
1	1	7.21751	-6.28661	-1	-1	-1
1	1	7.36751	-6.28661	-1	-1	-1
1	1	7.51751	-6.28661	-1	-1	-1
1	1	7.66751	-6.28661	-1	-1	-1
1	1	7.81751	-6.28661	-1	-1	-1
1	1	7.96751	-6.28661	-1	-1	-1
1	1	8.11751	-6.28661	-1	-1	-1
1	1	5.86751	-6.13661	-1	-1	-1
1	1	6.01751	-6.13661	-1	-1	-1
1	1	6.16751	-6.13661	-1	-1	-1
1	1	6.31751	-6.13661	-1	-1	-1
1	1	6.46751	-6.13661	-1	-1	-1
1	1	6.61751	-6.13661	-1	-1	-1
1	1	6.76751	-6.13661	-1	-1	-1
1	1	6.91751	-6.13661	-1	-1	-1
1	1	7.06751	-6.13661	-1	-1	-1
1	1	7.21751	-6.13661	-1	-1	-1
1	1	7.36751	-6.13661	-1	-1	-1
1	1	7.51751	-6.13661	-1	-1	-1
1	1	7.66751	-6.13661	-1	-1	-1
1	1	7.81751	-6.13661	-1	-1	-1
1	1	7.96751	-6.13661	-1	-1	-1
1	1	8.11751	-6.13661	-1	-1	-1
1	1	5.86751	-5.98661	-1	-1	-1
1	1	6.01751	-5.98661	-1	-1	-1
1	1	6.16751	-5.98661	-1	-1	-1
1	1	6.31751	-5.98661	-1	-1	-1
1	1	6.46751	-5.98661	-1	-1	-1
1	1	6.61751	-5.98661	-1	-1	-1
1	1	6.76751	-5.98661	-1	-1	-1
1	1	6.91751	-5.98661	-1	-1	-1
1	1	7.06751	-5.98661	-1	-1	-1
1	1	7.21751	-5.98661	-1	-1	-1
1	1	7.36751	-5.98661	-1	-1	-1
1	1	7.51751	-5.98661	-1	-1	-1
1	1	7.66751	-5.98661	-1	-1	-1
1	1	7.81751	-5.98661	-1	-1	-1
1	1	7.96751	-5.98661	-1	-1	-1
1	1	8.11751	-5.98661	-1	-1	-1
1	1	5.86751	-5.83661	3460	3519.88	-1
1	1	6.01751	-5.83661	-1	-1	-1
1	1	6.16751	-5.83661	-1	-1	-1
1	1	6.31751	-5.83661	-1	-1	-1
1	1	6.46751	-5.83661	-1	-1	-1
1	1	6.61751	-5.83661	-1	-1	-1
1	1	6.76751	-5.83661	-1	-1	-1
1	1	6.91751	-5.83661	-1	-1	-1
1	1	7.06751	-5.83661	-1	-1	-1
1	1	7.21751	-5.83661	-1	-1	-1
1	1	7.36751	-5.83661	-1	-1	-1
1	1	7.51751	-5.83661	-1	-1	-1
1	1	7.66751	-5.83661	-1	-1	-1
1	1	7.81751	-5.83661	-1	-1	-1
1	1	7.96751	-5.83661	-1	-1	-1
1	1	8.11751	-5.83661	-1	-1	-1
1	1	5.86751	-5.68661	3281	3403.53	-1
1	1	6.01751	-5.68661	-1	-1	-1
1	1	6.16751	-5.68661	-1	-1	-1
1	1	6.31751	-5.68661	-1	-1	-1
1	1	6.46751	-5.68661	-1	-1	-1
1	1	6.61751	-5.68661	-1	-1	-1
1	1	6.76751	-5.68661	-1	-1	-1
1	1	6.91751	-5.68661	-1	-1	-1
1	1	7.06751	-5.68661	-1	-1	-1
1	1	7.21751	-5.68661	-1	-1	-1
1	1	7.36751	-5.68661	-1	-1	-1
1	1	7.51751	-5.68661	-1	-1	-1
1	1	7.66751	-5.68661	-1	-1	-1
1	1	7.81751	-5.68661	-1	-1	-1
1	1	7.96751	-5.68661	-1	-1	-1
1	1	8.11751	-5.68661	-1	-1	-1
1	1	5.86751	-5.53661	-1	-1	-1
1	1	6.01751	-5.53661	-1	-1	-1
1	1	6.16751	-5.53661	-1	-1	-1
1	1	6.31751	-5.53661	-1	-1	-1
1	1	6.46751	-5.53661	-1	-1	-1
1	1	6.61751	-5.53661	-1	-1	-1
1	1	6.76751	-5.53661	-1	-1	-1
1	1	6.91751	-5.53661	-1	-1	-1
1	1	7.06751	-5.53661	-1	-1	-1
1	1	7.21751	-5.53661	-1	-1	-1
1	1	7.36751	-5.53661	-1	-1	-1
1	1	7.51751	-5.53661	-1	-1	-1
1	1	7.66751	-5.53661	-1	-1	-1
1	1	7.81751	-5.53661	-1	-1	-1
1	1	7.96751	-5.53661	-1	-1	-1
1	1	8.11751	-5.53661	-1	-1	-1
1	1	5.86751	-5.38661	-1	-1	-1
1	1	6.01751	-5.38661	-1	-1	-1
1	1	6.16751	-5.38661	-1	-1	-1
1	1	6.31751	-5.38661	-1	-1	-1
1	1	6.46751	-5.38661	-1	-1	-1
1	1	6.61751	-5.38661	-1	-1	-1
1	1	6.76751	-5.38661	-1	-1	-1
1	1	6.91751	-5.38661	-1	-1	-1
1	1	7.06751	-5.38661	-1	-1	-1
1	1	7.21751	-5.38661	-1	-1	-1
1	1	7.36751	-5.38661	-1	-1	-1
1	1	7.51751	-5.38661	-1	-1	-1
1	1	7.66751	-5.38661	-1	-1	-1
1	1	7.81751	-5.38661	-1	-1	-1
1	1	7.96751	-5.38661	-1	-1	-1
1	1	8.11751	-5.38661	-1	-1	-1
1	1	5.86751	-5.23661	-1	-1	-1
1	1	6.01751	-5.23661	-1	-1	-1
1	1	6.16751	-5.23661	-1	-1	-1
1	1	6.31751	-5.23661	-1	-1	-1
1	1	6.46751	-5.23661	-1	-1	-1
1	1	6.61751	-5.23661	-1	-1	-1
1	1	6.76751	-5.23661	-1	-1	-1
1	1	6.91751	-5.23661	-1	-1	-1
1	1	7.06751	-5.23661	-1	-1	-1
1	1	7.21751	-5.23661	-1	-1	-1
1	1	7.36751	-5.23661	-1	-1	-1
1	1	7.51751	-5.23661	-1	-1	-1
1	1	7.66751	-5.23661	-1	-1	-1
1	1	7.81751	-5.23661	-1	-1	-1
1	1	7.96751	-5.23661	-1	-1	-1
1	1	8.11751	-5.23661	-1	-1	-1
1	1	5.86751	-5.08661	-1	-1	-1
1	1	6.01751	-5.08661	-1	-1	-1
1	1	6.16751	-5.08661	-1	-1	-1
1	1	6.31751	-5.08661	-1	-1	-1
1	1	6.46751	-5.08661	-1	-1	-1
1	1	6.61751	-5.08661	-1	-1	-1
1	1	6.76751	-5.08661	-1	-1	-1
1	1	6.91751	-5.08661	-1	-1	-1
1	1	7.06751	-5.08661	-1	-1	-1
1	1	7.21751	-5.08661	-1	-1	-1
1	1	7.36751	-5.08661	-1	-1	-1
1	1	7.51751	-5.08661	-1	-1	-1
1	1	7.66751	-5.08661	-1	-1	-1
1	1	7.81751	-5.08661	-1	-1	-1
1	1	7.96751	-5.08661	-1	-1	-1
1	1	8.11751	-5.08661	-1	-1	-1
2	4	-5.99588	5.4423	-1	-1	-1
2	4	-5.84588	5.4423	-1	-1	-1
2	4	-5.69588	5.4423	-1	-1	-1
2	4	-5.54588	5.4423	-1	-1	-1
2	4	-5.39588	5.4423	4768	4902.75	-1
2	4	-5.24588	5.4423	4693	4756.53	-1
2	4	-5.09588	5.4423	4490	4555.31	-1
2	4	-4.94588	5.4423	4225	4281.44	-1
2	4	-5.99588	5.5923	-1	-1	-1
2	4	-5.84588	5.5923	-1	-1	-1
2	4	-5.69588	5.5923	-1	-1	-1
2	4	-5.54588	5.5923	-1	-1	-1
2	4	-5.39588	5.5923	-1	-1	-1
2	4	-5.24588	5.5923	-1	-1	-1
2	4	-5.09588	5.5923	4521	4587.81	-1
2	4	-4.94588	5.5923	4341	4400.03	-1
2	4	-5.99588	5.7423	-1	-1	-1
2	4	-5.84588	5.7423	-1	-1	-1
2	4	-5.69588	5.7423	-1	-1	-1
2	4	-5.54588	5.7423	-1	-1	-1
2	4	-5.39588	5.7423	-1	-1	-1
2	4	-5.24588	5.7423	-1	-1	-1
2	4	-5.09588	5.7423	4829	4888.12	-1
2	4	-4.94588	5.7423	-1	-1	-1
2	4	-5.99588	5.8923	-1	-1	-1
2	4	-5.84588	5.8923	-1	-1	-1
2	4	-5.69588	5.8923	-1	-1	-1
2	4	-5.54588	5.8923	-1	-1	-1
2	4	-5.39588	5.8923	-1	-1	-1
2	4	-5.24588	5.8923	-1	-1	-1
2	4	-5.09588	5.8923	-1	-1	-1
2	4	-4.94588	5.8923	-1	-1	-1
2	4	-5.99588	6.0423	-1	-1	-1
2	4	-5.84588	6.0423	-1	-1	-1
2	4	-5.69588	6.0423	-1	-1	-1
2	4	-5.54588	6.0423	-1	-1	-1
2	4	-5.39588	6.0423	-1	-1	-1
2	4	-5.24588	6.0423	-1	-1	-1
2	4	-5.09588	6.0423	-1	-1	-1
2	4	-4.94588	6.0423	-1	-1	-1
2	4	-5.99588	6.1923	-1	-1	-1
2	4	-5.84588	6.1923	-1	-1	-1
2	4	-5.69588	6.1923	-1	-1	-1
2	4	-5.54588	6.1923	-1	-1	-1
2	4	-5.39588	6.1923	-1	-1	-1
2	4	-5.24588	6.1923	-1	-1	-1
2	4	-5.09588	6.1923	-1	-1	-1
2	4	-4.94588	6.1923	-1	-1	-1
2	4	-5.99588	6.3423	-1	-1	-1
2	4	-5.84588	6.3423	-1	-1	-1
2	4	-5.69588	6.3423	-1	-1	-1
2	4	-5.54588	6.3423	-1	-1	-1
2	4	-5.39588	6.3423	-1	-1	-1
2	4	-5.24588	6.3423	-1	-1	-1
2	4	-5.09588	6.3423	-1	-1	-1
2	4	-4.94588	6.3423	-1	-1	-1
2	4	-5.99588	6.4923	-1	-1	-1
2	4	-5.84588	6.4923	-1	-1	-1
2	4	-5.69588	6.4923	-1	-1	-1
2	4	-5.54588	6.4923	-1	-1	-1
2	4	-5.39588	6.4923	-1	-1	-1
2	4	-5.24588	6.4923	-1	-1	-1
2	4	-5.09588	6.4923	-1	-1	-1
2	4	-4.94588	6.4923	-1	-1	-1
3	4	3.31852	-2.00119	917	1051.31	-1
3	4	3.46852	-2.00119	3609	3655.03	-1
3	4	3.61852	-2.00119	4352	4484.53	-1
3	4	3.76852	-2.00119	-1	-1	-1
3	4	3.91852	-2.00119	-1	-1	-1
3	4	4.06852	-2.00119	-1	-1	-1
3	4	4.21852	-2.00119	-1	-1	-1
3	4	4.36852	-2.00119	-1	-1	-1
3	4	3.31852	-1.85119	861	985.594	-1
3	4	3.46852	-1.85119	3546	3596.97	-1
3	4	3.61852	-1.85119	3699	3737.91	-1
3	4	3.76852	-1.85119	3878	3927.09	-1
3	4	3.91852	-1.85119	4691	4729.19	-1
3	4	4.06852	-1.85119	-1	-1	-1
3	4	4.21852	-1.85119	-1	-1	-1
3	4	4.36852	-1.85119	-1	-1	-1
3	4	3.31852	-1.70119	1022	1063.25	-1
3	4	3.46852	-1.70119	3379	3513.78	-1
3	4	3.61852	-1.70119	3784	3832.62	-1
3	4	3.76852	-1.70119	3921	3972.81	-1
3	4	3.91852	-1.70119	3981	4039.25	-1
3	4	4.06852	-1.70119	-1	-1	-1
3	4	4.21852	-1.70119	-1	-1	-1
3	4	4.36852	-1.70119	-1	-1	-1
3	4	3.31852	-1.55119	3618	3652.5	-1
3	4	3.46852	-1.55119	3698	3730.75	-1
3	4	3.61852	-1.55119	3814	3861.81	-1
3	4	3.76852	-1.55119	4057	4101.03	-1
3	4	3.91852	-1.55119	4098	4137.59	-1
3	4	4.06852	-1.55119	-1	-1	-1
3	4	4.21852	-1.55119	-1	-1	-1
3	4	4.36852	-1.55119	-1	-1	-1
3	4	3.31852	-1.40119	4045	4082.91	-1
3	4	3.46852	-1.40119	3936	3984.38	-1
3	4	3.61852	-1.40119	3852	3892.44	-1
3	4	3.76852	-1.40119	4097	4133.72	-1
3	4	3.91852	-1.40119	-1	-1	-1
3	4	4.06852	-1.40119	-1	-1	-1
3	4	4.21852	-1.40119	-1	-1	-1
3	4	4.36852	-1.40119	-1	-1	-1
3	4	3.31852	-1.25119	367	395.938	-1
3	4	3.46852	-1.25119	529	559.562	-1
3	4	3.61852	-1.25119	4512	4635.84	-1
3	4	3.76852	-1.25119	-1	-1	-1
3	4	3.91852	-1.25119	-1	-1	-1
3	4	4.06852	-1.25119	-1	-1	-1
3	4	4.21852	-1.25119	-1	-1	-1
3	4	4.36852	-1.25119	-1	-1	-1
3	4	3.31852	-1.10119	422	466.312	-1
3	4	3.46852	-1.10119	461	494.875	-1
3	4	3.61852	-1.10119	-1	-1	-1
3	4	3.76852	-1.10119	-1	-1	-1
3	4	3.91852	-1.10119	-1	-1	-1
3	4	4.06852	-1.10119	-1	-1	-1
3	4	4.21852	-1.10119	-1	-1	-1
3	4	4.36852	-1.10119	-1	-1	-1
3	4	3.31852	-0.95119	454	486.438	-1
3	4	3.46852	-0.95119	-1	-1	-1
3	4	3.61852	-0.95119	-1	-1	-1
3	4	3.76852	-0.95119	-1	-1	-1
3	4	3.91852	-0.95119	-1	-1	-1
3	4	4.06852	-0.95119	-1	-1	-1
3	4	4.21852	-0.95119	-1	-1	-1
3	4	4.36852	-0.95119	-1	-1	-1
4	4	-8.41254	-1.98621	1044	1107.88	-1
4	4	-8.26254	-1.98621	2210	2300.22	-1
4	4	-8.11254	-1.98621	2313	2378.22	-1
4	4	-7.96254	-1.98621	2339	2396.12	-1
4	4	-7.81254	-1.98621	2610	2675.81	-1
4	4	-7.66254	-1.98621	-1	-1	-1
4	4	-7.51254	-1.98621	-1	-1	-1
4	4	-7.36254	-1.98621	-1	-1	-1
4	4	-8.41254	-1.83621	1169	1233	-1
4	4	-8.26254	-1.83621	1235	1296.06	-1
4	4	-8.11254	-1.83621	1876	1971.78	-1
4	4	-7.96254	-1.83621	2057	2125.56	-1
4	4	-7.81254	-1.83621	2483	2548.28	-1
4	4	-7.66254	-1.83621	-1	-1	-1
4	4	-7.51254	-1.83621	-1	-1	-1
4	4	-7.36254	-1.83621	-1	-1	-1
4	4	-8.41254	-1.68621	1233	1319.03	-1
4	4	-8.26254	-1.68621	1426	1488.53	-1
4	4	-8.11254	-1.68621	1561	1622.62	-1
4	4	-7.96254	-1.68621	2147	2229.25	-1
4	4	-7.81254	-1.68621	2507	2568.25	-1
4	4	-7.66254	-1.68621	2561	2625.41	-1
4	4	-7.51254	-1.68621	-1	-1	-1
4	4	-7.36254	-1.68621	-1	-1	-1
4	4	-8.41254	-1.53621	1387	1468.91	-1
4	4	-8.26254	-1.53621	1924	2049.78	-1
4	4	-8.11254	-1.53621	1742	1800.38	-1
4	4	-7.96254	-1.53621	2165	2238.34	-1
4	4	-7.81254	-1.53621	2546	2613.19	-1
4	4	-7.66254	-1.53621	-1	-1	-1
4	4	-7.51254	-1.53621	-1	-1	-1
4	4	-7.36254	-1.53621	4599	4696.22	-1
4	4	-8.41254	-1.38621	1597	1668.97	-1
4	4	-8.26254	-1.38621	2271	2334.19	-1
4	4	-8.11254	-1.38621	2118	2198.41	-1
4	4	-7.96254	-1.38621	2328	2407.12	-1
4	4	-7.81254	-1.38621	-1	-1	-1
4	4	-7.66254	-1.38621	-1	-1	-1
4	4	-7.51254	-1.38621	2225	2307.56	-1
4	4	-7.36254	-1.38621	2369	2443.72	-1
4	4	-8.41254	-1.23621	2631	2707.09	-1
4	4	-8.26254	-1.23621	2496	2566.88	-1
4	4	-8.11254	-1.23621	2804	2874.06	-1
4	4	-7.96254	-1.23621	-1	-1	-1
4	4	-7.81254	-1.23621	-1	-1	-1
4	4	-7.66254	-1.23621	2268	2330.62	-1
4	4	-7.51254	-1.23621	2113	2167.66	-1
4	4	-7.36254	-1.23621	1930	2024.91	-1
4	4	-8.41254	-1.08621	-1	-1	-1
4	4	-8.26254	-1.08621	-1	-1	-1
4	4	-8.11254	-1.08621	-1	-1	-1
4	4	-7.96254	-1.08621	-1	-1	-1
4	4	-7.81254	-1.08621	-1	-1	-1
4	4	-7.66254	-1.08621	-1	-1	-1
4	4	-7.51254	-1.08621	-1	-1	-1
4	4	-7.36254	-1.08621	2081	2142.44	-1
4	4	-8.41254	-0.936207	-1	-1	-1
4	4	-8.26254	-0.936207	-1	-1	-1
4	4	-8.11254	-0.936207	-1	-1	-1
4	4	-7.96254	-0.936207	-1	-1	-1
4	4	-7.81254	-0.936207	-1	-1	-1
4	4	-7.66254	-0.936207	-1	-1	-1
4	4	-7.51254	-0.936207	-1	-1	-1
4	4	-7.36254	-0.936207	-1	-1	-1
5	4	2.45294	0.109814	68	108.031	-1
5	4	2.60294	0.109814	416	540.5	-1
5	4	2.75294	0.109814	2319	2446.25	-1
5	4	2.90294	0.109814	2606	2653.34	-1
5	4	3.05294	0.109814	2708	2754.47	-1
5	4	3.20294	0.109814	3079	3110.03	-1
5	4	3.35294	0.109814	3152	3196.69	-1
5	4	3.50294	0.109814	5262	5384.12	-1
5	4	2.45294	0.259814	178	201.969	-1
5	4	2.60294	0.259814	563	590.812	-1
5	4	2.75294	0.259814	2359	2385.72	-1
5	4	2.90294	0.259814	2408	2434.25	-1
5	4	3.05294	0.259814	2756	2788.75	-1
5	4	3.20294	0.259814	3266	3297.44	-1
5	4	3.35294	0.259814	5335	5389.38	-1
5	4	3.50294	0.259814	-1	-1	-1
5	4	2.45294	0.409814	28	54.5625	-1
5	4	2.60294	0.409814	108	153.469	-1
5	4	2.75294	0.409814	1783	1919	-1
5	4	2.90294	0.409814	2205	2322.72	-1
5	4	3.05294	0.409814	2479	2528.81	-1
5	4	3.20294	0.409814	-1	-1	-1
5	4	3.35294	0.409814	-1	-1	-1
5	4	3.50294	0.409814	-1	-1	-1
5	4	2.45294	0.559814	72	132.844	-1
5	4	2.60294	0.559814	1397	1522.09	-1
5	4	2.75294	0.559814	2518	2561.88	-1
5	4	2.90294	0.559814	2603	2633.94	-1
5	4	3.05294	0.559814	3992	4022.44	-1
5	4	3.20294	0.559814	3967	4027.56	-1
5	4	3.35294	0.559814	-1	-1	-1
5	4	3.50294	0.559814	-1	-1	-1
5	4	2.45294	0.709814	950	976.25	-1
5	4	2.60294	0.709814	2558	2593	-1
5	4	2.75294	0.709814	2615	2662.72	-1
5	4	2.90294	0.709814	2633	2690.44	-1
5	4	3.05294	0.709814	3703	3767.81	-1
5	4	3.20294	0.709814	3868	3901.03	-1
5	4	3.35294	0.709814	4055	4084.34	-1
5	4	3.50294	0.709814	4722	4777.19	-1
5	4	2.45294	0.859814	105	155.875	-1
5	4	2.60294	0.859814	2742	2771	-1
5	4	2.75294	0.859814	2688	2714.78	-1
5	4	2.90294	0.859814	3443	3566.84	-1
5	4	3.05294	0.859814	3608	3667.25	-1
5	4	3.20294	0.859814	3743	3802.66	-1
5	4	3.35294	0.859814	4110	4146.62	-1
5	4	3.50294	0.859814	4686	4740.03	-1
5	4	2.45294	1.00981	25	72.0625	-1
5	4	2.60294	1.00981	3086	3110.31	-1
5	4	2.75294	1.00981	3875	3956.41	-1
5	4	2.90294	1.00981	3641	3691.94	-1
5	4	3.05294	1.00981	3774	3808.53	-1
5	4	3.20294	1.00981	3844	3889.03	-1
5	4	3.35294	1.00981	3857	3919.47	-1
5	4	3.50294	1.00981	4543	4658.97	-1
5	4	2.45294	1.15981	527	554.406	-1
5	4	2.60294	1.15981	4560	4692.62	-1
5	4	2.75294	1.15981	3920	3979.34	-1
5	4	2.90294	1.15981	3816	3852.81	-1
5	4	3.05294	1.15981	3945	4011.12	-1
5	4	3.20294	1.15981	4003	4065.38	-1
5	4	3.35294	1.15981	4804	4840.91	-1
5	4	3.50294	1.15981	5206	5236.62	-1
6	16	5.21541	-4.67052	4229	4362.41	-1
6	16	5.36541	-4.67052	-1	-1	-1
6	16	5.51541	-4.67052	-1	-1	-1
6	16	5.66541	-4.67052	-1	-1	-1
6	16	5.21541	-4.52052	-1	-1	-1
6	16	5.36541	-4.52052	-1	-1	-1
6	16	5.51541	-4.52052	-1	-1	-1
6	16	5.66541	-4.52052	-1	-1	-1
6	16	5.21541	-4.37052	-1	-1	-1
6	16	5.36541	-4.37052	-1	-1	-1
6	16	5.51541	-4.37052	-1	-1	-1
6	16	5.66541	-4.37052	-1	-1	-1
6	16	5.21541	-4.22052	-1	-1	-1
6	16	5.36541	-4.22052	-1	-1	-1
6	16	5.51541	-4.22052	-1	-1	-1
6	16	5.66541	-4.22052	-1	-1	-1
7	16	7.06994	-8.16619	-1	-1	-1
7	16	7.21994	-8.16619	-1	-1	-1
7	16	7.36994	-8.16619	-1	-1	-1
7	16	7.51994	-8.16619	-1	-1	-1
7	16	7.06994	-8.01619	-1	-1	-1
7	16	7.21994	-8.01619	-1	-1	-1
7	16	7.36994	-8.01619	-1	-1	-1
7	16	7.51994	-8.01619	-1	-1	-1
7	16	7.06994	-7.86619	-1	-1	-1
7	16	7.21994	-7.86619	-1	-1	-1
7	16	7.36994	-7.86619	-1	-1	-1
7	16	7.51994	-7.86619	-1	-1	-1
7	16	7.06994	-7.71619	-1	-1	-1
7	16	7.21994	-7.71619	-1	-1	-1
7	16	7.36994	-7.71619	-1	-1	-1
7	16	7.51994	-7.71619	-1	-1	-1
8	16	3.81747	8.72605	1316	1402.06	-1
8	16	3.96747	8.72605	-1	-1	-1
8	16	4.11747	8.72605	-1	-1	-1
8	16	4.26747	8.72605	-1	-1	-1
8	16	3.81747	8.87605	-1	-1	-1
8	16	3.96747	8.87605	-1	-1	-1
8	16	4.11747	8.87605	-1	-1	-1
8	16	4.26747	8.87605	-1	-1	-1
8	16	3.81747	9.02605	-1	-1	-1
8	16	3.96747	9.02605	-1	-1	-1
8	16	4.11747	9.02605	-1	-1	-1
8	16	4.26747	9.02605	-1	-1	-1
8	16	3.81747	9.17605	-1	-1	-1
8	16	3.96747	9.17605	-1	-1	-1
8	16	4.11747	9.17605	-1	-1	-1
8	16	4.26747	9.17605	-1	-1	-1
9	16	-8.84702	0.132638	-1	-1	-1
9	16	-8.69702	0.132638	-1	-1	-1
9	16	-8.54702	0.132638	-1	-1	-1
9	16	-8.39702	0.132638	-1	-1	-1
9	16	-8.84702	0.282638	-1	-1	-1
9	16	-8.69702	0.282638	-1	-1	-1
9	16	-8.54702	0.282638	-1	-1	-1
9	16	-8.39702	0.282638	-1	-1	-1
9	16	-8.84702	0.432638	-1	-1	-1
9	16	-8.69702	0.432638	-1	-1	-1
9	16	-8.54702	0.432638	-1	-1	-1
9	16	-8.39702	0.432638	-1	-1	-1
9	16	-8.84702	0.582638	-1	-1	-1
9	16	-8.69702	0.582638	-1	-1	-1
9	16	-8.54702	0.582638	-1	-1	-1
9	16	-8.39702	0.582638	-1	-1	-1
10	16	-2.98159	3.18154	-1	-1	-1
10	16	-2.83159	3.18154	5381	-1	-1
10	16	-2.68159	3.18154	1341	1490.88	-1
10	16	-2.53159	3.18154	1096	1248.41	-1
10	16	-2.98159	3.33154	-1	-1	-1
10	16	-2.83159	3.33154	-1	-1	-1
10	16	-2.68159	3.33154	993	1031.84	-1
10	16	-2.53159	3.33154	365	407.406	-1
10	16	-2.98159	3.48154	-1	-1	-1
10	16	-2.83159	3.48154	-1	-1	-1
10	16	-2.68159	3.48154	909	944.406	-1
10	16	-2.53159	3.48154	255	394.875	-1
10	16	-2.98159	3.63154	-1	-1	-1
10	16	-2.83159	3.63154	3205	3247.53	-1
10	16	-2.68159	3.63154	3125	3262.59	-1
10	16	-2.53159	3.63154	2121	2259.56	-1
11	16	-4.9909	-3.96917	-1	-1	-1
11	16	-4.8409	-3.96917	-1	-1	-1
11	16	-4.6909	-3.96917	-1	-1	-1
11	16	-4.5409	-3.96917	253	399.062	-1
11	16	-4.9909	-3.81917	-1	-1	-1
11	16	-4.8409	-3.81917	-1	-1	-1
11	16	-4.6909	-3.81917	-1	-1	-1
11	16	-4.5409	-3.81917	-1	-1	-1
11	16	-4.9909	-3.66917	-1	-1	-1
11	16	-4.8409	-3.66917	-1	-1	-1
11	16	-4.6909	-3.66917	-1	-1	-1
11	16	-4.5409	-3.66917	-1	-1	-1
11	16	-4.9909	-3.51917	1568	1687.5	-1
11	16	-4.8409	-3.51917	-1	-1	-1
11	16	-4.6909	-3.51917	-1	-1	-1
11	16	-4.5409	-3.51917	-1	-1	-1
12	16	-6.10999	1.80772	-1	-1	-1
12	16	-5.95999	1.80772	-1	-1	-1
12	16	-5.80999	1.80772	2992	3099.44	-1
12	16	-5.65999	1.80772	-1	-1	-1
12	16	-6.10999	1.95772	-1	-1	-1
12	16	-5.95999	1.95772	-1	-1	-1
12	16	-5.80999	1.95772	-1	-1	-1
12	16	-5.65999	1.95772	3077	3191.91	-1
12	16	-6.10999	2.10772	-1	-1	-1
12	16	-5.95999	2.10772	2535	2633.88	-1
12	16	-5.80999	2.10772	2033	2131.66	-1
12	16	-5.65999	2.10772	1502	1614.62	-1
12	16	-6.10999	2.25772	-1	-1	-1
12	16	-5.95999	2.25772	2679	2725.25	-1
12	16	-5.80999	2.25772	2190	2248.09	-1
12	16	-5.65999	2.25772	1658	1708.94	-1
13	16	-8.19159	0.172054	-1	-1	-1
13	16	-8.04159	0.172054	-1	-1	-1
13	16	-7.89159	0.172054	4343	4403.59	-1
13	16	-7.74159	0.172054	3500	3558.56	-1
13	16	-8.19159	0.322054	-1	-1	-1
13	16	-8.04159	0.322054	-1	-1	-1
13	16	-7.89159	0.322054	3467	3551.91	-1
13	16	-7.74159	0.322054	3271	3369.25	-1
13	16	-8.19159	0.472054	-1	-1	-1
13	16	-8.04159	0.472054	-1	-1	-1
13	16	-7.89159	0.472054	-1	-1	-1
13	16	-7.74159	0.472054	3433	3497.88	-1
13	16	-8.19159	0.622054	-1	-1	-1
13	16	-8.04159	0.622054	-1	-1	-1
13	16	-7.89159	0.622054	-1	-1	-1
13	16	-7.74159	0.622054	3461	3528.34	-1
14	16	-8.21214	-5.15174	-1	-1	-1
14	16	-8.06214	-5.15174	-1	-1	-1
14	16	-7.91214	-5.15174	-1	-1	-1
14	16	-7.76214	-5.15174	-1	-1	-1
14	16	-8.21214	-5.00174	-1	-1	-1
14	16	-8.06214	-5.00174	-1	-1	-1
14	16	-7.91214	-5.00174	-1	-1	-1
14	16	-7.76214	-5.00174	-1	-1	-1
14	16	-8.21214	-4.85174	-1	-1	-1
14	16	-8.06214	-4.85174	-1	-1	-1
14	16	-7.91214	-4.85174	-1	-1	-1
14	16	-7.76214	-4.85174	-1	-1	-1
14	16	-8.21214	-4.70174	-1	-1	-1
14	16	-8.06214	-4.70174	-1	-1	-1
14	16	-7.91214	-4.70174	-1	-1	-1
14	16	-7.76214	-4.70174	-1	-1	-1
15	16	-0.67978	-4.53768	1275	1312.44	-1
15	16	-0.52978	-4.53768	-1	-1	-1
15	16	-0.37978	-4.53768	-1	-1	-1
15	16	-0.22978	-4.53768	-1	-1	-1
15	16	-0.67978	-4.38768	-1	-1	-1
15	16	-0.52978	-4.38768	-1	-1	-1
15	16	-0.37978	-4.38768	-1	-1	-1
15	16	-0.22978	-4.38768	5142	5188.56	-1
15	16	-0.67978	-4.23768	-1	-1	-1
15	16	-0.52978	-4.23768	-1	-1	-1
15	16	-0.37978	-4.23768	5200	5240.62	-1
15	16	-0.22978	-4.23768	5027	5071.5	-1
15	16	-0.67978	-4.08768	3551	3584.62	-1
15	16	-0.52978	-4.08768	3466	3499.31	-1
15	16	-0.37978	-4.08768	507	637.469	-1
15	16	-0.22978	-4.08768	1783	1816.81	-1
16	16	2.29085	8.60652	-1	-1	-1
16	16	2.44085	8.60652	-1	-1	-1
16	16	2.59085	8.60652	-1	-1	-1
16	16	2.74085	8.60652	-1	-1	-1
16	16	2.29085	8.75652	-1	-1	-1
16	16	2.44085	8.75652	-1	-1	-1
16	16	2.59085	8.75652	-1	-1	-1
16	16	2.74085	8.75652	-1	-1	-1
16	16	2.29085	8.90652	1942	2011.25	-1
16	16	2.44085	8.90652	-1	-1	-1
16	16	2.59085	8.90652	-1	-1	-1
16	16	2.74085	8.90652	-1	-1	-1
16	16	2.29085	9.05652	1765	1834.81	-1
16	16	2.44085	9.05652	-1	-1	-1
16	16	2.59085	9.05652	-1	-1	-1
16	16	2.74085	9.05652	-1	-1	-1
17	16	3.04795	-4.97037	4986	5049.56	-1
17	16	3.19795	-4.97037	5294	5357.75	-1
17	16	3.34795	-4.97037	-1	-1	-1
17	16	3.49795	-4.97037	-1	-1	-1
17	16	3.04795	-4.82037	4902	4945.12	-1
17	16	3.19795	-4.82037	5101	5181.47	-1
17	16	3.34795	-4.82037	-1	-1	-1
17	16	3.49795	-4.82037	-1	-1	-1
17	16	3.04795	-4.67037	4729	4861.66	-1
17	16	3.19795	-4.67037	5226	5278.56	-1
17	16	3.34795	-4.67037	-1	-1	-1
17	16	3.49795	-4.67037	-1	-1	-1
17	16	3.04795	-4.52037	1947	2074.72	-1
17	16	3.19795	-4.52037	5305	5358.25	-1
17	16	3.34795	-4.52037	-1	-1	-1
17	16	3.49795	-4.52037	4198	4346.16	-1
18	16	2.79463	5.77894	759	806.312	-1
18	16	2.94463	5.77894	4205	4324.59	-1
18	16	3.09463	5.77894	5082	5202.84	-1
18	16	3.24463	5.77894	5259	5312.88	-1
18	16	2.79463	5.92894	653	711.344	-1
18	16	2.94463	5.92894	3235	3349.69	-1
18	16	3.09463	5.92894	-1	-1	-1
18	16	3.24463	5.92894	-1	-1	-1
18	16	2.79463	6.07894	3395	3444.91	-1
18	16	2.94463	6.07894	-1	-1	-1
18	16	3.09463	6.07894	-1	-1	-1
18	16	3.24463	6.07894	-1	-1	-1
18	16	2.79463	6.22894	-1	-1	-1
18	16	2.94463	6.22894	-1	-1	-1
18	16	3.09463	6.22894	-1	-1	-1
18	16	3.24463	6.22894	-1	-1	-1
19	16	1.28042	5.43999	-1	-1	-1
19	16	1.43042	5.43999	-1	-1	-1
19	16	1.58042	5.43999	280	386.875	-1
19	16	1.73042	5.43999	3703	3750.47	-1
19	16	1.28042	5.58999	-1	-1	-1
19	16	1.43042	5.58999	-1	-1	-1
19	16	1.58042	5.58999	-1	-1	-1
19	16	1.73042	5.58999	-1	-1	-1
19	16	1.28042	5.73999	-1	-1	-1
19	16	1.43042	5.73999	-1	-1	-1
19	16	1.58042	5.73999	-1	-1	-1
19	16	1.73042	5.73999	-1	-1	-1
19	16	1.28042	5.88999	-1	-1	-1
19	16	1.43042	5.88999	-1	-1	-1
19	16	1.58042	5.88999	-1	-1	-1
19	16	1.73042	5.88999	-1	-1	-1
20	16	-3.72967	-5.33142	-1	-1	-1
20	16	-3.57967	-5.33142	-1	-1	-1
20	16	-3.42967	-5.33142	-1	-1	-1
20	16	-3.27967	-5.33142	-1	-1	-1
20	16	-3.72967	-5.18142	-1	-1	-1
20	16	-3.57967	-5.18142	-1	-1	-1
20	16	-3.42967	-5.18142	-1	-1	-1
20	16	-3.27967	-5.18142	597	716	-1
20	16	-3.72967	-5.03142	-1	-1	-1
20	16	-3.57967	-5.03142	-1	-1	-1
20	16	-3.42967	-5.03142	-1	-1	-1
20	16	-3.27967	-5.03142	1715	1762.88	-1
20	16	-3.72967	-4.88142	-1	-1	-1
20	16	-3.57967	-4.88142	-1	-1	-1
20	16	-3.42967	-4.88142	4835	4883.59	-1
20	16	-3.27967	-4.88142	-1	-1	-1
21	16	4.84487	7.00058	-1	-1	-1
21	16	4.99487	7.00058	-1	-1	-1
21	16	5.14487	7.00058	-1	-1	-1
21	16	5.29487	7.00058	-1	-1	-1
21	16	4.84487	7.15058	-1	-1	-1
21	16	4.99487	7.15058	-1	-1	-1
21	16	5.14487	7.15058	-1	-1	-1
21	16	5.29487	7.15058	-1	-1	-1
21	16	4.84487	7.30058	-1	-1	-1
21	16	4.99487	7.30058	-1	-1	-1
21	16	5.14487	7.30058	-1	-1	-1
21	16	5.29487	7.30058	-1	-1	-1
21	16	4.84487	7.45058	-1	-1	-1
21	16	4.99487	7.45058	-1	-1	-1
21	16	5.14487	7.45058	-1	-1	-1
21	16	5.29487	7.45058	-1	-1	-1
0	256	5.85031	-1.24136	-1	-1	-1
0	256	-6.85105	5.53793	-1	-1	-1
0	256	0.502553	-5.21992	5317	-1	-1
0	256	9.31791	-2.9897	-1	-1	-1
0	256	-2.9154	-4.28537	-1	-1	-1
0	256	2.32508	4.97229	934	1064.69	-1
0	256	6.73604	-2.75041	-1	-1	-1
0	256	-4.48123	3.55657	-1	-1	-1
0	256	8.33118	4.38431	-1	-1	-1
0	256	-2.45529	-7.68174	-1	-1	-1
0	256	-3.65576	-1.5102	36	67.8438	-1
0	256	3.9597	5.76827	-1	-1	-1
0	256	-3.62531	7.66378	4915	4979.28	-1
0	256	-5.31266	4.26379	-1	-1	-1
0	256	-5.27606	-2.90979	-1	-1	-1
0	256	-4.92731	5.2466	4465	4529.94	-1
0	256	1.87815	5.36371	-1	-1	-1
0	256	8.90138	-3.70693	-1	-1	-1
0	256	4.9684	8.37727	-1	-1	-1
0	256	1.44815	3.03427	213	346.938	-1
0	256	-6.59758	-0.424092	823	920.719	-1
0	256	-2.14561	8.71752	-1	-1	-1
0	256	4.73595	2.9546	1087	1208.91	-1
0	256	-2.99727	7.39711	-1	-1	-1
0	256	-5.3042	7.57444	-1	-1	-1
0	256	5.84075	0.197558	-1	-1	-1
0	256	-2.81716	3.89283	2853	2898.44	-1
0	256	8.69068	-2.74163	3822	3910.5	-1
0	256	-5.92644	3.48993	-1	-1	-1
0	256	6.15847	5.41797	-1	-1	-1
0	256	5.65365	-3.9627	-1	-1	-1
0	256	-6.81008	2.94586	-1	-1	-1
0	256	-0.642171	-6.23959	-1	-1	-1
0	256	0.696472	7.91374	-1	-1	-1
0	256	-3.40072	5.69577	4229	4283.16	-1
0	256	-2.83297	1.92737	567	628.094	-1
0	256	4.57685	6.92048	-1	-1	-1
0	256	-0.497746	-6.25793	3256	3305.03	-1
0	256	3.82752	-5.87373	-1	-1	-1
0	256	6.87044	0.832394	-1	-1	-1
0	256	-8.368	-3.94674	4166	4231.41	-1
0	256	2.37713	2.89451	3626	3774.44	-1
0	256	3.79193	3.96053	4882	5038.03	-1
0	256	5.05722	4.5424	4275	4417.59	-1
0	256	-3.83735	-5.36489	-1	-1	-1
0	256	-2.38999	8.58802	-1	-1	-1
0	256	0.73071	-5.24063	-1	-1	-1
0	256	3.80312	-2.65854	-1	-1	-1
0	256	-3.66405	8.39332	-1	-1	-1
0	256	-5.0902	-7.72244	-1	-1	-1
0	256	4.32756	1.05109	-1	-1	-1
0	256	1.65551	-9.16887	-1	-1	-1
0	256	-4.50734	-0.15645	2034	2150.47	-1
0	256	6.94924	-4.00712	-1	-1	-1
0	256	5.28045	-4.9125	-1	-1	-1
0	256	-2.06847	-2.79026	1272	1430.75	-1
0	256	6.43416	7.47696	-1	-1	-1
0	256	-2.10414	8.60888	-1	-1	-1
0	256	5.59924	4.79759	209	342.406	-1
0	256	7.37894	6.36489	-1	-1	-1
0	256	4.01221	-3.91172	3004	3046.28	-1
0	256	7.76205	0.745218	-1	-1	-1
0	256	8.77331	-3.8869	-1	-1	-1
0	256	-3.87188	4.65771	4091	4158.38	-1
0	256	6.27906	-1.01968	-1	-1	-1
0	256	-2.50678	-8.07249	-1	-1	-1
0	256	-1.51713	-8.27427	-1	-1	-1
0	256	6.89714	-1.93736	-1	-1	-1
0	256	-8.59959	-1.13986	-1	-1	-1
0	256	5.4775	5.0969	-1	-1	-1
0	256	1.33885	-5.86974	-1	-1	-1
0	256	6.9267	0.0349792	-1	-1	-1
0	256	-4.45811	4.25111	-1	-1	-1
0	256	-1.60288	-3.62117	1964	1999.62	-1
0	256	-6.85106	2.00082	-1	-1	-1
0	256	4.86601	5.33455	96	236.094	-1
0	256	2.97045	-5.04305	5143	5200.59	-1
0	256	7.46896	5.9811	4991	5089.59	-1
0	256	6.18152	1.83438	833	883.656	-1
0	256	-6.02757	-3.51695	-1	-1	-1
0	256	-6.96112	4.91226	-1	-1	-1
0	256	7.57246	5.54389	-1	-1	-1
0	256	-4.83403	1.01589	-1	-1	-1
0	256	7.922	-1.17044	-1	-1	-1
0	256	-8.42401	-0.133244	-1	-1	-1
0	256	-2.55708	9.50156	-1	-1	-1
0	256	6.3465	-4.05499	-1	-1	-1
0	256	1.95252	9.44264	4576	4649.53	-1
0	256	6.56386	-4.20073	-1	-1	-1
0	256	3.54217	-3.4704	2909	3059.25	-1
0	256	3.29223	2.8371	4219	4362.38	-1
0	256	5.06639	-3.95263	-1	-1	-1
0	256	6.42147	4.38734	2951	3065.28	-1
0	256	5.34984	-5.88497	3100	3227.81	-1
0	256	-7.9763	5.3052	-1	-1	-1
0	256	-7.31237	-0.159046	-1	-1	-1
0	256	-2.44039	-3.46138	1097	1134.47	-1
0	256	0.69196	-8.51056	-1	-1	-1
0	256	2.74305	-3.1347	847	996.094	-1
0	256	-8.02905	3.18036	-1	-1	-1
0	256	8.52039	1.87161	-1	-1	-1
0	256	1.47466	3.81837	835	955.312	-1
0	256	-2.76715	-2.60018	61	92.0625	-1
0	256	-3.85023	6.64632	-1	-1	-1
0	256	3.28402	-0.78609	3263	3385	-1
0	256	-6.53122	2.96777	2993	3049.34	-1
0	256	0.831058	-8.14628	-1	-1	-1
0	256	2.19155	9.23396	1624	1699.38	-1
0	256	4.79851	-2.09963	-1	-1	-1
0	256	4.90689	-4.29311	4915	5060.69	-1
0	256	-2.86094	8.43606	1237	1307.91	-1
0	256	4.53983	6.46754	1687	1744.31	-1
0	256	2.29182	2.52381	671	700.469	-1
0	256	-8.58167	-0.208795	-1	-1	-1
0	256	7.37227	1.719	-1	-1	-1
0	256	-1.57781	-4.02915	-1	-1	-1
0	256	-6.44972	4.11287	3390	3516.06	-1
0	256	-7.5086	-5.56975	-1	-1	-1
0	256	-4.17891	-0.548223	790	920.375	-1
0	256	1.11208	-7.83219	-1	-1	-1
0	256	-2.48331	5.87766	933	980.938	-1
0	256	-1.68181	8.19838	-1	-1	-1
0	256	-3.2465	-4.70295	4968	5026.22	-1
0	256	-8.51098	1.54758	-1	-1	-1
0	256	-8.57817	4.73515	-1	-1	-1
0	256	-9.70731	-0.104721	2834	2905.03	-1
0	256	4.06624	2.76959	137	269.562	-1
0	256	-5.39837	-5.96033	3780	3844.47	-1
0	256	4.47135	6.29686	-1	-1	-1
0	256	0.981648	-4.36963	-1	-1	-1
0	256	7.38745	-4.08285	-1	-1	-1
0	256	7.48571	0.681569	-1	-1	-1
0	256	5.13237	3.18313	1108	1230.19	-1
0	256	5.27694	6.19598	-1	-1	-1
0	256	-4.19946	-1.18262	2799	2929.47	-1
0	256	1.381	8.29073	2883	2945.28	-1
0	256	-2.50447	5.98961	-1	-1	-1
0	256	0.601065	-5.95713	-1	-1	-1
0	256	1.11679	-6.42908	1428	1476.94	-1
0	256	-1.71657	3.60833	839	966.969	-1
0	256	-4.59933	7.65291	-1	-1	-1
0	256	-5.27566	-5.45889	4886	5018.06	-1
0	256	-0.339297	-8.74745	-1	-1	-1
0	256	-6.99684	2.17935	-1	-1	-1
0	256	-6.04988	7.82077	-1	-1	-1
0	256	-5.0517	-6.72109	4675	4744.47	-1
0	256	-4.88548	-2.37033	701	742.875	-1
0	256	-6.38129	0.835336	-1	-1	-1
0	256	-3.7968	6.10451	1969	2090.06	-1
0	256	2.82937	3.2049	-1	-1	-1
0	256	-1.18224	-6.39107	-1	-1	-1
0	256	-1.73192	5.29438	-1	-1	-1
0	256	8.82778	-0.131184	-1	-1	-1
0	256	4.43418	-8.86265	-1	-1	-1
0	256	-7.08766	6.99012	-1	-1	-1
0	256	-0.800487	8.13057	4337	4404.5	-1
0	256	-1.4609	3.94575	458	586.906	-1
0	256	-2.37069	8.27272	-1	-1	-1
0	256	0.712854	-3.29849	3391	3420.81	-1
0	256	3.61393	-7.66156	3285	3376.72	-1
0	256	-2.24345	4.7921	3017	3140.47	-1
0	256	-4.77058	4.4961	-1	-1	-1
0	256	-2.21299	-3.21568	306	357.219	-1
0	256	-1.57212	7.08154	-1	-1	-1
0	256	-3.56246	-4.05955	638	684.25	-1
0	256	5.72232	-5.38906	-1	-1	-1
0	256	-1.80068	-4.28968	-1	-1	-1
0	256	-8.97023	-4.34427	-1	-1	-1
0	256	7.91853	-1.6091	-1	-1	-1
0	256	2.60216	-2.01779	3129	3160.66	-1
0	256	8.94253	0.655358	-1	-1	-1
0	256	7.90218	2.88521	-1	-1	-1
0	256	-5.80042	6.76089	-1	-1	-1
0	256	2.46093	-8.96694	-1	-1	-1
0	256	7.82217	1.77507	-1	-1	-1
0	256	-4.41636	0.683238	-1	-1	-1
0	256	-6.281	-3.66894	-1	-1	-1
0	256	-4.65655	-5.86109	3003	3127.97	-1
0	256	-0.954821	-9.77314	-1	-1	-1
0	256	0.521359	-7.20808	-1	-1	-1
0	256	6.31003	-2.16962	-1	-1	-1
0	256	3.74769	-8.935	2753	2836.94	-1
0	256	-1.08503	5.50609	-1	-1	-1
0	256	6.24522	1.359	-1	-1	-1
0	256	3.96413	-9.14912	4148	4236.53	-1
0	256	7.30233	-0.815626	-1	-1	-1
0	256	-8.91074	-1.86279	1231	1311.94	-1
0	256	-4.74449	4.6817	614	762.188	-1
0	256	5.28089	3.79035	-1	-1	-1
0	256	4.86983	-3.0102	-1	-1	-1
0	256	-6.92894	-7.10431	-1	-1	-1
0	256	-5.09673	-8.27774	-1	-1	-1
0	256	-0.562289	6.85809	-1	-1	-1
0	256	-1.63925	-3.92863	370	501.281	-1
0	256	-1.72542	5.5046	-1	-1	-1
0	256	-2.7895	8.97317	-1	-1	-1
0	256	-2.10221	6.08998	-1	-1	-1
0	256	-9.09924	-0.0490969	-1	-1	-1
0	256	2.11792	-3.92475	4044	4167.97	-1
0	256	6.49059	6.7473	-1	-1	-1
0	256	-1.95851	7.62502	-1	-1	-1
0	256	5.85365	7.99801	-1	-1	-1
0	256	0.386243	-7.12072	-1	-1	-1
0	256	-4.208	-8.15299	-1	-1	-1
0	256	8.40798	3.12516	-1	-1	-1
0	256	7.12331	-4.4605	-1	-1	-1
0	256	-0.318492	-9.71815	-1	-1	-1
0	256	-9.37928	-1.78541	-1	-1	-1
0	256	2.2129	2.91262	-1	-1	-1
0	256	-8.86204	3.30528	-1	-1	-1
0	256	8.0243	-4.3019	-1	-1	-1
0	256	-6.90593	2.5589	-1	-1	-1
0	256	3.73919	-6.75426	4548	4667.25	-1
0	256	1.595	-4.17236	426	461.688	-1
0	256	7.99889	4.85324	-1	-1	-1
0	256	9.3608	-2.87512	-1	-1	-1
0	256	1.90066	-2.53296	-1	-1	-1
0	256	1.89555	-9.64961	-1	-1	-1
0	256	-3.81074	1.05023	241	271.906	-1
0	256	4.0057	-3.13686	-1	-1	-1
0	256	3.15946	-9.18904	1042	1134.5	-1
0	256	9.53868	1.27814	4952	5022.44	-1
0	256	-5.03342	-7.57523	4267	4337.38	-1
0	256	7.80807	6.16044	-1	-1	-1
0	256	5.91865	-8.02354	-1	-1	-1
0	256	-2.62589	7.37901	-1	-1	-1
0	256	-4.50241	-2.10467	380	514.031	-1
0	256	-6.30836	-5.12359	-1	-1	-1
0	256	1.65565	-3.80606	532	565.469	-1
0	256	1.93228	-3.50323	338	477.594	-1
0	256	-4.27296	7.26166	-1	-1	-1
0	256	4.09408	3.85139	1874	2033.53	-1
0	256	-2.1749	-2.8852	1493	1528	-1
0	256	4.35466	-5.04885	2948	3075.38	-1
0	256	-4.35414	8.41056	-1	-1	-1
0	256	-4.09422	-3.24983	1589	1741.19	-1
0	256	5.36768	-2.8407	-1	-1	-1
0	256	3.90987	5.95647	-1	-1	-1
0	256	-1.52742	-9.1139	-1	-1	-1
0	256	0.58605	7.97965	-1	-1	-1
0	256	0.293682	3.95294	297	417.812	-1
0	256	-3.3708	-3.94618	2661	2808.41	-1
0	256	-2.76299	8.6674	-1	-1	-1
0	256	-1.29124	-3.77223	3584	3706.28	-1
0	256	-6.04636	3.61439	1438	1555.12	-1
0	256	-7.88168	1.92564	769	868.406	-1
0	256	6.83789	0.0924589	-1	-1	-1
0	256	7.61459	-0.874043	-1	-1	-1
0	256	7.59572	4.46601	-1	-1	-1
0	256	2.22306	-7.89029	-1	-1	-1
0	256	4.80647	3.48859	-1	-1	-1
0	256	-6.0288	-3.66057	3489	3607.34	-1
0	256	-3.12056	0.663275	-1	-1	-1
0	256	-5.70613	2.43814	2240	2288.81	-1
0	256	3.98224	8.32254	-1	-1	-1
0	256	-6.28089	2.2312	-1	-1	-1
