Pile ID	Distribution Type	X-Position	Y-Position	Pickup Time	Drop Off Time	Ant ID
1	1	-0.941343	-8.08997	-1	-1	-1
1	1	-0.791343	-8.08997	-1	-1	-1
1	1	-0.641343	-8.08997	-1	-1	-1
1	1	-0.491343	-8.08997	-1	-1	-1
1	1	-0.341343	-8.08997	-1	-1	-1
1	1	-0.191343	-8.08997	-1	-1	-1
1	1	-0.0413429	-8.08997	-1	-1	-1
1	1	0.108657	-8.08997	-1	-1	-1
1	1	0.258657	-8.08997	-1	-1	-1
1	1	0.408657	-8.08997	-1	-1	-1
1	1	0.558657	-8.08997	-1	-1	-1
1	1	0.708657	-8.08997	-1	-1	-1
1	1	0.858657	-8.08997	-1	-1	-1
1	1	1.00866	-8.08997	-1	-1	-1
1	1	1.15866	-8.08997	-1	-1	-1
1	1	1.30866	-8.08997	-1	-1	-1
1	1	-0.941343	-7.93997	-1	-1	-1
1	1	-0.791343	-7.93997	-1	-1	-1
1	1	-0.641343	-7.93997	-1	-1	-1
1	1	-0.491343	-7.93997	-1	-1	-1
1	1	-0.341343	-7.93997	-1	-1	-1
1	1	-0.191343	-7.93997	-1	-1	-1
1	1	-0.0413429	-7.93997	-1	-1	-1
1	1	0.108657	-7.93997	-1	-1	-1
1	1	0.258657	-7.93997	-1	-1	-1
1	1	0.408657	-7.93997	-1	-1	-1
1	1	0.558657	-7.93997	-1	-1	-1
1	1	0.708657	-7.93997	-1	-1	-1
1	1	0.858657	-7.93997	-1	-1	-1
1	1	1.00866	-7.93997	-1	-1	-1
1	1	1.15866	-7.93997	-1	-1	-1
1	1	1.30866	-7.93997	-1	-1	-1
1	1	-0.941343	-7.78997	-1	-1	-1
1	1	-0.791343	-7.78997	-1	-1	-1
1	1	-0.641343	-7.78997	-1	-1	-1
1	1	-0.491343	-7.78997	-1	-1	-1
1	1	-0.341343	-7.78997	-1	-1	-1
1	1	-0.191343	-7.78997	-1	-1	-1
1	1	-0.0413429	-7.78997	-1	-1	-1
1	1	0.108657	-7.78997	-1	-1	-1
1	1	0.258657	-7.78997	-1	-1	-1
1	1	0.408657	-7.78997	-1	-1	-1
1	1	0.558657	-7.78997	-1	-1	-1
1	1	0.708657	-7.78997	-1	-1	-1
1	1	0.858657	-7.78997	-1	-1	-1
1	1	1.00866	-7.78997	-1	-1	-1
1	1	1.15866	-7.78997	-1	-1	-1
1	1	1.30866	-7.78997	-1	-1	-1
1	1	-0.941343	-7.63997	-1	-1	-1
1	1	-0.791343	-7.63997	-1	-1	-1
1	1	-0.641343	-7.63997	-1	-1	-1
1	1	-0.491343	-7.63997	-1	-1	-1
1	1	-0.341343	-7.63997	-1	-1	-1
1	1	-0.191343	-7.63997	-1	-1	-1
1	1	-0.0413429	-7.63997	-1	-1	-1
1	1	0.108657	-7.63997	-1	-1	-1
1	1	0.258657	-7.63997	-1	-1	-1
1	1	0.408657	-7.63997	-1	-1	-1
1	1	0.558657	-7.63997	-1	-1	-1
1	1	0.708657	-7.63997	-1	-1	-1
1	1	0.858657	-7.63997	-1	-1	-1
1	1	1.00866	-7.63997	-1	-1	-1
1	1	1.15866	-7.63997	-1	-1	-1
1	1	1.30866	-7.63997	-1	-1	-1
1	1	-0.941343	-7.48997	-1	-1	-1
1	1	-0.791343	-7.48997	-1	-1	-1
1	1	-0.641343	-7.48997	-1	-1	-1
1	1	-0.491343	-7.48997	-1	-1	-1
1	1	-0.341343	-7.48997	-1	-1	-1
1	1	-0.191343	-7.48997	-1	-1	-1
1	1	-0.0413429	-7.48997	-1	-1	-1
1	1	0.108657	-7.48997	-1	-1	-1
1	1	0.258657	-7.48997	-1	-1	-1
1	1	0.408657	-7.48997	-1	-1	-1
1	1	0.558657	-7.48997	-1	-1	-1
1	1	0.708657	-7.48997	-1	-1	-1
1	1	0.858657	-7.48997	-1	-1	-1
1	1	1.00866	-7.48997	-1	-1	-1
1	1	1.15866	-7.48997	-1	-1	-1
1	1	1.30866	-7.48997	-1	-1	-1
1	1	-0.941343	-7.33997	-1	-1	-1
1	1	-0.791343	-7.33997	-1	-1	-1
1	1	-0.641343	-7.33997	-1	-1	-1
1	1	-0.491343	-7.33997	-1	-1	-1
1	1	-0.341343	-7.33997	-1	-1	-1
1	1	-0.191343	-7.33997	-1	-1	-1
1	1	-0.0413429	-7.33997	-1	-1	-1
1	1	0.108657	-7.33997	-1	-1	-1
1	1	0.258657	-7.33997	-1	-1	-1
1	1	0.408657	-7.33997	-1	-1	-1
1	1	0.558657	-7.33997	-1	-1	-1
1	1	0.708657	-7.33997	-1	-1	-1
1	1	0.858657	-7.33997	-1	-1	-1
1	1	1.00866	-7.33997	-1	-1	-1
1	1	1.15866	-7.33997	-1	-1	-1
1	1	1.30866	-7.33997	-1	-1	-1
1	1	-0.941343	-7.18997	-1	-1	-1
1	1	-0.791343	-7.18997	-1	-1	-1
1	1	-0.641343	-7.18997	-1	-1	-1
1	1	-0.491343	-7.18997	-1	-1	-1
1	1	-0.341343	-7.18997	-1	-1	-1
1	1	-0.191343	-7.18997	-1	-1	-1
1	1	-0.0413429	-7.18997	-1	-1	-1
1	1	0.108657	-7.18997	-1	-1	-1
1	1	0.258657	-7.18997	-1	-1	-1
1	1	0.408657	-7.18997	-1	-1	-1
1	1	0.558657	-7.18997	-1	-1	-1
1	1	0.708657	-7.18997	-1	-1	-1
1	1	0.858657	-7.18997	-1	-1	-1
1	1	1.00866	-7.18997	-1	-1	-1
1	1	1.15866	-7.18997	-1	-1	-1
1	1	1.30866	-7.18997	-1	-1	-1
1	1	-0.941343	-7.03997	-1	-1	-1
1	1	-0.791343	-7.03997	-1	-1	-1
1	1	-0.641343	-7.03997	-1	-1	-1
1	1	-0.491343	-7.03997	-1	-1	-1
1	1	-0.341343	-7.03997	-1	-1	-1
1	1	-0.191343	-7.03997	-1	-1	-1
1	1	-0.0413429	-7.03997	-1	-1	-1
1	1	0.108657	-7.03997	-1	-1	-1
1	1	0.258657	-7.03997	-1	-1	-1
1	1	0.408657	-7.03997	-1	-1	-1
1	1	0.558657	-7.03997	-1	-1	-1
1	1	0.708657	-7.03997	-1	-1	-1
1	1	0.858657	-7.03997	-1	-1	-1
1	1	1.00866	-7.03997	-1	-1	-1
1	1	1.15866	-7.03997	-1	-1	-1
1	1	1.30866	-7.03997	-1	-1	-1
1	1	-0.941343	-6.88997	-1	-1	-1
1	1	-0.791343	-6.88997	-1	-1	-1
1	1	-0.641343	-6.88997	-1	-1	-1
1	1	-0.491343	-6.88997	-1	-1	-1
1	1	-0.341343	-6.88997	-1	-1	-1
1	1	-0.191343	-6.88997	-1	-1	-1
1	1	-0.0413429	-6.88997	-1	-1	-1
1	1	0.108657	-6.88997	-1	-1	-1
1	1	0.258657	-6.88997	-1	-1	-1
1	1	0.408657	-6.88997	-1	-1	-1
1	1	0.558657	-6.88997	-1	-1	-1
1	1	0.708657	-6.88997	-1	-1	-1
1	1	0.858657	-6.88997	-1	-1	-1
1	1	1.00866	-6.88997	-1	-1	-1
1	1	1.15866	-6.88997	-1	-1	-1
1	1	1.30866	-6.88997	-1	-1	-1
1	1	-0.941343	-6.73997	-1	-1	-1
1	1	-0.791343	-6.73997	-1	-1	-1
1	1	-0.641343	-6.73997	-1	-1	-1
1	1	-0.491343	-6.73997	-1	-1	-1
1	1	-0.341343	-6.73997	-1	-1	-1
1	1	-0.191343	-6.73997	-1	-1	-1
1	1	-0.0413429	-6.73997	-1	-1	-1
1	1	0.108657	-6.73997	-1	-1	-1
1	1	0.258657	-6.73997	958	1029.03	-1
1	1	0.408657	-6.73997	1037	1103.34	-1
1	1	0.558657	-6.73997	1203	1257.09	-1
1	1	0.708657	-6.73997	-1	-1	-1
1	1	0.858657	-6.73997	-1	-1	-1
1	1	1.00866	-6.73997	-1	-1	-1
1	1	1.15866	-6.73997	-1	-1	-1
1	1	1.30866	-6.73997	-1	-1	-1
1	1	-0.941343	-6.58997	-1	-1	-1
1	1	-0.791343	-6.58997	-1	-1	-1
1	1	-0.641343	-6.58997	-1	-1	-1
1	1	-0.491343	-6.58997	-1	-1	-1
1	1	-0.341343	-6.58997	1149	1203.56	-1
1	1	-0.191343	-6.58997	929	984.25	-1
1	1	-0.0413429	-6.58997	847	927.281	-1
1	1	0.108657	-6.58997	685	776.5	-1
1	1	0.258657	-6.58997	588	646.344	-1
1	1	0.408657	-6.58997	674	754.844	-1
1	1	0.558657	-6.58997	864	918.5	-1
1	1	0.708657	-6.58997	-1	-1	-1
1	1	0.858657	-6.58997	-1	-1	-1
1	1	1.00866	-6.58997	-1	-1	-1
1	1	1.15866	-6.58997	-1	-1	-1
1	1	1.30866	-6.58997	-1	-1	-1
1	1	-0.941343	-6.43997	-1	-1	-1
1	1	-0.791343	-6.43997	-1	-1	-1
1	1	-0.641343	-6.43997	-1	-1	-1
1	1	-0.491343	-6.43997	-1	-1	-1
1	1	-0.341343	-6.43997	1376	1429.81	-1
1	1	-0.191343	-6.43997	1016	1079.28	-1
1	1	-0.0413429	-6.43997	757	834.906	-1
1	1	0.108657	-6.43997	401	508.812	-1
1	1	0.258657	-6.43997	564	620.969	-1
1	1	0.408657	-6.43997	802	867.5	-1
1	1	0.558657	-6.43997	-1	-1	-1
1	1	0.708657	-6.43997	-1	-1	-1
1	1	0.858657	-6.43997	-1	-1	-1
1	1	1.00866	-6.43997	-1	-1	-1
1	1	1.15866	-6.43997	-1	-1	-1
1	1	1.30866	-6.43997	-1	-1	-1
1	1	-0.941343	-6.28997	-1	-1	-1
1	1	-0.791343	-6.28997	-1	-1	-1
1	1	-0.641343	-6.28997	-1	-1	-1
1	1	-0.491343	-6.28997	-1	-1	-1
1	1	-0.341343	-6.28997	1141	1189.25	-1
1	1	-0.191343	-6.28997	999	1063.97	-1
1	1	-0.0413429	-6.28997	778	846.562	-1
1	1	0.108657	-6.28997	711	783.312	-1
1	1	0.258657	-6.28997	739	799.75	-1
1	1	0.408657	-6.28997	902	969.188	-1
1	1	0.558657	-6.28997	-1	-1	-1
1	1	0.708657	-6.28997	-1	-1	-1
1	1	0.858657	-6.28997	5089	5195.88	-1
1	1	1.00866	-6.28997	5239	5294.5	-1
1	1	1.15866	-6.28997	-1	-1	-1
1	1	1.30866	-6.28997	-1	-1	-1
1	1	-0.941343	-6.13997	-1	-1	-1
1	1	-0.791343	-6.13997	-1	-1	-1
1	1	-0.641343	-6.13997	-1	-1	-1
1	1	-0.491343	-6.13997	-1	-1	-1
1	1	-0.341343	-6.13997	1239	1290.53	-1
1	1	-0.191343	-6.13997	1032	1087.75	-1
1	1	-0.0413429	-6.13997	865	936.688	-1
1	1	0.108657	-6.13997	905	958.094	-1
1	1	0.258657	-6.13997	-1	-1	-1
1	1	0.408657	-6.13997	-1	-1	-1
1	1	0.558657	-6.13997	-1	-1	-1
1	1	0.708657	-6.13997	-1	-1	-1
1	1	0.858657	-6.13997	4209	4319.78	-1
1	1	1.00866	-6.13997	4383	4433.62	-1
1	1	1.15866	-6.13997	4489	4534.78	-1
1	1	1.30866	-6.13997	-1	-1	-1
1	1	-0.941343	-5.98997	-1	-1	-1
1	1	-0.791343	-5.98997	-1	-1	-1
1	1	-0.641343	-5.98997	-1	-1	-1
1	1	-0.491343	-5.98997	-1	-1	-1
1	1	-0.341343	-5.98997	1275	1323	-1
1	1	-0.191343	-5.98997	1373	1425.78	-1
1	1	-0.0413429	-5.98997	2939	3041.53	-1
1	1	0.108657	-5.98997	2396	2449.88	-1
1	1	0.258657	-5.98997	-1	-1	-1
1	1	0.408657	-5.98997	-1	-1	-1
1	1	0.558657	-5.98997	-1	-1	-1
1	1	0.708657	-5.98997	3762	3807.62	-1
1	1	0.858657	-5.98997	3874	3918.38	-1
1	1	1.00866	-5.98997	3963	4012.03	-1
1	1	1.15866	-5.98997	4580	4631.56	-1
1	1	1.30866	-5.98997	-1	-1	-1
1	1	-0.941343	-5.83997	2404	2512.75	-1
1	1	-0.791343	-5.83997	2563	2611.28	-1
1	1	-0.641343	-5.83997	-1	-1	-1
1	1	-0.491343	-5.83997	4111	4243.69	-1
1	1	-0.341343	-5.83997	4286	4329.81	-1
1	1	-0.191343	-5.83997	2372	2423.09	-1
1	1	-0.0413429	-5.83997	2178	2286.72	-1
1	1	0.108657	-5.83997	2326	2382.31	-1
1	1	0.258657	-5.83997	4741	4797.12	-1
1	1	0.408657	-5.83997	4494	4605.66	-1
1	1	0.558657	-5.83997	4651	4694.69	-1
1	1	0.708657	-5.83997	3361	3417.81	-1
1	1	0.858657	-5.83997	3194	3307.44	-1
1	1	1.00866	-5.83997	3263	3361.47	-1
1	1	1.15866	-5.83997	-1	-1	-1
1	1	1.30866	-5.83997	-1	-1	-1
2	4	3.31761	6.1475	3916	4020.53	-1
2	4	3.46761	6.1475	4088	4146.81	-1
2	4	3.61761	6.1475	4248	4298.78	-1
2	4	3.76761	6.1475	4492	4553.94	-1
2	4	3.91761	6.1475	-1	-1	-1
2	4	4.06761	6.1475	3050	3174.56	-1
2	4	4.21761	6.1475	-1	-1	-1
2	4	4.36761	6.1475	-1	-1	-1
2	4	3.31761	6.2975	4167	4225.06	-1
2	4	3.46761	6.2975	-1	-1	-1
2	4	3.61761	6.2975	4383	4443.03	-1
2	4	3.76761	6.2975	-1	-1	-1
2	4	3.91761	6.2975	-1	-1	-1
2	4	4.06761	6.2975	-1	-1	-1
2	4	4.21761	6.2975	-1	-1	-1
2	4	4.36761	6.2975	-1	-1	-1
2	4	3.31761	6.4475	2404	2464.03	-1
2	4	3.46761	6.4475	-1	-1	-1
2	4	3.61761	6.4475	-1	-1	-1
2	4	3.76761	6.4475	-1	-1	-1
2	4	3.91761	6.4475	-1	-1	-1
2	4	4.06761	6.4475	-1	-1	-1
2	4	4.21761	6.4475	-1	-1	-1
2	4	4.36761	6.4475	-1	-1	-1
2	4	3.31761	6.5975	2039	2105.19	-1
2	4	3.46761	6.5975	2169	2235.97	-1
2	4	3.61761	6.5975	-1	-1	-1
2	4	3.76761	6.5975	-1	-1	-1
2	4	3.91761	6.5975	-1	-1	-1
2	4	4.06761	6.5975	-1	-1	-1
2	4	4.21761	6.5975	-1	-1	-1
2	4	4.36761	6.5975	-1	-1	-1
2	4	3.31761	6.7475	1868	1982.44	-1
2	4	3.46761	6.7475	2204	2273.59	-1
2	4	3.61761	6.7475	-1	-1	-1
2	4	3.76761	6.7475	-1	-1	-1
2	4	3.91761	6.7475	-1	-1	-1
2	4	4.06761	6.7475	-1	-1	-1
2	4	4.21761	6.7475	-1	-1	-1
2	4	4.36761	6.7475	-1	-1	-1
2	4	3.31761	6.8975	2213	2287.88	-1
2	4	3.46761	6.8975	2310	2380.88	-1
2	4	3.61761	6.8975	-1	-1	-1
2	4	3.76761	6.8975	-1	-1	-1
2	4	3.91761	6.8975	-1	-1	-1
2	4	4.06761	6.8975	-1	-1	-1
2	4	4.21761	6.8975	-1	-1	-1
2	4	4.36761	6.8975	-1	-1	-1
2	4	3.31761	7.0475	-1	-1	-1
2	4	3.46761	7.0475	2448	2505.09	-1
2	4	3.61761	7.0475	-1	-1	-1
2	4	3.76761	7.0475	-1	-1	-1
2	4	3.91761	7.0475	-1	-1	-1
2	4	4.06761	7.0475	-1	-1	-1
2	4	4.21761	7.0475	-1	-1	-1
2	4	4.36761	7.0475	-1	-1	-1
2	4	3.31761	7.1975	-1	-1	-1
2	4	3.46761	7.1975	-1	-1	-1
2	4	3.61761	7.1975	-1	-1	-1
2	4	3.76761	7.1975	-1	-1	-1
2	4	3.91761	7.1975	-1	-1	-1
2	4	4.06761	7.1975	-1	-1	-1
2	4	4.21761	7.1975	-1	-1	-1
2	4	4.36761	7.1975	-1	-1	-1
3	4	-4.3634	-8.37932	-1	-1	-1
3	4	-4.2134	-8.37932	-1	-1	-1
3	4	-4.0634	-8.37932	-1	-1	-1
3	4	-3.9134	-8.37932	-1	-1	-1
3	4	-3.7634	-8.37932	-1	-1	-1
3	4	-3.6134	-8.37932	-1	-1	-1
3	4	-3.4634	-8.37932	-1	-1	-1
3	4	-3.3134	-8.37932	-1	-1	-1
3	4	-4.3634	-8.22932	-1	-1	-1
3	4	-4.2134	-8.22932	-1	-1	-1
3	4	-4.0634	-8.22932	-1	-1	-1
3	4	-3.9134	-8.22932	-1	-1	-1
3	4	-3.7634	-8.22932	-1	-1	-1
3	4	-3.6134	-8.22932	-1	-1	-1
3	4	-3.4634	-8.22932	-1	-1	-1
3	4	-3.3134	-8.22932	-1	-1	-1
3	4	-4.3634	-8.07932	-1	-1	-1
3	4	-4.2134	-8.07932	-1	-1	-1
3	4	-4.0634	-8.07932	-1	-1	-1
3	4	-3.9134	-8.07932	-1	-1	-1
3	4	-3.7634	-8.07932	-1	-1	-1
3	4	-3.6134	-8.07932	-1	-1	-1
3	4	-3.4634	-8.07932	-1	-1	-1
3	4	-3.3134	-8.07932	-1	-1	-1
3	4	-4.3634	-7.92932	-1	-1	-1
3	4	-4.2134	-7.92932	-1	-1	-1
3	4	-4.0634	-7.92932	-1	-1	-1
3	4	-3.9134	-7.92932	-1	-1	-1
3	4	-3.7634	-7.92932	-1	-1	-1
3	4	-3.6134	-7.92932	-1	-1	-1
3	4	-3.4634	-7.92932	-1	-1	-1
3	4	-3.3134	-7.92932	-1	-1	-1
3	4	-4.3634	-7.77932	-1	-1	-1
3	4	-4.2134	-7.77932	-1	-1	-1
3	4	-4.0634	-7.77932	-1	-1	-1
3	4	-3.9134	-7.77932	-1	-1	-1
3	4	-3.7634	-7.77932	-1	-1	-1
3	4	-3.6134	-7.77932	-1	-1	-1
3	4	-3.4634	-7.77932	-1	-1	-1
3	4	-3.3134	-7.77932	-1	-1	-1
3	4	-4.3634	-7.62932	-1	-1	-1
3	4	-4.2134	-7.62932	-1	-1	-1
3	4	-4.0634	-7.62932	-1	-1	-1
3	4	-3.9134	-7.62932	-1	-1	-1
3	4	-3.7634	-7.62932	-1	-1	-1
3	4	-3.6134	-7.62932	-1	-1	-1
3	4	-3.4634	-7.62932	-1	-1	-1
3	4	-3.3134	-7.62932	-1	-1	-1
3	4	-4.3634	-7.47932	-1	-1	-1
3	4	-4.2134	-7.47932	-1	-1	-1
3	4	-4.0634	-7.47932	-1	-1	-1
3	4	-3.9134	-7.47932	-1	-1	-1
3	4	-3.7634	-7.47932	-1	-1	-1
3	4	-3.6134	-7.47932	-1	-1	-1
3	4	-3.4634	-7.47932	-1	-1	-1
3	4	-3.3134	-7.47932	-1	-1	-1
3	4	-4.3634	-7.32932	-1	-1	-1
3	4	-4.2134	-7.32932	-1	-1	-1
3	4	-4.0634	-7.32932	-1	-1	-1
3	4	-3.9134	-7.32932	-1	-1	-1
3	4	-3.7634	-7.32932	-1	-1	-1
3	4	-3.6134	-7.32932	-1	-1	-1
3	4	-3.4634	-7.32932	-1	-1	-1
3	4	-3.3134	-7.32932	-1	-1	-1
4	4	-8.20611	-4.64905	-1	-1	-1
4	4	-8.05611	-4.64905	-1	-1	-1
4	4	-7.90611	-4.64905	-1	-1	-1
4	4	-7.75611	-4.64905	-1	-1	-1
4	4	-7.60611	-4.64905	-1	-1	-1
4	4	-7.45611	-4.64905	-1	-1	-1
4	4	-7.30611	-4.64905	-1	-1	-1
4	4	-7.15611	-4.64905	-1	-1	-1
4	4	-8.20611	-4.49905	-1	-1	-1
4	4	-8.05611	-4.49905	-1	-1	-1
4	4	-7.90611	-4.49905	-1	-1	-1
4	4	-7.75611	-4.49905	-1	-1	-1
4	4	-7.60611	-4.49905	-1	-1	-1
4	4	-7.45611	-4.49905	-1	-1	-1
4	4	-7.30611	-4.49905	-1	-1	-1
4	4	-7.15611	-4.49905	-1	-1	-1
4	4	-8.20611	-4.34905	-1	-1	-1
4	4	-8.05611	-4.34905	-1	-1	-1
4	4	-7.90611	-4.34905	-1	-1	-1
4	4	-7.75611	-4.34905	-1	-1	-1
4	4	-7.60611	-4.34905	-1	-1	-1
4	4	-7.45611	-4.34905	-1	-1	-1
4	4	-7.30611	-4.34905	-1	-1	-1
4	4	-7.15611	-4.34905	-1	-1	-1
4	4	-8.20611	-4.19905	-1	-1	-1
4	4	-8.05611	-4.19905	-1	-1	-1
4	4	-7.90611	-4.19905	-1	-1	-1
4	4	-7.75611	-4.19905	-1	-1	-1
4	4	-7.60611	-4.19905	-1	-1	-1
4	4	-7.45611	-4.19905	-1	-1	-1
4	4	-7.30611	-4.19905	-1	-1	-1
4	4	-7.15611	-4.19905	-1	-1	-1
4	4	-8.20611	-4.04905	-1	-1	-1
4	4	-8.05611	-4.04905	-1	-1	-1
4	4	-7.90611	-4.04905	-1	-1	-1
4	4	-7.75611	-4.04905	-1	-1	-1
4	4	-7.60611	-4.04905	-1	-1	-1
4	4	-7.45611	-4.04905	-1	-1	-1
4	4	-7.30611	-4.04905	-1	-1	-1
4	4	-7.15611	-4.04905	99	157.938	-1
4	4	-8.20611	-3.89905	-1	-1	-1
4	4	-8.05611	-3.89905	-1	-1	-1
4	4	-7.90611	-3.89905	-1	-1	-1
4	4	-7.75611	-3.89905	-1	-1	-1
4	4	-7.60611	-3.89905	-1	-1	-1
4	4	-7.45611	-3.89905	-1	-1	-1
4	4	-7.30611	-3.89905	-1	-1	-1
4	4	-7.15611	-3.89905	221	280.094	-1
4	4	-8.20611	-3.74905	-1	-1	-1
4	4	-8.05611	-3.74905	-1	-1	-1
4	4	-7.90611	-3.74905	-1	-1	-1
4	4	-7.75611	-3.74905	-1	-1	-1
4	4	-7.60611	-3.74905	-1	-1	-1
4	4	-7.45611	-3.74905	-1	-1	-1
4	4	-7.30611	-3.74905	-1	-1	-1
4	4	-7.15611	-3.74905	5317	-1	-1
4	4	-8.20611	-3.59905	-1	-1	-1
4	4	-8.05611	-3.59905	-1	-1	-1
4	4	-7.90611	-3.59905	-1	-1	-1
4	4	-7.75611	-3.59905	-1	-1	-1
4	4	-7.60611	-3.59905	-1	-1	-1
4	4	-7.45611	-3.59905	-1	-1	-1
4	4	-7.30611	-3.59905	-1	-1	-1
4	4	-7.15611	-3.59905	-1	-1	-1
5	4	-1.49104	-3.4684	-1	-1	-1
5	4	-1.34104	-3.4684	-1	-1	-1
5	4	-1.19104	-3.4684	-1	-1	-1
5	4	-1.04104	-3.4684	-1	-1	-1
5	4	-0.891042	-3.4684	-1	-1	-1
5	4	-0.741042	-3.4684	-1	-1	-1
5	4	-0.591042	-3.4684	-1	-1	-1
5	4	-0.441042	-3.4684	-1	-1	-1
5	4	-1.49104	-3.3184	-1	-1	-1
5	4	-1.34104	-3.3184	-1	-1	-1
5	4	-1.19104	-3.3184	-1	-1	-1
5	4	-1.04104	-3.3184	-1	-1	-1
5	4	-0.891042	-3.3184	-1	-1	-1
5	4	-0.741042	-3.3184	-1	-1	-1
5	4	-0.591042	-3.3184	-1	-1	-1
5	4	-0.441042	-3.3184	-1	-1	-1
5	4	-1.49104	-3.1684	-1	-1	-1
5	4	-1.34104	-3.1684	-1	-1	-1
5	4	-1.19104	-3.1684	-1	-1	-1
5	4	-1.04104	-3.1684	-1	-1	-1
5	4	-0.891042	-3.1684	-1	-1	-1
5	4	-0.741042	-3.1684	-1	-1	-1
5	4	-0.591042	-3.1684	-1	-1	-1
5	4	-0.441042	-3.1684	-1	-1	-1
5	4	-1.49104	-3.0184	-1	-1	-1
5	4	-1.34104	-3.0184	-1	-1	-1
5	4	-1.19104	-3.0184	-1	-1	-1
5	4	-1.04104	-3.0184	5184	5217.69	-1
5	4	-0.891042	-3.0184	5247	5279.81	-1
5	4	-0.741042	-3.0184	-1	-1	-1
5	4	-0.591042	-3.0184	-1	-1	-1
5	4	-0.441042	-3.0184	-1	-1	-1
5	4	-1.49104	-2.8684	-1	-1	-1
5	4	-1.34104	-2.8684	-1	-1	-1
5	4	-1.19104	-2.8684	-1	-1	-1
5	4	-1.04104	-2.8684	5043	5125.72	-1
5	4	-0.891042	-2.8684	4989	5115.56	-1
5	4	-0.741042	-2.8684	-1	-1	-1
5	4	-0.591042	-2.8684	4466	4495.81	-1
5	4	-0.441042	-2.8684	4893	5020.94	-1
5	4	-1.49104	-2.7184	-1	-1	-1
5	4	-1.34104	-2.7184	-1	-1	-1
5	4	-1.19104	-2.7184	5247	5374.81	-1
5	4	-1.04104	-2.7184	1894	1920.28	-1
5	4	-0.891042	-2.7184	1819	1845.5	-1
5	4	-0.741042	-2.7184	1655	1777.44	-1
5	4	-0.591042	-2.7184	3684	3708.38	-1
5	4	-0.441042	-2.7184	2625	2650.19	-1
5	4	-1.49104	-2.5684	-1	-1	-1
5	4	-1.34104	-2.5684	-1	-1	-1
5	4	-1.19104	-2.5684	-1	-1	-1
5	4	-1.04104	-2.5684	4171	4201.28	-1
5	4	-0.891042	-2.5684	1400	1436.34	-1
5	4	-0.741042	-2.5684	1462	1497.47	-1
5	4	-0.591042	-2.5684	1525	1560.28	-1
5	4	-0.441042	-2.5684	363	507.312	-1
5	4	-1.49104	-2.4184	876	1019.53	-1
5	4	-1.34104	-2.4184	71	225.031	-1
5	4	-1.19104	-2.4184	1502	1529.72	-1
5	4	-1.04104	-2.4184	1417	1447.53	-1
5	4	-0.891042	-2.4184	162	296.156	-1
5	4	-0.741042	-2.4184	1311	1347.16	-1
5	4	-0.591042	-2.4184	1460	1490.88	-1
5	4	-0.441042	-2.4184	29	61.5625	-1
6	16	1.27353	-9.01766	-1	-1	-1
6	16	1.42353	-9.01766	-1	-1	-1
6	16	1.57353	-9.01766	-1	-1	-1
6	16	1.72353	-9.01766	-1	-1	-1
6	16	1.27353	-8.86766	-1	-1	-1
6	16	1.42353	-8.86766	-1	-1	-1
6	16	1.57353	-8.86766	-1	-1	-1
6	16	1.72353	-8.86766	-1	-1	-1
6	16	1.27353	-8.71766	-1	-1	-1
6	16	1.42353	-8.71766	-1	-1	-1
6	16	1.57353	-8.71766	-1	-1	-1
6	16	1.72353	-8.71766	-1	-1	-1
6	16	1.27353	-8.56766	-1	-1	-1
6	16	1.42353	-8.56766	-1	-1	-1
6	16	1.57353	-8.56766	-1	-1	-1
6	16	1.72353	-8.56766	-1	-1	-1
7	16	-4.05955	-2.91194	-1	-1	-1
7	16	-3.90955	-2.91194	-1	-1	-1
7	16	-3.75955	-2.91194	3950	3987.84	-1
7	16	-3.60955	-2.91194	2432	2577.38	-1
7	16	-4.05955	-2.76194	-1	-1	-1
7	16	-3.90955	-2.76194	-1	-1	-1
7	16	-3.75955	-2.76194	-1	-1	-1
7	16	-3.60955	-2.76194	-1	-1	-1
7	16	-4.05955	-2.61194	-1	-1	-1
7	16	-3.90955	-2.61194	-1	-1	-1
7	16	-3.75955	-2.61194	5326	5362.75	-1
7	16	-3.60955	-2.61194	5221	5258.16	-1
7	16	-4.05955	-2.46194	-1	-1	-1
7	16	-3.90955	-2.46194	-1	-1	-1
7	16	-3.75955	-2.46194	-1	-1	-1
7	16	-3.60955	-2.46194	5029	5175.06	-1
8	16	0.229476	4.37677	-1	-1	-1
8	16	0.379476	4.37677	-1	-1	-1
8	16	0.529476	4.37677	-1	-1	-1
8	16	0.679476	4.37677	-1	-1	-1
8	16	0.229476	4.52677	4525	4561.62	-1
8	16	0.379476	4.52677	-1	-1	-1
8	16	0.529476	4.52677	-1	-1	-1
8	16	0.679476	4.52677	-1	-1	-1
8	16	0.229476	4.67677	-1	-1	-1
8	16	0.379476	4.67677	-1	-1	-1
8	16	0.529476	4.67677	-1	-1	-1
8	16	0.679476	4.67677	-1	-1	-1
8	16	0.229476	4.82677	-1	-1	-1
8	16	0.379476	4.82677	-1	-1	-1
8	16	0.529476	4.82677	-1	-1	-1
8	16	0.679476	4.82677	-1	-1	-1
9	16	7.21254	-1.26213	-1	-1	-1
9	16	7.36254	-1.26213	-1	-1	-1
9	16	7.51254	-1.26213	-1	-1	-1
9	16	7.66254	-1.26213	-1	-1	-1
9	16	7.21254	-1.11213	-1	-1	-1
9	16	7.36254	-1.11213	-1	-1	-1
9	16	7.51254	-1.11213	-1	-1	-1
9	16	7.66254	-1.11213	-1	-1	-1
9	16	7.21254	-0.962129	-1	-1	-1
9	16	7.36254	-0.962129	-1	-1	-1
9	16	7.51254	-0.962129	-1	-1	-1
9	16	7.66254	-0.962129	-1	-1	-1
9	16	7.21254	-0.812129	3194	3283.59	-1
9	16	7.36254	-0.812129	3354	3424.06	-1
9	16	7.51254	-0.812129	3499	3557.81	-1
9	16	7.66254	-0.812129	-1	-1	-1
10	16	-3.27082	0.78926	4578	4609.78	-1
10	16	-3.12082	0.78926	3204	3330.81	-1
10	16	-2.97082	0.78926	1184	1312.91	-1
10	16	-2.82082	0.78926	182	313.219	-1
10	16	-3.27082	0.93926	4691	4722.53	-1
10	16	-3.12082	0.93926	-1	-1	-1
10	16	-2.97082	0.93926	2883	2928.41	-1
10	16	-2.82082	0.93926	2137	2162.97	-1
10	16	-3.27082	1.08926	-1	-1	-1
10	16	-3.12082	1.08926	-1	-1	-1
10	16	-2.97082	1.08926	2829	2855.88	-1
10	16	-2.82082	1.08926	2586	2724.75	-1
10	16	-3.27082	1.23926	-1	-1	-1
10	16	-3.12082	1.23926	-1	-1	-1
10	16	-2.97082	1.23926	-1	-1	-1
10	16	-2.82082	1.23926	1760	1895.53	-1
11	16	-2.57229	-5.55803	-1	-1	-1
11	16	-2.42229	-5.55803	-1	-1	-1
11	16	-2.27229	-5.55803	-1	-1	-1
11	16	-2.12229	-5.55803	-1	-1	-1
11	16	-2.57229	-5.40803	-1	-1	-1
11	16	-2.42229	-5.40803	-1	-1	-1
11	16	-2.27229	-5.40803	-1	-1	-1
11	16	-2.12229	-5.40803	-1	-1	-1
11	16	-2.57229	-5.25803	-1	-1	-1
11	16	-2.42229	-5.25803	-1	-1	-1
11	16	-2.27229	-5.25803	-1	-1	-1
11	16	-2.12229	-5.25803	-1	-1	-1
11	16	-2.57229	-5.10803	-1	-1	-1
11	16	-2.42229	-5.10803	-1	-1	-1
11	16	-2.27229	-5.10803	-1	-1	-1
11	16	-2.12229	-5.10803	-1	-1	-1
12	16	-7.2449	-0.931591	-1	-1	-1
12	16	-7.0949	-0.931591	-1	-1	-1
12	16	-6.9449	-0.931591	-1	-1	-1
12	16	-6.7949	-0.931591	4994	5097.38	-1
12	16	-7.2449	-0.781591	-1	-1	-1
12	16	-7.0949	-0.781591	-1	-1	-1
12	16	-6.9449	-0.781591	-1	-1	-1
12	16	-6.7949	-0.781591	4102	4206.12	-1
12	16	-7.2449	-0.631591	-1	-1	-1
12	16	-7.0949	-0.631591	-1	-1	-1
12	16	-6.9449	-0.631591	4261	4327.41	-1
12	16	-6.7949	-0.631591	3023	3078.94	-1
12	16	-7.2449	-0.481591	1382	1481.25	-1
12	16	-7.0949	-0.481591	1578	1634.53	-1
12	16	-6.9449	-0.481591	4313	4370.69	-1
12	16	-6.7949	-0.481591	3132	3186.06	-1
13	16	3.5063	8.19647	-1	-1	-1
13	16	3.6563	8.19647	-1	-1	-1
13	16	3.8063	8.19647	-1	-1	-1
13	16	3.9563	8.19647	-1	-1	-1
13	16	3.5063	8.34647	1784	1870.81	-1
13	16	3.6563	8.34647	-1	-1	-1
13	16	3.8063	8.34647	-1	-1	-1
13	16	3.9563	8.34647	-1	-1	-1
13	16	3.5063	8.49647	-1	-1	-1
13	16	3.6563	8.49647	-1	-1	-1
13	16	3.8063	8.49647	-1	-1	-1
13	16	3.9563	8.49647	-1	-1	-1
13	16	3.5063	8.64647	-1	-1	-1
13	16	3.6563	8.64647	-1	-1	-1
13	16	3.8063	8.64647	-1	-1	-1
13	16	3.9563	8.64647	-1	-1	-1
14	16	-8.48955	2.04324	-1	-1	-1
14	16	-8.33955	2.04324	-1	-1	-1
14	16	-8.18955	2.04324	-1	-1	-1
14	16	-8.03955	2.04324	-1	-1	-1
14	16	-8.48955	2.19324	-1	-1	-1
14	16	-8.33955	2.19324	-1	-1	-1
14	16	-8.18955	2.19324	-1	-1	-1
14	16	-8.03955	2.19324	-1	-1	-1
14	16	-8.48955	2.34324	-1	-1	-1
14	16	-8.33955	2.34324	-1	-1	-1
14	16	-8.18955	2.34324	-1	-1	-1
14	16	-8.03955	2.34324	-1	-1	-1
14	16	-8.48955	2.49324	-1	-1	-1
14	16	-8.33955	2.49324	-1	-1	-1
14	16	-8.18955	2.49324	-1	-1	-1
14	16	-8.03955	2.49324	-1	-1	-1
15	16	3.60892	2.0726	3758	3792.53	-1
15	16	3.75892	2.0726	5312	5348.16	-1
15	16	3.90892	2.0726	-1	-1	-1
15	16	4.05892	2.0726	-1	-1	-1
15	16	3.60892	2.2226	3699	3841.16	-1
15	16	3.75892	2.2226	-1	-1	-1
15	16	3.90892	2.2226	-1	-1	-1
15	16	4.05892	2.2226	-1	-1	-1
15	16	3.60892	2.3726	2526	2561.09	-1
15	16	3.75892	2.3726	3236	3275.78	-1
15	16	3.90892	2.3726	3395	3435.81	-1
15	16	4.05892	2.3726	-1	-1	-1
15	16	3.60892	2.5226	2841	2876.38	-1
15	16	3.75892	2.5226	2909	2971.19	-1
15	16	3.90892	2.5226	3014	3139.75	-1
15	16	4.05892	2.5226	-1	-1	-1
16	16	-5.32934	0.660281	-1	-1	-1
16	16	-5.17934	0.660281	4872	4948.12	-1
16	16	-5.02934	0.660281	4774	4828.75	-1
16	16	-4.87934	0.660281	4529	4645.34	-1
16	16	-5.32934	0.810281	-1	-1	-1
16	16	-5.17934	0.810281	-1	-1	-1
16	16	-5.02934	0.810281	4830	4883.97	-1
16	16	-4.87934	0.810281	4682	4779.41	-1
16	16	-5.32934	0.960281	-1	-1	-1
16	16	-5.17934	0.960281	5005	5049.94	-1
16	16	-5.02934	0.960281	4770	4823.03	-1
16	16	-4.87934	0.960281	4700	4762.25	-1
16	16	-5.32934	1.11028	-1	-1	-1
16	16	-5.17934	1.11028	528	642.938	-1
16	16	-5.02934	1.11028	4884	4927.94	-1
16	16	-4.87934	1.11028	4920	4998.56	-1
17	16	2.14216	-1.54461	27	51.1562	-1
17	16	2.29216	-1.54461	3647	3795.62	-1
17	16	2.44216	-1.54461	4930	4955.53	-1
17	16	2.59216	-1.54461	-1	-1	-1
17	16	2.14216	-1.39461	1459	1484.81	-1
17	16	2.29216	-1.39461	3835	3869.66	-1
17	16	2.44216	-1.39461	4046	4071.34	-1
17	16	2.59216	-1.39461	4767	4907.34	-1
17	16	2.14216	-1.24461	376	398.625	-1
17	16	2.29216	-1.24461	1039	1192.56	-1
17	16	2.44216	-1.24461	1476	1508.31	-1
17	16	2.59216	-1.24461	3689	3823.59	-1
17	16	2.14216	-1.09461	423	454.031	-1
17	16	2.29216	-1.09461	1042	1171.22	-1
17	16	2.44216	-1.09461	1317	1340.25	-1
17	16	2.59216	-1.09461	1550	1578.81	-1
18	16	2.12	-4.48545	-1	-1	-1
18	16	2.27	-4.48545	-1	-1	-1
18	16	2.42	-4.48545	-1	-1	-1
18	16	2.57	-4.48545	-1	-1	-1
18	16	2.12	-4.33545	-1	-1	-1
18	16	2.27	-4.33545	-1	-1	-1
18	16	2.42	-4.33545	-1	-1	-1
18	16	2.57	-4.33545	5131	5266.69	-1
18	16	2.12	-4.18545	3475	3598.84	-1
18	16	2.27	-4.18545	-1	-1	-1
18	16	2.42	-4.18545	-1	-1	-1
18	16	2.57	-4.18545	488	536.031	-1
18	16	2.12	-4.03545	4281	4401.12	-1
18	16	2.27	-4.03545	-1	-1	-1
18	16	2.42	-4.03545	509	549.219	-1
18	16	2.57	-4.03545	298	421.562	-1
19	16	5.36973	-8.1445	-1	-1	-1
19	16	5.51973	-8.1445	-1	-1	-1
19	16	5.66973	-8.1445	-1	-1	-1
19	16	5.81973	-8.1445	-1	-1	-1
19	16	5.36973	-7.9945	5241	5338.94	-1
19	16	5.51973	-7.9945	-1	-1	-1
19	16	5.66973	-7.9945	-1	-1	-1
19	16	5.81973	-7.9945	-1	-1	-1
19	16	5.36973	-7.8445	-1	-1	-1
19	16	5.51973	-7.8445	-1	-1	-1
19	16	5.66973	-7.8445	-1	-1	-1
19	16	5.81973	-7.8445	-1	-1	-1
19	16	5.36973	-7.6945	-1	-1	-1
19	16	5.51973	-7.6945	-1	-1	-1
19	16	5.66973	-7.6945	-1	-1	-1
19	16	5.81973	-7.6945	-1	-1	-1
20	16	1.24937	4.51852	1950	2069.09	-1
20	16	1.39937	4.51852	3946	3985.03	-1
20	16	1.54937	4.51852	4018	4059	-1
20	16	1.69937	4.51852	3683	3801.72	-1
20	16	1.24937	4.66852	-1	-1	-1
20	16	1.39937	4.66852	-1	-1	-1
20	16	1.54937	4.66852	-1	-1	-1
20	16	1.69937	4.66852	-1	-1	-1
20	16	1.24937	4.81852	-1	-1	-1
20	16	1.39937	4.81852	-1	-1	-1
20	16	1.54937	4.81852	-1	-1	-1
20	16	1.69937	4.81852	-1	-1	-1
20	16	1.24937	4.96852	-1	-1	-1
20	16	1.39937	4.96852	-1	-1	-1
20	16	1.54937	4.96852	5138	5179.03	-1
20	16	1.69937	4.96852	-1	-1	-1
21	16	-0.0804503	3.41177	2100	2141.31	-1
21	16	0.0695497	3.41177	764	897.656	-1
21	16	0.21955	3.41177	1847	1970.19	-1
21	16	0.36955	3.41177	4598	4645.97	-1
21	16	-0.0804503	3.56177	2104	2154.41	-1
21	16	0.0695497	3.56177	2018	2074.91	-1
21	16	0.21955	3.56177	2044	2096.31	-1
21	16	0.36955	3.56177	4447	4569.91	-1
21	16	-0.0804503	3.71177	2247	2291.72	-1
21	16	0.0695497	3.71177	2185	2321.34	-1
21	16	0.21955	3.71177	5139	5264.44	-1
21	16	0.36955	3.71177	-1	-1	-1
21	16	-0.0804503	3.86177	2408	2444.84	-1
21	16	0.0695497	3.86177	2503	2538.97	-1
21	16	0.21955	3.86177	-1	-1	-1
21	16	0.36955	3.86177	-1	-1	-1
0	256	6.54933	-0.545534	910	1004.16	-1
0	256	-3.00177	-6.80155	-1	-1	-1
0	256	-3.17737	-1.04487	56	84.9375	-1
0	256	-7.12314	5.16781	-1	-1	-1
0	256	6.25624	4.75872	-1	-1	-1
0	256	-2.16976	6.14651	4379	4489.81	-1
0	256	-3.11366	5.84534	5390	-1	-1
0	256	-4.59148	7.18858	5327	5391.66	-1
0	256	-6.19835	6.2708	1954	2087.16	-1
0	256	-9.63105	-0.950377	-1	-1	-1
0	256	3.26929	4.43209	679	726.125	-1
0	256	-8.55822	-5.85862	-1	-1	-1
0	256	-2.68798	-5.33305	-1	-1	-1
0	256	-7.64433	-5.09922	3519	3621.91	-1
0	256	-6.17842	-3.12973	-1	-1	-1
0	256	-2.00813	-6.525	-1	-1	-1
0	256	-1.86719	-7.22079	-1	-1	-1
0	256	7.89436	0.493333	596	688.594	-1
0	256	-2.33455	2.77644	2429	2463.91	-1
0	256	-2.30113	7.39104	-1	-1	-1
0	256	2.48632	2.47654	1817	1985.78	-1
0	256	-4.89774	7.31541	192	305.938	-1
0	256	7.93359	5.86181	-1	-1	-1
0	256	7.98887	5.56581	-1	-1	-1
0	256	-6.66247	4.87919	-1	-1	-1
0	256	5.1463	8.0986	-1	-1	-1
0	256	-3.72452	5.10088	-1	-1	-1
0	256	5.27613	1.97211	2905	2960.72	-1
0	256	-3.62985	5.61195	-1	-1	-1
0	256	-7.5498	-6.22765	-1	-1	-1
0	256	6.35226	-3.49227	-1	-1	-1
0	256	-6.80423	-6.40214	-1	-1	-1
0	256	-5.98147	-0.488262	2511	2627.62	-1
0	256	1.22969	-9.25449	-1	-1	-1
0	256	1.75836	3.96307	47	92.75	-1
0	256	-9.01743	1.55272	-1	-1	-1
0	256	2.15692	-3.71646	4507	4543.97	-1
0	256	4.79012	-3.77826	1690	1823.16	-1
0	256	6.70962	-7.36454	2094	2221.44	-1
0	256	5.12645	-4.38224	-1	-1	-1
0	256	-2.30301	-8.50156	-1	-1	-1
0	256	-3.07962	-7.03052	-1	-1	-1
0	256	5.28925	-5.2464	3411	3547.97	-1
0	256	1.04315	9.40321	-1	-1	-1
0	256	1.1965	6.7157	-1	-1	-1
0	256	-6.76414	2.19062	-1	-1	-1
0	256	-2.55745	3.42632	602	660.938	-1
0	256	-7.29747	-2.39983	3181	3274.69	-1
0	256	9.24411	1.17672	-1	-1	-1
0	256	4.17546	-6.36822	1836	1956.31	-1
0	256	-4.73599	0.383083	125	166.781	-1
0	256	-0.192488	-4.88929	-1	-1	-1
0	256	2.7657	4.37326	1501	1540.66	-1
0	256	0.168832	-4.06514	401	434.938	-1
0	256	3.35244	-1.87536	-1	-1	-1
0	256	5.58915	-3.71046	-1	-1	-1
0	256	4.72121	8.26304	-1	-1	-1
0	256	7.75434	2.56044	1021	1115.12	-1
0	256	2.54803	3.46201	2790	2935.81	-1
0	256	-3.96897	0.614058	2560	2671.5	-1
0	256	-8.19644	3.741	-1	-1	-1
0	256	-5.26259	-1.40503	4412	4454.06	-1
0	256	2.61572	3.04681	111	143.156	-1
0	256	8.23549	3.37681	1789	1877.34	-1
0	256	-1.02658	-8.60224	-1	-1	-1
0	256	7.57134	-2.99861	-1	-1	-1
0	256	-6.39988	-6.66981	2967	3104.81	-1
0	256	-6.25634	-5.8896	-1	-1	-1
0	256	-8.72255	1.95773	-1	-1	-1
0	256	2.45208	-4.86402	1690	1738.25	-1
0	256	8.02235	4.39569	-1	-1	-1
0	256	1.68984	-8.33756	-1	-1	-1
0	256	0.363236	-3.58271	64	100.156	-1
0	256	4.32461	-4.22901	194	351.344	-1
0	256	1.92299	6.11588	-1	-1	-1
0	256	-8.3855	1.21946	-1	-1	-1
0	256	6.90522	-6.19046	-1	-1	-1
0	256	-2.20437	-9.21308	-1	-1	-1
0	256	-6.53792	4.87081	-1	-1	-1
0	256	1.87315	-6.53382	1315	1370.59	-1
0	256	-6.52745	-3.92108	-1	-1	-1
0	256	-9.345	-3.25722	-1	-1	-1
0	256	0.553967	8.54977	-1	-1	-1
0	256	-1.14562	-6.4839	-1	-1	-1
0	256	-6.71505	3.79534	-1	-1	-1
0	256	4.3412	8.01378	-1	-1	-1
0	256	-4.07274	-8.98703	-1	-1	-1
0	256	-8.54842	-2.15596	-1	-1	-1
0	256	7.69714	-4.5573	-1	-1	-1
0	256	9.22537	2.70167	3138	3228.25	-1
0	256	4.49827	-3.59606	-1	-1	-1
0	256	-0.84458	5.75562	1068	1171.78	-1
0	256	2.45892	-6.16844	-1	-1	-1
0	256	7.35832	-3.72825	-1	-1	-1
0	256	-3.05843	-4.4952	52	191.062	-1
0	256	-6.68944	2.38699	-1	-1	-1
0	256	-4.24992	8.33273	5076	5177.22	-1
0	256	5.57963	-1.92981	174	285.25	-1
0	256	1.61025	6.389	-1	-1	-1
0	256	5.07899	-7.25111	3610	3675.69	-1
0	256	3.57955	-4.64043	2600	2732.41	-1
0	256	2.76107	-2.67356	3138	3304.19	-1
0	256	2.99585	-8.43942	3029	3129.59	-1
0	256	8.38959	3.66439	-1	-1	-1
0	256	1.77659	-6.13071	-1	-1	-1
0	256	-5.18979	6.12699	-1	-1	-1
0	256	-3.59827	-5.59067	-1	-1	-1
0	256	-3.82826	-9.19703	-1	-1	-1
0	256	7.24377	4.98807	-1	-1	-1
0	256	-2.21964	4.52719	2437	2565.47	-1
0	256	-4.64978	0.839431	4127	4252.38	-1
0	256	5.60197	6.5812	-1	-1	-1
0	256	-0.618859	-3.98528	-1	-1	-1
0	256	-6.78766	-9.69564	-1	-1	-1
0	256	3.52299	3.2031	1489	1639.62	-1
0	256	6.32576	6.58133	-1	-1	-1
0	256	-1.5529	-7.72673	-1	-1	-1
0	256	8.03946	0.722949	-1	-1	-1
0	256	-3.14078	5.24262	2678	2800.25	-1
0	256	3.63984	-6.28734	-1	-1	-1
0	256	-5.84355	6.54712	-1	-1	-1
0	256	0.227551	-4.84673	-1	-1	-1
0	256	-4.69697	-6.86163	-1	-1	-1
0	256	4.82331	-5.52533	-1	-1	-1
0	256	-1.16548	-8.67114	-1	-1	-1
0	256	4.39992	0.0331155	395	517.969	-1
0	256	-3.04094	-1.32717	1427	1457.84	-1
0	256	0.563646	9.37479	-1	-1	-1
0	256	-2.09104	6.7471	1232	1332.94	-1
0	256	2.768	-3.58348	42	82.5625	-1
0	256	-7.08965	-3.04897	-1	-1	-1
0	256	-1.09565	-4.80297	-1	-1	-1
0	256	3.54818	-9.19863	-1	-1	-1
0	256	3.33503	1.86777	-1	-1	-1
0	256	3.4468	-4.17823	202	356.812	-1
0	256	3.85054	1.45863	748	867.312	-1
0	256	-5.90315	-1.08652	-1	-1	-1
0	256	-3.55668	5.89878	-1	-1	-1
0	256	5.26836	4.99652	-1	-1	-1
0	256	3.81243	4.73667	-1	-1	-1
0	256	2.54456	-8.76998	-1	-1	-1
0	256	4.96818	-3.4418	-1	-1	-1
0	256	-6.24397	-3.56386	-1	-1	-1
0	256	-4.70541	9.59384	2775	2857.56	-1
0	256	4.32968	0.6703	4016	4125.66	-1
0	256	5.68381	-0.903986	-1	-1	-1
0	256	-5.87165	1.88711	-1	-1	-1
0	256	-3.29762	-5.50893	-1	-1	-1
0	256	-5.78804	4.46376	1319	1454.12	-1
0	256	-2.17389	8.07189	-1	-1	-1
0	256	-6.66536	-6.33094	-1	-1	-1
0	256	8.48671	-2.0047	-1	-1	-1
0	256	-0.47837	7.97654	2793	2853.25	-1
0	256	-1.10043	-7.58353	-1	-1	-1
0	256	0.471839	3.09703	1620	1650.34	-1
0	256	-8.09405	2.92032	-1	-1	-1
0	256	-5.22553	-3.81189	-1	-1	-1
0	256	-8.29566	-5.9495	-1	-1	-1
0	256	6.23009	0.62975	4019	4114.38	-1
0	256	6.19757	-6.2654	-1	-1	-1
0	256	-0.541764	4.88327	-1	-1	-1
0	256	8.42692	-4.47241	-1	-1	-1
0	256	-0.456101	3.07477	104	131.969	-1
0	256	-3.56983	8.74852	2619	2693.53	-1
0	256	-6.25448	2.51829	-1	-1	-1
0	256	-5.27689	1.54992	4192	4239.88	-1
0	256	8.78732	-1.95263	-1	-1	-1
0	256	9.47911	0.759999	4292	4361.19	-1
0	256	-7.37573	-3.45187	-1	-1	-1
0	256	6.22885	-2.27256	543	654.344	-1
0	256	-0.0909483	7.12383	-1	-1	-1
0	256	6.59289	1.59019	-1	-1	-1
0	256	-0.923822	3.84716	3585	3710.59	-1
0	256	-2.01664	-6.70339	-1	-1	-1
0	256	4.0543	7.5818	-1	-1	-1
0	256	-6.04384	5.27052	-1	-1	-1
0	256	-9.5645	2.62072	-1	-1	-1
0	256	-5.92863	5.52928	3699	3764.12	-1
0	256	-5.55392	2.83802	4299	4410.75	-1
0	256	7.95549	1.35227	-1	-1	-1
0	256	9.06499	1.98507	-1	-1	-1
0	256	5.40806	-5.63695	-1	-1	-1
0	256	5.68994	-1.16772	-1	-1	-1
0	256	-6.83118	-3.46589	-1	-1	-1
0	256	-1.63367	-2.93037	-1	-1	-1
0	256	4.72158	3.62176	1988	2116.72	-1
0	256	7.17918	6.16282	-1	-1	-1
0	256	-1.60999	3.86153	3260	3384.25	-1
0	256	6.44535	-1.66125	2550	2652.19	-1
0	256	5.5533	-7.03321	3967	4034.16	-1
0	256	-6.29636	-3.13587	-1	-1	-1
0	256	3.51111	-2.24449	4243	4276.62	-1
0	256	5.77975	-3.91281	-1	-1	-1
0	256	-4.07834	8.94781	-1	-1	-1
0	256	-3.95316	3.73343	333	493.844	-1
0	256	7.63062	-4.32773	-1	-1	-1
0	256	-5.51384	0.337528	255	368.094	-1
0	256	-2.8018	-1.73166	3915	4065.59	-1
0	256	-8.15161	0.170879	-1	-1	-1
0	256	-4.47092	5.22471	3014	3150.97	-1
0	256	-5.28407	-6.54301	3420	3530.09	-1
0	256	1.72005	-5.48722	-1	-1	-1
0	256	1.43654	-5.82983	346	454.469	-1
0	256	5.49184	7.3482	-1	-1	-1
0	256	-8.37689	-0.471101	-1	-1	-1
0	256	-2.25599	7.27495	-1	-1	-1
0	256	8.07279	0.30321	-1	-1	-1
0	256	-6.95256	5.86926	-1	-1	-1
0	256	3.55492	-0.48864	35	76.6562	-1
0	256	-6.40844	6.96212	5240	5366.09	-1
0	256	-3.10714	-2.3268	5104	5146.44	-1
0	256	-3.98737	-6.43735	-1	-1	-1
0	256	-0.0201172	5.1139	3549	3664.03	-1
0	256	-0.308969	6.03352	4169	4220.41	-1
0	256	-4.46496	0.905666	305	350.375	-1
0	256	-9.42401	2.89952	-1	-1	-1
0	256	5.78008	5.65221	-1	-1	-1
0	256	-7.85335	-1.23072	-1	-1	-1
0	256	-8.66133	-2.92718	-1	-1	-1
0	256	-6.58712	3.80615	-1	-1	-1
0	256	-7.78796	4.5951	1666	1773.06	-1
0	256	4.21608	4.68197	2823	2977	-1
0	256	-3.76317	1.05512	-1	-1	-1
0	256	6.29544	2.89614	3654	3761.84	-1
0	256	6.37	-5.99662	3244	3321.16	-1
0	256	-5.19084	3.04344	3018	3147.44	-1
0	256	-5.91959	-5.21993	466	593.062	-1
0	256	6.17972	1.52959	2259	2307.88	-1
0	256	8.05684	-5.79657	-1	-1	-1
0	256	-5.34606	7.55705	610	680.344	-1
0	256	-2.83906	3.52854	2855	2894.06	-1
0	256	-8.98772	-0.638901	-1	-1	-1
0	256	-9.35486	-0.476833	-1	-1	-1
0	256	-3.62994	-0.765305	1606	1740.91	-1
0	256	4.6244	-3.1615	4696	4737.78	-1
0	256	-3.09642	8.22087	-1	-1	-1
0	256	-3.63487	1.09155	-1	-1	-1
0	256	8.23133	-2.02426	-1	-1	-1
0	256	-5.93785	-0.980404	-1	-1	-1
0	256	-5.87629	4.36794	-1	-1	-1
0	256	8.17757	-4.65106	-1	-1	-1
0	256	-5.97127	-5.34668	588	708.062	-1
0	256	3.52501	-2.94515	2925	3075.03	-1
0	256	-6.41657	3.43449	-1	-1	-1
0	256	-8.21316	4.54981	-1	-1	-1
0	256	6.97239	-1.66417	1671	1723.66	-1
0	256	2.89758	-2.14595	1080	1240.53	-1
0	256	-6.21894	7.64347	577	649.25	-1
0	256	-9.62328	-0.0548684	-1	-1	-1
0	256	-2.81498	-1.52241	1979	2108.78	-1
0	256	-5.13528	-1.8414	2837	2952.66	-1
0	256	5.04534	0.092189	1121	1159.66	-1
0	256	-5.85384	-1.30347	4776	4890.94	-1
0	256	1.53671	9.5084	-1	-1	-1
0	256	5.83263	4.41466	-1	-1	-1
0	256	-3.25607	-9.19416	-1	-1	-1
