Pile ID	Distribution Type	X-Position	Y-Position	Pickup Time	Drop Off Time	Ant ID
1	1	-3.8825	-3.73463	-1	-1	-1
1	1	-3.7325	-3.73463	-1	-1	-1
1	1	-3.5825	-3.73463	-1	-1	-1
1	1	-3.4325	-3.73463	-1	-1	-1
1	1	-3.2825	-3.73463	4887	5038.53	-1
1	1	-3.1325	-3.73463	3744	3804.81	-1
1	1	-2.9825	-3.73463	3841	3924.03	-1
1	1	-2.8325	-3.73463	3632	3694.5	-1
1	1	-2.6825	-3.73463	3746	3810.69	-1
1	1	-2.5325	-3.73463	3812	3868.69	-1
1	1	-2.3825	-3.73463	3928	3967.28	-1
1	1	-2.2325	-3.73463	-1	-1	-1
1	1	-2.0825	-3.73463	-1	-1	-1
1	1	-1.9325	-3.73463	-1	-1	-1
1	1	-1.7825	-3.73463	-1	-1	-1
1	1	-1.6325	-3.73463	1251	1375.41	-1
1	1	-3.8825	-3.58463	-1	-1	-1
1	1	-3.7325	-3.58463	-1	-1	-1
1	1	-3.5825	-3.58463	-1	-1	-1
1	1	-3.4325	-3.58463	4998	5147.81	-1
1	1	-3.2825	-3.58463	3660	3744.12	-1
1	1	-3.1325	-3.58463	3577	3642.44	-1
1	1	-2.9825	-3.58463	3439	3514.91	-1
1	1	-2.8325	-3.58463	3506	3564.16	-1
1	1	-2.6825	-3.58463	3610	3652	-1
1	1	-2.5325	-3.58463	3714	3851.75	-1
1	1	-2.3825	-3.58463	3900	3948.44	-1
1	1	-2.2325	-3.58463	4167	4208.03	-1
1	1	-2.0825	-3.58463	-1	-1	-1
1	1	-1.9325	-3.58463	-1	-1	-1
1	1	-1.7825	-3.58463	-1	-1	-1
1	1	-1.6325	-3.58463	-1	-1	-1
1	1	-3.8825	-3.43463	-1	-1	-1
1	1	-3.7325	-3.43463	-1	-1	-1
1	1	-3.5825	-3.43463	-1	-1	-1
1	1	-3.4325	-3.43463	3800	3880.16	-1
1	1	-3.2825	-3.43463	3459	3509.12	-1
1	1	-3.1325	-3.43463	3300	3380.59	-1
1	1	-2.9825	-3.43463	3377	3460.94	-1
1	1	-2.8325	-3.43463	3294	3344.28	-1
1	1	-2.6825	-3.43463	3389	3452.28	-1
1	1	-2.5325	-3.43463	3858	3904.44	-1
1	1	-2.3825	-3.43463	4021	4059.03	-1
1	1	-2.2325	-3.43463	4273	4312.03	-1
1	1	-2.0825	-3.43463	-1	-1	-1
1	1	-1.9325	-3.43463	-1	-1	-1
1	1	-1.7825	-3.43463	-1	-1	-1
1	1	-1.6325	-3.43463	5043	5083.81	-1
1	1	-3.8825	-3.28463	-1	-1	-1
1	1	-3.7325	-3.28463	-1	-1	-1
1	1	-3.5825	-3.28463	-1	-1	-1
1	1	-3.4325	-3.28463	-1	-1	-1
1	1	-3.2825	-3.28463	3480	3525.56	-1
1	1	-3.1325	-3.28463	3252	3317.66	-1
1	1	-2.9825	-3.28463	3212	3277.12	-1
1	1	-2.8325	-3.28463	3108	3164.66	-1
1	1	-2.6825	-3.28463	3541	3583.31	-1
1	1	-2.5325	-3.28463	-1	-1	-1
1	1	-2.3825	-3.28463	-1	-1	-1
1	1	-2.2325	-3.28463	-1	-1	-1
1	1	-2.0825	-3.28463	-1	-1	-1
1	1	-1.9325	-3.28463	-1	-1	-1
1	1	-1.7825	-3.28463	-1	-1	-1
1	1	-1.6325	-3.28463	3097	3131.25	-1
1	1	-3.8825	-3.13463	-1	-1	-1
1	1	-3.7325	-3.13463	-1	-1	-1
1	1	-3.5825	-3.13463	-1	-1	-1
1	1	-3.4325	-3.13463	3454	3504.78	-1
1	1	-3.2825	-3.13463	3324	3399.12	-1
1	1	-3.1325	-3.13463	3179	3241.91	-1
1	1	-2.9825	-3.13463	2973	3008.56	-1
1	1	-2.8325	-3.13463	2916	3024.81	-1
1	1	-2.6825	-3.13463	3139	3186.56	-1
1	1	-2.5325	-3.13463	-1	-1	-1
1	1	-2.3825	-3.13463	-1	-1	-1
1	1	-2.2325	-3.13463	-1	-1	-1
1	1	-2.0825	-3.13463	-1	-1	-1
1	1	-1.9325	-3.13463	-1	-1	-1
1	1	-1.7825	-3.13463	3169	3202.81	-1
1	1	-1.6325	-3.13463	1264	1296.94	-1
1	1	-3.8825	-2.98463	-1	-1	-1
1	1	-3.7325	-2.98463	-1	-1	-1
1	1	-3.5825	-2.98463	-1	-1	-1
1	1	-3.4325	-2.98463	3386	3441.38	-1
1	1	-3.2825	-2.98463	3226	3327.59	-1
1	1	-3.1325	-2.98463	3056	3125.12	-1
1	1	-2.9825	-2.98463	2839	2884.28	-1
1	1	-2.8325	-2.98463	2758	2792.06	-1
1	1	-2.6825	-2.98463	2629	2666.72	-1
1	1	-2.5325	-2.98463	2555	2587.66	-1
1	1	-2.3825	-2.98463	-1	-1	-1
1	1	-2.2325	-2.98463	1825	1981.94	-1
1	1	-2.0825	-2.98463	-1	-1	-1
1	1	-1.9325	-2.98463	-1	-1	-1
1	1	-1.7825	-2.98463	2945	2977.75	-1
1	1	-1.6325	-2.98463	3049	3080.22	-1
1	1	-3.8825	-2.83463	-1	-1	-1
1	1	-3.7325	-2.83463	-1	-1	-1
1	1	-3.5825	-2.83463	-1	-1	-1
1	1	-3.4325	-2.83463	-1	-1	-1
1	1	-3.2825	-2.83463	3499	3575.66	-1
1	1	-3.1325	-2.83463	3352	3390.44	-1
1	1	-2.9825	-2.83463	3318	3369.47	-1
1	1	-2.8325	-2.83463	3063	3121.75	-1
1	1	-2.6825	-2.83463	2428	2468.72	-1
1	1	-2.5325	-2.83463	2241	2275.59	-1
1	1	-2.3825	-2.83463	2015	2068.28	-1
1	1	-2.2325	-2.83463	1052	1112.69	-1
1	1	-2.0825	-2.83463	1453	1485.81	-1
1	1	-1.9325	-2.83463	-1	-1	-1
1	1	-1.7825	-2.83463	455	497.344	-1
1	1	-1.6325	-2.83463	112	160.812	-1
1	1	-3.8825	-2.68463	-1	-1	-1
1	1	-3.7325	-2.68463	-1	-1	-1
1	1	-3.5825	-2.68463	-1	-1	-1
1	1	-3.4325	-2.68463	-1	-1	-1
1	1	-3.2825	-2.68463	-1	-1	-1
1	1	-3.1325	-2.68463	-1	-1	-1
1	1	-2.9825	-2.68463	-1	-1	-1
1	1	-2.8325	-2.68463	-1	-1	-1
1	1	-2.6825	-2.68463	2500	2540.38	-1
1	1	-2.5325	-2.68463	2304	2341.44	-1
1	1	-2.3825	-2.68463	1208	1239.91	-1
1	1	-2.2325	-2.68463	993	1045.81	-1
1	1	-2.0825	-2.68463	750	788.156	-1
1	1	-1.9325	-2.68463	840	883.906	-1
1	1	-1.7825	-2.68463	184	228.812	-1
1	1	-1.6325	-2.68463	38	69.6875	-1
1	1	-3.8825	-2.53463	4168	4226.88	-1
1	1	-3.7325	-2.53463	4334	4375.16	-1
1	1	-3.5825	-2.53463	4308	4341.41	-1
1	1	-3.4325	-2.53463	-1	-1	-1
1	1	-3.2825	-2.53463	-1	-1	-1
1	1	-3.1325	-2.53463	-1	-1	-1
1	1	-2.9825	-2.53463	-1	-1	-1
1	1	-2.8325	-2.53463	-1	-1	-1
1	1	-2.6825	-2.53463	-1	-1	-1
1	1	-2.5325	-2.53463	2610	2643.56	-1
1	1	-2.3825	-2.53463	1311	1343.66	-1
1	1	-2.2325	-2.53463	873	931.719	-1
1	1	-2.0825	-2.53463	614	651.062	-1
1	1	-1.9325	-2.53463	471	517.062	-1
1	1	-1.7825	-2.53463	444	482.719	-1
1	1	-1.6325	-2.53463	97	149.562	-1
1	1	-3.8825	-2.38463	4127	4183.5	-1
1	1	-3.7325	-2.38463	4010	4067.47	-1
1	1	-3.5825	-2.38463	4222	4273.38	-1
1	1	-3.4325	-2.38463	-1	-1	-1
1	1	-3.2825	-2.38463	-1	-1	-1
1	1	-3.1325	-2.38463	-1	-1	-1
1	1	-2.9825	-2.38463	-1	-1	-1
1	1	-2.8325	-2.38463	-1	-1	-1
1	1	-2.6825	-2.38463	-1	-1	-1
1	1	-2.5325	-2.38463	-1	-1	-1
1	1	-2.3825	-2.38463	-1	-1	-1
1	1	-2.2325	-2.38463	1007	1048	-1
1	1	-2.0825	-2.38463	678	757.812	-1
1	1	-1.9325	-2.38463	541	574.156	-1
1	1	-1.7825	-2.38463	346	372.531	-1
1	1	-1.6325	-2.38463	199	236.156	-1
1	1	-3.8825	-2.23463	3712	3835.44	-1
1	1	-3.7325	-2.23463	3890	3947.38	-1
1	1	-3.5825	-2.23463	4084	4147.28	-1
1	1	-3.4325	-2.23463	-1	-1	-1
1	1	-3.2825	-2.23463	-1	-1	-1
1	1	-3.1325	-2.23463	-1	-1	-1
1	1	-2.9825	-2.23463	-1	-1	-1
1	1	-2.8325	-2.23463	-1	-1	-1
1	1	-2.6825	-2.23463	-1	-1	-1
1	1	-2.5325	-2.23463	-1	-1	-1
1	1	-2.3825	-2.23463	-1	-1	-1
1	1	-2.2325	-2.23463	1081	1143.53	-1
1	1	-2.0825	-2.23463	1170	1211.91	-1
1	1	-1.9325	-2.23463	767	806.375	-1
1	1	-1.7825	-2.23463	572	606.875	-1
1	1	-1.6325	-2.23463	472	509.062	-1
1	1	-3.8825	-2.08463	3938	3987.41	-1
1	1	-3.7325	-2.08463	4028	4118.5	-1
1	1	-3.5825	-2.08463	4199	4245.06	-1
1	1	-3.4325	-2.08463	-1	-1	-1
1	1	-3.2825	-2.08463	-1	-1	-1
1	1	-3.1325	-2.08463	-1	-1	-1
1	1	-2.9825	-2.08463	-1	-1	-1
1	1	-2.8325	-2.08463	-1	-1	-1
1	1	-2.6825	-2.08463	-1	-1	-1
1	1	-2.5325	-2.08463	-1	-1	-1
1	1	-2.3825	-2.08463	-1	-1	-1
1	1	-2.2325	-2.08463	-1	-1	-1
1	1	-2.0825	-2.08463	-1	-1	-1
1	1	-1.9325	-2.08463	2847	2874.22	-1
1	1	-1.7825	-2.08463	1428	1466.88	-1
1	1	-1.6325	-2.08463	722	746.125	-1
1	1	-3.8825	-1.93463	4056	4124.47	-1
1	1	-3.7325	-1.93463	4041	4085.03	-1
1	1	-3.5825	-1.93463	4227	4268.16	-1
1	1	-3.4325	-1.93463	-1	-1	-1
1	1	-3.2825	-1.93463	-1	-1	-1
1	1	-3.1325	-1.93463	-1	-1	-1
1	1	-2.9825	-1.93463	-1	-1	-1
1	1	-2.8325	-1.93463	-1	-1	-1
1	1	-2.6825	-1.93463	-1	-1	-1
1	1	-2.5325	-1.93463	-1	-1	-1
1	1	-2.3825	-1.93463	5293	5375.91	-1
1	1	-2.2325	-1.93463	5039	5064.75	-1
1	1	-2.0825	-1.93463	-1	-1	-1
1	1	-1.9325	-1.93463	-1	-1	-1
1	1	-1.7825	-1.93463	4435	4612.28	-1
1	1	-1.6325	-1.93463	533	695.312	-1
1	1	-3.8825	-1.78463	4155	4201.09	-1
1	1	-3.7325	-1.78463	4214	4253.44	-1
1	1	-3.5825	-1.78463	-1	-1	-1
1	1	-3.4325	-1.78463	-1	-1	-1
1	1	-3.2825	-1.78463	-1	-1	-1
1	1	-3.1325	-1.78463	-1	-1	-1
1	1	-2.9825	-1.78463	-1	-1	-1
1	1	-2.8325	-1.78463	-1	-1	-1
1	1	-2.6825	-1.78463	-1	-1	-1
1	1	-2.5325	-1.78463	5222	5288.78	-1
1	1	-2.3825	-1.78463	4961	4987.59	-1
1	1	-2.2325	-1.78463	4849	4874.44	-1
1	1	-2.0825	-1.78463	4620	4796.25	-1
1	1	-1.9325	-1.78463	-1	-1	-1
1	1	-1.7825	-1.78463	1638	1676.88	-1
1	1	-1.6325	-1.78463	1346	1516.16	-1
1	1	-3.8825	-1.63463	-1	-1	-1
1	1	-3.7325	-1.63463	-1	-1	-1
1	1	-3.5825	-1.63463	-1	-1	-1
1	1	-3.4325	-1.63463	-1	-1	-1
1	1	-3.2825	-1.63463	-1	-1	-1
1	1	-3.1325	-1.63463	-1	-1	-1
1	1	-2.9825	-1.63463	-1	-1	-1
1	1	-2.8325	-1.63463	-1	-1	-1
1	1	-2.6825	-1.63463	-1	-1	-1
1	1	-2.5325	-1.63463	5197	5238.81	-1
1	1	-2.3825	-1.63463	5132	5158.69	-1
1	1	-2.2325	-1.63463	2711	2739.12	-1
1	1	-2.0825	-1.63463	1030	1212.22	-1
1	1	-1.9325	-1.63463	1055	1087.06	-1
1	1	-1.7825	-1.63463	-1	-1	-1
1	1	-1.6325	-1.63463	1548	1572.66	-1
1	1	-3.8825	-1.48463	-1	-1	-1
1	1	-3.7325	-1.48463	2319	2349.78	-1
1	1	-3.5825	-1.48463	2419	2449.94	-1
1	1	-3.4325	-1.48463	-1	-1	-1
1	1	-3.2825	-1.48463	-1	-1	-1
1	1	-3.1325	-1.48463	-1	-1	-1
1	1	-2.9825	-1.48463	-1	-1	-1
1	1	-2.8325	-1.48463	-1	-1	-1
1	1	-2.6825	-1.48463	-1	-1	-1
1	1	-2.5325	-1.48463	-1	-1	-1
1	1	-2.3825	-1.48463	5309	5347	-1
1	1	-2.2325	-1.48463	1237	1264.41	-1
1	1	-2.0825	-1.48463	947	969.5	-1
1	1	-1.9325	-1.48463	989	1024.16	-1
1	1	-1.7825	-1.48463	1109	1156.59	-1
1	1	-1.6325	-1.48463	3748	3918.75	-1
2	4	6.97257	3.27712	-1	-1	-1
2	4	7.12257	3.27712	-1	-1	-1
2	4	7.27257	3.27712	-1	-1	-1
2	4	7.42257	3.27712	-1	-1	-1
2	4	7.57257	3.27712	-1	-1	-1
2	4	7.72257	3.27712	-1	-1	-1
2	4	7.87257	3.27712	-1	-1	-1
2	4	8.02257	3.27712	-1	-1	-1
2	4	6.97257	3.42712	-1	-1	-1
2	4	7.12257	3.42712	-1	-1	-1
2	4	7.27257	3.42712	-1	-1	-1
2	4	7.42257	3.42712	-1	-1	-1
2	4	7.57257	3.42712	-1	-1	-1
2	4	7.72257	3.42712	-1	-1	-1
2	4	7.87257	3.42712	-1	-1	-1
2	4	8.02257	3.42712	-1	-1	-1
2	4	6.97257	3.57712	-1	-1	-1
2	4	7.12257	3.57712	-1	-1	-1
2	4	7.27257	3.57712	-1	-1	-1
2	4	7.42257	3.57712	-1	-1	-1
2	4	7.57257	3.57712	-1	-1	-1
2	4	7.72257	3.57712	-1	-1	-1
2	4	7.87257	3.57712	-1	-1	-1
2	4	8.02257	3.57712	-1	-1	-1
2	4	6.97257	3.72712	-1	-1	-1
2	4	7.12257	3.72712	-1	-1	-1
2	4	7.27257	3.72712	-1	-1	-1
2	4	7.42257	3.72712	-1	-1	-1
2	4	7.57257	3.72712	-1	-1	-1
2	4	7.72257	3.72712	-1	-1	-1
2	4	7.87257	3.72712	-1	-1	-1
2	4	8.02257	3.72712	-1	-1	-1
2	4	6.97257	3.87712	-1	-1	-1
2	4	7.12257	3.87712	-1	-1	-1
2	4	7.27257	3.87712	-1	-1	-1
2	4	7.42257	3.87712	-1	-1	-1
2	4	7.57257	3.87712	-1	-1	-1
2	4	7.72257	3.87712	-1	-1	-1
2	4	7.87257	3.87712	-1	-1	-1
2	4	8.02257	3.87712	-1	-1	-1
2	4	6.97257	4.02712	-1	-1	-1
2	4	7.12257	4.02712	-1	-1	-1
2	4	7.27257	4.02712	-1	-1	-1
2	4	7.42257	4.02712	-1	-1	-1
2	4	7.57257	4.02712	-1	-1	-1
2	4	7.72257	4.02712	-1	-1	-1
2	4	7.87257	4.02712	-1	-1	-1
2	4	8.02257	4.02712	-1	-1	-1
2	4	6.97257	4.17712	-1	-1	-1
2	4	7.12257	4.17712	-1	-1	-1
2	4	7.27257	4.17712	-1	-1	-1
2	4	7.42257	4.17712	-1	-1	-1
2	4	7.57257	4.17712	-1	-1	-1
2	4	7.72257	4.17712	-1	-1	-1
2	4	7.87257	4.17712	-1	-1	-1
2	4	8.02257	4.17712	-1	-1	-1
2	4	6.97257	4.32712	-1	-1	-1
2	4	7.12257	4.32712	-1	-1	-1
2	4	7.27257	4.32712	-1	-1	-1
2	4	7.42257	4.32712	-1	-1	-1
2	4	7.57257	4.32712	-1	-1	-1
2	4	7.72257	4.32712	-1	-1	-1
2	4	7.87257	4.32712	-1	-1	-1
2	4	8.02257	4.32712	-1	-1	-1
3	4	-4.36478	2.28623	1043	1172.38	-1
3	4	-4.21478	2.28623	1219	1285.47	-1
3	4	-4.06478	2.28623	-1	-1	-1
3	4	-3.91478	2.28623	-1	-1	-1
3	4	-3.76478	2.28623	1294	1462	-1
3	4	-3.61478	2.28623	1511	1554.22	-1
3	4	-3.46478	2.28623	1556	1606.75	-1
3	4	-3.31478	2.28623	1689	1751.69	-1
3	4	-4.36478	2.43623	1379	1420.34	-1
3	4	-4.21478	2.43623	1347	1409.34	-1
3	4	-4.06478	2.43623	1838	1892.03	-1
3	4	-3.91478	2.43623	2365	2401.25	-1
3	4	-3.76478	2.43623	1792	1851.72	-1
3	4	-3.61478	2.43623	1660	1697.72	-1
3	4	-3.46478	2.43623	1686	1728.31	-1
3	4	-3.31478	2.43623	633	791.562	-1
3	4	-4.36478	2.58623	1483	1600.94	-1
3	4	-4.21478	2.58623	1670	1733.12	-1
3	4	-4.06478	2.58623	1937	1991.09	-1
3	4	-3.91478	2.58623	1998	2080.47	-1
3	4	-3.76478	2.58623	1991	2029.38	-1
3	4	-3.61478	2.58623	1899	1939.69	-1
3	4	-3.46478	2.58623	2116	2152.31	-1
3	4	-3.31478	2.58623	787	979.844	-1
3	4	-4.36478	2.73623	1811	1877.22	-1
3	4	-4.21478	2.73623	2201	2267.59	-1
3	4	-4.06478	2.73623	2158	2201.69	-1
3	4	-3.91478	2.73623	2242	2284.62	-1
3	4	-3.76478	2.73623	2646	2681.69	-1
3	4	-3.61478	2.73623	-1	-1	-1
3	4	-3.46478	2.73623	3014	3052.47	-1
3	4	-3.31478	2.73623	47	86.9688	-1
3	4	-4.36478	2.88623	2669	2709.75	-1
3	4	-4.21478	2.88623	2354	2409.03	-1
3	4	-4.06478	2.88623	2320	2376.66	-1
3	4	-3.91478	2.88623	2473	2530.88	-1
3	4	-3.76478	2.88623	-1	-1	-1
3	4	-3.61478	2.88623	-1	-1	-1
3	4	-3.46478	2.88623	4962	5102.62	-1
3	4	-3.31478	2.88623	2373	2535.78	-1
3	4	-4.36478	3.03623	-1	-1	-1
3	4	-4.21478	3.03623	4531	4678.66	-1
3	4	-4.06478	3.03623	4717	4757.84	-1
3	4	-3.91478	3.03623	-1	-1	-1
3	4	-3.76478	3.03623	-1	-1	-1
3	4	-3.61478	3.03623	-1	-1	-1
3	4	-3.46478	3.03623	-1	-1	-1
3	4	-3.31478	3.03623	5102	5253.75	-1
3	4	-4.36478	3.18623	-1	-1	-1
3	4	-4.21478	3.18623	-1	-1	-1
3	4	-4.06478	3.18623	-1	-1	-1
3	4	-3.91478	3.18623	-1	-1	-1
3	4	-3.76478	3.18623	-1	-1	-1
3	4	-3.61478	3.18623	-1	-1	-1
3	4	-3.46478	3.18623	-1	-1	-1
3	4	-3.31478	3.18623	61	100.875	-1
3	4	-4.36478	3.33623	-1	-1	-1
3	4	-4.21478	3.33623	-1	-1	-1
3	4	-4.06478	3.33623	-1	-1	-1
3	4	-3.91478	3.33623	-1	-1	-1
3	4	-3.76478	3.33623	738	800.312	-1
3	4	-3.61478	3.33623	602	644.688	-1
3	4	-3.46478	3.33623	-1	-1	-1
3	4	-3.31478	3.33623	385	539	-1
4	4	-8.89684	-1.00984	-1	-1	-1
4	4	-8.74684	-1.00984	-1	-1	-1
4	4	-8.59684	-1.00984	-1	-1	-1
4	4	-8.44684	-1.00984	-1	-1	-1
4	4	-8.29684	-1.00984	-1	-1	-1
4	4	-8.14684	-1.00984	-1	-1	-1
4	4	-7.99684	-1.00984	-1	-1	-1
4	4	-7.84684	-1.00984	-1	-1	-1
4	4	-8.89684	-0.859842	-1	-1	-1
4	4	-8.74684	-0.859842	-1	-1	-1
4	4	-8.59684	-0.859842	-1	-1	-1
4	4	-8.44684	-0.859842	-1	-1	-1
4	4	-8.29684	-0.859842	-1	-1	-1
4	4	-8.14684	-0.859842	-1	-1	-1
4	4	-7.99684	-0.859842	-1	-1	-1
4	4	-7.84684	-0.859842	3612	3724.38	-1
4	4	-8.89684	-0.709842	-1	-1	-1
4	4	-8.74684	-0.709842	-1	-1	-1
4	4	-8.59684	-0.709842	-1	-1	-1
4	4	-8.44684	-0.709842	-1	-1	-1
4	4	-8.29684	-0.709842	-1	-1	-1
4	4	-8.14684	-0.709842	-1	-1	-1
4	4	-7.99684	-0.709842	-1	-1	-1
4	4	-7.84684	-0.709842	3780	3848.47	-1
4	4	-8.89684	-0.559842	-1	-1	-1
4	4	-8.74684	-0.559842	-1	-1	-1
4	4	-8.59684	-0.559842	-1	-1	-1
4	4	-8.44684	-0.559842	-1	-1	-1
4	4	-8.29684	-0.559842	-1	-1	-1
4	4	-8.14684	-0.559842	-1	-1	-1
4	4	-7.99684	-0.559842	-1	-1	-1
4	4	-7.84684	-0.559842	-1	-1	-1
4	4	-8.89684	-0.409842	-1	-1	-1
4	4	-8.74684	-0.409842	-1	-1	-1
4	4	-8.59684	-0.409842	-1	-1	-1
4	4	-8.44684	-0.409842	-1	-1	-1
4	4	-8.29684	-0.409842	-1	-1	-1
4	4	-8.14684	-0.409842	-1	-1	-1
4	4	-7.99684	-0.409842	-1	-1	-1
4	4	-7.84684	-0.409842	-1	-1	-1
4	4	-8.89684	-0.259842	-1	-1	-1
4	4	-8.74684	-0.259842	-1	-1	-1
4	4	-8.59684	-0.259842	-1	-1	-1
4	4	-8.44684	-0.259842	-1	-1	-1
4	4	-8.29684	-0.259842	-1	-1	-1
4	4	-8.14684	-0.259842	5263	5323.5	-1
4	4	-7.99684	-0.259842	5140	5196.19	-1
4	4	-7.84684	-0.259842	4786	4849.72	-1
4	4	-8.89684	-0.109842	-1	-1	-1
4	4	-8.74684	-0.109842	-1	-1	-1
4	4	-8.59684	-0.109842	-1	-1	-1
4	4	-8.44684	-0.109842	-1	-1	-1
4	4	-8.29684	-0.109842	-1	-1	-1
4	4	-8.14684	-0.109842	4955	5013	-1
4	4	-7.99684	-0.109842	4744	4817.16	-1
4	4	-7.84684	-0.109842	4532	4628.44	-1
4	4	-8.89684	0.040158	-1	-1	-1
4	4	-8.74684	0.040158	-1	-1	-1
4	4	-8.59684	0.040158	-1	-1	-1
4	4	-8.44684	0.040158	-1	-1	-1
4	4	-8.29684	0.040158	-1	-1	-1
4	4	-8.14684	0.040158	-1	-1	-1
4	4	-7.99684	0.040158	4869	4949.75	-1
4	4	-7.84684	0.040158	4705	4784.41	-1
5	4	-7.50878	-5.30804	-1	-1	-1
5	4	-7.35878	-5.30804	-1	-1	-1
5	4	-7.20878	-5.30804	-1	-1	-1
5	4	-7.05878	-5.30804	-1	-1	-1
5	4	-6.90878	-5.30804	-1	-1	-1
5	4	-6.75878	-5.30804	-1	-1	-1
5	4	-6.60878	-5.30804	-1	-1	-1
5	4	-6.45878	-5.30804	-1	-1	-1
5	4	-7.50878	-5.15804	-1	-1	-1
5	4	-7.35878	-5.15804	-1	-1	-1
5	4	-7.20878	-5.15804	-1	-1	-1
5	4	-7.05878	-5.15804	-1	-1	-1
5	4	-6.90878	-5.15804	-1	-1	-1
5	4	-6.75878	-5.15804	-1	-1	-1
5	4	-6.60878	-5.15804	-1	-1	-1
5	4	-6.45878	-5.15804	-1	-1	-1
5	4	-7.50878	-5.00804	-1	-1	-1
5	4	-7.35878	-5.00804	-1	-1	-1
5	4	-7.20878	-5.00804	-1	-1	-1
5	4	-7.05878	-5.00804	-1	-1	-1
5	4	-6.90878	-5.00804	-1	-1	-1
5	4	-6.75878	-5.00804	-1	-1	-1
5	4	-6.60878	-5.00804	-1	-1	-1
5	4	-6.45878	-5.00804	-1	-1	-1
5	4	-7.50878	-4.85804	-1	-1	-1
5	4	-7.35878	-4.85804	-1	-1	-1
5	4	-7.20878	-4.85804	-1	-1	-1
5	4	-7.05878	-4.85804	-1	-1	-1
5	4	-6.90878	-4.85804	-1	-1	-1
5	4	-6.75878	-4.85804	-1	-1	-1
5	4	-6.60878	-4.85804	-1	-1	-1
5	4	-6.45878	-4.85804	-1	-1	-1
5	4	-7.50878	-4.70804	-1	-1	-1
5	4	-7.35878	-4.70804	-1	-1	-1
5	4	-7.20878	-4.70804	-1	-1	-1
5	4	-7.05878	-4.70804	-1	-1	-1
5	4	-6.90878	-4.70804	-1	-1	-1
5	4	-6.75878	-4.70804	-1	-1	-1
5	4	-6.60878	-4.70804	-1	-1	-1
5	4	-6.45878	-4.70804	-1	-1	-1
5	4	-7.50878	-4.55804	-1	-1	-1
5	4	-7.35878	-4.55804	-1	-1	-1
5	4	-7.20878	-4.55804	-1	-1	-1
5	4	-7.05878	-4.55804	-1	-1	-1
5	4	-6.90878	-4.55804	-1	-1	-1
5	4	-6.75878	-4.55804	-1	-1	-1
5	4	-6.60878	-4.55804	-1	-1	-1
5	4	-6.45878	-4.55804	-1	-1	-1
5	4	-7.50878	-4.40804	-1	-1	-1
5	4	-7.35878	-4.40804	-1	-1	-1
5	4	-7.20878	-4.40804	-1	-1	-1
5	4	-7.05878	-4.40804	-1	-1	-1
5	4	-6.90878	-4.40804	-1	-1	-1
5	4	-6.75878	-4.40804	-1	-1	-1
5	4	-6.60878	-4.40804	-1	-1	-1
5	4	-6.45878	-4.40804	-1	-1	-1
5	4	-7.50878	-4.25804	-1	-1	-1
5	4	-7.35878	-4.25804	-1	-1	-1
5	4	-7.20878	-4.25804	-1	-1	-1
5	4	-7.05878	-4.25804	-1	-1	-1
5	4	-6.90878	-4.25804	-1	-1	-1
5	4	-6.75878	-4.25804	-1	-1	-1
5	4	-6.60878	-4.25804	-1	-1	-1
5	4	-6.45878	-4.25804	-1	-1	-1
6	16	-3.07477	-1.35439	-1	-1	-1
6	16	-2.92477	-1.35439	-1	-1	-1
6	16	-2.77477	-1.35439	-1	-1	-1
6	16	-2.62477	-1.35439	-1	-1	-1
6	16	-3.07477	-1.20439	-1	-1	-1
6	16	-2.92477	-1.20439	-1	-1	-1
6	16	-2.77477	-1.20439	3079	3224.19	-1
6	16	-2.62477	-1.20439	938	1064.97	-1
6	16	-3.07477	-1.05439	-1	-1	-1
6	16	-2.92477	-1.05439	-1	-1	-1
6	16	-2.77477	-1.05439	3246	3286.81	-1
6	16	-2.62477	-1.05439	267	292.625	-1
6	16	-3.07477	-0.904386	62	103.312	-1
6	16	-2.92477	-0.904386	-1	-1	-1
6	16	-2.77477	-0.904386	1786	1912.69	-1
6	16	-2.62477	-0.904386	217	245.156	-1
7	16	1.80401	8.43929	-1	-1	-1
7	16	1.95401	8.43929	-1	-1	-1
7	16	2.10401	8.43929	-1	-1	-1
7	16	2.25401	8.43929	-1	-1	-1
7	16	1.80401	8.58929	-1	-1	-1
7	16	1.95401	8.58929	-1	-1	-1
7	16	2.10401	8.58929	-1	-1	-1
7	16	2.25401	8.58929	-1	-1	-1
7	16	1.80401	8.73929	-1	-1	-1
7	16	1.95401	8.73929	-1	-1	-1
7	16	2.10401	8.73929	-1	-1	-1
7	16	2.25401	8.73929	-1	-1	-1
7	16	1.80401	8.88929	-1	-1	-1
7	16	1.95401	8.88929	-1	-1	-1
7	16	2.10401	8.88929	-1	-1	-1
7	16	2.25401	8.88929	-1	-1	-1
8	16	-0.803378	-3.53864	-1	-1	-1
8	16	-0.653378	-3.53864	-1	-1	-1
8	16	-0.503378	-3.53864	-1	-1	-1
8	16	-0.353378	-3.53864	1702	1819.53	-1
8	16	-0.803378	-3.38864	5141	5212.59	-1
8	16	-0.653378	-3.38864	5257	5307.16	-1
8	16	-0.503378	-3.38864	642	673.5	-1
8	16	-0.353378	-3.38864	295	333.094	-1
8	16	-0.803378	-3.23864	5086	5115.56	-1
8	16	-0.653378	-3.23864	283	324.375	-1
8	16	-0.503378	-3.23864	183	210.562	-1
8	16	-0.353378	-3.23864	241	272.594	-1
8	16	-0.803378	-3.08864	2743	2878.81	-1
8	16	-0.653378	-3.08864	466	492.25	-1
8	16	-0.503378	-3.08864	32	59.5312	-1
8	16	-0.353378	-3.08864	97	130.219	-1
9	16	-1.30846	4.32038	-1	-1	-1
9	16	-1.15846	4.32038	-1	-1	-1
9	16	-1.00846	4.32038	4462	4497.69	-1
9	16	-0.858461	4.32038	5192	5227.12	-1
9	16	-1.30846	4.47038	-1	-1	-1
9	16	-1.15846	4.47038	-1	-1	-1
9	16	-1.00846	4.47038	-1	-1	-1
9	16	-0.858461	4.47038	-1	-1	-1
9	16	-1.30846	4.62038	-1	-1	-1
9	16	-1.15846	4.62038	-1	-1	-1
9	16	-1.00846	4.62038	-1	-1	-1
9	16	-0.858461	4.62038	-1	-1	-1
9	16	-1.30846	4.77038	-1	-1	-1
9	16	-1.15846	4.77038	-1	-1	-1
9	16	-1.00846	4.77038	-1	-1	-1
9	16	-0.858461	4.77038	-1	-1	-1
10	16	2.98899	7.46553	2725	2830.03	-1
10	16	3.13899	7.46553	-1	-1	-1
10	16	3.28899	7.46553	1901	1961.47	-1
10	16	3.43899	7.46553	-1	-1	-1
10	16	2.98899	7.61553	-1	-1	-1
10	16	3.13899	7.61553	-1	-1	-1
10	16	3.28899	7.61553	-1	-1	-1
10	16	3.43899	7.61553	-1	-1	-1
10	16	2.98899	7.76553	-1	-1	-1
10	16	3.13899	7.76553	-1	-1	-1
10	16	3.28899	7.76553	-1	-1	-1
10	16	3.43899	7.76553	-1	-1	-1
10	16	2.98899	7.91553	-1	-1	-1
10	16	3.13899	7.91553	-1	-1	-1
10	16	3.28899	7.91553	-1	-1	-1
10	16	3.43899	7.91553	-1	-1	-1
11	16	-2.81368	5.21372	-1	-1	-1
11	16	-2.66368	5.21372	-1	-1	-1
11	16	-2.51368	5.21372	-1	-1	-1
11	16	-2.36368	5.21372	-1	-1	-1
11	16	-2.81368	5.36372	-1	-1	-1
11	16	-2.66368	5.36372	-1	-1	-1
11	16	-2.51368	5.36372	-1	-1	-1
11	16	-2.36368	5.36372	-1	-1	-1
11	16	-2.81368	5.51372	-1	-1	-1
11	16	-2.66368	5.51372	-1	-1	-1
11	16	-2.51368	5.51372	-1	-1	-1
11	16	-2.36368	5.51372	-1	-1	-1
11	16	-2.81368	5.66372	-1	-1	-1
11	16	-2.66368	5.66372	-1	-1	-1
11	16	-2.51368	5.66372	-1	-1	-1
11	16	-2.36368	5.66372	-1	-1	-1
12	16	4.84363	7.70606	2167	2280.66	-1
12	16	4.99363	7.70606	-1	-1	-1
12	16	5.14363	7.70606	-1	-1	-1
12	16	5.29363	7.70606	-1	-1	-1
12	16	4.84363	7.85606	-1	-1	-1
12	16	4.99363	7.85606	-1	-1	-1
12	16	5.14363	7.85606	-1	-1	-1
12	16	5.29363	7.85606	-1	-1	-1
12	16	4.84363	8.00606	-1	-1	-1
12	16	4.99363	8.00606	-1	-1	-1
12	16	5.14363	8.00606	-1	-1	-1
12	16	5.29363	8.00606	-1	-1	-1
12	16	4.84363	8.15606	-1	-1	-1
12	16	4.99363	8.15606	-1	-1	-1
12	16	5.14363	8.15606	-1	-1	-1
12	16	5.29363	8.15606	-1	-1	-1
13	16	-2.68678	-6.79602	-1	-1	-1
13	16	-2.53678	-6.79602	-1	-1	-1
13	16	-2.38678	-6.79602	-1	-1	-1
13	16	-2.23678	-6.79602	-1	-1	-1
13	16	-2.68678	-6.64602	-1	-1	-1
13	16	-2.53678	-6.64602	-1	-1	-1
13	16	-2.38678	-6.64602	-1	-1	-1
13	16	-2.23678	-6.64602	-1	-1	-1
13	16	-2.68678	-6.49602	-1	-1	-1
13	16	-2.53678	-6.49602	-1	-1	-1
13	16	-2.38678	-6.49602	-1	-1	-1
13	16	-2.23678	-6.49602	-1	-1	-1
13	16	-2.68678	-6.34602	-1	-1	-1
13	16	-2.53678	-6.34602	-1	-1	-1
13	16	-2.38678	-6.34602	-1	-1	-1
13	16	-2.23678	-6.34602	-1	-1	-1
14	16	4.19941	2.29306	52	90.3438	-1
14	16	4.34941	2.29306	363	475.062	-1
14	16	4.49941	2.29306	2234	2357.16	-1
14	16	4.64941	2.29306	2441	2495.03	-1
14	16	4.19941	2.44306	-1	-1	-1
14	16	4.34941	2.44306	536	579.562	-1
14	16	4.49941	2.44306	2394	2456.53	-1
14	16	4.64941	2.44306	-1	-1	-1
14	16	4.19941	2.59306	-1	-1	-1
14	16	4.34941	2.59306	-1	-1	-1
14	16	4.49941	2.59306	-1	-1	-1
14	16	4.64941	2.59306	-1	-1	-1
14	16	4.19941	2.74306	-1	-1	-1
14	16	4.34941	2.74306	-1	-1	-1
14	16	4.49941	2.74306	-1	-1	-1
14	16	4.64941	2.74306	-1	-1	-1
15	16	8.49848	4.88145	-1	-1	-1
15	16	8.64848	4.88145	-1	-1	-1
15	16	8.79848	4.88145	-1	-1	-1
15	16	8.94848	4.88145	-1	-1	-1
15	16	8.49848	5.03145	-1	-1	-1
15	16	8.64848	5.03145	-1	-1	-1
15	16	8.79848	5.03145	-1	-1	-1
15	16	8.94848	5.03145	-1	-1	-1
15	16	8.49848	5.18145	-1	-1	-1
15	16	8.64848	5.18145	-1	-1	-1
15	16	8.79848	5.18145	-1	-1	-1
15	16	8.94848	5.18145	-1	-1	-1
15	16	8.49848	5.33145	-1	-1	-1
15	16	8.64848	5.33145	-1	-1	-1
15	16	8.79848	5.33145	-1	-1	-1
15	16	8.94848	5.33145	-1	-1	-1
16	16	7.98418	-3.75167	-1	-1	-1
16	16	8.13418	-3.75167	-1	-1	-1
16	16	8.28418	-3.75167	-1	-1	-1
16	16	8.43418	-3.75167	-1	-1	-1
16	16	7.98418	-3.60167	683	744.531	-1
16	16	8.13418	-3.60167	-1	-1	-1
16	16	8.28418	-3.60167	-1	-1	-1
16	16	8.43418	-3.60167	-1	-1	-1
16	16	7.98418	-3.45167	-1	-1	-1
16	16	8.13418	-3.45167	-1	-1	-1
16	16	8.28418	-3.45167	-1	-1	-1
16	16	8.43418	-3.45167	-1	-1	-1
16	16	7.98418	-3.30167	-1	-1	-1
16	16	8.13418	-3.30167	-1	-1	-1
16	16	8.28418	-3.30167	-1	-1	-1
16	16	8.43418	-3.30167	-1	-1	-1
17	16	-4.75605	4.75883	5386	-1	-1
17	16	-4.60605	4.75883	4522	4673.94	-1
17	16	-4.45605	4.75883	2824	2961.09	-1
17	16	-4.30605	4.75883	2497	2651.31	-1
17	16	-4.75605	4.90883	-1	-1	-1
17	16	-4.60605	4.90883	4587	4685.03	-1
17	16	-4.45605	4.90883	4744	4806.97	-1
17	16	-4.30605	4.90883	-1	-1	-1
17	16	-4.75605	5.05883	-1	-1	-1
17	16	-4.60605	5.05883	-1	-1	-1
17	16	-4.45605	5.05883	-1	-1	-1
17	16	-4.30605	5.05883	-1	-1	-1
17	16	-4.75605	5.20883	-1	-1	-1
17	16	-4.60605	5.20883	-1	-1	-1
17	16	-4.45605	5.20883	-1	-1	-1
17	16	-4.30605	5.20883	-1	-1	-1
18	16	3.11576	-6.81483	-1	-1	-1
18	16	3.26576	-6.81483	-1	-1	-1
18	16	3.41576	-6.81483	-1	-1	-1
18	16	3.56576	-6.81483	-1	-1	-1
18	16	3.11576	-6.66483	-1	-1	-1
18	16	3.26576	-6.66483	-1	-1	-1
18	16	3.41576	-6.66483	-1	-1	-1
18	16	3.56576	-6.66483	-1	-1	-1
18	16	3.11576	-6.51483	3428	3554.31	-1
18	16	3.26576	-6.51483	-1	-1	-1
18	16	3.41576	-6.51483	-1	-1	-1
18	16	3.56576	-6.51483	-1	-1	-1
18	16	3.11576	-6.36483	2376	2479.03	-1
18	16	3.26576	-6.36483	-1	-1	-1
18	16	3.41576	-6.36483	800	926.438	-1
18	16	3.56576	-6.36483	-1	-1	-1
19	16	3.92501	7.32978	-1	-1	-1
19	16	4.07501	7.32978	-1	-1	-1
19	16	4.22501	7.32978	-1	-1	-1
19	16	4.37501	7.32978	-1	-1	-1
19	16	3.92501	7.47978	-1	-1	-1
19	16	4.07501	7.47978	-1	-1	-1
19	16	4.22501	7.47978	-1	-1	-1
19	16	4.37501	7.47978	-1	-1	-1
19	16	3.92501	7.62978	-1	-1	-1
19	16	4.07501	7.62978	-1	-1	-1
19	16	4.22501	7.62978	-1	-1	-1
19	16	4.37501	7.62978	-1	-1	-1
19	16	3.92501	7.77978	-1	-1	-1
19	16	4.07501	7.77978	-1	-1	-1
19	16	4.22501	7.77978	-1	-1	-1
19	16	4.37501	7.77978	-1	-1	-1
20	16	-8.97802	3.04534	-1	-1	-1
20	16	-8.82802	3.04534	-1	-1	-1
20	16	-8.67802	3.04534	-1	-1	-1
20	16	-8.52802	3.04534	-1	-1	-1
20	16	-8.97802	3.19534	-1	-1	-1
20	16	-8.82802	3.19534	-1	-1	-1
20	16	-8.67802	3.19534	-1	-1	-1
20	16	-8.52802	3.19534	-1	-1	-1
20	16	-8.97802	3.34534	-1	-1	-1
20	16	-8.82802	3.34534	-1	-1	-1
20	16	-8.67802	3.34534	-1	-1	-1
20	16	-8.52802	3.34534	-1	-1	-1
20	16	-8.97802	3.49534	-1	-1	-1
20	16	-8.82802	3.49534	-1	-1	-1
20	16	-8.67802	3.49534	-1	-1	-1
20	16	-8.52802	3.49534	-1	-1	-1
21	16	3.86888	0.441105	-1	-1	-1
21	16	4.01888	0.441105	-1	-1	-1
21	16	4.16888	0.441105	2220	2259.09	-1
21	16	4.31888	0.441105	-1	-1	-1
21	16	3.86888	0.591105	-1	-1	-1
21	16	4.01888	0.591105	-1	-1	-1
21	16	4.16888	0.591105	-1	-1	-1
21	16	4.31888	0.591105	-1	-1	-1
21	16	3.86888	0.741105	-1	-1	-1
21	16	4.01888	0.741105	-1	-1	-1
21	16	4.16888	0.741105	-1	-1	-1
21	16	4.31888	0.741105	-1	-1	-1
21	16	3.86888	0.891105	-1	-1	-1
21	16	4.01888	0.891105	-1	-1	-1
21	16	4.16888	0.891105	-1	-1	-1
21	16	4.31888	0.891105	1191	1233.62	-1
0	256	-9.15297	-1.0045	-1	-1	-1
0	256	5.56968	3.20083	-1	-1	-1
0	256	4.47476	3.05586	4466	4600.47	-1
0	256	6.33601	0.415186	-1	-1	-1
0	256	-0.452992	6.75422	-1	-1	-1
0	256	4.46755	-2.56306	2681	2866.91	-1
0	256	-7.63119	-3.14667	-1	-1	-1
0	256	-3.48276	1.05521	-1	-1	-1
0	256	9.31746	-3.09702	840	914.156	-1
0	256	8.83164	2.08444	-1	-1	-1
0	256	7.62793	-5.3178	3281	3380.53	-1
0	256	-1.45076	6.65835	-1	-1	-1
0	256	-3.82202	9.23317	-1	-1	-1
0	256	-5.08428	0.705132	2300	2339.25	-1
0	256	2.35023	8.62352	-1	-1	-1
0	256	6.78218	-2.00375	-1	-1	-1
0	256	4.44866	-6.48829	-1	-1	-1
0	256	-0.978311	-9.27663	-1	-1	-1
0	256	1.63094	-8.32199	-1	-1	-1
0	256	0.198003	-9.0144	-1	-1	-1
0	256	-2.71514	-4.08591	-1	-1	-1
0	256	5.32669	5.02805	3556	3709.09	-1
0	256	1.76941	-4.99586	4456	4498.31	-1
0	256	4.53322	-4.65479	1024	1177.03	-1
0	256	7.62588	-0.252049	-1	-1	-1
0	256	7.53971	-3.44571	4812	4912.19	-1
0	256	-1.34513	3.74087	5123	5159.84	-1
0	256	1.33249	3.41457	2909	2940.41	-1
0	256	-6.23541	4.84212	-1	-1	-1
0	256	3.20414	5.95216	112	232.594	-1
0	256	-0.540008	4.54029	4935	5046.44	-1
0	256	8.38279	5.27167	-1	-1	-1
0	256	-1.2664	-5.81648	-1	-1	-1
0	256	0.539899	-5.23767	3568	3680.5	-1
0	256	-1.21801	-4.04968	-1	-1	-1
0	256	-3.81778	7.98801	-1	-1	-1
0	256	-6.37535	-1.90238	-1	-1	-1
0	256	5.55548	-8.07391	-1	-1	-1
0	256	4.21038	-0.240835	-1	-1	-1
0	256	6.63105	-2.2416	4517	4568.56	-1
0	256	-7.741	-7.12659	-1	-1	-1
0	256	-3.15708	5.62153	-1	-1	-1
0	256	5.65477	-1.69282	-1	-1	-1
0	256	1.17292	7.66631	-1	-1	-1
0	256	6.35042	1.59964	-1	-1	-1
0	256	-1.16028	6.70579	-1	-1	-1
0	256	-5.87143	5.98893	-1	-1	-1
0	256	-5.62038	1.36911	1578	1688.53	-1
0	256	-6.40654	5.45285	-1	-1	-1
0	256	-1.98272	8.57392	-1	-1	-1
0	256	1.63034	9.22745	-1	-1	-1
0	256	-1.83083	7.19153	-1	-1	-1
0	256	-0.612004	6.7577	-1	-1	-1
0	256	-6.86993	-0.93979	2541	2643.03	-1
0	256	-9.4132	1.24034	-1	-1	-1
0	256	1.72672	-8.51821	3165	3261.97	-1
0	256	5.47653	-4.65477	3498	3551.09	-1
0	256	3.92251	-7.01688	-1	-1	-1
0	256	-1.93086	-9.30637	-1	-1	-1
0	256	6.89211	3.95831	-1	-1	-1
0	256	-1.26139	9.16028	-1	-1	-1
0	256	0.118859	4.08871	-1	-1	-1
0	256	5.39478	7.12428	-1	-1	-1
0	256	-6.11871	-1.19175	-1	-1	-1
0	256	-5.25421	2.09098	-1	-1	-1
0	256	7.32216	-4.72772	-1	-1	-1
0	256	-4.0868	5.00494	-1	-1	-1
0	256	0.17387	3.2495	4507	4655.22	-1
0	256	4.54636	0.951715	1385	1421.34	-1
0	256	-2.58269	8.30694	-1	-1	-1
0	256	-3.86904	3.73722	987	1032.44	-1
0	256	8.95127	0.774168	-1	-1	-1
0	256	7.42801	-1.60418	2757	2853.25	-1
0	256	6.02719	5.97768	-1	-1	-1
0	256	7.55951	-4.42718	4799	4894.09	-1
0	256	3.41081	6.13084	3205	3257.72	-1
0	256	5.56435	3.83953	1611	1667.84	-1
0	256	-3.07666	5.38721	-1	-1	-1
0	256	-6.72943	6.3763	-1	-1	-1
0	256	-1.68135	-5.85815	-1	-1	-1
0	256	-5.65158	3.85782	-1	-1	-1
0	256	0.821209	2.89445	1979	2108.16	-1
0	256	-1.06596	-7.72608	-1	-1	-1
0	256	3.04892	-2.5034	2089	2198.78	-1
0	256	3.64629	7.35057	-1	-1	-1
0	256	1.65574	-3.33881	1845	1991.94	-1
0	256	-0.35207	-9.53858	-1	-1	-1
0	256	-7.68915	-3.00555	-1	-1	-1
0	256	0.144025	7.18442	-1	-1	-1
0	256	1.2773	-9.46725	4938	5007.69	-1
0	256	-5.04147	-2.26259	-1	-1	-1
0	256	3.54697	6.34996	-1	-1	-1
0	256	-5.7261	4.64146	-1	-1	-1
0	256	-5.89429	0.217481	-1	-1	-1
0	256	3.26717	-3.85996	2974	3025.38	-1
0	256	-5.45355	5.59883	-1	-1	-1
0	256	-8.17188	0.65219	-1	-1	-1
0	256	-6.76548	5.18358	-1	-1	-1
0	256	-9.12376	2.13283	-1	-1	-1
0	256	-3.8915	-0.943285	147	272.5	-1
0	256	2.87563	2.54294	968	999.156	-1
0	256	8.31681	5.0442	-1	-1	-1
0	256	-4.30121	-0.125132	3635	3668.84	-1
0	256	-4.08463	4.8743	-1	-1	-1
0	256	2.88693	-3.49116	-1	-1	-1
0	256	-1.47939	-7.83936	-1	-1	-1
0	256	-4.24289	5.90945	-1	-1	-1
0	256	1.07679	-5.34157	809	937.5	-1
0	256	6.54595	0.213163	5007	5071.81	-1
0	256	-9.50461	-2.30216	-1	-1	-1
0	256	1.8261	8.07362	-1	-1	-1
0	256	-5.0202	5.72235	-1	-1	-1
0	256	2.33417	-2.15697	31	65.0938	-1
0	256	-7.14955	0.149906	-1	-1	-1
0	256	6.82956	-4.54989	-1	-1	-1
0	256	4.55063	-0.607498	4981	5093.25	-1
0	256	-6.59074	6.61205	-1	-1	-1
0	256	4.65332	-8.48492	2607	2681.25	-1
0	256	-7.17799	-6.77436	-1	-1	-1
0	256	4.60487	-4.88263	4856	4905	-1
0	256	-5.16448	-1.36273	603	709.031	-1
0	256	4.31654	8.53857	-1	-1	-1
0	256	5.31842	4.87694	2447	2571.66	-1
0	256	-2.87124	8.39517	-1	-1	-1
0	256	-0.436854	-8.95953	2629	2713.78	-1
0	256	-5.73129	-5.64099	-1	-1	-1
0	256	-3.96211	7.54061	-1	-1	-1
0	256	2.73468	-8.64427	-1	-1	-1
0	256	6.99361	-2.96527	-1	-1	-1
0	256	-6.93953	1.88423	4512	4622.97	-1
0	256	-5.29509	-5.96579	-1	-1	-1
0	256	-2.36441	7.01952	-1	-1	-1
0	256	7.34516	1.11246	-1	-1	-1
0	256	-3.43574	-1.25782	-1	-1	-1
0	256	-3.33281	-8.39181	-1	-1	-1
0	256	-4.56326	-3.38155	-1	-1	-1
0	256	-1.54875	-5.77969	-1	-1	-1
0	256	-3.89224	6.18031	1455	1566.47	-1
0	256	-6.76029	-1.45638	-1	-1	-1
0	256	-7.73457	-0.2608	4901	4963.75	-1
0	256	-9.15419	3.97985	-1	-1	-1
0	256	-1.35554	-3.84366	5309	5350.72	-1
0	256	4.70711	-3.50383	2203	2323.47	-1
0	256	-4.1338	-3.32909	-1	-1	-1
0	256	-0.187298	9.01176	-1	-1	-1
0	256	-7.77316	-3.26724	-1	-1	-1
0	256	-6.94611	6.04234	-1	-1	-1
0	256	6.10528	0.914638	2820	2870	-1
0	256	3.88152	-7.80445	-1	-1	-1
0	256	-9.66693	1.64347	-1	-1	-1
0	256	-8.07641	0.578604	-1	-1	-1
0	256	-0.267577	-3.0272	257	329.875	-1
0	256	4.69015	-8.60526	-1	-1	-1
0	256	8.35182	-4.2435	942	1011.19	-1
0	256	-1.89508	-8.71259	-1	-1	-1
0	256	-6.21044	7.42316	-1	-1	-1
0	256	1.96838	-4.52058	2793	2837.06	-1
0	256	5.62875	-5.28894	1912	2034.62	-1
0	256	3.3283	9.03284	-1	-1	-1
0	256	-6.57641	2.8636	2201	2305.97	-1
0	256	-4.85044	-5.45838	-1	-1	-1
0	256	3.14154	-7.97221	-1	-1	-1
0	256	4.0482	5.962	2665	2721.34	-1
0	256	7.70284	-5.05166	-1	-1	-1
0	256	6.22999	-6.85191	2141	2212.47	-1
0	256	-4.75111	8.04526	-1	-1	-1
0	256	-1.28048	-2.92423	178	211.625	-1
0	256	9.2675	0.422991	-1	-1	-1
0	256	3.76639	-6.78156	-1	-1	-1
0	256	-3.49008	-8.45483	-1	-1	-1
0	256	-1.6846	7.9324	-1	-1	-1
0	256	-2.09969	-8.96196	-1	-1	-1
0	256	5.13709	3.17887	-1	-1	-1
0	256	-7.38843	1.28677	-1	-1	-1
0	256	-2.73814	8.3682	-1	-1	-1
0	256	4.57589	-5.00064	-1	-1	-1
0	256	5.83216	-5.134	4083	4218.12	-1
0	256	-7.67391	-3.42251	-1	-1	-1
0	256	6.9136	4.49811	-1	-1	-1
0	256	9.33437	1.02795	-1	-1	-1
0	256	3.05568	4.24052	-1	-1	-1
0	256	0.594933	-8.44212	3893	4001.66	-1
0	256	2.14476	8.98501	-1	-1	-1
0	256	1.36692	-5.73423	-1	-1	-1
0	256	-2.86093	3.43198	-1	-1	-1
0	256	8.03228	2.44962	5121	5212.25	-1
0	256	4.56779	8.03842	-1	-1	-1
0	256	5.87298	-3.87833	-1	-1	-1
0	256	-9.02871	2.74372	-1	-1	-1
0	256	-3.30415	-6.09862	-1	-1	-1
0	256	-2.66193	-4.32973	-1	-1	-1
0	256	3.25518	8.86334	-1	-1	-1
0	256	7.18113	-0.38314	-1	-1	-1
0	256	6.6331	3.56504	-1	-1	-1
0	256	4.80711	4.81215	-1	-1	-1
0	256	-6.87528	1.05788	987	1038.22	-1
0	256	5.88082	-6.5775	-1	-1	-1
0	256	-1.66982	6.62036	-1	-1	-1
0	256	2.6177	-6.78944	-1	-1	-1
0	256	-2.44757	4.32715	357	488.281	-1
0	256	4.52912	-8.27031	-1	-1	-1
0	256	-5.8625	4.53853	-1	-1	-1
0	256	3.92718	5.46369	-1	-1	-1
0	256	6.98576	6.75571	846	923.562	-1
0	256	-1.56047	8.53578	-1	-1	-1
0	256	7.23179	1.35031	-1	-1	-1
0	256	1.72765	6.52234	-1	-1	-1
0	256	0.303711	-7.11523	-1	-1	-1
0	256	0.97215	6.06271	-1	-1	-1
0	256	-6.84716	-1.32145	-1	-1	-1
0	256	-7.19916	4.46001	-1	-1	-1
0	256	-0.167988	8.0608	-1	-1	-1
0	256	-2.37568	2.17228	1683	1843.06	-1
0	256	-3.01224	4.2947	136	263.5	-1
0	256	8.52722	-3.91412	-1	-1	-1
0	256	-1.44271	-7.14784	-1	-1	-1
0	256	2.28651	-7.5836	797	901.656	-1
0	256	1.4676	-6.215	-1	-1	-1
0	256	6.33355	-0.219622	-1	-1	-1
0	256	-0.339172	3.2019	92	119.875	-1
0	256	-2.32841	4.33422	556	600.656	-1
0	256	-4.59912	8.56705	-1	-1	-1
0	256	-2.76235	4.61964	1303	1435.66	-1
0	256	5.47301	0.785195	-1	-1	-1
0	256	2.41426	7.00261	3191	3249.84	-1
0	256	6.82351	4.78617	-1	-1	-1
0	256	0.204327	5.65838	-1	-1	-1
0	256	-3.79595	-5.50729	-1	-1	-1
0	256	-8.10577	-5.40174	-1	-1	-1
0	256	-0.700567	-7.17384	-1	-1	-1
0	256	-7.59064	6.57665	-1	-1	-1
0	256	-4.05881	-5.95397	-1	-1	-1
0	256	-6.00879	-4.83847	-1	-1	-1
0	256	-1.88429	7.80556	-1	-1	-1
0	256	-7.04981	-1.72815	-1	-1	-1
0	256	-5.56408	0.750495	-1	-1	-1
0	256	-0.552475	6.32054	-1	-1	-1
0	256	-3.94877	-4.45034	-1	-1	-1
0	256	0.567708	7.10981	-1	-1	-1
0	256	2.77201	2.00951	325	354.062	-1
0	256	6.37386	4.39598	-1	-1	-1
0	256	-5.73781	-1.05116	-1	-1	-1
0	256	8.45266	3.78149	-1	-1	-1
0	256	-7.44799	4.45651	-1	-1	-1
0	256	8.77482	1.90091	-1	-1	-1
0	256	-3.97978	-8.01859	-1	-1	-1
0	256	-3.92351	3.84131	1101	1145.5	-1
0	256	-9.60137	-1.23936	-1	-1	-1
0	256	5.08417	-5.5617	2957	3018.91	-1
0	256	4.29947	-0.686998	4540	4575.25	-1
0	256	-8.55816	-2.93819	-1	-1	-1
0	256	-1.81797	4.72549	-1	-1	-1
0	256	-0.26865	-9.16625	-1	-1	-1
0	256	-8.09329	1.16055	-1	-1	-1
0	256	-6.78653	-3.17533	-1	-1	-1
0	256	-4.17771	7.09155	-1	-1	-1
