Pile ID	Distribution Type	X-Position	Y-Position	Pickup Time	Drop Off Time	Ant ID
1	1	4.00688	0.671867	1389	1425.94	-1
1	1	4.15688	0.671867	-1	-1	-1
1	1	4.30688	0.671867	-1	-1	-1
1	1	4.45688	0.671867	-1	-1	-1
1	1	4.60688	0.671867	-1	-1	-1
1	1	4.75688	0.671867	-1	-1	-1
1	1	4.90688	0.671867	-1	-1	-1
1	1	5.05688	0.671867	-1	-1	-1
1	1	5.20688	0.671867	-1	-1	-1
1	1	5.35688	0.671867	-1	-1	-1
1	1	5.50688	0.671867	-1	-1	-1
1	1	5.65688	0.671867	-1	-1	-1
1	1	5.80688	0.671867	-1	-1	-1
1	1	5.95688	0.671867	-1	-1	-1
1	1	6.10688	0.671867	-1	-1	-1
1	1	6.25688	0.671867	-1	-1	-1
1	1	4.00688	0.821867	4027	4065.53	-1
1	1	4.15688	0.821867	-1	-1	-1
1	1	4.30688	0.821867	-1	-1	-1
1	1	4.45688	0.821867	-1	-1	-1
1	1	4.60688	0.821867	-1	-1	-1
1	1	4.75688	0.821867	-1	-1	-1
1	1	4.90688	0.821867	-1	-1	-1
1	1	5.05688	0.821867	-1	-1	-1
1	1	5.20688	0.821867	-1	-1	-1
1	1	5.35688	0.821867	-1	-1	-1
1	1	5.50688	0.821867	-1	-1	-1
1	1	5.65688	0.821867	-1	-1	-1
1	1	5.80688	0.821867	-1	-1	-1
1	1	5.95688	0.821867	-1	-1	-1
1	1	6.10688	0.821867	-1	-1	-1
1	1	6.25688	0.821867	-1	-1	-1
1	1	4.00688	0.971867	3692	3728.69	-1
1	1	4.15688	0.971867	-1	-1	-1
1	1	4.30688	0.971867	-1	-1	-1
1	1	4.45688	0.971867	-1	-1	-1
1	1	4.60688	0.971867	-1	-1	-1
1	1	4.75688	0.971867	-1	-1	-1
1	1	4.90688	0.971867	-1	-1	-1
1	1	5.05688	0.971867	-1	-1	-1
1	1	5.20688	0.971867	-1	-1	-1
1	1	5.35688	0.971867	-1	-1	-1
1	1	5.50688	0.971867	-1	-1	-1
1	1	5.65688	0.971867	-1	-1	-1
1	1	5.80688	0.971867	-1	-1	-1
1	1	5.95688	0.971867	-1	-1	-1
1	1	6.10688	0.971867	-1	-1	-1
1	1	6.25688	0.971867	-1	-1	-1
1	1	4.00688	1.12187	4642	4759.16	-1
1	1	4.15688	1.12187	3044	3102.03	-1
1	1	4.30688	1.12187	3156	3274.38	-1
1	1	4.45688	1.12187	3016	3072.03	-1
1	1	4.60688	1.12187	-1	-1	-1
1	1	4.75688	1.12187	-1	-1	-1
1	1	4.90688	1.12187	-1	-1	-1
1	1	5.05688	1.12187	-1	-1	-1
1	1	5.20688	1.12187	-1	-1	-1
1	1	5.35688	1.12187	-1	-1	-1
1	1	5.50688	1.12187	-1	-1	-1
1	1	5.65688	1.12187	-1	-1	-1
1	1	5.80688	1.12187	-1	-1	-1
1	1	5.95688	1.12187	-1	-1	-1
1	1	6.10688	1.12187	-1	-1	-1
1	1	6.25688	1.12187	-1	-1	-1
1	1	4.00688	1.27187	2359	2406.16	-1
1	1	4.15688	1.27187	2551	2596.09	-1
1	1	4.30688	1.27187	2720	2783.97	-1
1	1	4.45688	1.27187	2830	2935.66	-1
1	1	4.60688	1.27187	3076	3133.69	-1
1	1	4.75688	1.27187	-1	-1	-1
1	1	4.90688	1.27187	-1	-1	-1
1	1	5.05688	1.27187	-1	-1	-1
1	1	5.20688	1.27187	-1	-1	-1
1	1	5.35688	1.27187	-1	-1	-1
1	1	5.50688	1.27187	-1	-1	-1
1	1	5.65688	1.27187	-1	-1	-1
1	1	5.80688	1.27187	-1	-1	-1
1	1	5.95688	1.27187	-1	-1	-1
1	1	6.10688	1.27187	-1	-1	-1
1	1	6.25688	1.27187	-1	-1	-1
1	1	4.00688	1.42187	2202	2327.16	-1
1	1	4.15688	1.42187	2442	2485.59	-1
1	1	4.30688	1.42187	2615	2664.41	-1
1	1	4.45688	1.42187	3031	3090.19	-1
1	1	4.60688	1.42187	3218	3288.47	-1
1	1	4.75688	1.42187	-1	-1	-1
1	1	4.90688	1.42187	-1	-1	-1
1	1	5.05688	1.42187	-1	-1	-1
1	1	5.20688	1.42187	-1	-1	-1
1	1	5.35688	1.42187	-1	-1	-1
1	1	5.50688	1.42187	-1	-1	-1
1	1	5.65688	1.42187	-1	-1	-1
1	1	5.80688	1.42187	-1	-1	-1
1	1	5.95688	1.42187	-1	-1	-1
1	1	6.10688	1.42187	-1	-1	-1
1	1	6.25688	1.42187	-1	-1	-1
1	1	4.00688	1.57187	2396	2440.34	-1
1	1	4.15688	1.57187	2482	2533.47	-1
1	1	4.30688	1.57187	2697	2743.22	-1
1	1	4.45688	1.57187	2891	2947.34	-1
1	1	4.60688	1.57187	3110	3173.38	-1
1	1	4.75688	1.57187	3133	3234.81	-1
1	1	4.90688	1.57187	3663	3724.28	-1
1	1	5.05688	1.57187	-1	-1	-1
1	1	5.20688	1.57187	-1	-1	-1
1	1	5.35688	1.57187	-1	-1	-1
1	1	5.50688	1.57187	-1	-1	-1
1	1	5.65688	1.57187	-1	-1	-1
1	1	5.80688	1.57187	-1	-1	-1
1	1	5.95688	1.57187	-1	-1	-1
1	1	6.10688	1.57187	-1	-1	-1
1	1	6.25688	1.57187	-1	-1	-1
1	1	4.00688	1.72187	2862	2909.41	-1
1	1	4.15688	1.72187	2599	2642.56	-1
1	1	4.30688	1.72187	2717	2790.97	-1
1	1	4.45688	1.72187	2922	3006.16	-1
1	1	4.60688	1.72187	3234	3317.41	-1
1	1	4.75688	1.72187	3281	3374.66	-1
1	1	4.90688	1.72187	3536	3593.38	-1
1	1	5.05688	1.72187	-1	-1	-1
1	1	5.20688	1.72187	-1	-1	-1
1	1	5.35688	1.72187	-1	-1	-1
1	1	5.50688	1.72187	-1	-1	-1
1	1	5.65688	1.72187	-1	-1	-1
1	1	5.80688	1.72187	-1	-1	-1
1	1	5.95688	1.72187	-1	-1	-1
1	1	6.10688	1.72187	-1	-1	-1
1	1	6.25688	1.72187	-1	-1	-1
1	1	4.00688	1.87187	3104	3157.41	-1
1	1	4.15688	1.87187	2997	3048.5	-1
1	1	4.30688	1.87187	3081	3166.16	-1
1	1	4.45688	1.87187	3286	3339.25	-1
1	1	4.60688	1.87187	3402	3458.34	-1
1	1	4.75688	1.87187	3441	3492.28	-1
1	1	4.90688	1.87187	3685	3781.22	-1
1	1	5.05688	1.87187	-1	-1	-1
1	1	5.20688	1.87187	-1	-1	-1
1	1	5.35688	1.87187	-1	-1	-1
1	1	5.50688	1.87187	-1	-1	-1
1	1	5.65688	1.87187	-1	-1	-1
1	1	5.80688	1.87187	-1	-1	-1
1	1	5.95688	1.87187	-1	-1	-1
1	1	6.10688	1.87187	-1	-1	-1
1	1	6.25688	1.87187	-1	-1	-1
1	1	4.00688	2.02187	3209	3256.78	-1
1	1	4.15688	2.02187	3298	3348.06	-1
1	1	4.30688	2.02187	3899	4020.06	-1
1	1	4.45688	2.02187	4150	4192.34	-1
1	1	4.60688	2.02187	4597	4718.62	-1
1	1	4.75688	2.02187	3938	3978.5	-1
1	1	4.90688	2.02187	-1	-1	-1
1	1	5.05688	2.02187	-1	-1	-1
1	1	5.20688	2.02187	-1	-1	-1
1	1	5.35688	2.02187	-1	-1	-1
1	1	5.50688	2.02187	-1	-1	-1
1	1	5.65688	2.02187	-1	-1	-1
1	1	5.80688	2.02187	-1	-1	-1
1	1	5.95688	2.02187	-1	-1	-1
1	1	6.10688	2.02187	-1	-1	-1
1	1	6.25688	2.02187	-1	-1	-1
1	1	4.00688	2.17187	-1	-1	-1
1	1	4.15688	2.17187	-1	-1	-1
1	1	4.30688	2.17187	4061	4102.62	-1
1	1	4.45688	2.17187	-1	-1	-1
1	1	4.60688	2.17187	-1	-1	-1
1	1	4.75688	2.17187	-1	-1	-1
1	1	4.90688	2.17187	-1	-1	-1
1	1	5.05688	2.17187	-1	-1	-1
1	1	5.20688	2.17187	-1	-1	-1
1	1	5.35688	2.17187	-1	-1	-1
1	1	5.50688	2.17187	-1	-1	-1
1	1	5.65688	2.17187	-1	-1	-1
1	1	5.80688	2.17187	-1	-1	-1
1	1	5.95688	2.17187	-1	-1	-1
1	1	6.10688	2.17187	-1	-1	-1
1	1	6.25688	2.17187	-1	-1	-1
1	1	4.00688	2.32187	1962	2002.78	-1
1	1	4.15688	2.32187	-1	-1	-1
1	1	4.30688	2.32187	-1	-1	-1
1	1	4.45688	2.32187	-1	-1	-1
1	1	4.60688	2.32187	-1	-1	-1
1	1	4.75688	2.32187	-1	-1	-1
1	1	4.90688	2.32187	-1	-1	-1
1	1	5.05688	2.32187	-1	-1	-1
1	1	5.20688	2.32187	-1	-1	-1
1	1	5.35688	2.32187	-1	-1	-1
1	1	5.50688	2.32187	-1	-1	-1
1	1	5.65688	2.32187	-1	-1	-1
1	1	5.80688	2.32187	-1	-1	-1
1	1	5.95688	2.32187	-1	-1	-1
1	1	6.10688	2.32187	-1	-1	-1
1	1	6.25688	2.32187	-1	-1	-1
1	1	4.00688	2.47187	1827	1867.06	-1
1	1	4.15688	2.47187	-1	-1	-1
1	1	4.30688	2.47187	-1	-1	-1
1	1	4.45688	2.47187	-1	-1	-1
1	1	4.60688	2.47187	5376	-1	-1
1	1	4.75688	2.47187	5088	5195.97	-1
1	1	4.90688	2.47187	5234	5275.97	-1
1	1	5.05688	2.47187	-1	-1	-1
1	1	5.20688	2.47187	-1	-1	-1
1	1	5.35688	2.47187	-1	-1	-1
1	1	5.50688	2.47187	-1	-1	-1
1	1	5.65688	2.47187	-1	-1	-1
1	1	5.80688	2.47187	-1	-1	-1
1	1	5.95688	2.47187	-1	-1	-1
1	1	6.10688	2.47187	-1	-1	-1
1	1	6.25688	2.47187	-1	-1	-1
1	1	4.00688	2.62187	1639	1780.12	-1
1	1	4.15688	2.62187	-1	-1	-1
1	1	4.30688	2.62187	-1	-1	-1
1	1	4.45688	2.62187	-1	-1	-1
1	1	4.60688	2.62187	-1	-1	-1
1	1	4.75688	2.62187	5268	5325.34	-1
1	1	4.90688	2.62187	5327	5385.66	-1
1	1	5.05688	2.62187	-1	-1	-1
1	1	5.20688	2.62187	-1	-1	-1
1	1	5.35688	2.62187	-1	-1	-1
1	1	5.50688	2.62187	-1	-1	-1
1	1	5.65688	2.62187	-1	-1	-1
1	1	5.80688	2.62187	-1	-1	-1
1	1	5.95688	2.62187	-1	-1	-1
1	1	6.10688	2.62187	-1	-1	-1
1	1	6.25688	2.62187	-1	-1	-1
1	1	4.00688	2.77187	1942	1993.25	-1
1	1	4.15688	2.77187	-1	-1	-1
1	1	4.30688	2.77187	-1	-1	-1
1	1	4.45688	2.77187	-1	-1	-1
1	1	4.60688	2.77187	-1	-1	-1
1	1	4.75688	2.77187	-1	-1	-1
1	1	4.90688	2.77187	-1	-1	-1
1	1	5.05688	2.77187	-1	-1	-1
1	1	5.20688	2.77187	-1	-1	-1
1	1	5.35688	2.77187	-1	-1	-1
1	1	5.50688	2.77187	-1	-1	-1
1	1	5.65688	2.77187	-1	-1	-1
1	1	5.80688	2.77187	-1	-1	-1
1	1	5.95688	2.77187	-1	-1	-1
1	1	6.10688	2.77187	-1	-1	-1
1	1	6.25688	2.77187	-1	-1	-1
1	1	4.00688	2.92187	-1	-1	-1
1	1	4.15688	2.92187	-1	-1	-1
1	1	4.30688	2.92187	-1	-1	-1
1	1	4.45688	2.92187	-1	-1	-1
1	1	4.60688	2.92187	-1	-1	-1
1	1	4.75688	2.92187	-1	-1	-1
1	1	4.90688	2.92187	-1	-1	-1
1	1	5.05688	2.92187	-1	-1	-1
1	1	5.20688	2.92187	-1	-1	-1
1	1	5.35688	2.92187	-1	-1	-1
1	1	5.50688	2.92187	-1	-1	-1
1	1	5.65688	2.92187	-1	-1	-1
1	1	5.80688	2.92187	-1	-1	-1
1	1	5.95688	2.92187	-1	-1	-1
1	1	6.10688	2.92187	-1	-1	-1
1	1	6.25688	2.92187	-1	-1	-1
2	4	-3.93559	0.381334	-1	-1	-1
2	4	-3.78559	0.381334	-1	-1	-1
2	4	-3.63559	0.381334	4375	4434.75	-1
2	4	-3.48559	0.381334	899	935.906	-1
2	4	-3.33559	0.381334	1983	2024.41	-1
2	4	-3.18559	0.381334	1703	1740.94	-1
2	4	-3.03559	0.381334	1585	1643.62	-1
2	4	-2.88559	0.381334	1460	1495.28	-1
2	4	-3.93559	0.531334	4770	4801.78	-1
2	4	-3.78559	0.531334	4494	4533.22	-1
2	4	-3.63559	0.531334	4164	4286.66	-1
2	4	-3.48559	0.531334	2112	2149.34	-1
2	4	-3.33559	0.531334	1901	1938.94	-1
2	4	-3.18559	0.531334	1719	1786.5	-1
2	4	-3.03559	0.531334	1522	1556.69	-1
2	4	-2.88559	0.531334	1256	1384.44	-1
2	4	-3.93559	0.681334	4667	4699.59	-1
2	4	-3.78559	0.681334	4419	4450.66	-1
2	4	-3.63559	0.681334	4316	4348.34	-1
2	4	-3.48559	0.681334	2553	2675.06	-1
2	4	-3.33559	0.681334	1982	2051.75	-1
2	4	-3.18559	0.681334	1837	1874.03	-1
2	4	-3.03559	0.681334	1658	1691.22	-1
2	4	-2.88559	0.681334	1603	1639.03	-1
2	4	-3.93559	0.831334	-1	-1	-1
2	4	-3.78559	0.831334	4605	4636.03	-1
2	4	-3.63559	0.831334	-1	-1	-1
2	4	-3.48559	0.831334	-1	-1	-1
2	4	-3.33559	0.831334	3701	3752.88	-1
2	4	-3.18559	0.831334	1990	2029.66	-1
2	4	-3.03559	0.831334	3480	3611.31	-1
2	4	-2.88559	0.831334	896	922.094	-1
2	4	-3.93559	0.981334	-1	-1	-1
2	4	-3.78559	0.981334	-1	-1	-1
2	4	-3.63559	0.981334	-1	-1	-1
2	4	-3.48559	0.981334	-1	-1	-1
2	4	-3.33559	0.981334	4590	4712.72	-1
2	4	-3.18559	0.981334	3644	3672.44	-1
2	4	-3.03559	0.981334	3496	3611.72	-1
2	4	-2.88559	0.981334	1735	1764.47	-1
2	4	-3.93559	1.13133	-1	-1	-1
2	4	-3.78559	1.13133	-1	-1	-1
2	4	-3.63559	1.13133	-1	-1	-1
2	4	-3.48559	1.13133	-1	-1	-1
2	4	-3.33559	1.13133	-1	-1	-1
2	4	-3.18559	1.13133	-1	-1	-1
2	4	-3.03559	1.13133	-1	-1	-1
2	4	-2.88559	1.13133	3772	3803.06	-1
2	4	-3.93559	1.28133	-1	-1	-1
2	4	-3.78559	1.28133	-1	-1	-1
2	4	-3.63559	1.28133	-1	-1	-1
2	4	-3.48559	1.28133	-1	-1	-1
2	4	-3.33559	1.28133	-1	-1	-1
2	4	-3.18559	1.28133	-1	-1	-1
2	4	-3.03559	1.28133	-1	-1	-1
2	4	-2.88559	1.28133	788	815.25	-1
2	4	-3.93559	1.43133	-1	-1	-1
2	4	-3.78559	1.43133	-1	-1	-1
2	4	-3.63559	1.43133	-1	-1	-1
2	4	-3.48559	1.43133	-1	-1	-1
2	4	-3.33559	1.43133	-1	-1	-1
2	4	-3.18559	1.43133	-1	-1	-1
2	4	-3.03559	1.43133	-1	-1	-1
2	4	-2.88559	1.43133	1325	1452.69	-1
3	4	4.45451	-3.87421	-1	-1	-1
3	4	4.60451	-3.87421	-1	-1	-1
3	4	4.75451	-3.87421	-1	-1	-1
3	4	4.90451	-3.87421	-1	-1	-1
3	4	5.05451	-3.87421	-1	-1	-1
3	4	5.20451	-3.87421	-1	-1	-1
3	4	5.35451	-3.87421	-1	-1	-1
3	4	5.50451	-3.87421	-1	-1	-1
3	4	4.45451	-3.72421	3432	3478.78	-1
3	4	4.60451	-3.72421	-1	-1	-1
3	4	4.75451	-3.72421	-1	-1	-1
3	4	4.90451	-3.72421	-1	-1	-1
3	4	5.05451	-3.72421	-1	-1	-1
3	4	5.20451	-3.72421	-1	-1	-1
3	4	5.35451	-3.72421	-1	-1	-1
3	4	5.50451	-3.72421	-1	-1	-1
3	4	4.45451	-3.57421	-1	-1	-1
3	4	4.60451	-3.57421	-1	-1	-1
3	4	4.75451	-3.57421	-1	-1	-1
3	4	4.90451	-3.57421	-1	-1	-1
3	4	5.05451	-3.57421	-1	-1	-1
3	4	5.20451	-3.57421	-1	-1	-1
3	4	5.35451	-3.57421	-1	-1	-1
3	4	5.50451	-3.57421	-1	-1	-1
3	4	4.45451	-3.42421	-1	-1	-1
3	4	4.60451	-3.42421	-1	-1	-1
3	4	4.75451	-3.42421	-1	-1	-1
3	4	4.90451	-3.42421	-1	-1	-1
3	4	5.05451	-3.42421	-1	-1	-1
3	4	5.20451	-3.42421	-1	-1	-1
3	4	5.35451	-3.42421	-1	-1	-1
3	4	5.50451	-3.42421	-1	-1	-1
3	4	4.45451	-3.27421	-1	-1	-1
3	4	4.60451	-3.27421	-1	-1	-1
3	4	4.75451	-3.27421	-1	-1	-1
3	4	4.90451	-3.27421	-1	-1	-1
3	4	5.05451	-3.27421	-1	-1	-1
3	4	5.20451	-3.27421	-1	-1	-1
3	4	5.35451	-3.27421	-1	-1	-1
3	4	5.50451	-3.27421	-1	-1	-1
3	4	4.45451	-3.12421	-1	-1	-1
3	4	4.60451	-3.12421	-1	-1	-1
3	4	4.75451	-3.12421	-1	-1	-1
3	4	4.90451	-3.12421	-1	-1	-1
3	4	5.05451	-3.12421	-1	-1	-1
3	4	5.20451	-3.12421	-1	-1	-1
3	4	5.35451	-3.12421	-1	-1	-1
3	4	5.50451	-3.12421	-1	-1	-1
3	4	4.45451	-2.97421	2708	2749.59	-1
3	4	4.60451	-2.97421	-1	-1	-1
3	4	4.75451	-2.97421	-1	-1	-1
3	4	4.90451	-2.97421	-1	-1	-1
3	4	5.05451	-2.97421	-1	-1	-1
3	4	5.20451	-2.97421	-1	-1	-1
3	4	5.35451	-2.97421	-1	-1	-1
3	4	5.50451	-2.97421	-1	-1	-1
3	4	4.45451	-2.82421	2527	2652.06	-1
3	4	4.60451	-2.82421	3838	3970.41	-1
3	4	4.75451	-2.82421	-1	-1	-1
3	4	4.90451	-2.82421	-1	-1	-1
3	4	5.05451	-2.82421	-1	-1	-1
3	4	5.20451	-2.82421	-1	-1	-1
3	4	5.35451	-2.82421	-1	-1	-1
3	4	5.50451	-2.82421	-1	-1	-1
4	4	1.82742	-3.01669	997	1144.88	-1
4	4	1.97742	-3.01669	845	910.938	-1
4	4	2.12742	-3.01669	888	936.031	-1
4	4	2.27742	-3.01669	2360	2397.72	-1
4	4	2.42742	-3.01669	2538	2578.22	-1
4	4	2.57742	-3.01669	-1	-1	-1
4	4	2.72742	-3.01669	-1	-1	-1
4	4	2.87742	-3.01669	-1	-1	-1
4	4	1.82742	-2.86669	758	831.5	-1
4	4	1.97742	-2.86669	728	786.719	-1
4	4	2.12742	-2.86669	758	835.906	-1
4	4	2.27742	-2.86669	893	927.156	-1
4	4	2.42742	-2.86669	2427	2458.09	-1
4	4	2.57742	-2.86669	-1	-1	-1
4	4	2.72742	-2.86669	-1	-1	-1
4	4	2.87742	-2.86669	-1	-1	-1
4	4	1.82742	-2.71669	364	456.938	-1
4	4	1.97742	-2.71669	388	510.656	-1
4	4	2.12742	-2.71669	606	666.219	-1
4	4	2.27742	-2.71669	799	851.219	-1
4	4	2.42742	-2.71669	2512	2544.12	-1
4	4	2.57742	-2.71669	-1	-1	-1
4	4	2.72742	-2.71669	-1	-1	-1
4	4	2.87742	-2.71669	-1	-1	-1
4	4	1.82742	-2.56669	224	297.969	-1
4	4	1.97742	-2.56669	293	425	-1
4	4	2.12742	-2.56669	365	443.031	-1
4	4	2.27742	-2.56669	4717	4749.66	-1
4	4	2.42742	-2.56669	4789	4818.16	-1
4	4	2.57742	-2.56669	-1	-1	-1
4	4	2.72742	-2.56669	-1	-1	-1
4	4	2.87742	-2.56669	-1	-1	-1
4	4	1.82742	-2.41669	129	176.781	-1
4	4	1.97742	-2.41669	196	249.844	-1
4	4	2.12742	-2.41669	345	401.031	-1
4	4	2.27742	-2.41669	530	577.406	-1
4	4	2.42742	-2.41669	3836	4009.44	-1
4	4	2.57742	-2.41669	4608	4778.72	-1
4	4	2.72742	-2.41669	-1	-1	-1
4	4	2.87742	-2.41669	-1	-1	-1
4	4	1.82742	-2.26669	80	118.188	-1
4	4	1.97742	-2.26669	110	150.188	-1
4	4	2.12742	-2.26669	299	368.094	-1
4	4	2.27742	-2.26669	494	541.375	-1
4	4	2.42742	-2.26669	4460	4626.75	-1
4	4	2.57742	-2.26669	4817	4848.59	-1
4	4	2.72742	-2.26669	-1	-1	-1
4	4	2.87742	-2.26669	-1	-1	-1
4	4	1.82742	-2.11669	24	54.875	-1
4	4	1.97742	-2.11669	242	282.406	-1
4	4	2.12742	-2.11669	419	483.094	-1
4	4	2.27742	-2.11669	577	617.5	-1
4	4	2.42742	-2.11669	811	845	-1
4	4	2.57742	-2.11669	2336	2489.88	-1
4	4	2.72742	-2.11669	4137	4290.72	-1
4	4	2.87742	-2.11669	4980	5113.72	-1
4	4	1.82742	-1.96669	192	223	-1
4	4	1.97742	-1.96669	3551	3576.03	-1
4	4	2.12742	-1.96669	40	76.25	-1
4	4	2.27742	-1.96669	1351	1390.06	-1
4	4	2.42742	-1.96669	1278	1332.62	-1
4	4	2.57742	-1.96669	1210	1244.56	-1
4	4	2.72742	-1.96669	1269	1313.62	-1
4	4	2.87742	-1.96669	1430	1463.5	-1
5	4	4.73351	4.30445	4992	5047.66	-1
5	4	4.88351	4.30445	4768	4906.59	-1
5	4	5.03351	4.30445	4967	5025.69	-1
5	4	5.18351	4.30445	-1	-1	-1
5	4	5.33351	4.30445	-1	-1	-1
5	4	5.48351	4.30445	-1	-1	-1
5	4	5.63351	4.30445	-1	-1	-1
5	4	5.78351	4.30445	-1	-1	-1
5	4	4.73351	4.45445	-1	-1	-1
5	4	4.88351	4.45445	-1	-1	-1
5	4	5.03351	4.45445	-1	-1	-1
5	4	5.18351	4.45445	-1	-1	-1
5	4	5.33351	4.45445	-1	-1	-1
5	4	5.48351	4.45445	-1	-1	-1
5	4	5.63351	4.45445	-1	-1	-1
5	4	5.78351	4.45445	-1	-1	-1
5	4	4.73351	4.60445	-1	-1	-1
5	4	4.88351	4.60445	-1	-1	-1
5	4	5.03351	4.60445	-1	-1	-1
5	4	5.18351	4.60445	-1	-1	-1
5	4	5.33351	4.60445	-1	-1	-1
5	4	5.48351	4.60445	-1	-1	-1
5	4	5.63351	4.60445	-1	-1	-1
5	4	5.78351	4.60445	-1	-1	-1
5	4	4.73351	4.75445	-1	-1	-1
5	4	4.88351	4.75445	-1	-1	-1
5	4	5.03351	4.75445	-1	-1	-1
5	4	5.18351	4.75445	-1	-1	-1
5	4	5.33351	4.75445	-1	-1	-1
5	4	5.48351	4.75445	-1	-1	-1
5	4	5.63351	4.75445	-1	-1	-1
5	4	5.78351	4.75445	-1	-1	-1
5	4	4.73351	4.90445	-1	-1	-1
5	4	4.88351	4.90445	-1	-1	-1
5	4	5.03351	4.90445	-1	-1	-1
5	4	5.18351	4.90445	-1	-1	-1
5	4	5.33351	4.90445	-1	-1	-1
5	4	5.48351	4.90445	-1	-1	-1
5	4	5.63351	4.90445	-1	-1	-1
5	4	5.78351	4.90445	-1	-1	-1
5	4	4.73351	5.05445	-1	-1	-1
5	4	4.88351	5.05445	-1	-1	-1
5	4	5.03351	5.05445	-1	-1	-1
5	4	5.18351	5.05445	-1	-1	-1
5	4	5.33351	5.05445	-1	-1	-1
5	4	5.48351	5.05445	-1	-1	-1
5	4	5.63351	5.05445	-1	-1	-1
5	4	5.78351	5.05445	-1	-1	-1
5	4	4.73351	5.20445	-1	-1	-1
5	4	4.88351	5.20445	-1	-1	-1
5	4	5.03351	5.20445	-1	-1	-1
5	4	5.18351	5.20445	-1	-1	-1
5	4	5.33351	5.20445	-1	-1	-1
5	4	5.48351	5.20445	-1	-1	-1
5	4	5.63351	5.20445	-1	-1	-1
5	4	5.78351	5.20445	-1	-1	-1
5	4	4.73351	5.35445	2865	2991.12	-1
5	4	4.88351	5.35445	-1	-1	-1
5	4	5.03351	5.35445	-1	-1	-1
5	4	5.18351	5.35445	-1	-1	-1
5	4	5.33351	5.35445	-1	-1	-1
5	4	5.48351	5.35445	-1	-1	-1
5	4	5.63351	5.35445	-1	-1	-1
5	4	5.78351	5.35445	-1	-1	-1
6	16	-0.702779	-3.4075	-1	-1	-1
6	16	-0.552779	-3.4075	-1	-1	-1
6	16	-0.402779	-3.4075	-1	-1	-1
6	16	-0.252779	-3.4075	-1	-1	-1
6	16	-0.702779	-3.2575	-1	-1	-1
6	16	-0.552779	-3.2575	-1	-1	-1
6	16	-0.402779	-3.2575	4143	4173.47	-1
6	16	-0.252779	-3.2575	4143	4270.44	-1
6	16	-0.702779	-3.1075	-1	-1	-1
6	16	-0.552779	-3.1075	4197	4224.84	-1
6	16	-0.402779	-3.1075	3484	3620.03	-1
6	16	-0.252779	-3.1075	4090	4117.5	-1
6	16	-0.702779	-2.9575	2621	2749.19	-1
6	16	-0.552779	-2.9575	5220	5249.16	-1
6	16	-0.402779	-2.9575	2188	2327.62	-1
6	16	-0.252779	-2.9575	3738	3867.47	-1
7	16	-3.0822	-7.62017	-1	-1	-1
7	16	-2.9322	-7.62017	-1	-1	-1
7	16	-2.7822	-7.62017	-1	-1	-1
7	16	-2.6322	-7.62017	-1	-1	-1
7	16	-3.0822	-7.47017	-1	-1	-1
7	16	-2.9322	-7.47017	-1	-1	-1
7	16	-2.7822	-7.47017	-1	-1	-1
7	16	-2.6322	-7.47017	-1	-1	-1
7	16	-3.0822	-7.32017	-1	-1	-1
7	16	-2.9322	-7.32017	-1	-1	-1
7	16	-2.7822	-7.32017	-1	-1	-1
7	16	-2.6322	-7.32017	-1	-1	-1
7	16	-3.0822	-7.17017	5280	5386.09	-1
7	16	-2.9322	-7.17017	2320	2415.84	-1
7	16	-2.7822	-7.17017	-1	-1	-1
7	16	-2.6322	-7.17017	-1	-1	-1
8	16	-0.706335	1.65883	74	93.4375	-1
8	16	-0.556335	1.65883	1018	1049.47	-1
8	16	-0.406335	1.65883	843	983.469	-1
8	16	-0.256335	1.65883	713	735.25	-1
8	16	-0.706335	1.80883	2103	2127.53	-1
8	16	-0.556335	1.80883	1937	2075.31	-1
8	16	-0.406335	1.80883	1043	1069.09	-1
8	16	-0.256335	1.80883	21	40.9062	-1
8	16	-0.706335	1.95883	-1	-1	-1
8	16	-0.556335	1.95883	4541	4566.28	-1
8	16	-0.406335	1.95883	4863	4990.38	-1
8	16	-0.256335	1.95883	78	101.469	-1
8	16	-0.706335	2.10883	-1	-1	-1
8	16	-0.556335	2.10883	-1	-1	-1
8	16	-0.406335	2.10883	-1	-1	-1
8	16	-0.256335	2.10883	4170	4318.28	-1
9	16	-7.87337	-4.37715	5354	-1	-1
9	16	-7.72337	-4.37715	-1	-1	-1
9	16	-7.57337	-4.37715	-1	-1	-1
9	16	-7.42337	-4.37715	-1	-1	-1
9	16	-7.87337	-4.22715	-1	-1	-1
9	16	-7.72337	-4.22715	-1	-1	-1
9	16	-7.57337	-4.22715	4454	4527.22	-1
9	16	-7.42337	-4.22715	4183	4244	-1
9	16	-7.87337	-4.07715	-1	-1	-1
9	16	-7.72337	-4.07715	-1	-1	-1
9	16	-7.57337	-4.07715	4308	4373.19	-1
9	16	-7.42337	-4.07715	3965	4083.84	-1
9	16	-7.87337	-3.92715	-1	-1	-1
9	16	-7.72337	-3.92715	4692	4760.34	-1
9	16	-7.57337	-3.92715	4507	4570.03	-1
9	16	-7.42337	-3.92715	4372	4436.59	-1
10	16	1.23874	-3.12999	4110	4138.94	-1
10	16	1.38874	-3.12999	3441	3522.44	-1
10	16	1.53874	-3.12999	3551	3581.06	-1
10	16	1.68874	-3.12999	859	904.25	-1
10	16	1.23874	-2.97999	4434	4560.91	-1
10	16	1.38874	-2.97999	3384	3515.81	-1
10	16	1.53874	-2.97999	665	715.562	-1
10	16	1.68874	-2.97999	767	807.781	-1
10	16	1.23874	-2.82999	609	643.312	-1
10	16	1.38874	-2.82999	531	578.562	-1
10	16	1.53874	-2.82999	560	591.656	-1
10	16	1.68874	-2.82999	637	691.344	-1
10	16	1.23874	-2.67999	676	726.031	-1
10	16	1.38874	-2.67999	336	387.188	-1
10	16	1.53874	-2.67999	416	471.156	-1
10	16	1.68874	-2.67999	675	744.125	-1
11	16	7.65381	-0.233117	-1	-1	-1
11	16	7.80381	-0.233117	-1	-1	-1
11	16	7.95381	-0.233117	-1	-1	-1
11	16	8.10381	-0.233117	-1	-1	-1
11	16	7.65381	-0.0831172	-1	-1	-1
11	16	7.80381	-0.0831172	-1	-1	-1
11	16	7.95381	-0.0831172	-1	-1	-1
11	16	8.10381	-0.0831172	-1	-1	-1
11	16	7.65381	0.0668828	4872	4962.41	-1
11	16	7.80381	0.0668828	-1	-1	-1
11	16	7.95381	0.0668828	-1	-1	-1
11	16	8.10381	0.0668828	-1	-1	-1
11	16	7.65381	0.216883	5014	5070.56	-1
11	16	7.80381	0.216883	-1	-1	-1
11	16	7.95381	0.216883	-1	-1	-1
11	16	8.10381	0.216883	-1	-1	-1
12	16	-3.36967	-3.87135	-1	-1	-1
12	16	-3.21967	-3.87135	-1	-1	-1
12	16	-3.06967	-3.87135	-1	-1	-1
12	16	-2.91967	-3.87135	-1	-1	-1
12	16	-3.36967	-3.72135	-1	-1	-1
12	16	-3.21967	-3.72135	-1	-1	-1
12	16	-3.06967	-3.72135	-1	-1	-1
12	16	-2.91967	-3.72135	-1	-1	-1
12	16	-3.36967	-3.57135	-1	-1	-1
12	16	-3.21967	-3.57135	2083	2128.22	-1
12	16	-3.06967	-3.57135	2102	2143.84	-1
12	16	-2.91967	-3.57135	5212	5356	-1
12	16	-3.36967	-3.42135	4422	4582.56	-1
12	16	-3.21967	-3.42135	1888	2039.16	-1
12	16	-3.06967	-3.42135	1501	1656.28	-1
12	16	-2.91967	-3.42135	1688	1723.38	-1
13	16	-1.96688	-8.35774	194	260.094	-1
13	16	-1.81688	-8.35774	-1	-1	-1
13	16	-1.66688	-8.35774	-1	-1	-1
13	16	-1.51688	-8.35774	-1	-1	-1
13	16	-1.96688	-8.20774	-1	-1	-1
13	16	-1.81688	-8.20774	-1	-1	-1
13	16	-1.66688	-8.20774	-1	-1	-1
13	16	-1.51688	-8.20774	-1	-1	-1
13	16	-1.96688	-8.05774	-1	-1	-1
13	16	-1.81688	-8.05774	-1	-1	-1
13	16	-1.66688	-8.05774	-1	-1	-1
13	16	-1.51688	-8.05774	-1	-1	-1
13	16	-1.96688	-7.90774	-1	-1	-1
13	16	-1.81688	-7.90774	-1	-1	-1
13	16	-1.66688	-7.90774	-1	-1	-1
13	16	-1.51688	-7.90774	-1	-1	-1
14	16	3.43813	-1.81328	2627	2675.97	-1
14	16	3.58813	-1.81328	-1	-1	-1
14	16	3.73813	-1.81328	-1	-1	-1
14	16	3.88813	-1.81328	-1	-1	-1
14	16	3.43813	-1.66328	2420	2568.88	-1
14	16	3.58813	-1.66328	4788	4905.75	-1
14	16	3.73813	-1.66328	-1	-1	-1
14	16	3.88813	-1.66328	1044	1158.72	-1
14	16	3.43813	-1.51328	2611	2651.5	-1
14	16	3.58813	-1.51328	-1	-1	-1
14	16	3.73813	-1.51328	-1	-1	-1
14	16	3.88813	-1.51328	1195	1238.62	-1
14	16	3.43813	-1.36328	3311	3438.34	-1
14	16	3.58813	-1.36328	-1	-1	-1
14	16	3.73813	-1.36328	-1	-1	-1
14	16	3.88813	-1.36328	-1	-1	-1
15	16	7.01732	0.300645	-1	-1	-1
15	16	7.16732	0.300645	-1	-1	-1
15	16	7.31732	0.300645	-1	-1	-1
15	16	7.46732	0.300645	5196	5253.94	-1
15	16	7.01732	0.450645	-1	-1	-1
15	16	7.16732	0.450645	-1	-1	-1
15	16	7.31732	0.450645	-1	-1	-1
15	16	7.46732	0.450645	-1	-1	-1
15	16	7.01732	0.600645	-1	-1	-1
15	16	7.16732	0.600645	-1	-1	-1
15	16	7.31732	0.600645	-1	-1	-1
15	16	7.46732	0.600645	-1	-1	-1
15	16	7.01732	0.750645	-1	-1	-1
15	16	7.16732	0.750645	-1	-1	-1
15	16	7.31732	0.750645	-1	-1	-1
15	16	7.46732	0.750645	-1	-1	-1
16	16	-1.61114	-4.55216	-1	-1	-1
16	16	-1.46114	-4.55216	-1	-1	-1
16	16	-1.31114	-4.55216	-1	-1	-1
16	16	-1.16114	-4.55216	-1	-1	-1
16	16	-1.61114	-4.40216	-1	-1	-1
16	16	-1.46114	-4.40216	5347	5385.62	-1
16	16	-1.31114	-4.40216	-1	-1	-1
16	16	-1.16114	-4.40216	-1	-1	-1
16	16	-1.61114	-4.25216	-1	-1	-1
16	16	-1.46114	-4.25216	5193	5315.12	-1
16	16	-1.31114	-4.25216	2676	2710.94	-1
16	16	-1.16114	-4.25216	-1	-1	-1
16	16	-1.61114	-4.10216	2421	2552.41	-1
16	16	-1.46114	-4.10216	2065	2206.59	-1
16	16	-1.31114	-4.10216	2216	2336.81	-1
16	16	-1.16114	-4.10216	2274	2314.84	-1
17	16	3.91007	-4.79738	-1	-1	-1
17	16	4.06007	-4.79738	-1	-1	-1
17	16	4.21007	-4.79738	-1	-1	-1
17	16	4.36007	-4.79738	-1	-1	-1
17	16	3.91007	-4.64738	-1	-1	-1
17	16	4.06007	-4.64738	-1	-1	-1
17	16	4.21007	-4.64738	-1	-1	-1
17	16	4.36007	-4.64738	-1	-1	-1
17	16	3.91007	-4.49738	-1	-1	-1
17	16	4.06007	-4.49738	-1	-1	-1
17	16	4.21007	-4.49738	-1	-1	-1
17	16	4.36007	-4.49738	-1	-1	-1
17	16	3.91007	-4.34738	-1	-1	-1
17	16	4.06007	-4.34738	-1	-1	-1
17	16	4.21007	-4.34738	-1	-1	-1
17	16	4.36007	-4.34738	-1	-1	-1
18	16	-5.58153	0.74377	-1	-1	-1
18	16	-5.43153	0.74377	-1	-1	-1
18	16	-5.28153	0.74377	-1	-1	-1
18	16	-5.13153	0.74377	-1	-1	-1
18	16	-5.58153	0.89377	-1	-1	-1
18	16	-5.43153	0.89377	-1	-1	-1
18	16	-5.28153	0.89377	-1	-1	-1
18	16	-5.13153	0.89377	-1	-1	-1
18	16	-5.58153	1.04377	-1	-1	-1
18	16	-5.43153	1.04377	-1	-1	-1
18	16	-5.28153	1.04377	-1	-1	-1
18	16	-5.13153	1.04377	-1	-1	-1
18	16	-5.58153	1.19377	-1	-1	-1
18	16	-5.43153	1.19377	-1	-1	-1
18	16	-5.28153	1.19377	-1	-1	-1
18	16	-5.13153	1.19377	-1	-1	-1
19	16	6.97482	-2.84568	-1	-1	-1
19	16	7.12482	-2.84568	-1	-1	-1
19	16	7.27482	-2.84568	-1	-1	-1
19	16	7.42482	-2.84568	-1	-1	-1
19	16	6.97482	-2.69568	-1	-1	-1
19	16	7.12482	-2.69568	-1	-1	-1
19	16	7.27482	-2.69568	-1	-1	-1
19	16	7.42482	-2.69568	-1	-1	-1
19	16	6.97482	-2.54568	-1	-1	-1
19	16	7.12482	-2.54568	-1	-1	-1
19	16	7.27482	-2.54568	-1	-1	-1
19	16	7.42482	-2.54568	-1	-1	-1
19	16	6.97482	-2.39568	-1	-1	-1
19	16	7.12482	-2.39568	-1	-1	-1
19	16	7.27482	-2.39568	-1	-1	-1
19	16	7.42482	-2.39568	-1	-1	-1
20	16	-3.48704	2.98062	-1	-1	-1
20	16	-3.33704	2.98062	-1	-1	-1
20	16	-3.18704	2.98062	1283	1327.28	-1
20	16	-3.03704	2.98062	873	1018.72	-1
20	16	-3.48704	3.13062	-1	-1	-1
20	16	-3.33704	3.13062	-1	-1	-1
20	16	-3.18704	3.13062	4591	4627.56	-1
20	16	-3.03704	3.13062	1358	1402.22	-1
20	16	-3.48704	3.28062	-1	-1	-1
20	16	-3.33704	3.28062	-1	-1	-1
20	16	-3.18704	3.28062	4509	4549.72	-1
20	16	-3.03704	3.28062	4262	4421.66	-1
20	16	-3.48704	3.43062	-1	-1	-1
20	16	-3.33704	3.43062	-1	-1	-1
20	16	-3.18704	3.43062	-1	-1	-1
20	16	-3.03704	3.43062	4735	4775.31	-1
21	16	1.78619	5.48087	-1	-1	-1
21	16	1.93619	5.48087	3567	3680.62	-1
21	16	2.08619	5.48087	3723	3768.91	-1
21	16	2.23619	5.48087	-1	-1	-1
21	16	1.78619	5.63087	-1	-1	-1
21	16	1.93619	5.63087	-1	-1	-1
21	16	2.08619	5.63087	-1	-1	-1
21	16	2.23619	5.63087	-1	-1	-1
21	16	1.78619	5.78087	-1	-1	-1
21	16	1.93619	5.78087	-1	-1	-1
21	16	2.08619	5.78087	-1	-1	-1
21	16	2.23619	5.78087	-1	-1	-1
21	16	1.78619	5.93087	-1	-1	-1
21	16	1.93619	5.93087	-1	-1	-1
21	16	2.08619	5.93087	-1	-1	-1
21	16	2.23619	5.93087	-1	-1	-1
0	256	2.04522	-3.65313	2741	2885.25	-1
0	256	4.9978	-5.5219	-1	-1	-1
0	256	-4.07261	9.11548	-1	-1	-1
0	256	-2.59432	-7.83251	-1	-1	-1
0	256	-0.668383	7.10621	-1	-1	-1
0	256	6.9826	-0.26417	4041	4132.06	-1
0	256	7.28982	6.73718	-1	-1	-1
0	256	7.44705	2.48889	-1	-1	-1
0	256	2.17726	-7.50966	87	196.75	-1
0	256	1.32433	0.00494206	1631	1763.56	-1
0	256	-7.3148	5.17119	-1	-1	-1
0	256	-2.08914	8.13825	5051	5148.06	-1
0	256	1.41237	3.54676	47	86.375	-1
0	256	6.85141	-6.61287	-1	-1	-1
0	256	4.13973	3.65468	2407	2541.81	-1
0	256	-9.40455	-1.76725	-1	-1	-1
0	256	-1.99468	4.4675	2662	2788.41	-1
0	256	-1.56664	1.51287	573	747.25	-1
0	256	-1.78139	5.80789	541	654.219	-1
0	256	-4.46454	-2.14637	2051	2089.28	-1
0	256	3.84719	2.19148	-1	-1	-1
0	256	-4.19756	-0.817215	-1	-1	-1
0	256	-0.0361303	-6.72512	4480	4533.88	-1
0	256	-1.51544	3.11646	611	641.344	-1
0	256	3.37636	4.18807	4187	4314.69	-1
0	256	8.25829	-2.95855	-1	-1	-1
0	256	1.92033	4.90117	-1	-1	-1
0	256	-4.40988	0.897168	-1	-1	-1
0	256	-9.3816	-1.63802	-1	-1	-1
0	256	-4.88998	-6.98559	-1	-1	-1
0	256	-0.426845	-8.30722	-1	-1	-1
0	256	8.60472	3.04957	-1	-1	-1
0	256	-2.8403	7.37576	-1	-1	-1
0	256	5.99512	-0.0810785	-1	-1	-1
0	256	-7.7905	-3.5324	-1	-1	-1
0	256	8.91245	-2.38272	1513	1608.25	-1
0	256	7.72139	1.56379	-1	-1	-1
0	256	1.72088	-4.57474	-1	-1	-1
0	256	9.11321	-1.88896	-1	-1	-1
0	256	9.63674	2.65015	-1	-1	-1
0	256	-5.98279	-6.77249	-1	-1	-1
0	256	-6.26813	-1.3246	-1	-1	-1
0	256	-8.60884	4.55702	-1	-1	-1
0	256	8.76775	8.76442	-1	-1	-1
0	256	-9.01735	-0.246108	-1	-1	-1
0	256	-2.74337	6.84898	-1	-1	-1
0	256	8.15224	2.63449	-1	-1	-1
0	256	8.57875	1.66905	-1	-1	-1
0	256	-5.16895	-4.27096	1905	2063.84	-1
0	256	-6.2125	-1.56699	-1	-1	-1
0	256	8.92885	2.94207	-1	-1	-1
0	256	4.24654	3.06608	-1	-1	-1
0	256	-3.55877	-2.3269	4093	4229.78	-1
0	256	6.79297	3.63969	-1	-1	-1
0	256	-6.16101	-1.88433	-1	-1	-1
0	256	1.71689	2.65101	224	254.156	-1
0	256	-2.15521	-3.32108	3698	3747.25	-1
0	256	-3.31467	4.73851	744	791.5	-1
0	256	8.18654	1.84274	-1	-1	-1
0	256	-0.302146	-3.98884	-1	-1	-1
0	256	6.252	-0.651961	4610	4712.62	-1
0	256	8.50365	-3.30328	-1	-1	-1
0	256	-5.75633	-4.22134	-1	-1	-1
0	256	1.23509	-6.58128	2072	2174.5	-1
0	256	-2.98231	-8.88371	-1	-1	-1
0	256	7.33743	-3.96106	-1	-1	-1
0	256	-8.61389	3.41222	-1	-1	-1
0	256	3.82933	7.56995	-1	-1	-1
0	256	-4.38649	-0.273488	1537	1661.94	-1
0	256	-3.67805	5.61479	-1	-1	-1
0	256	7.53148	2.8497	-1	-1	-1
0	256	7.74455	2.83455	-1	-1	-1
0	256	9.435	-2.86618	-1	-1	-1
0	256	-7.43776	2.07595	-1	-1	-1
0	256	-8.14772	-0.872234	-1	-1	-1
0	256	5.14815	-1.71124	3780	3888.75	-1
0	256	3.44493	1.83183	3047	3114.22	-1
0	256	-7.68304	4.19079	-1	-1	-1
0	256	5.3391	-1.25483	-1	-1	-1
0	256	-4.59191	-4.32196	4361	4527.34	-1
0	256	-7.76761	1.7075	-1	-1	-1
0	256	4.76169	-8.23408	-1	-1	-1
0	256	-1.88151	-3.49674	-1	-1	-1
0	256	-7.01801	-5.66777	-1	-1	-1
0	256	-7.00956	4.17058	-1	-1	-1
0	256	7.7055	-0.65481	-1	-1	-1
0	256	7.95805	2.75088	-1	-1	-1
0	256	4.47091	3.21178	-1	-1	-1
0	256	0.5384	5.25543	4753	4868.81	-1
0	256	-5.26815	-4.40517	3347	3474.09	-1
0	256	-1.19235	7.4897	-1	-1	-1
0	256	-7.95676	2.00657	-1	-1	-1
0	256	-6.56298	-0.435749	-1	-1	-1
0	256	-5.22376	-3.14103	-1	-1	-1
0	256	-1.13394	6.57499	-1	-1	-1
0	256	-8.51362	4.66426	-1	-1	-1
0	256	-1.70695	-6.61929	4904	4954.53	-1
0	256	-2.1216	6.33958	5108	5160.69	-1
0	256	8.41966	-0.437175	-1	-1	-1
0	256	7.64349	6.42949	-1	-1	-1
0	256	1.7136	9.62081	-1	-1	-1
0	256	1.24187	6.74567	-1	-1	-1
0	256	1.48367	-6.74311	1493	1601.19	-1
0	256	-6.41352	6.1426	-1	-1	-1
0	256	-5.26234	-0.153716	4019	4058.84	-1
0	256	-4.21357	5.48566	-1	-1	-1
0	256	2.19211	2.61225	966	1002.12	-1
0	256	3.7368	8.92258	-1	-1	-1
0	256	0.498846	-5.24117	-1	-1	-1
0	256	1.92177	3.26491	4378	4410.22	-1
0	256	-3.69749	-2.76729	552	705.125	-1
0	256	-4.19749	6.03642	-1	-1	-1
0	256	-3.61146	5.78941	-1	-1	-1
0	256	1.75046	2.96416	44	72.0625	-1
0	256	-1.1407	8.01235	1170	1232.78	-1
0	256	-4.52395	3.07773	-1	-1	-1
0	256	-2.01227	9.37651	2748	2818.84	-1
0	256	-0.736455	5.95701	4908	4996.09	-1
0	256	-5.79739	-5.69264	-1	-1	-1
0	256	-4.01103	-3.16442	4726	4870.81	-1
0	256	-0.283993	4.71313	-1	-1	-1
0	256	-4.65335	7.86617	-1	-1	-1
0	256	-1.2898	-6.23258	-1	-1	-1
0	256	-5.53218	-7.1672	-1	-1	-1
0	256	-6.46412	-3.00225	5104	5232.19	-1
0	256	2.81637	-8.67757	-1	-1	-1
0	256	-2.98713	-4.21543	-1	-1	-1
0	256	-7.62677	-6.04519	-1	-1	-1
0	256	0.436947	5.86851	5292	5399.31	-1
0	256	-8.16575	3.65498	-1	-1	-1
0	256	-3.53015	-8.77135	-1	-1	-1
0	256	0.975882	9.36352	-1	-1	-1
0	256	-0.111045	4.3961	-1	-1	-1
0	256	-1.76125	2.48207	847	995	-1
0	256	-9.70772	-2.56277	3451	3529.91	-1
0	256	2.40646	1.90107	1091	1236.75	-1
0	256	7.53997	-7.32909	-1	-1	-1
0	256	-7.99516	-7.78013	-1	-1	-1
0	256	7.85538	-1.75062	-1	-1	-1
0	256	-4.91023	-8.18014	-1	-1	-1
0	256	-4.064	0.948249	-1	-1	-1
0	256	9.09606	-1.78656	-1	-1	-1
0	256	6.07699	-7.79983	-1	-1	-1
0	256	6.38432	-3.15667	-1	-1	-1
0	256	4.85724	-6.41331	-1	-1	-1
0	256	-8.42219	-5.41479	4443	4513.03	-1
0	256	-4.20476	-0.960611	-1	-1	-1
0	256	4.64082	-0.893523	3022	3143.84	-1
0	256	-5.69122	4.66426	-1	-1	-1
0	256	8.63055	4.17359	-1	-1	-1
0	256	-0.36281	5.6209	-1	-1	-1
0	256	8.2524	-1.86057	-1	-1	-1
0	256	0.896139	-6.04539	-1	-1	-1
0	256	-2.04292	-3.4583	4896	5036.75	-1
0	256	-7.11646	-6.84924	-1	-1	-1
0	256	3.40771	9.302	-1	-1	-1
0	256	-0.109057	-8.70914	-1	-1	-1
0	256	-6.47623	-6.05277	-1	-1	-1
0	256	-1.17189	-8.2564	-1	-1	-1
0	256	2.21025	7.8503	-1	-1	-1
0	256	-6.86195	5.63409	-1	-1	-1
0	256	-1.81637	-8.56904	-1	-1	-1
0	256	-3.1588	-7.98844	-1	-1	-1
0	256	-5.33541	3.79258	4174	4327.66	-1
0	256	2.4341	9.29824	-1	-1	-1
0	256	3.22872	-4.04719	4348	4489.19	-1
0	256	-0.298736	-7.77507	-1	-1	-1
0	256	-1.32868	7.09003	-1	-1	-1
0	256	-1.52867	6.39543	-1	-1	-1
0	256	3.72023	-6.15179	-1	-1	-1
0	256	-6.03754	-3.75212	-1	-1	-1
0	256	-6.7542	1.14988	-1	-1	-1
0	256	3.16039	3.49809	2346	2507.81	-1
0	256	-7.79915	0.851839	-1	-1	-1
0	256	-0.269393	-9.13094	-1	-1	-1
0	256	-3.05726	2.66625	787	824.25	-1
0	256	-3.34928	2.67102	3774	3932.09	-1
0	256	9.23238	-1.83038	-1	-1	-1
0	256	-8.24655	-0.415027	4093	4154.88	-1
0	256	8.25223	-1.50848	-1	-1	-1
0	256	-2.79186	3.70271	636	678.438	-1
0	256	0.368335	-3.48619	43	72.6562	-1
0	256	-3.87391	-2.85227	926	1076.16	-1
0	256	-5.54919	4.34935	-1	-1	-1
0	256	-8.8458	-2.86747	-1	-1	-1
0	256	3.17476	-5.35899	5345	-1	-1
0	256	-0.0158096	-3.53266	1170	1296.47	-1
0	256	8.09082	-0.469663	1953	2043.72	-1
0	256	-2.6091	-3.29759	-1	-1	-1
0	256	-3.52261	-4.85311	-1	-1	-1
0	256	4.60813	-8.73813	2850	2950.88	-1
0	256	-1.26187	-6.10297	-1	-1	-1
0	256	7.62549	4.26096	-1	-1	-1
0	256	5.46052	-5.99222	1194	1253.72	-1
0	256	2.11654	8.6448	-1	-1	-1
0	256	-6.81903	5.32778	-1	-1	-1
0	256	-6.25807	-6.02941	-1	-1	-1
0	256	-2.90302	-5.99714	-1	-1	-1
0	256	5.67897	-1.12109	-1	-1	-1
0	256	8.71494	1.5867	-1	-1	-1
0	256	-0.399061	4.31151	-1	-1	-1
0	256	4.67033	-8.28361	-1	-1	-1
0	256	1.05101	0.10126	28	41.8438	-1
0	256	-1.27292	-5.98293	-1	-1	-1
0	256	8.45861	-1.04596	-1	-1	-1
0	256	3.3337	3.03707	2151	2314.03	-1
0	256	6.22154	-2.60989	-1	-1	-1
0	256	2.03537	-3.40829	1323	1446.72	-1
0	256	-0.129834	-7.22888	4558	4614.72	-1
0	256	-0.578189	-8.69301	-1	-1	-1
0	256	3.12624	3.78866	1523	1673.97	-1
0	256	6.56187	0.347653	4787	4839.16	-1
0	256	2.57044	3.4176	1359	1396.81	-1
0	256	-2.47669	8.88048	-1	-1	-1
0	256	-6.30461	-7.40956	-1	-1	-1
0	256	1.01596	7.14575	-1	-1	-1
0	256	0.85522	-9.75388	-1	-1	-1
0	256	-0.347228	-3.84205	-1	-1	-1
0	256	3.04381	-0.938145	1139	1170.28	-1
0	256	-4.41912	-8.55837	-1	-1	-1
0	256	-3.73262	-5.25087	-1	-1	-1
0	256	-5.56595	3.95113	-1	-1	-1
0	256	-2.7909	-5.33834	-1	-1	-1
0	256	9.02882	6.44903	-1	-1	-1
0	256	-0.928225	6.83207	-1	-1	-1
0	256	8.78952	0.643817	-1	-1	-1
0	256	-2.03241	-2.93865	930	1084.16	-1
0	256	-9.37451	1.4057	-1	-1	-1
0	256	7.64601	-1.07953	-1	-1	-1
0	256	6.41849	4.80057	-1	-1	-1
0	256	-6.99075	0.460173	-1	-1	-1
0	256	-5.16313	-8.14345	5210	5304.47	-1
0	256	-4.7398	-0.582475	-1	-1	-1
0	256	3.49695	8.93263	-1	-1	-1
0	256	2.4291	5.3038	253	374.844	-1
0	256	-0.355731	8.44453	-1	-1	-1
0	256	-9.71365	-1.99666	-1	-1	-1
0	256	1.49181	-4.34184	-1	-1	-1
0	256	6.73925	6.08582	-1	-1	-1
0	256	4.51933	-2.56824	5162	5289.19	-1
0	256	-5.62383	-3.06739	2765	2811.31	-1
0	256	-3.06121	-6.1792	-1	-1	-1
0	256	-5.47784	-6.64069	-1	-1	-1
0	256	-3.42454	-1.49563	1117	1259.41	-1
0	256	-0.519004	-4.40625	-1	-1	-1
0	256	-4.34705	2.756	4245	4364.75	-1
0	256	-5.19358	3.10539	-1	-1	-1
0	256	3.8811	1.61675	2534	2587.22	-1
0	256	4.15529	-1.67985	-1	-1	-1
0	256	3.7902	0.731701	45	90.5	-1
0	256	-8.99232	3.80724	-1	-1	-1
0	256	4.64144	7.44379	-1	-1	-1
0	256	8.39834	4.04221	-1	-1	-1
0	256	4.42566	6.46761	2559	2682.84	-1
0	256	-2.07417	-2.48549	4000	4144.47	-1
0	256	4.69814	-2.65222	-1	-1	-1
