Pile ID	Distribution Type	X-Position	Y-Position	Pickup Time	Drop Off Time	Ant ID
1	1	6.37027	-3.96797	4571	4631.44	-1
1	1	6.52027	-3.96797	2176	2235.91	-1
1	1	6.67027	-3.96797	2158	2233.44	-1
1	1	6.82027	-3.96797	-1	-1	-1
1	1	6.97027	-3.96797	-1	-1	-1
1	1	7.12027	-3.96797	-1	-1	-1
1	1	7.27027	-3.96797	-1	-1	-1
1	1	7.42027	-3.96797	-1	-1	-1
1	1	7.57027	-3.96797	-1	-1	-1
1	1	7.72027	-3.96797	-1	-1	-1
1	1	7.87027	-3.96797	-1	-1	-1
1	1	8.02027	-3.96797	-1	-1	-1
1	1	8.17027	-3.96797	-1	-1	-1
1	1	8.32027	-3.96797	-1	-1	-1
1	1	8.47027	-3.96797	-1	-1	-1
1	1	8.62027	-3.96797	-1	-1	-1
1	1	6.37027	-3.81797	665	725.75	-1
1	1	6.52027	-3.81797	783	840.375	-1
1	1	6.67027	-3.81797	2019	2092.03	-1
1	1	6.82027	-3.81797	-1	-1	-1
1	1	6.97027	-3.81797	-1	-1	-1
1	1	7.12027	-3.81797	-1	-1	-1
1	1	7.27027	-3.81797	-1	-1	-1
1	1	7.42027	-3.81797	-1	-1	-1
1	1	7.57027	-3.81797	-1	-1	-1
1	1	7.72027	-3.81797	-1	-1	-1
1	1	7.87027	-3.81797	-1	-1	-1
1	1	8.02027	-3.81797	-1	-1	-1
1	1	8.17027	-3.81797	-1	-1	-1
1	1	8.32027	-3.81797	-1	-1	-1
1	1	8.47027	-3.81797	-1	-1	-1
1	1	8.62027	-3.81797	-1	-1	-1
1	1	6.37027	-3.66797	495	555.812	-1
1	1	6.52027	-3.66797	647	735.469	-1
1	1	6.67027	-3.66797	3027	3086.22	-1
1	1	6.82027	-3.66797	-1	-1	-1
1	1	6.97027	-3.66797	-1	-1	-1
1	1	7.12027	-3.66797	-1	-1	-1
1	1	7.27027	-3.66797	-1	-1	-1
1	1	7.42027	-3.66797	-1	-1	-1
1	1	7.57027	-3.66797	-1	-1	-1
1	1	7.72027	-3.66797	-1	-1	-1
1	1	7.87027	-3.66797	-1	-1	-1
1	1	8.02027	-3.66797	-1	-1	-1
1	1	8.17027	-3.66797	-1	-1	-1
1	1	8.32027	-3.66797	-1	-1	-1
1	1	8.47027	-3.66797	-1	-1	-1
1	1	8.62027	-3.66797	-1	-1	-1
1	1	6.37027	-3.51797	74	155.938	-1
1	1	6.52027	-3.51797	357	422.656	-1
1	1	6.67027	-3.51797	2848	2963.22	-1
1	1	6.82027	-3.51797	-1	-1	-1
1	1	6.97027	-3.51797	-1	-1	-1
1	1	7.12027	-3.51797	-1	-1	-1
1	1	7.27027	-3.51797	-1	-1	-1
1	1	7.42027	-3.51797	-1	-1	-1
1	1	7.57027	-3.51797	-1	-1	-1
1	1	7.72027	-3.51797	-1	-1	-1
1	1	7.87027	-3.51797	-1	-1	-1
1	1	8.02027	-3.51797	-1	-1	-1
1	1	8.17027	-3.51797	-1	-1	-1
1	1	8.32027	-3.51797	-1	-1	-1
1	1	8.47027	-3.51797	-1	-1	-1
1	1	8.62027	-3.51797	-1	-1	-1
1	1	6.37027	-3.36797	218	281.406	-1
1	1	6.52027	-3.36797	480	567.875	-1
1	1	6.67027	-3.36797	-1	-1	-1
1	1	6.82027	-3.36797	-1	-1	-1
1	1	6.97027	-3.36797	-1	-1	-1
1	1	7.12027	-3.36797	-1	-1	-1
1	1	7.27027	-3.36797	-1	-1	-1
1	1	7.42027	-3.36797	-1	-1	-1
1	1	7.57027	-3.36797	-1	-1	-1
1	1	7.72027	-3.36797	-1	-1	-1
1	1	7.87027	-3.36797	-1	-1	-1
1	1	8.02027	-3.36797	-1	-1	-1
1	1	8.17027	-3.36797	-1	-1	-1
1	1	8.32027	-3.36797	-1	-1	-1
1	1	8.47027	-3.36797	-1	-1	-1
1	1	8.62027	-3.36797	-1	-1	-1
1	1	6.37027	-3.21797	-1	-1	-1
1	1	6.52027	-3.21797	-1	-1	-1
1	1	6.67027	-3.21797	-1	-1	-1
1	1	6.82027	-3.21797	-1	-1	-1
1	1	6.97027	-3.21797	-1	-1	-1
1	1	7.12027	-3.21797	-1	-1	-1
1	1	7.27027	-3.21797	-1	-1	-1
1	1	7.42027	-3.21797	-1	-1	-1
1	1	7.57027	-3.21797	-1	-1	-1
1	1	7.72027	-3.21797	-1	-1	-1
1	1	7.87027	-3.21797	-1	-1	-1
1	1	8.02027	-3.21797	-1	-1	-1
1	1	8.17027	-3.21797	-1	-1	-1
1	1	8.32027	-3.21797	-1	-1	-1
1	1	8.47027	-3.21797	-1	-1	-1
1	1	8.62027	-3.21797	-1	-1	-1
1	1	6.37027	-3.06797	-1	-1	-1
1	1	6.52027	-3.06797	-1	-1	-1
1	1	6.67027	-3.06797	-1	-1	-1
1	1	6.82027	-3.06797	-1	-1	-1
1	1	6.97027	-3.06797	-1	-1	-1
1	1	7.12027	-3.06797	-1	-1	-1
1	1	7.27027	-3.06797	-1	-1	-1
1	1	7.42027	-3.06797	-1	-1	-1
1	1	7.57027	-3.06797	-1	-1	-1
1	1	7.72027	-3.06797	-1	-1	-1
1	1	7.87027	-3.06797	-1	-1	-1
1	1	8.02027	-3.06797	-1	-1	-1
1	1	8.17027	-3.06797	-1	-1	-1
1	1	8.32027	-3.06797	-1	-1	-1
1	1	8.47027	-3.06797	-1	-1	-1
1	1	8.62027	-3.06797	-1	-1	-1
1	1	6.37027	-2.91797	322	433.188	-1
1	1	6.52027	-2.91797	-1	-1	-1
1	1	6.67027	-2.91797	-1	-1	-1
1	1	6.82027	-2.91797	-1	-1	-1
1	1	6.97027	-2.91797	-1	-1	-1
1	1	7.12027	-2.91797	-1	-1	-1
1	1	7.27027	-2.91797	-1	-1	-1
1	1	7.42027	-2.91797	-1	-1	-1
1	1	7.57027	-2.91797	-1	-1	-1
1	1	7.72027	-2.91797	-1	-1	-1
1	1	7.87027	-2.91797	-1	-1	-1
1	1	8.02027	-2.91797	-1	-1	-1
1	1	8.17027	-2.91797	-1	-1	-1
1	1	8.32027	-2.91797	-1	-1	-1
1	1	8.47027	-2.91797	-1	-1	-1
1	1	8.62027	-2.91797	-1	-1	-1
1	1	6.37027	-2.76797	-1	-1	-1
1	1	6.52027	-2.76797	-1	-1	-1
1	1	6.67027	-2.76797	-1	-1	-1
1	1	6.82027	-2.76797	-1	-1	-1
1	1	6.97027	-2.76797	-1	-1	-1
1	1	7.12027	-2.76797	-1	-1	-1
1	1	7.27027	-2.76797	-1	-1	-1
1	1	7.42027	-2.76797	-1	-1	-1
1	1	7.57027	-2.76797	-1	-1	-1
1	1	7.72027	-2.76797	-1	-1	-1
1	1	7.87027	-2.76797	-1	-1	-1
1	1	8.02027	-2.76797	-1	-1	-1
1	1	8.17027	-2.76797	-1	-1	-1
1	1	8.32027	-2.76797	-1	-1	-1
1	1	8.47027	-2.76797	-1	-1	-1
1	1	8.62027	-2.76797	-1	-1	-1
1	1	6.37027	-2.61797	-1	-1	-1
1	1	6.52027	-2.61797	-1	-1	-1
1	1	6.67027	-2.61797	-1	-1	-1
1	1	6.82027	-2.61797	-1	-1	-1
1	1	6.97027	-2.61797	-1	-1	-1
1	1	7.12027	-2.61797	-1	-1	-1
1	1	7.27027	-2.61797	-1	-1	-1
1	1	7.42027	-2.61797	-1	-1	-1
1	1	7.57027	-2.61797	-1	-1	-1
1	1	7.72027	-2.61797	-1	-1	-1
1	1	7.87027	-2.61797	-1	-1	-1
1	1	8.02027	-2.61797	-1	-1	-1
1	1	8.17027	-2.61797	-1	-1	-1
1	1	8.32027	-2.61797	-1	-1	-1
1	1	8.47027	-2.61797	-1	-1	-1
1	1	8.62027	-2.61797	-1	-1	-1
1	1	6.37027	-2.46797	-1	-1	-1
1	1	6.52027	-2.46797	-1	-1	-1
1	1	6.67027	-2.46797	-1	-1	-1
1	1	6.82027	-2.46797	-1	-1	-1
1	1	6.97027	-2.46797	-1	-1	-1
1	1	7.12027	-2.46797	-1	-1	-1
1	1	7.27027	-2.46797	-1	-1	-1
1	1	7.42027	-2.46797	-1	-1	-1
1	1	7.57027	-2.46797	-1	-1	-1
1	1	7.72027	-2.46797	-1	-1	-1
1	1	7.87027	-2.46797	-1	-1	-1
1	1	8.02027	-2.46797	-1	-1	-1
1	1	8.17027	-2.46797	-1	-1	-1
1	1	8.32027	-2.46797	-1	-1	-1
1	1	8.47027	-2.46797	-1	-1	-1
1	1	8.62027	-2.46797	-1	-1	-1
1	1	6.37027	-2.31797	-1	-1	-1
1	1	6.52027	-2.31797	-1	-1	-1
1	1	6.67027	-2.31797	-1	-1	-1
1	1	6.82027	-2.31797	-1	-1	-1
1	1	6.97027	-2.31797	-1	-1	-1
1	1	7.12027	-2.31797	-1	-1	-1
1	1	7.27027	-2.31797	-1	-1	-1
1	1	7.42027	-2.31797	-1	-1	-1
1	1	7.57027	-2.31797	-1	-1	-1
1	1	7.72027	-2.31797	-1	-1	-1
1	1	7.87027	-2.31797	-1	-1	-1
1	1	8.02027	-2.31797	-1	-1	-1
1	1	8.17027	-2.31797	-1	-1	-1
1	1	8.32027	-2.31797	-1	-1	-1
1	1	8.47027	-2.31797	-1	-1	-1
1	1	8.62027	-2.31797	-1	-1	-1
1	1	6.37027	-2.16797	-1	-1	-1
1	1	6.52027	-2.16797	-1	-1	-1
1	1	6.67027	-2.16797	-1	-1	-1
1	1	6.82027	-2.16797	-1	-1	-1
1	1	6.97027	-2.16797	-1	-1	-1
1	1	7.12027	-2.16797	-1	-1	-1
1	1	7.27027	-2.16797	-1	-1	-1
1	1	7.42027	-2.16797	-1	-1	-1
1	1	7.57027	-2.16797	-1	-1	-1
1	1	7.72027	-2.16797	-1	-1	-1
1	1	7.87027	-2.16797	-1	-1	-1
1	1	8.02027	-2.16797	-1	-1	-1
1	1	8.17027	-2.16797	-1	-1	-1
1	1	8.32027	-2.16797	-1	-1	-1
1	1	8.47027	-2.16797	-1	-1	-1
1	1	8.62027	-2.16797	-1	-1	-1
1	1	6.37027	-2.01797	-1	-1	-1
1	1	6.52027	-2.01797	-1	-1	-1
1	1	6.67027	-2.01797	-1	-1	-1
1	1	6.82027	-2.01797	-1	-1	-1
1	1	6.97027	-2.01797	-1	-1	-1
1	1	7.12027	-2.01797	-1	-1	-1
1	1	7.27027	-2.01797	-1	-1	-1
1	1	7.42027	-2.01797	-1	-1	-1
1	1	7.57027	-2.01797	-1	-1	-1
1	1	7.72027	-2.01797	-1	-1	-1
1	1	7.87027	-2.01797	-1	-1	-1
1	1	8.02027	-2.01797	-1	-1	-1
1	1	8.17027	-2.01797	-1	-1	-1
1	1	8.32027	-2.01797	-1	-1	-1
1	1	8.47027	-2.01797	-1	-1	-1
1	1	8.62027	-2.01797	-1	-1	-1
1	1	6.37027	-1.86797	-1	-1	-1
1	1	6.52027	-1.86797	-1	-1	-1
1	1	6.67027	-1.86797	-1	-1	-1
1	1	6.82027	-1.86797	-1	-1	-1
1	1	6.97027	-1.86797	-1	-1	-1
1	1	7.12027	-1.86797	-1	-1	-1
1	1	7.27027	-1.86797	-1	-1	-1
1	1	7.42027	-1.86797	-1	-1	-1
1	1	7.57027	-1.86797	-1	-1	-1
1	1	7.72027	-1.86797	-1	-1	-1
1	1	7.87027	-1.86797	-1	-1	-1
1	1	8.02027	-1.86797	-1	-1	-1
1	1	8.17027	-1.86797	-1	-1	-1
1	1	8.32027	-1.86797	-1	-1	-1
1	1	8.47027	-1.86797	-1	-1	-1
1	1	8.62027	-1.86797	-1	-1	-1
1	1	6.37027	-1.71797	-1	-1	-1
1	1	6.52027	-1.71797	-1	-1	-1
1	1	6.67027	-1.71797	-1	-1	-1
1	1	6.82027	-1.71797	-1	-1	-1
1	1	6.97027	-1.71797	-1	-1	-1
1	1	7.12027	-1.71797	-1	-1	-1
1	1	7.27027	-1.71797	-1	-1	-1
1	1	7.42027	-1.71797	-1	-1	-1
1	1	7.57027	-1.71797	-1	-1	-1
1	1	7.72027	-1.71797	-1	-1	-1
1	1	7.87027	-1.71797	-1	-1	-1
1	1	8.02027	-1.71797	-1	-1	-1
1	1	8.17027	-1.71797	-1	-1	-1
1	1	8.32027	-1.71797	-1	-1	-1
1	1	8.47027	-1.71797	-1	-1	-1
1	1	8.62027	-1.71797	-1	-1	-1
2	4	1.50873	-5.92805	2364	2410.06	-1
2	4	1.65873	-5.92805	-1	-1	-1
2	4	1.80873	-5.92805	-1	-1	-1
2	4	1.95873	-5.92805	-1	-1	-1
2	4	2.10873	-5.92805	-1	-1	-1
2	4	2.25873	-5.92805	-1	-1	-1
2	4	2.40873	-5.92805	-1	-1	-1
2	4	2.55873	-5.92805	-1	-1	-1
2	4	1.50873	-5.77805	-1	-1	-1
2	4	1.65873	-5.77805	-1	-1	-1
2	4	1.80873	-5.77805	-1	-1	-1
2	4	1.95873	-5.77805	-1	-1	-1
2	4	2.10873	-5.77805	-1	-1	-1
2	4	2.25873	-5.77805	-1	-1	-1
2	4	2.40873	-5.77805	-1	-1	-1
2	4	2.55873	-5.77805	-1	-1	-1
2	4	1.50873	-5.62805	-1	-1	-1
2	4	1.65873	-5.62805	-1	-1	-1
2	4	1.80873	-5.62805	-1	-1	-1
2	4	1.95873	-5.62805	-1	-1	-1
2	4	2.10873	-5.62805	-1	-1	-1
2	4	2.25873	-5.62805	-1	-1	-1
2	4	2.40873	-5.62805	-1	-1	-1
2	4	2.55873	-5.62805	-1	-1	-1
2	4	1.50873	-5.47805	3137	3254.25	-1
2	4	1.65873	-5.47805	-1	-1	-1
2	4	1.80873	-5.47805	-1	-1	-1
2	4	1.95873	-5.47805	-1	-1	-1
2	4	2.10873	-5.47805	-1	-1	-1
2	4	2.25873	-5.47805	-1	-1	-1
2	4	2.40873	-5.47805	-1	-1	-1
2	4	2.55873	-5.47805	-1	-1	-1
2	4	1.50873	-5.32805	3332	3377.47	-1
2	4	1.65873	-5.32805	-1	-1	-1
2	4	1.80873	-5.32805	-1	-1	-1
2	4	1.95873	-5.32805	-1	-1	-1
2	4	2.10873	-5.32805	-1	-1	-1
2	4	2.25873	-5.32805	-1	-1	-1
2	4	2.40873	-5.32805	-1	-1	-1
2	4	2.55873	-5.32805	-1	-1	-1
2	4	1.50873	-5.17805	-1	-1	-1
2	4	1.65873	-5.17805	-1	-1	-1
2	4	1.80873	-5.17805	-1	-1	-1
2	4	1.95873	-5.17805	-1	-1	-1
2	4	2.10873	-5.17805	-1	-1	-1
2	4	2.25873	-5.17805	-1	-1	-1
2	4	2.40873	-5.17805	-1	-1	-1
2	4	2.55873	-5.17805	-1	-1	-1
2	4	1.50873	-5.02805	-1	-1	-1
2	4	1.65873	-5.02805	-1	-1	-1
2	4	1.80873	-5.02805	-1	-1	-1
2	4	1.95873	-5.02805	-1	-1	-1
2	4	2.10873	-5.02805	-1	-1	-1
2	4	2.25873	-5.02805	-1	-1	-1
2	4	2.40873	-5.02805	-1	-1	-1
2	4	2.55873	-5.02805	-1	-1	-1
2	4	1.50873	-4.87805	-1	-1	-1
2	4	1.65873	-4.87805	1190	1235.94	-1
2	4	1.80873	-4.87805	918	959.531	-1
2	4	1.95873	-4.87805	216	258.781	-1
2	4	2.10873	-4.87805	683	800.25	-1
2	4	2.25873	-4.87805	-1	-1	-1
2	4	2.40873	-4.87805	-1	-1	-1
2	4	2.55873	-4.87805	-1	-1	-1
3	4	-0.284093	3.10335	5373	-1	-1
3	4	-0.134093	3.10335	-1	-1	-1
3	4	0.0159068	3.10335	828	854.75	-1
3	4	0.165907	3.10335	906	935.344	-1
3	4	0.315907	3.10335	913	982	-1
3	4	0.465907	3.10335	842	872.656	-1
3	4	0.615907	3.10335	641	767	-1
3	4	0.765907	3.10335	3826	3952.28	-1
3	4	-0.284093	3.25335	-1	-1	-1
3	4	-0.134093	3.25335	1349	1384.78	-1
3	4	0.0159068	3.25335	960	993.812	-1
3	4	0.165907	3.25335	1069	1096.44	-1
3	4	0.315907	3.25335	1168	1204.19	-1
3	4	0.465907	3.25335	1389	1420.38	-1
3	4	0.615907	3.25335	2852	2880.25	-1
3	4	0.765907	3.25335	4647	4773.84	-1
3	4	-0.284093	3.40335	-1	-1	-1
3	4	-0.134093	3.40335	1574	1623.09	-1
3	4	0.0159068	3.40335	1246	1292.81	-1
3	4	0.165907	3.40335	1200	1235.66	-1
3	4	0.315907	3.40335	1265	1317.5	-1
3	4	0.465907	3.40335	1616	1660.12	-1
3	4	0.615907	3.40335	-1	-1	-1
3	4	0.765907	3.40335	-1	-1	-1
3	4	-0.284093	3.55335	1778	1812.47	-1
3	4	-0.134093	3.55335	1718	1754.66	-1
3	4	0.0159068	3.55335	1410	1452.88	-1
3	4	0.165907	3.55335	1295	1342.38	-1
3	4	0.315907	3.55335	1377	1430.22	-1
3	4	0.465907	3.55335	1713	1767.56	-1
3	4	0.615907	3.55335	-1	-1	-1
3	4	0.765907	3.55335	-1	-1	-1
3	4	-0.284093	3.70335	2875	3002.88	-1
3	4	-0.134093	3.70335	1573	1622.97	-1
3	4	0.0159068	3.70335	1526	1566.25	-1
3	4	0.165907	3.70335	1475	1569.5	-1
3	4	0.315907	3.70335	1501	1535.38	-1
3	4	0.465907	3.70335	1572	1619.09	-1
3	4	0.615907	3.70335	-1	-1	-1
3	4	0.765907	3.70335	-1	-1	-1
3	4	-0.284093	3.85335	-1	-1	-1
3	4	-0.134093	3.85335	1663	1711.19	-1
3	4	0.0159068	3.85335	1642	1717.41	-1
3	4	0.165907	3.85335	1658	1718.78	-1
3	4	0.315907	3.85335	1752	1796.03	-1
3	4	0.465907	3.85335	5242	5366.97	-1
3	4	0.615907	3.85335	-1	-1	-1
3	4	0.765907	3.85335	-1	-1	-1
3	4	-0.284093	4.00335	-1	-1	-1
3	4	-0.134093	4.00335	1760	1847.38	-1
3	4	0.0159068	4.00335	1702	1758.03	-1
3	4	0.165907	4.00335	1887	1920.78	-1
3	4	0.315907	4.00335	1968	2002.69	-1
3	4	0.465907	4.00335	-1	-1	-1
3	4	0.615907	4.00335	-1	-1	-1
3	4	0.765907	4.00335	-1	-1	-1
3	4	-0.284093	4.15335	1212	1251.69	-1
3	4	-0.134093	4.15335	-1	-1	-1
3	4	0.0159068	4.15335	-1	-1	-1
3	4	0.165907	4.15335	3518	3638.75	-1
3	4	0.315907	4.15335	2037	2070.12	-1
3	4	0.465907	4.15335	-1	-1	-1
3	4	0.615907	4.15335	-1	-1	-1
3	4	0.765907	4.15335	-1	-1	-1
4	4	-4.25879	-7.60914	-1	-1	-1
4	4	-4.10879	-7.60914	-1	-1	-1
4	4	-3.95879	-7.60914	-1	-1	-1
4	4	-3.80879	-7.60914	-1	-1	-1
4	4	-3.65879	-7.60914	-1	-1	-1
4	4	-3.50879	-7.60914	-1	-1	-1
4	4	-3.35879	-7.60914	-1	-1	-1
4	4	-3.20879	-7.60914	-1	-1	-1
4	4	-4.25879	-7.45914	-1	-1	-1
4	4	-4.10879	-7.45914	-1	-1	-1
4	4	-3.95879	-7.45914	-1	-1	-1
4	4	-3.80879	-7.45914	-1	-1	-1
4	4	-3.65879	-7.45914	-1	-1	-1
4	4	-3.50879	-7.45914	-1	-1	-1
4	4	-3.35879	-7.45914	-1	-1	-1
4	4	-3.20879	-7.45914	-1	-1	-1
4	4	-4.25879	-7.30914	-1	-1	-1
4	4	-4.10879	-7.30914	-1	-1	-1
4	4	-3.95879	-7.30914	-1	-1	-1
4	4	-3.80879	-7.30914	-1	-1	-1
4	4	-3.65879	-7.30914	-1	-1	-1
4	4	-3.50879	-7.30914	-1	-1	-1
4	4	-3.35879	-7.30914	-1	-1	-1
4	4	-3.20879	-7.30914	-1	-1	-1
4	4	-4.25879	-7.15914	-1	-1	-1
4	4	-4.10879	-7.15914	-1	-1	-1
4	4	-3.95879	-7.15914	-1	-1	-1
4	4	-3.80879	-7.15914	-1	-1	-1
4	4	-3.65879	-7.15914	-1	-1	-1
4	4	-3.50879	-7.15914	-1	-1	-1
4	4	-3.35879	-7.15914	-1	-1	-1
4	4	-3.20879	-7.15914	-1	-1	-1
4	4	-4.25879	-7.00914	-1	-1	-1
4	4	-4.10879	-7.00914	-1	-1	-1
4	4	-3.95879	-7.00914	-1	-1	-1
4	4	-3.80879	-7.00914	-1	-1	-1
4	4	-3.65879	-7.00914	-1	-1	-1
4	4	-3.50879	-7.00914	-1	-1	-1
4	4	-3.35879	-7.00914	-1	-1	-1
4	4	-3.20879	-7.00914	-1	-1	-1
4	4	-4.25879	-6.85914	-1	-1	-1
4	4	-4.10879	-6.85914	-1	-1	-1
4	4	-3.95879	-6.85914	-1	-1	-1
4	4	-3.80879	-6.85914	-1	-1	-1
4	4	-3.65879	-6.85914	-1	-1	-1
4	4	-3.50879	-6.85914	-1	-1	-1
4	4	-3.35879	-6.85914	-1	-1	-1
4	4	-3.20879	-6.85914	-1	-1	-1
4	4	-4.25879	-6.70914	-1	-1	-1
4	4	-4.10879	-6.70914	-1	-1	-1
4	4	-3.95879	-6.70914	-1	-1	-1
4	4	-3.80879	-6.70914	-1	-1	-1
4	4	-3.65879	-6.70914	-1	-1	-1
4	4	-3.50879	-6.70914	-1	-1	-1
4	4	-3.35879	-6.70914	-1	-1	-1
4	4	-3.20879	-6.70914	-1	-1	-1
4	4	-4.25879	-6.55914	-1	-1	-1
4	4	-4.10879	-6.55914	-1	-1	-1
4	4	-3.95879	-6.55914	-1	-1	-1
4	4	-3.80879	-6.55914	-1	-1	-1
4	4	-3.65879	-6.55914	-1	-1	-1
4	4	-3.50879	-6.55914	-1	-1	-1
4	4	-3.35879	-6.55914	-1	-1	-1
4	4	-3.20879	-6.55914	-1	-1	-1
5	4	-3.52633	-0.680324	-1	-1	-1
5	4	-3.37633	-0.680324	-1	-1	-1
5	4	-3.22633	-0.680324	-1	-1	-1
5	4	-3.07633	-0.680324	3584	3611.25	-1
5	4	-2.92633	-0.680324	2762	2793.72	-1
5	4	-2.77633	-0.680324	2766	2790.41	-1
5	4	-2.62633	-0.680324	1687	1817.03	-1
5	4	-2.47633	-0.680324	1009	1039.88	-1
5	4	-3.52633	-0.530324	-1	-1	-1
5	4	-3.37633	-0.530324	-1	-1	-1
5	4	-3.22633	-0.530324	-1	-1	-1
5	4	-3.07633	-0.530324	-1	-1	-1
5	4	-2.92633	-0.530324	2687	2722.75	-1
5	4	-2.77633	-0.530324	2662	2697.38	-1
5	4	-2.62633	-0.530324	2692	2718.19	-1
5	4	-2.47633	-0.530324	496	623.75	-1
5	4	-3.52633	-0.380324	-1	-1	-1
5	4	-3.37633	-0.380324	-1	-1	-1
5	4	-3.22633	-0.380324	-1	-1	-1
5	4	-3.07633	-0.380324	3263	3313.91	-1
5	4	-2.92633	-0.380324	2634	2666.66	-1
5	4	-2.77633	-0.380324	2532	2563.84	-1
5	4	-2.62633	-0.380324	632	749.25	-1
5	4	-2.47633	-0.380324	413	441	-1
5	4	-3.52633	-0.230324	-1	-1	-1
5	4	-3.37633	-0.230324	5148	5187.69	-1
5	4	-3.22633	-0.230324	3366	3409.97	-1
5	4	-3.07633	-0.230324	3081	3218.06	-1
5	4	-2.92633	-0.230324	2558	2604.19	-1
5	4	-2.77633	-0.230324	2379	2425.78	-1
5	4	-2.62633	-0.230324	774	808.812	-1
5	4	-2.47633	-0.230324	462	490.094	-1
5	4	-3.52633	-0.0803238	5158	5196.47	-1
5	4	-3.37633	-0.0803238	5085	5119.69	-1
5	4	-3.22633	-0.0803238	3398	3449.09	-1
5	4	-3.07633	-0.0803238	3242	3325	-1
5	4	-2.92633	-0.0803238	2662	2721.62	-1
5	4	-2.77633	-0.0803238	2452	2486.12	-1
5	4	-2.62633	-0.0803238	2291	2324.62	-1
5	4	-2.47633	-0.0803238	2049	2179.62	-1
5	4	-3.52633	0.0696762	-1	-1	-1
5	4	-3.37633	0.0696762	5050	5113.59	-1
5	4	-3.22633	0.0696762	4631	4755.34	-1
5	4	-3.07633	0.0696762	3268	3342.38	-1
5	4	-2.92633	0.0696762	3292	3335.16	-1
5	4	-2.77633	0.0696762	3372	3423.22	-1
5	4	-2.62633	0.0696762	2730	2752.97	-1
5	4	-2.47633	0.0696762	2420	2448.56	-1
5	4	-3.52633	0.219676	4537	4567.22	-1
5	4	-3.37633	0.219676	4969	5011.97	-1
5	4	-3.22633	0.219676	4846	4875.47	-1
5	4	-3.07633	0.219676	4901	4928.72	-1
5	4	-2.92633	0.219676	4148	4270.41	-1
5	4	-2.77633	0.219676	3680	3707.91	-1
5	4	-2.62633	0.219676	2963	2992.19	-1
5	4	-2.47633	0.219676	34	60.1875	-1
5	4	-3.52633	0.369676	4436	4465.03	-1
5	4	-3.37633	0.369676	5095	5137.94	-1
5	4	-3.22633	0.369676	4987	5054.31	-1
5	4	-3.07633	0.369676	5171	5203.62	-1
5	4	-2.92633	0.369676	4294	4325.28	-1
5	4	-2.77633	0.369676	4166	4328.19	-1
5	4	-2.62633	0.369676	2917	2940.53	-1
5	4	-2.47633	0.369676	2626	2746.28	-1
6	16	-3.40209	5.19719	-1	-1	-1
6	16	-3.25209	5.19719	-1	-1	-1
6	16	-3.10209	5.19719	736	784.906	-1
6	16	-2.95209	5.19719	83	132.781	-1
6	16	-3.40209	5.34719	-1	-1	-1
6	16	-3.25209	5.34719	-1	-1	-1
6	16	-3.10209	5.34719	-1	-1	-1
6	16	-2.95209	5.34719	182	234.312	-1
6	16	-3.40209	5.49719	-1	-1	-1
6	16	-3.25209	5.49719	-1	-1	-1
6	16	-3.10209	5.49719	-1	-1	-1
6	16	-2.95209	5.49719	2966	3076.53	-1
6	16	-3.40209	5.64719	-1	-1	-1
6	16	-3.25209	5.64719	-1	-1	-1
6	16	-3.10209	5.64719	-1	-1	-1
6	16	-2.95209	5.64719	4863	4970.19	-1
7	16	-8.41098	-5.15148	-1	-1	-1
7	16	-8.26098	-5.15148	-1	-1	-1
7	16	-8.11098	-5.15148	-1	-1	-1
7	16	-7.96098	-5.15148	-1	-1	-1
7	16	-8.41098	-5.00148	-1	-1	-1
7	16	-8.26098	-5.00148	-1	-1	-1
7	16	-8.11098	-5.00148	-1	-1	-1
7	16	-7.96098	-5.00148	-1	-1	-1
7	16	-8.41098	-4.85148	-1	-1	-1
7	16	-8.26098	-4.85148	-1	-1	-1
7	16	-8.11098	-4.85148	-1	-1	-1
7	16	-7.96098	-4.85148	-1	-1	-1
7	16	-8.41098	-4.70148	-1	-1	-1
7	16	-8.26098	-4.70148	-1	-1	-1
7	16	-8.11098	-4.70148	-1	-1	-1
7	16	-7.96098	-4.70148	-1	-1	-1
8	16	4.56272	-4.11579	80	126.25	-1
8	16	4.71272	-4.11579	329	389.812	-1
8	16	4.86272	-4.11579	-1	-1	-1
8	16	5.01272	-4.11579	-1	-1	-1
8	16	4.56272	-3.96579	183	234.156	-1
8	16	4.71272	-3.96579	4065	4112	-1
8	16	4.86272	-3.96579	-1	-1	-1
8	16	5.01272	-3.96579	-1	-1	-1
8	16	4.56272	-3.81579	309	358.781	-1
8	16	4.71272	-3.81579	-1	-1	-1
8	16	4.86272	-3.81579	-1	-1	-1
8	16	5.01272	-3.81579	4504	4559.81	-1
8	16	4.56272	-3.66579	1814	1861.22	-1
8	16	4.71272	-3.66579	3610	3736.72	-1
8	16	4.86272	-3.66579	3810	3855.53	-1
8	16	5.01272	-3.66579	4392	4439.41	-1
9	16	-2.40505	-4.03189	-1	-1	-1
9	16	-2.25505	-4.03189	-1	-1	-1
9	16	-2.10505	-4.03189	-1	-1	-1
9	16	-1.95505	-4.03189	-1	-1	-1
9	16	-2.40505	-3.88189	5311	5382.84	-1
9	16	-2.25505	-3.88189	5218	5256.5	-1
9	16	-2.10505	-3.88189	-1	-1	-1
9	16	-1.95505	-3.88189	-1	-1	-1
9	16	-2.40505	-3.73189	5034	5182.66	-1
9	16	-2.25505	-3.73189	5147	5290.31	-1
9	16	-2.10505	-3.73189	-1	-1	-1
9	16	-1.95505	-3.73189	-1	-1	-1
9	16	-2.40505	-3.58189	2388	2536.03	-1
9	16	-2.25505	-3.58189	1180	1312.34	-1
9	16	-2.10505	-3.58189	5347	5379.75	-1
9	16	-1.95505	-3.58189	1004	1144.44	-1
10	16	-2.97733	-7.45089	-1	-1	-1
10	16	-2.82733	-7.45089	-1	-1	-1
10	16	-2.67733	-7.45089	-1	-1	-1
10	16	-2.52733	-7.45089	-1	-1	-1
10	16	-2.97733	-7.30089	-1	-1	-1
10	16	-2.82733	-7.30089	-1	-1	-1
10	16	-2.67733	-7.30089	-1	-1	-1
10	16	-2.52733	-7.30089	-1	-1	-1
10	16	-2.97733	-7.15089	-1	-1	-1
10	16	-2.82733	-7.15089	-1	-1	-1
10	16	-2.67733	-7.15089	-1	-1	-1
10	16	-2.52733	-7.15089	-1	-1	-1
10	16	-2.97733	-7.00089	-1	-1	-1
10	16	-2.82733	-7.00089	-1	-1	-1
10	16	-2.67733	-7.00089	4681	4800.81	-1
10	16	-2.52733	-7.00089	-1	-1	-1
11	16	7.66548	3.71466	3085	3151.59	-1
11	16	7.81548	3.71466	-1	-1	-1
11	16	7.96548	3.71466	-1	-1	-1
11	16	8.11548	3.71466	-1	-1	-1
11	16	7.66548	3.86466	2961	3022.31	-1
11	16	7.81548	3.86466	-1	-1	-1
11	16	7.96548	3.86466	-1	-1	-1
11	16	8.11548	3.86466	-1	-1	-1
11	16	7.66548	4.01466	-1	-1	-1
11	16	7.81548	4.01466	-1	-1	-1
11	16	7.96548	4.01466	-1	-1	-1
11	16	8.11548	4.01466	-1	-1	-1
11	16	7.66548	4.16466	3090	3191.41	-1
11	16	7.81548	4.16466	-1	-1	-1
11	16	7.96548	4.16466	-1	-1	-1
11	16	8.11548	4.16466	-1	-1	-1
12	16	-1.37252	1.06823	2521	2578.16	-1
12	16	-1.22252	1.06823	858	879.156	-1
12	16	-1.07252	1.06823	416	433.562	-1
12	16	-0.92252	1.06823	850	1028.78	-1
12	16	-1.37252	1.21823	2603	2646	-1
12	16	-1.22252	1.21823	2426	2444.31	-1
12	16	-1.07252	1.21823	2461	2500.34	-1
12	16	-0.92252	1.21823	967	988.125	-1
12	16	-1.37252	1.36823	2658	2677.38	-1
12	16	-1.22252	1.36823	2479	2506.44	-1
12	16	-1.07252	1.36823	2870	2889.56	-1
12	16	-0.92252	1.36823	791	943.594	-1
12	16	-1.37252	1.51823	3826	3846.47	-1
12	16	-1.22252	1.51823	3632	3651.62	-1
12	16	-1.07252	1.51823	2140	2295.94	-1
12	16	-0.92252	1.51823	1552	1694.44	-1
13	16	-8.46144	-1.04378	-1	-1	-1
13	16	-8.31144	-1.04378	-1	-1	-1
13	16	-8.16144	-1.04378	-1	-1	-1
13	16	-8.01144	-1.04378	-1	-1	-1
13	16	-8.46144	-0.893782	-1	-1	-1
13	16	-8.31144	-0.893782	-1	-1	-1
13	16	-8.16144	-0.893782	-1	-1	-1
13	16	-8.01144	-0.893782	-1	-1	-1
13	16	-8.46144	-0.743782	-1	-1	-1
13	16	-8.31144	-0.743782	-1	-1	-1
13	16	-8.16144	-0.743782	-1	-1	-1
13	16	-8.01144	-0.743782	-1	-1	-1
13	16	-8.46144	-0.593782	-1	-1	-1
13	16	-8.31144	-0.593782	-1	-1	-1
13	16	-8.16144	-0.593782	-1	-1	-1
13	16	-8.01144	-0.593782	-1	-1	-1
14	16	-1.91328	7.10772	-1	-1	-1
14	16	-1.76328	7.10772	-1	-1	-1
14	16	-1.61328	7.10772	-1	-1	-1
14	16	-1.46328	7.10772	-1	-1	-1
14	16	-1.91328	7.25772	-1	-1	-1
14	16	-1.76328	7.25772	-1	-1	-1
14	16	-1.61328	7.25772	-1	-1	-1
14	16	-1.46328	7.25772	-1	-1	-1
14	16	-1.91328	7.40772	-1	-1	-1
14	16	-1.76328	7.40772	-1	-1	-1
14	16	-1.61328	7.40772	-1	-1	-1
14	16	-1.46328	7.40772	-1	-1	-1
14	16	-1.91328	7.55772	-1	-1	-1
14	16	-1.76328	7.55772	-1	-1	-1
14	16	-1.61328	7.55772	-1	-1	-1
14	16	-1.46328	7.55772	-1	-1	-1
15	16	-4.24762	2.78399	1273	1316.22	-1
15	16	-4.09762	2.78399	1075	1217.59	-1
15	16	-3.94762	2.78399	1936	2085.34	-1
15	16	-3.79762	2.78399	403	442.5	-1
15	16	-4.24762	2.93399	-1	-1	-1
15	16	-4.09762	2.93399	2235	2311.97	-1
15	16	-3.94762	2.93399	2147	2184	-1
15	16	-3.79762	2.93399	316	354.406	-1
15	16	-4.24762	3.08399	3023	3062.59	-1
15	16	-4.09762	3.08399	2332	2382.06	-1
15	16	-3.94762	3.08399	-1	-1	-1
15	16	-3.79762	3.08399	4853	4895.66	-1
15	16	-4.24762	3.23399	3119	3164.84	-1
15	16	-4.09762	3.23399	-1	-1	-1
15	16	-3.94762	3.23399	-1	-1	-1
15	16	-3.79762	3.23399	-1	-1	-1
16	16	4.28208	-1.14242	4562	4599.78	-1
16	16	4.43208	-1.14242	1225	1265.56	-1
16	16	4.58208	-1.14242	4969	5013	-1
16	16	4.73208	-1.14242	-1	-1	-1
16	16	4.28208	-0.992424	3648	3768.09	-1
16	16	4.43208	-0.992424	-1	-1	-1
16	16	4.58208	-0.992424	-1	-1	-1
16	16	4.73208	-0.992424	-1	-1	-1
16	16	4.28208	-0.842424	2830	2950.25	-1
16	16	4.43208	-0.842424	-1	-1	-1
16	16	4.58208	-0.842424	-1	-1	-1
16	16	4.73208	-0.842424	-1	-1	-1
16	16	4.28208	-0.692424	-1	-1	-1
16	16	4.43208	-0.692424	-1	-1	-1
16	16	4.58208	-0.692424	-1	-1	-1
16	16	4.73208	-0.692424	-1	-1	-1
17	16	-7.02789	4.07736	-1	-1	-1
17	16	-6.87789	4.07736	4178	4249.19	-1
17	16	-6.72789	4.07736	3813	3919.56	-1
17	16	-6.57789	4.07736	1937	2055.31	-1
17	16	-7.02789	4.22736	-1	-1	-1
17	16	-6.87789	4.22736	-1	-1	-1
17	16	-6.72789	4.22736	4033	4088.97	-1
17	16	-6.57789	4.22736	3978	4048	-1
17	16	-7.02789	4.37736	-1	-1	-1
17	16	-6.87789	4.37736	-1	-1	-1
17	16	-6.72789	4.37736	4385	4446.16	-1
17	16	-6.57789	4.37736	4130	4191.41	-1
17	16	-7.02789	4.52736	-1	-1	-1
17	16	-6.87789	4.52736	-1	-1	-1
17	16	-6.72789	4.52736	-1	-1	-1
17	16	-6.57789	4.52736	-1	-1	-1
18	16	3.82352	-7.42695	-1	-1	-1
18	16	3.97352	-7.42695	-1	-1	-1
18	16	4.12352	-7.42695	-1	-1	-1
18	16	4.27352	-7.42695	-1	-1	-1
18	16	3.82352	-7.27695	-1	-1	-1
18	16	3.97352	-7.27695	-1	-1	-1
18	16	4.12352	-7.27695	-1	-1	-1
18	16	4.27352	-7.27695	-1	-1	-1
18	16	3.82352	-7.12695	-1	-1	-1
18	16	3.97352	-7.12695	-1	-1	-1
18	16	4.12352	-7.12695	-1	-1	-1
18	16	4.27352	-7.12695	-1	-1	-1
18	16	3.82352	-6.97695	-1	-1	-1
18	16	3.97352	-6.97695	-1	-1	-1
18	16	4.12352	-6.97695	-1	-1	-1
18	16	4.27352	-6.97695	-1	-1	-1
19	16	4.31971	-6.25551	-1	-1	-1
19	16	4.46971	-6.25551	-1	-1	-1
19	16	4.61971	-6.25551	-1	-1	-1
19	16	4.76971	-6.25551	3440	3569.09	-1
19	16	4.31971	-6.10551	-1	-1	-1
19	16	4.46971	-6.10551	-1	-1	-1
19	16	4.61971	-6.10551	-1	-1	-1
19	16	4.76971	-6.10551	-1	-1	-1
19	16	4.31971	-5.95551	1591	1666.22	-1
19	16	4.46971	-5.95551	1448	1505.06	-1
19	16	4.61971	-5.95551	2054	2109.72	-1
19	16	4.76971	-5.95551	-1	-1	-1
19	16	4.31971	-5.80551	1290	1346.94	-1
19	16	4.46971	-5.80551	1155	1214.28	-1
19	16	4.61971	-5.80551	590	709.75	-1
19	16	4.76971	-5.80551	782	841	-1
20	16	7.98503	-5.37337	-1	-1	-1
20	16	8.13503	-5.37337	-1	-1	-1
20	16	8.28503	-5.37337	-1	-1	-1
20	16	8.43503	-5.37337	-1	-1	-1
20	16	7.98503	-5.22337	-1	-1	-1
20	16	8.13503	-5.22337	-1	-1	-1
20	16	8.28503	-5.22337	-1	-1	-1
20	16	8.43503	-5.22337	-1	-1	-1
20	16	7.98503	-5.07337	-1	-1	-1
20	16	8.13503	-5.07337	-1	-1	-1
20	16	8.28503	-5.07337	-1	-1	-1
20	16	8.43503	-5.07337	-1	-1	-1
20	16	7.98503	-4.92337	-1	-1	-1
20	16	8.13503	-4.92337	-1	-1	-1
20	16	8.28503	-4.92337	-1	-1	-1
20	16	8.43503	-4.92337	-1	-1	-1
21	16	-1.94973	6.26668	-1	-1	-1
21	16	-1.79973	6.26668	-1	-1	-1
21	16	-1.64973	6.26668	-1	-1	-1
21	16	-1.49973	6.26668	3757	3862.97	-1
21	16	-1.94973	6.41668	-1	-1	-1
21	16	-1.79973	6.41668	-1	-1	-1
21	16	-1.64973	6.41668	-1	-1	-1
21	16	-1.49973	6.41668	-1	-1	-1
21	16	-1.94973	6.56668	-1	-1	-1
21	16	-1.79973	6.56668	-1	-1	-1
21	16	-1.64973	6.56668	-1	-1	-1
21	16	-1.49973	6.56668	-1	-1	-1
21	16	-1.94973	6.71668	-1	-1	-1
21	16	-1.79973	6.71668	-1	-1	-1
21	16	-1.64973	6.71668	-1	-1	-1
21	16	-1.49973	6.71668	-1	-1	-1
0	256	0.0707181	-5.76088	2093	2205.19	-1
0	256	-5.72345	-3.9063	-1	-1	-1
0	256	-5.46306	4.66428	-1	-1	-1
0	256	0.448474	-5.93666	-1	-1	-1
0	256	1.51727	-4.17365	-1	-1	-1
0	256	3.75197	-0.0818867	96	213.312	-1
0	256	9.24998	-0.958324	5201	5266.47	-1
0	256	-6.06252	2.79894	1067	1169.84	-1
0	256	-7.56798	-3.2059	-1	-1	-1
0	256	-7.09733	4.66069	-1	-1	-1
0	256	-2.48966	-2.29838	119	275.219	-1
0	256	-4.80664	5.05005	-1	-1	-1
0	256	-0.365084	-6.24782	4388	4439.22	-1
0	256	7.02223	-6.65641	-1	-1	-1
0	256	6.53487	5.03202	4732	4793	-1
0	256	-7.99612	-1.59661	-1	-1	-1
0	256	-7.30807	-4.33327	4920	5022.12	-1
0	256	6.4256	3.27169	-1	-1	-1
0	256	5.05487	0.323894	5330	-1	-1
0	256	-9.05361	0.648195	-1	-1	-1
0	256	2.6385	4.60319	531	647.781	-1
0	256	5.07272	-8.45239	-1	-1	-1
0	256	-6.21373	-6.18569	-1	-1	-1
0	256	-9.35815	-3.40292	-1	-1	-1
0	256	-9.21265	-0.722219	-1	-1	-1
0	256	-7.10846	0.365042	-1	-1	-1
0	256	6.08669	-3.79908	-1	-1	-1
0	256	3.86101	-2.24711	95	170.562	-1
0	256	-4.30874	-4.49513	1729	1885.25	-1
0	256	1.13781	-9.42182	-1	-1	-1
0	256	-3.57768	-3.02747	56	92.9375	-1
0	256	5.15151	-3.81836	-1	-1	-1
0	256	-4.9076	9.47047	-1	-1	-1
0	256	-2.2341	3.34247	5332	-1	-1
0	256	-0.518606	4.2744	-1	-1	-1
0	256	5.67332	0.267946	4035	4082.19	-1
0	256	-7.32725	-5.98312	-1	-1	-1
0	256	-0.966937	-6.74488	2784	2855.72	-1
0	256	2.22879	-3.58328	2590	2625.44	-1
0	256	1.69709	3.88393	-1	-1	-1
0	256	-1.10562	6.6581	-1	-1	-1
0	256	6.45337	0.787617	-1	-1	-1
0	256	-5.01955	-4.52398	1806	1932.53	-1
0	256	-0.0584258	9.52836	4003	4071.69	-1
0	256	-0.935599	8.0459	-1	-1	-1
0	256	-6.33309	2.07589	-1	-1	-1
0	256	-1.4632	-8.17884	1753	1853.06	-1
0	256	-7.91635	-2.08871	-1	-1	-1
0	256	-0.287638	-4.03465	2831	2954.28	-1
0	256	-7.50257	-1.07736	-1	-1	-1
0	256	-1.16486	-3.10788	3496	3524.47	-1
0	256	-4.16017	3.62563	-1	-1	-1
0	256	8.28628	2.29623	-1	-1	-1
0	256	3.20778	2.41506	59	93.8125	-1
0	256	1.39327	-6.42759	600	701.219	-1
0	256	-2.20474	-9.44708	-1	-1	-1
0	256	-4.27816	3.53244	-1	-1	-1
0	256	6.75522	3.30133	2399	2453.81	-1
0	256	-0.686258	-5.91249	2108	2216.09	-1
0	256	1.07435	-2.92836	1785	1813.25	-1
0	256	9.28091	-0.550198	530	613.625	-1
0	256	-3.85108	-0.145691	-1	-1	-1
0	256	-5.38605	1.37286	-1	-1	-1
0	256	-4.58945	-2.01867	-1	-1	-1
0	256	-1.14757	1.59162	3404	3547.31	-1
0	256	-3.04823	7.88314	4704	4803.44	-1
0	256	-9.02088	1.02949	-1	-1	-1
0	256	-9.79386	0.834819	-1	-1	-1
0	256	2.54998	-7.73018	4215	4282.09	-1
0	256	0.832763	-8.42873	-1	-1	-1
0	256	4.13608	-9.52412	-1	-1	-1
0	256	2.25256	4.88198	-1	-1	-1
0	256	-9.60371	-1.10067	-1	-1	-1
0	256	-3.97584	-1.05166	4019	4137.22	-1
0	256	-5.95323	4.72755	-1	-1	-1
0	256	-7.31535	-0.189607	-1	-1	-1
0	256	8.69423	-2.68647	-1	-1	-1
0	256	5.03531	-4.92021	-1	-1	-1
0	256	-6.90843	-0.574002	-1	-1	-1
0	256	0.308748	4.47861	5217	5333.22	-1
0	256	2.57041	-6.92849	-1	-1	-1
0	256	-7.26138	-2.23879	-1	-1	-1
0	256	7.51187	0.810807	-1	-1	-1
0	256	-4.17621	4.08002	3508	3662.16	-1
0	256	-8.58459	-2.85333	-1	-1	-1
0	256	-4.82434	-3.77227	-1	-1	-1
0	256	2.79305	1.86991	2193	2336.28	-1
0	256	-1.67899	-7.63109	2969	3030.84	-1
0	256	-0.781025	-3.0335	37	63.9375	-1
0	256	2.63118	8.15413	-1	-1	-1
0	256	2.70839	1.77643	867	1011.62	-1
0	256	4.4285	7.66019	-1	-1	-1
0	256	5.39345	-4.04298	-1	-1	-1
0	256	5.64801	3.89258	-1	-1	-1
0	256	-5.37265	2.77442	2121	2237.66	-1
0	256	-4.27715	8.27028	-1	-1	-1
0	256	-5.90941	-4.86628	4098	4237.16	-1
0	256	1.51467	9.6053	-1	-1	-1
0	256	-7.16238	-3.04536	-1	-1	-1
0	256	-0.914895	-6.63564	4880	4933.66	-1
0	256	4.72661	5.34253	4384	4528.78	-1
0	256	3.23609	3.23371	4428	4586.69	-1
0	256	5.24299	-1.87943	4376	4425.28	-1
0	256	-7.12541	-1.55863	-1	-1	-1
0	256	5.95943	3.38884	546	651.781	-1
0	256	-2.76887	-6.22808	-1	-1	-1
0	256	4.50447	-4.79926	1977	2127.47	-1
0	256	-5.58923	-7.00913	-1	-1	-1
0	256	-4.54764	-7.86643	-1	-1	-1
0	256	-3.26642	-8.06626	-1	-1	-1
0	256	-4.85133	5.86535	-1	-1	-1
0	256	6.12106	-7.71374	-1	-1	-1
0	256	2.99528	4.56039	2689	2827.69	-1
0	256	3.93837	8.52413	-1	-1	-1
0	256	-6.9501	1.89388	-1	-1	-1
0	256	-5.65943	7.65122	-1	-1	-1
0	256	-7.59235	-4.33011	-1	-1	-1
0	256	-3.07965	1.04056	3577	3711.97	-1
0	256	9.65503	-0.154944	-1	-1	-1
0	256	3.22072	-0.566388	1910	2034.22	-1
0	256	8.17031	2.32336	-1	-1	-1
0	256	-0.815845	-3.90762	3759	3794.38	-1
0	256	4.72553	7.89856	-1	-1	-1
0	256	7.9006	3.46304	-1	-1	-1
0	256	-2.63029	3.59638	-1	-1	-1
0	256	-3.46929	-6.14761	-1	-1	-1
0	256	4.70433	-8.7869	4833	4903.22	-1
0	256	-8.71045	-1.10269	-1	-1	-1
0	256	2.66333	-4.66212	-1	-1	-1
0	256	-3.13984	8.62488	-1	-1	-1
0	256	-0.366947	-7.93477	-1	-1	-1
0	256	1.84987	6.55111	4500	4549.66	-1
0	256	9.24873	-2.81283	-1	-1	-1
0	256	9.37338	-5.99167	-1	-1	-1
0	256	-5.44183	7.26423	-1	-1	-1
0	256	4.31655	2.89986	-1	-1	-1
0	256	-6.52428	-6.8914	1828	1963.16	-1
0	256	1.58495	-8.39415	2694	2790.44	-1
0	256	0.207725	6.72683	1089	1160.09	-1
0	256	-3.56051	-1.46716	40	74.625	-1
0	256	-7.72618	2.37238	3044	3104.06	-1
0	256	6.75708	1.25816	5206	5303.5	-1
0	256	-5.77762	4.60614	-1	-1	-1
0	256	6.33945	-4.39923	-1	-1	-1
0	256	9.39513	-0.889374	-1	-1	-1
0	256	1.9299	-6.07907	-1	-1	-1
0	256	4.60577	-4.53107	3030	3166.34	-1
0	256	6.18911	6.31735	-1	-1	-1
0	256	3.82944	4.50191	-1	-1	-1
0	256	-7.28213	3.69322	-1	-1	-1
0	256	2.5386	5.92054	-1	-1	-1
0	256	-5.01392	-7.10762	2534	2600.28	-1
0	256	4.47331	7.5054	5254	5364.47	-1
0	256	-4.85148	-6.12729	2944	3060.5	-1
0	256	6.60071	0.243685	3871	3977.06	-1
0	256	0.324367	6.923	-1	-1	-1
0	256	-5.42764	-4.80758	3423	3575	-1
0	256	-1.76664	-5.08013	5006	5129.12	-1
0	256	0.690079	-8.8432	-1	-1	-1
0	256	-4.48413	-2.36293	2682	2818.94	-1
0	256	4.35795	8.50156	3753	3823.31	-1
0	256	4.7309	3.10127	2827	2942.88	-1
0	256	-5.76181	-2.67344	-1	-1	-1
0	256	8.81853	-0.0525133	-1	-1	-1
0	256	-6.21863	-2.45806	-1	-1	-1
0	256	-2.3847	-6.57466	-1	-1	-1
0	256	-2.93064	4.64339	-1	-1	-1
0	256	2.99512	5.32719	-1	-1	-1
0	256	-5.95413	3.43607	-1	-1	-1
0	256	9.16765	-2.32806	-1	-1	-1
0	256	-6.98391	-1.03729	-1	-1	-1
0	256	4.66376	1.62032	-1	-1	-1
0	256	6.08242	-4.70397	-1	-1	-1
0	256	5.51347	1.36525	2218	2323.78	-1
0	256	-3.81612	-1.25533	3408	3538.25	-1
0	256	-3.1377	2.3772	3205	3238.12	-1
0	256	-6.98749	0.0971768	-1	-1	-1
0	256	8.62381	2.8455	-1	-1	-1
0	256	-4.24652	-8.12145	-1	-1	-1
0	256	6.27683	-5.06595	-1	-1	-1
0	256	4.71254	-7.03062	-1	-1	-1
0	256	6.99453	2.32256	785	842.938	-1
0	256	5.75041	-5.65853	-1	-1	-1
0	256	-4.3921	-8.23906	4735	4806.81	-1
0	256	-7.82454	3.11152	-1	-1	-1
0	256	7.83949	4.60177	-1	-1	-1
0	256	6.23024	1.10909	4290	4390.69	-1
0	256	4.60246	0.140865	3413	3450.25	-1
0	256	7.86697	-1.53124	-1	-1	-1
0	256	-5.28105	1.98243	-1	-1	-1
0	256	-7.27966	-7.7728	4206	4334.84	-1
0	256	0.354214	6.20972	-1	-1	-1
0	256	5.61358	-3.21988	1953	2080.31	-1
0	256	7.94321	0.18661	-1	-1	-1
0	256	-2.35644	-5.24206	-1	-1	-1
0	256	4.88045	5.11995	-1	-1	-1
0	256	-8.21925	-2.46255	-1	-1	-1
0	256	-4.39945	-6.16472	-1	-1	-1
0	256	-7.28728	-1.64205	-1	-1	-1
0	256	6.27205	-0.693725	-1	-1	-1
0	256	5.51712	-4.84433	-1	-1	-1
0	256	-0.460133	-3.46161	415	542.156	-1
0	256	2.79551	-7.2155	-1	-1	-1
0	256	8.47853	-4.82931	-1	-1	-1
0	256	-2.78102	8.37007	-1	-1	-1
0	256	-2.01647	5.62566	-1	-1	-1
0	256	7.85607	-5.76909	-1	-1	-1
0	256	-6.88616	-6.5944	-1	-1	-1
0	256	-4.42122	-0.338752	-1	-1	-1
0	256	-4.46972	6.45459	-1	-1	-1
0	256	-7.8802	2.746	-1	-1	-1
0	256	2.75669	3.82063	2329	2516.5	-1
0	256	9.28463	-4.83351	-1	-1	-1
0	256	7.84596	2.76874	-1	-1	-1
0	256	-2.85701	-1.00105	251	377.344	-1
0	256	4.22704	4.90718	3090	3231.5	-1
0	256	-6.68584	-5.9759	-1	-1	-1
0	256	-4.84582	-6.95072	-1	-1	-1
0	256	9.13386	3.43979	-1	-1	-1
0	256	4.10268	9.16469	543	615.625	-1
0	256	-3.74759	-2.19988	4718	4864.78	-1
0	256	3.58439	-6.44586	-1	-1	-1
0	256	-7.98533	4.32477	3882	3979.69	-1
0	256	-0.755402	6.13377	3642	3691.44	-1
0	256	9.51086	-2.15126	-1	-1	-1
0	256	-2.18888	-6.00243	-1	-1	-1
0	256	6.72552	2.88934	-1	-1	-1
0	256	-4.88423	3.26659	-1	-1	-1
0	256	6.32641	-5.58529	-1	-1	-1
0	256	4.93207	7.26373	3607	3721.69	-1
0	256	8.05803	-5.74261	-1	-1	-1
0	256	-1.38775	8.96706	-1	-1	-1
0	256	1.46536	-9.66054	2510	2590.12	-1
0	256	-0.36819	-5.2785	-1	-1	-1
0	256	9.46692	-0.488218	5044	5127.16	-1
0	256	9.64251	1.55766	-1	-1	-1
0	256	-0.701626	-6.18171	-1	-1	-1
0	256	-5.02453	-3.77535	-1	-1	-1
0	256	-8.73581	2.46525	-1	-1	-1
0	256	1.08712	-8.15288	1430	1524.19	-1
0	256	1.39196	-3.79323	-1	-1	-1
0	256	-1.87933	2.39495	220	382.531	-1
0	256	-4.46423	5.93876	-1	-1	-1
0	256	6.67649	6.85943	-1	-1	-1
0	256	0.391073	-5.069	-1	-1	-1
0	256	3.65362	-1.16656	3350	3381.94	-1
0	256	-1.00861	6.52496	4742	4849.53	-1
0	256	-3.69491	4.59012	-1	-1	-1
0	256	3.45296	-2.89896	1997	2032.56	-1
0	256	-7.76934	-3.42768	-1	-1	-1
0	256	-0.754832	9.63966	-1	-1	-1
0	256	4.08436	1.05296	87	199.562	-1
0	256	6.34663	2.44305	-1	-1	-1
0	256	5.4647	6.66438	-1	-1	-1
0	256	-5.50718	5.16943	-1	-1	-1
0	256	6.20077	-7.23079	-1	-1	-1
