Pile ID	Distribution Type	X-Position	Y-Position	Pickup Time	Drop Off Time	Ant ID
1	1	-6.79342	1.23087	-1	-1	-1
1	1	-6.64342	1.23087	-1	-1	-1
1	1	-6.49342	1.23087	-1	-1	-1
1	1	-6.34342	1.23087	-1	-1	-1
1	1	-6.19342	1.23087	-1	-1	-1
1	1	-6.04342	1.23087	-1	-1	-1
1	1	-5.89342	1.23087	-1	-1	-1
1	1	-5.74342	1.23087	-1	-1	-1
1	1	-5.59342	1.23087	-1	-1	-1
1	1	-5.44342	1.23087	-1	-1	-1
1	1	-5.29342	1.23087	-1	-1	-1
1	1	-5.14342	1.23087	-1	-1	-1
1	1	-4.99342	1.23087	-1	-1	-1
1	1	-4.84342	1.23087	-1	-1	-1
1	1	-4.69342	1.23087	-1	-1	-1
1	1	-4.54342	1.23087	-1	-1	-1
1	1	-6.79342	1.38087	-1	-1	-1
1	1	-6.64342	1.38087	-1	-1	-1
1	1	-6.49342	1.38087	-1	-1	-1
1	1	-6.34342	1.38087	-1	-1	-1
1	1	-6.19342	1.38087	-1	-1	-1
1	1	-6.04342	1.38087	-1	-1	-1
1	1	-5.89342	1.38087	-1	-1	-1
1	1	-5.74342	1.38087	-1	-1	-1
1	1	-5.59342	1.38087	-1	-1	-1
1	1	-5.44342	1.38087	-1	-1	-1
1	1	-5.29342	1.38087	-1	-1	-1
1	1	-5.14342	1.38087	-1	-1	-1
1	1	-4.99342	1.38087	-1	-1	-1
1	1	-4.84342	1.38087	-1	-1	-1
1	1	-4.69342	1.38087	-1	-1	-1
1	1	-4.54342	1.38087	2690	2728.53	-1
1	1	-6.79342	1.53087	-1	-1	-1
1	1	-6.64342	1.53087	-1	-1	-1
1	1	-6.49342	1.53087	-1	-1	-1
1	1	-6.34342	1.53087	-1	-1	-1
1	1	-6.19342	1.53087	-1	-1	-1
1	1	-6.04342	1.53087	-1	-1	-1
1	1	-5.89342	1.53087	-1	-1	-1
1	1	-5.74342	1.53087	-1	-1	-1
1	1	-5.59342	1.53087	-1	-1	-1
1	1	-5.44342	1.53087	-1	-1	-1
1	1	-5.29342	1.53087	-1	-1	-1
1	1	-5.14342	1.53087	-1	-1	-1
1	1	-4.99342	1.53087	-1	-1	-1
1	1	-4.84342	1.53087	-1	-1	-1
1	1	-4.69342	1.53087	-1	-1	-1
1	1	-4.54342	1.53087	2764	2802.47	-1
1	1	-6.79342	1.68087	-1	-1	-1
1	1	-6.64342	1.68087	-1	-1	-1
1	1	-6.49342	1.68087	-1	-1	-1
1	1	-6.34342	1.68087	-1	-1	-1
1	1	-6.19342	1.68087	-1	-1	-1
1	1	-6.04342	1.68087	-1	-1	-1
1	1	-5.89342	1.68087	-1	-1	-1
1	1	-5.74342	1.68087	-1	-1	-1
1	1	-5.59342	1.68087	-1	-1	-1
1	1	-5.44342	1.68087	-1	-1	-1
1	1	-5.29342	1.68087	-1	-1	-1
1	1	-5.14342	1.68087	-1	-1	-1
1	1	-4.99342	1.68087	-1	-1	-1
1	1	-4.84342	1.68087	-1	-1	-1
1	1	-4.69342	1.68087	-1	-1	-1
1	1	-4.54342	1.68087	4510	4630.19	-1
1	1	-6.79342	1.83087	-1	-1	-1
1	1	-6.64342	1.83087	-1	-1	-1
1	1	-6.49342	1.83087	-1	-1	-1
1	1	-6.34342	1.83087	-1	-1	-1
1	1	-6.19342	1.83087	-1	-1	-1
1	1	-6.04342	1.83087	-1	-1	-1
1	1	-5.89342	1.83087	-1	-1	-1
1	1	-5.74342	1.83087	-1	-1	-1
1	1	-5.59342	1.83087	-1	-1	-1
1	1	-5.44342	1.83087	-1	-1	-1
1	1	-5.29342	1.83087	-1	-1	-1
1	1	-5.14342	1.83087	-1	-1	-1
1	1	-4.99342	1.83087	-1	-1	-1
1	1	-4.84342	1.83087	-1	-1	-1
1	1	-4.69342	1.83087	-1	-1	-1
1	1	-4.54342	1.83087	2024	2151.03	-1
1	1	-6.79342	1.98087	682	753.625	-1
1	1	-6.64342	1.98087	-1	-1	-1
1	1	-6.49342	1.98087	-1	-1	-1
1	1	-6.34342	1.98087	-1	-1	-1
1	1	-6.19342	1.98087	-1	-1	-1
1	1	-6.04342	1.98087	-1	-1	-1
1	1	-5.89342	1.98087	-1	-1	-1
1	1	-5.74342	1.98087	-1	-1	-1
1	1	-5.59342	1.98087	-1	-1	-1
1	1	-5.44342	1.98087	-1	-1	-1
1	1	-5.29342	1.98087	-1	-1	-1
1	1	-5.14342	1.98087	-1	-1	-1
1	1	-4.99342	1.98087	-1	-1	-1
1	1	-4.84342	1.98087	-1	-1	-1
1	1	-4.69342	1.98087	-1	-1	-1
1	1	-4.54342	1.98087	-1	-1	-1
1	1	-6.79342	2.13087	827	886.594	-1
1	1	-6.64342	2.13087	-1	-1	-1
1	1	-6.49342	2.13087	-1	-1	-1
1	1	-6.34342	2.13087	-1	-1	-1
1	1	-6.19342	2.13087	-1	-1	-1
1	1	-6.04342	2.13087	-1	-1	-1
1	1	-5.89342	2.13087	-1	-1	-1
1	1	-5.74342	2.13087	-1	-1	-1
1	1	-5.59342	2.13087	-1	-1	-1
1	1	-5.44342	2.13087	-1	-1	-1
1	1	-5.29342	2.13087	-1	-1	-1
1	1	-5.14342	2.13087	-1	-1	-1
1	1	-4.99342	2.13087	-1	-1	-1
1	1	-4.84342	2.13087	-1	-1	-1
1	1	-4.69342	2.13087	-1	-1	-1
1	1	-4.54342	2.13087	4727	4856.66	-1
1	1	-6.79342	2.28087	-1	-1	-1
1	1	-6.64342	2.28087	-1	-1	-1
1	1	-6.49342	2.28087	-1	-1	-1
1	1	-6.34342	2.28087	-1	-1	-1
1	1	-6.19342	2.28087	-1	-1	-1
1	1	-6.04342	2.28087	-1	-1	-1
1	1	-5.89342	2.28087	-1	-1	-1
1	1	-5.74342	2.28087	-1	-1	-1
1	1	-5.59342	2.28087	-1	-1	-1
1	1	-5.44342	2.28087	-1	-1	-1
1	1	-5.29342	2.28087	-1	-1	-1
1	1	-5.14342	2.28087	-1	-1	-1
1	1	-4.99342	2.28087	-1	-1	-1
1	1	-4.84342	2.28087	-1	-1	-1
1	1	-4.69342	2.28087	-1	-1	-1
1	1	-4.54342	2.28087	-1	-1	-1
1	1	-6.79342	2.43087	-1	-1	-1
1	1	-6.64342	2.43087	-1	-1	-1
1	1	-6.49342	2.43087	-1	-1	-1
1	1	-6.34342	2.43087	-1	-1	-1
1	1	-6.19342	2.43087	-1	-1	-1
1	1	-6.04342	2.43087	-1	-1	-1
1	1	-5.89342	2.43087	-1	-1	-1
1	1	-5.74342	2.43087	-1	-1	-1
1	1	-5.59342	2.43087	-1	-1	-1
1	1	-5.44342	2.43087	-1	-1	-1
1	1	-5.29342	2.43087	-1	-1	-1
1	1	-5.14342	2.43087	-1	-1	-1
1	1	-4.99342	2.43087	-1	-1	-1
1	1	-4.84342	2.43087	-1	-1	-1
1	1	-4.69342	2.43087	-1	-1	-1
1	1	-4.54342	2.43087	2055	2118.5	-1
1	1	-6.79342	2.58087	-1	-1	-1
1	1	-6.64342	2.58087	-1	-1	-1
1	1	-6.49342	2.58087	-1	-1	-1
1	1	-6.34342	2.58087	-1	-1	-1
1	1	-6.19342	2.58087	-1	-1	-1
1	1	-6.04342	2.58087	-1	-1	-1
1	1	-5.89342	2.58087	-1	-1	-1
1	1	-5.74342	2.58087	-1	-1	-1
1	1	-5.59342	2.58087	-1	-1	-1
1	1	-5.44342	2.58087	-1	-1	-1
1	1	-5.29342	2.58087	-1	-1	-1
1	1	-5.14342	2.58087	-1	-1	-1
1	1	-4.99342	2.58087	-1	-1	-1
1	1	-4.84342	2.58087	-1	-1	-1
1	1	-4.69342	2.58087	-1	-1	-1
1	1	-4.54342	2.58087	-1	-1	-1
1	1	-6.79342	2.73087	-1	-1	-1
1	1	-6.64342	2.73087	-1	-1	-1
1	1	-6.49342	2.73087	-1	-1	-1
1	1	-6.34342	2.73087	-1	-1	-1
1	1	-6.19342	2.73087	-1	-1	-1
1	1	-6.04342	2.73087	-1	-1	-1
1	1	-5.89342	2.73087	-1	-1	-1
1	1	-5.74342	2.73087	-1	-1	-1
1	1	-5.59342	2.73087	-1	-1	-1
1	1	-5.44342	2.73087	-1	-1	-1
1	1	-5.29342	2.73087	-1	-1	-1
1	1	-5.14342	2.73087	-1	-1	-1
1	1	-4.99342	2.73087	-1	-1	-1
1	1	-4.84342	2.73087	-1	-1	-1
1	1	-4.69342	2.73087	-1	-1	-1
1	1	-4.54342	2.73087	-1	-1	-1
1	1	-6.79342	2.88087	-1	-1	-1
1	1	-6.64342	2.88087	-1	-1	-1
1	1	-6.49342	2.88087	-1	-1	-1
1	1	-6.34342	2.88087	-1	-1	-1
1	1	-6.19342	2.88087	-1	-1	-1
1	1	-6.04342	2.88087	-1	-1	-1
1	1	-5.89342	2.88087	-1	-1	-1
1	1	-5.74342	2.88087	-1	-1	-1
1	1	-5.59342	2.88087	-1	-1	-1
1	1	-5.44342	2.88087	-1	-1	-1
1	1	-5.29342	2.88087	-1	-1	-1
1	1	-5.14342	2.88087	-1	-1	-1
1	1	-4.99342	2.88087	-1	-1	-1
1	1	-4.84342	2.88087	-1	-1	-1
1	1	-4.69342	2.88087	-1	-1	-1
1	1	-4.54342	2.88087	-1	-1	-1
1	1	-6.79342	3.03087	-1	-1	-1
1	1	-6.64342	3.03087	-1	-1	-1
1	1	-6.49342	3.03087	-1	-1	-1
1	1	-6.34342	3.03087	-1	-1	-1
1	1	-6.19342	3.03087	-1	-1	-1
1	1	-6.04342	3.03087	-1	-1	-1
1	1	-5.89342	3.03087	-1	-1	-1
1	1	-5.74342	3.03087	-1	-1	-1
1	1	-5.59342	3.03087	-1	-1	-1
1	1	-5.44342	3.03087	-1	-1	-1
1	1	-5.29342	3.03087	-1	-1	-1
1	1	-5.14342	3.03087	-1	-1	-1
1	1	-4.99342	3.03087	-1	-1	-1
1	1	-4.84342	3.03087	-1	-1	-1
1	1	-4.69342	3.03087	-1	-1	-1
1	1	-4.54342	3.03087	-1	-1	-1
1	1	-6.79342	3.18087	-1	-1	-1
1	1	-6.64342	3.18087	-1	-1	-1
1	1	-6.49342	3.18087	-1	-1	-1
1	1	-6.34342	3.18087	-1	-1	-1
1	1	-6.19342	3.18087	-1	-1	-1
1	1	-6.04342	3.18087	-1	-1	-1
1	1	-5.89342	3.18087	-1	-1	-1
1	1	-5.74342	3.18087	-1	-1	-1
1	1	-5.59342	3.18087	-1	-1	-1
1	1	-5.44342	3.18087	-1	-1	-1
1	1	-5.29342	3.18087	-1	-1	-1
1	1	-5.14342	3.18087	-1	-1	-1
1	1	-4.99342	3.18087	-1	-1	-1
1	1	-4.84342	3.18087	-1	-1	-1
1	1	-4.69342	3.18087	-1	-1	-1
1	1	-4.54342	3.18087	-1	-1	-1
1	1	-6.79342	3.33087	-1	-1	-1
1	1	-6.64342	3.33087	-1	-1	-1
1	1	-6.49342	3.33087	-1	-1	-1
1	1	-6.34342	3.33087	-1	-1	-1
1	1	-6.19342	3.33087	-1	-1	-1
1	1	-6.04342	3.33087	-1	-1	-1
1	1	-5.89342	3.33087	-1	-1	-1
1	1	-5.74342	3.33087	-1	-1	-1
1	1	-5.59342	3.33087	-1	-1	-1
1	1	-5.44342	3.33087	-1	-1	-1
1	1	-5.29342	3.33087	-1	-1	-1
1	1	-5.14342	3.33087	-1	-1	-1
1	1	-4.99342	3.33087	-1	-1	-1
1	1	-4.84342	3.33087	-1	-1	-1
1	1	-4.69342	3.33087	-1	-1	-1
1	1	-4.54342	3.33087	3070	3117.59	-1
1	1	-6.79342	3.48087	-1	-1	-1
1	1	-6.64342	3.48087	-1	-1	-1
1	1	-6.49342	3.48087	-1	-1	-1
1	1	-6.34342	3.48087	-1	-1	-1
1	1	-6.19342	3.48087	-1	-1	-1
1	1	-6.04342	3.48087	-1	-1	-1
1	1	-5.89342	3.48087	-1	-1	-1
1	1	-5.74342	3.48087	-1	-1	-1
1	1	-5.59342	3.48087	-1	-1	-1
1	1	-5.44342	3.48087	-1	-1	-1
1	1	-5.29342	3.48087	-1	-1	-1
1	1	-5.14342	3.48087	-1	-1	-1
1	1	-4.99342	3.48087	-1	-1	-1
1	1	-4.84342	3.48087	-1	-1	-1
1	1	-4.69342	3.48087	4573	4716.44	-1
1	1	-4.54342	3.48087	3214	3260.34	-1
2	4	5.25163	-0.758034	2551	2591.78	-1
2	4	5.40163	-0.758034	4712	4822.06	-1
2	4	5.55163	-0.758034	-1	-1	-1
2	4	5.70163	-0.758034	-1	-1	-1
2	4	5.85163	-0.758034	-1	-1	-1
2	4	6.00163	-0.758034	-1	-1	-1
2	4	6.15163	-0.758034	-1	-1	-1
2	4	6.30163	-0.758034	-1	-1	-1
2	4	5.25163	-0.608034	-1	-1	-1
2	4	5.40163	-0.608034	-1	-1	-1
2	4	5.55163	-0.608034	-1	-1	-1
2	4	5.70163	-0.608034	-1	-1	-1
2	4	5.85163	-0.608034	-1	-1	-1
2	4	6.00163	-0.608034	-1	-1	-1
2	4	6.15163	-0.608034	-1	-1	-1
2	4	6.30163	-0.608034	-1	-1	-1
2	4	5.25163	-0.458034	1907	1969.22	-1
2	4	5.40163	-0.458034	2118	2172.62	-1
2	4	5.55163	-0.458034	3325	3424.84	-1
2	4	5.70163	-0.458034	-1	-1	-1
2	4	5.85163	-0.458034	-1	-1	-1
2	4	6.00163	-0.458034	-1	-1	-1
2	4	6.15163	-0.458034	-1	-1	-1
2	4	6.30163	-0.458034	-1	-1	-1
2	4	5.25163	-0.308034	1658	1765.88	-1
2	4	5.40163	-0.308034	1918	1997.34	-1
2	4	5.55163	-0.308034	1976	2037.25	-1
2	4	5.70163	-0.308034	-1	-1	-1
2	4	5.85163	-0.308034	-1	-1	-1
2	4	6.00163	-0.308034	-1	-1	-1
2	4	6.15163	-0.308034	-1	-1	-1
2	4	6.30163	-0.308034	-1	-1	-1
2	4	5.25163	-0.158034	1808	1855.91	-1
2	4	5.40163	-0.158034	1851	1925.12	-1
2	4	5.55163	-0.158034	2079	2146.25	-1
2	4	5.70163	-0.158034	2215	2270.31	-1
2	4	5.85163	-0.158034	-1	-1	-1
2	4	6.00163	-0.158034	-1	-1	-1
2	4	6.15163	-0.158034	-1	-1	-1
2	4	6.30163	-0.158034	-1	-1	-1
2	4	5.25163	-0.0080335	1654	1715.47	-1
2	4	5.40163	-0.0080335	1758	1804.34	-1
2	4	5.55163	-0.0080335	1981	2025.62	-1
2	4	5.70163	-0.0080335	-1	-1	-1
2	4	5.85163	-0.0080335	-1	-1	-1
2	4	6.00163	-0.0080335	-1	-1	-1
2	4	6.15163	-0.0080335	-1	-1	-1
2	4	6.30163	-0.0080335	-1	-1	-1
2	4	5.25163	0.141966	1408	1449	-1
2	4	5.40163	0.141966	1549	1590.19	-1
2	4	5.55163	0.141966	2089	2161	-1
2	4	5.70163	0.141966	-1	-1	-1
2	4	5.85163	0.141966	-1	-1	-1
2	4	6.00163	0.141966	-1	-1	-1
2	4	6.15163	0.141966	-1	-1	-1
2	4	6.30163	0.141966	-1	-1	-1
2	4	5.25163	0.291966	1676	1726.03	-1
2	4	5.40163	0.291966	1699	1740.75	-1
2	4	5.55163	0.291966	-1	-1	-1
2	4	5.70163	0.291966	-1	-1	-1
2	4	5.85163	0.291966	-1	-1	-1
2	4	6.00163	0.291966	-1	-1	-1
2	4	6.15163	0.291966	-1	-1	-1
2	4	6.30163	0.291966	-1	-1	-1
3	4	7.68425	1.31808	1195	1289.56	-1
3	4	7.83425	1.31808	2070	2127.94	-1
3	4	7.98425	1.31808	-1	-1	-1
3	4	8.13425	1.31808	-1	-1	-1
3	4	8.28425	1.31808	-1	-1	-1
3	4	8.43425	1.31808	-1	-1	-1
3	4	8.58425	1.31808	-1	-1	-1
3	4	8.73425	1.31808	-1	-1	-1
3	4	7.68425	1.46808	2229	2292.97	-1
3	4	7.83425	1.46808	-1	-1	-1
3	4	7.98425	1.46808	-1	-1	-1
3	4	8.13425	1.46808	-1	-1	-1
3	4	8.28425	1.46808	-1	-1	-1
3	4	8.43425	1.46808	-1	-1	-1
3	4	8.58425	1.46808	-1	-1	-1
3	4	8.73425	1.46808	-1	-1	-1
3	4	7.68425	1.61808	-1	-1	-1
3	4	7.83425	1.61808	-1	-1	-1
3	4	7.98425	1.61808	-1	-1	-1
3	4	8.13425	1.61808	-1	-1	-1
3	4	8.28425	1.61808	-1	-1	-1
3	4	8.43425	1.61808	-1	-1	-1
3	4	8.58425	1.61808	-1	-1	-1
3	4	8.73425	1.61808	-1	-1	-1
3	4	7.68425	1.76808	4503	4559.72	-1
3	4	7.83425	1.76808	4756	4814.22	-1
3	4	7.98425	1.76808	-1	-1	-1
3	4	8.13425	1.76808	-1	-1	-1
3	4	8.28425	1.76808	-1	-1	-1
3	4	8.43425	1.76808	-1	-1	-1
3	4	8.58425	1.76808	-1	-1	-1
3	4	8.73425	1.76808	-1	-1	-1
3	4	7.68425	1.91808	4613	4682.34	-1
3	4	7.83425	1.91808	-1	-1	-1
3	4	7.98425	1.91808	-1	-1	-1
3	4	8.13425	1.91808	-1	-1	-1
3	4	8.28425	1.91808	-1	-1	-1
3	4	8.43425	1.91808	-1	-1	-1
3	4	8.58425	1.91808	-1	-1	-1
3	4	8.73425	1.91808	-1	-1	-1
3	4	7.68425	2.06808	-1	-1	-1
3	4	7.83425	2.06808	-1	-1	-1
3	4	7.98425	2.06808	-1	-1	-1
3	4	8.13425	2.06808	-1	-1	-1
3	4	8.28425	2.06808	-1	-1	-1
3	4	8.43425	2.06808	-1	-1	-1
3	4	8.58425	2.06808	-1	-1	-1
3	4	8.73425	2.06808	-1	-1	-1
3	4	7.68425	2.21808	-1	-1	-1
3	4	7.83425	2.21808	-1	-1	-1
3	4	7.98425	2.21808	-1	-1	-1
3	4	8.13425	2.21808	-1	-1	-1
3	4	8.28425	2.21808	-1	-1	-1
3	4	8.43425	2.21808	-1	-1	-1
3	4	8.58425	2.21808	-1	-1	-1
3	4	8.73425	2.21808	-1	-1	-1
3	4	7.68425	2.36808	-1	-1	-1
3	4	7.83425	2.36808	-1	-1	-1
3	4	7.98425	2.36808	-1	-1	-1
3	4	8.13425	2.36808	-1	-1	-1
3	4	8.28425	2.36808	-1	-1	-1
3	4	8.43425	2.36808	-1	-1	-1
3	4	8.58425	2.36808	-1	-1	-1
3	4	8.73425	2.36808	-1	-1	-1
4	4	3.77321	4.90793	-1	-1	-1
4	4	3.92321	4.90793	4636	4763.78	-1
4	4	4.07321	4.90793	-1	-1	-1
4	4	4.22321	4.90793	-1	-1	-1
4	4	4.37321	4.90793	3648	3699.22	-1
4	4	4.52321	4.90793	3309	3457.12	-1
4	4	4.67321	4.90793	3546	3611.66	-1
4	4	4.82321	4.90793	-1	-1	-1
4	4	3.77321	5.05793	-1	-1	-1
4	4	3.92321	5.05793	-1	-1	-1
4	4	4.07321	5.05793	-1	-1	-1
4	4	4.22321	5.05793	-1	-1	-1
4	4	4.37321	5.05793	-1	-1	-1
4	4	4.52321	5.05793	-1	-1	-1
4	4	4.67321	5.05793	-1	-1	-1
4	4	4.82321	5.05793	-1	-1	-1
4	4	3.77321	5.20793	-1	-1	-1
4	4	3.92321	5.20793	-1	-1	-1
4	4	4.07321	5.20793	-1	-1	-1
4	4	4.22321	5.20793	-1	-1	-1
4	4	4.37321	5.20793	-1	-1	-1
4	4	4.52321	5.20793	-1	-1	-1
4	4	4.67321	5.20793	-1	-1	-1
4	4	4.82321	5.20793	-1	-1	-1
4	4	3.77321	5.35793	1473	1521.38	-1
4	4	3.92321	5.35793	-1	-1	-1
4	4	4.07321	5.35793	-1	-1	-1
4	4	4.22321	5.35793	-1	-1	-1
4	4	4.37321	5.35793	-1	-1	-1
4	4	4.52321	5.35793	-1	-1	-1
4	4	4.67321	5.35793	-1	-1	-1
4	4	4.82321	5.35793	-1	-1	-1
4	4	3.77321	5.50793	-1	-1	-1
4	4	3.92321	5.50793	-1	-1	-1
4	4	4.07321	5.50793	-1	-1	-1
4	4	4.22321	5.50793	-1	-1	-1
4	4	4.37321	5.50793	-1	-1	-1
4	4	4.52321	5.50793	-1	-1	-1
4	4	4.67321	5.50793	-1	-1	-1
4	4	4.82321	5.50793	-1	-1	-1
4	4	3.77321	5.65793	-1	-1	-1
4	4	3.92321	5.65793	-1	-1	-1
4	4	4.07321	5.65793	-1	-1	-1
4	4	4.22321	5.65793	-1	-1	-1
4	4	4.37321	5.65793	-1	-1	-1
4	4	4.52321	5.65793	-1	-1	-1
4	4	4.67321	5.65793	-1	-1	-1
4	4	4.82321	5.65793	-1	-1	-1
4	4	3.77321	5.80793	-1	-1	-1
4	4	3.92321	5.80793	-1	-1	-1
4	4	4.07321	5.80793	-1	-1	-1
4	4	4.22321	5.80793	-1	-1	-1
4	4	4.37321	5.80793	-1	-1	-1
4	4	4.52321	5.80793	-1	-1	-1
4	4	4.67321	5.80793	-1	-1	-1
4	4	4.82321	5.80793	-1	-1	-1
4	4	3.77321	5.95793	-1	-1	-1
4	4	3.92321	5.95793	-1	-1	-1
4	4	4.07321	5.95793	-1	-1	-1
4	4	4.22321	5.95793	-1	-1	-1
4	4	4.37321	5.95793	-1	-1	-1
4	4	4.52321	5.95793	-1	-1	-1
4	4	4.67321	5.95793	-1	-1	-1
4	4	4.82321	5.95793	-1	-1	-1
5	4	-4.3511	-1.33864	-1	-1	-1
5	4	-4.2011	-1.33864	-1	-1	-1
5	4	-4.0511	-1.33864	4177	4234.69	-1
5	4	-3.9011	-1.33864	4154	4206.12	-1
5	4	-3.7511	-1.33864	4286	4321.41	-1
5	4	-3.6011	-1.33864	1416	1530.69	-1
5	4	-3.4511	-1.33864	1112	1239.69	-1
5	4	-3.3011	-1.33864	802	831.906	-1
5	4	-4.3511	-1.18864	-1	-1	-1
5	4	-4.2011	-1.18864	-1	-1	-1
5	4	-4.0511	-1.18864	4168	4218.5	-1
5	4	-3.9011	-1.18864	4069	4110.78	-1
5	4	-3.7511	-1.18864	3433	3493.5	-1
5	4	-3.6011	-1.18864	3278	3309.06	-1
5	4	-3.4511	-1.18864	1655	1793	-1
5	4	-3.3011	-1.18864	550	667	-1
5	4	-4.3511	-1.03864	-1	-1	-1
5	4	-4.2011	-1.03864	-1	-1	-1
5	4	-4.0511	-1.03864	3970	4084.78	-1
5	4	-3.9011	-1.03864	3863	3918.56	-1
5	4	-3.7511	-1.03864	3364	3399.09	-1
5	4	-3.6011	-1.03864	3116	3187.16	-1
5	4	-3.4511	-1.03864	3037	3066.53	-1
5	4	-3.3011	-1.03864	711	741.969	-1
5	4	-4.3511	-0.888642	-1	-1	-1
5	4	-4.2011	-0.888642	4450	4495.38	-1
5	4	-4.0511	-0.888642	3943	4013.34	-1
5	4	-3.9011	-0.888642	3767	3800.12	-1
5	4	-3.7511	-0.888642	3484	3542.31	-1
5	4	-3.6011	-0.888642	3533	3596.22	-1
5	4	-3.4511	-0.888642	3095	3146	-1
5	4	-3.3011	-0.888642	1287	1410.75	-1
5	4	-4.3511	-0.738642	4555	4596.12	-1
5	4	-4.2011	-0.738642	4348	4406.12	-1
5	4	-4.0511	-0.738642	4021	4114.72	-1
5	4	-3.9011	-0.738642	3834	3883.81	-1
5	4	-3.7511	-0.738642	3693	3723.78	-1
5	4	-3.6011	-0.738642	4070	4123.31	-1
5	4	-3.4511	-0.738642	3389	3519.09	-1
5	4	-3.3011	-0.738642	1775	1803.72	-1
5	4	-4.3511	-0.588642	4553	4599.53	-1
5	4	-4.2011	-0.588642	4230	4262.84	-1
5	4	-4.0511	-0.588642	4113	4241	-1
5	4	-3.9011	-0.588642	4002	4048.19	-1
5	4	-3.7511	-0.588642	3916	3956.72	-1
5	4	-3.6011	-0.588642	4144	4175.78	-1
5	4	-3.4511	-0.588642	3546	3581.91	-1
5	4	-3.3011	-0.588642	2376	2497.47	-1
5	4	-4.3511	-0.438642	4431	4483.69	-1
5	4	-4.2011	-0.438642	4298	4375.16	-1
5	4	-4.0511	-0.438642	4144	4193.06	-1
5	4	-3.9011	-0.438642	-1	-1	-1
5	4	-3.7511	-0.438642	-1	-1	-1
5	4	-3.6011	-0.438642	-1	-1	-1
5	4	-3.4511	-0.438642	5353	-1	-1
5	4	-3.3011	-0.438642	461	505.438	-1
5	4	-4.3511	-0.288642	1103	1144.69	-1
5	4	-4.2011	-0.288642	1110	1141.5	-1
5	4	-4.0511	-0.288642	4449	4501.56	-1
5	4	-3.9011	-0.288642	4563	4593.25	-1
5	4	-3.7511	-0.288642	-1	-1	-1
5	4	-3.6011	-0.288642	-1	-1	-1
5	4	-3.4511	-0.288642	587	614.094	-1
5	4	-3.3011	-0.288642	252	378.75	-1
6	16	-6.95904	5.08071	-1	-1	-1
6	16	-6.80904	5.08071	-1	-1	-1
6	16	-6.65904	5.08071	-1	-1	-1
6	16	-6.50904	5.08071	5068	5197.69	-1
6	16	-6.95904	5.23071	-1	-1	-1
6	16	-6.80904	5.23071	-1	-1	-1
6	16	-6.65904	5.23071	-1	-1	-1
6	16	-6.50904	5.23071	-1	-1	-1
6	16	-6.95904	5.38071	-1	-1	-1
6	16	-6.80904	5.38071	-1	-1	-1
6	16	-6.65904	5.38071	-1	-1	-1
6	16	-6.50904	5.38071	-1	-1	-1
6	16	-6.95904	5.53071	-1	-1	-1
6	16	-6.80904	5.53071	2741	2807.47	-1
6	16	-6.65904	5.53071	2581	2646.47	-1
6	16	-6.50904	5.53071	2726	2798.53	-1
7	16	-7.14675	-1.42816	-1	-1	-1
7	16	-6.99675	-1.42816	-1	-1	-1
7	16	-6.84675	-1.42816	-1	-1	-1
7	16	-6.69675	-1.42816	-1	-1	-1
7	16	-7.14675	-1.27816	-1	-1	-1
7	16	-6.99675	-1.27816	-1	-1	-1
7	16	-6.84675	-1.27816	-1	-1	-1
7	16	-6.69675	-1.27816	-1	-1	-1
7	16	-7.14675	-1.12816	-1	-1	-1
7	16	-6.99675	-1.12816	-1	-1	-1
7	16	-6.84675	-1.12816	-1	-1	-1
7	16	-6.69675	-1.12816	-1	-1	-1
7	16	-7.14675	-0.978163	-1	-1	-1
7	16	-6.99675	-0.978163	-1	-1	-1
7	16	-6.84675	-0.978163	-1	-1	-1
7	16	-6.69675	-0.978163	-1	-1	-1
8	16	4.3441	1.59405	-1	-1	-1
8	16	4.4941	1.59405	-1	-1	-1
8	16	4.6441	1.59405	3641	3754.47	-1
8	16	4.7941	1.59405	-1	-1	-1
8	16	4.3441	1.74405	5350	5387.12	-1
8	16	4.4941	1.74405	-1	-1	-1
8	16	4.6441	1.74405	-1	-1	-1
8	16	4.7941	1.74405	-1	-1	-1
8	16	4.3441	1.89405	-1	-1	-1
8	16	4.4941	1.89405	-1	-1	-1
8	16	4.6441	1.89405	-1	-1	-1
8	16	4.7941	1.89405	-1	-1	-1
8	16	4.3441	2.04405	4129	4167.09	-1
8	16	4.4941	2.04405	-1	-1	-1
8	16	4.6441	2.04405	-1	-1	-1
8	16	4.7941	2.04405	-1	-1	-1
9	16	2.9493	-9.44863	-1	-1	-1
9	16	3.0993	-9.44863	-1	-1	-1
9	16	3.2493	-9.44863	-1	-1	-1
9	16	3.3993	-9.44863	1008	1084.62	-1
9	16	2.9493	-9.29863	-1	-1	-1
9	16	3.0993	-9.29863	2806	2924.44	-1
9	16	3.2493	-9.29863	-1	-1	-1
9	16	3.3993	-9.29863	-1	-1	-1
9	16	2.9493	-9.14863	3007	3085.38	-1
9	16	3.0993	-9.14863	2442	2536.75	-1
9	16	3.2493	-9.14863	2631	2715.91	-1
9	16	3.3993	-9.14863	-1	-1	-1
9	16	2.9493	-8.99863	1510	1597.16	-1
9	16	3.0993	-8.99863	1662	1730.78	-1
9	16	3.2493	-8.99863	2602	2679.75	-1
9	16	3.3993	-8.99863	2792	2889	-1
10	16	-9.27107	-1.67686	-1	-1	-1
10	16	-9.12107	-1.67686	-1	-1	-1
10	16	-8.97107	-1.67686	-1	-1	-1
10	16	-8.82107	-1.67686	-1	-1	-1
10	16	-9.27107	-1.52686	-1	-1	-1
10	16	-9.12107	-1.52686	-1	-1	-1
10	16	-8.97107	-1.52686	-1	-1	-1
10	16	-8.82107	-1.52686	-1	-1	-1
10	16	-9.27107	-1.37686	-1	-1	-1
10	16	-9.12107	-1.37686	-1	-1	-1
10	16	-8.97107	-1.37686	-1	-1	-1
10	16	-8.82107	-1.37686	-1	-1	-1
10	16	-9.27107	-1.22686	-1	-1	-1
10	16	-9.12107	-1.22686	-1	-1	-1
10	16	-8.97107	-1.22686	-1	-1	-1
10	16	-8.82107	-1.22686	-1	-1	-1
11	16	-0.839288	-9.40672	-1	-1	-1
11	16	-0.689288	-9.40672	-1	-1	-1
11	16	-0.539288	-9.40672	-1	-1	-1
11	16	-0.389288	-9.40672	-1	-1	-1
11	16	-0.839288	-9.25672	-1	-1	-1
11	16	-0.689288	-9.25672	-1	-1	-1
11	16	-0.539288	-9.25672	-1	-1	-1
11	16	-0.389288	-9.25672	-1	-1	-1
11	16	-0.839288	-9.10672	-1	-1	-1
11	16	-0.689288	-9.10672	-1	-1	-1
11	16	-0.539288	-9.10672	-1	-1	-1
11	16	-0.389288	-9.10672	-1	-1	-1
11	16	-0.839288	-8.95672	-1	-1	-1
11	16	-0.689288	-8.95672	-1	-1	-1
11	16	-0.539288	-8.95672	-1	-1	-1
11	16	-0.389288	-8.95672	-1	-1	-1
12	16	6.47653	3.53794	-1	-1	-1
12	16	6.62653	3.53794	-1	-1	-1
12	16	6.77653	3.53794	-1	-1	-1
12	16	6.92653	3.53794	-1	-1	-1
12	16	6.47653	3.68794	-1	-1	-1
12	16	6.62653	3.68794	-1	-1	-1
12	16	6.77653	3.68794	-1	-1	-1
12	16	6.92653	3.68794	-1	-1	-1
12	16	6.47653	3.83794	-1	-1	-1
12	16	6.62653	3.83794	-1	-1	-1
12	16	6.77653	3.83794	-1	-1	-1
12	16	6.92653	3.83794	-1	-1	-1
12	16	6.47653	3.98794	1232	1293.72	-1
12	16	6.62653	3.98794	-1	-1	-1
12	16	6.77653	3.98794	-1	-1	-1
12	16	6.92653	3.98794	-1	-1	-1
13	16	-0.686058	-7.74579	-1	-1	-1
13	16	-0.536058	-7.74579	-1	-1	-1
13	16	-0.386058	-7.74579	-1	-1	-1
13	16	-0.236058	-7.74579	-1	-1	-1
13	16	-0.686058	-7.59579	-1	-1	-1
13	16	-0.536058	-7.59579	-1	-1	-1
13	16	-0.386058	-7.59579	-1	-1	-1
13	16	-0.236058	-7.59579	-1	-1	-1
13	16	-0.686058	-7.44579	-1	-1	-1
13	16	-0.536058	-7.44579	1264	1324.16	-1
13	16	-0.386058	-7.44579	2334	2432.62	-1
13	16	-0.236058	-7.44579	-1	-1	-1
13	16	-0.686058	-7.29579	-1	-1	-1
13	16	-0.536058	-7.29579	1046	1148.59	-1
13	16	-0.386058	-7.29579	499	598.062	-1
13	16	-0.236058	-7.29579	647	706.938	-1
14	16	4.86373	-5.69808	-1	-1	-1
14	16	5.01373	-5.69808	-1	-1	-1
14	16	5.16373	-5.69808	-1	-1	-1
14	16	5.31373	-5.69808	-1	-1	-1
14	16	4.86373	-5.54808	-1	-1	-1
14	16	5.01373	-5.54808	-1	-1	-1
14	16	5.16373	-5.54808	-1	-1	-1
14	16	5.31373	-5.54808	-1	-1	-1
14	16	4.86373	-5.39808	-1	-1	-1
14	16	5.01373	-5.39808	3580	3727.81	-1
14	16	5.16373	-5.39808	3808	3864.62	-1
14	16	5.31373	-5.39808	-1	-1	-1
14	16	4.86373	-5.24808	1225	1281.12	-1
14	16	5.01373	-5.24808	309	455.719	-1
14	16	5.16373	-5.24808	526	579.094	-1
14	16	5.31373	-5.24808	1535	1668.81	-1
15	16	-7.71604	-3.21715	-1	-1	-1
15	16	-7.56604	-3.21715	-1	-1	-1
15	16	-7.41604	-3.21715	-1	-1	-1
15	16	-7.26604	-3.21715	-1	-1	-1
15	16	-7.71604	-3.06715	-1	-1	-1
15	16	-7.56604	-3.06715	-1	-1	-1
15	16	-7.41604	-3.06715	-1	-1	-1
15	16	-7.26604	-3.06715	-1	-1	-1
15	16	-7.71604	-2.91715	-1	-1	-1
15	16	-7.56604	-2.91715	-1	-1	-1
15	16	-7.41604	-2.91715	-1	-1	-1
15	16	-7.26604	-2.91715	-1	-1	-1
15	16	-7.71604	-2.76715	-1	-1	-1
15	16	-7.56604	-2.76715	-1	-1	-1
15	16	-7.41604	-2.76715	-1	-1	-1
15	16	-7.26604	-2.76715	-1	-1	-1
16	16	-2.50769	5.7143	-1	-1	-1
16	16	-2.35769	5.7143	-1	-1	-1
16	16	-2.20769	5.7143	-1	-1	-1
16	16	-2.05769	5.7143	-1	-1	-1
16	16	-2.50769	5.8643	-1	-1	-1
16	16	-2.35769	5.8643	-1	-1	-1
16	16	-2.20769	5.8643	-1	-1	-1
16	16	-2.05769	5.8643	-1	-1	-1
16	16	-2.50769	6.0143	-1	-1	-1
16	16	-2.35769	6.0143	-1	-1	-1
16	16	-2.20769	6.0143	-1	-1	-1
16	16	-2.05769	6.0143	-1	-1	-1
16	16	-2.50769	6.1643	-1	-1	-1
16	16	-2.35769	6.1643	-1	-1	-1
16	16	-2.20769	6.1643	-1	-1	-1
16	16	-2.05769	6.1643	65	118.312	-1
17	16	-9.09882	3.28598	-1	-1	-1
17	16	-8.94882	3.28598	1390	1455.56	-1
17	16	-8.79882	3.28598	-1	-1	-1
17	16	-8.64882	3.28598	-1	-1	-1
17	16	-9.09882	3.43598	-1	-1	-1
17	16	-8.94882	3.43598	-1	-1	-1
17	16	-8.79882	3.43598	-1	-1	-1
17	16	-8.64882	3.43598	-1	-1	-1
17	16	-9.09882	3.58598	-1	-1	-1
17	16	-8.94882	3.58598	-1	-1	-1
17	16	-8.79882	3.58598	-1	-1	-1
17	16	-8.64882	3.58598	-1	-1	-1
17	16	-9.09882	3.73598	-1	-1	-1
17	16	-8.94882	3.73598	-1	-1	-1
17	16	-8.79882	3.73598	-1	-1	-1
17	16	-8.64882	3.73598	-1	-1	-1
18	16	-3.61498	2.23708	2827	2966.88	-1
18	16	-3.46498	2.23708	2422	2549.81	-1
18	16	-3.31498	2.23708	1268	1419.66	-1
18	16	-3.16498	2.23708	313	346.75	-1
18	16	-3.61498	2.38708	3639	3786.19	-1
18	16	-3.46498	2.38708	2623	2659.97	-1
18	16	-3.31498	2.38708	352	396	-1
18	16	-3.16498	2.38708	60	200.375	-1
18	16	-3.61498	2.53708	-1	-1	-1
18	16	-3.46498	2.53708	3074	3128.38	-1
18	16	-3.31498	2.53708	258	312.031	-1
18	16	-3.16498	2.53708	229	266.75	-1
18	16	-3.61498	2.68708	4190	4346.94	-1
18	16	-3.46498	2.68708	3402	3438.25	-1
18	16	-3.31498	2.68708	554	591.969	-1
18	16	-3.16498	2.68708	325	411.5	-1
19	16	6.7929	2.76607	-1	-1	-1
19	16	6.9429	2.76607	-1	-1	-1
19	16	7.0929	2.76607	-1	-1	-1
19	16	7.2429	2.76607	-1	-1	-1
19	16	6.7929	2.91607	-1	-1	-1
19	16	6.9429	2.91607	-1	-1	-1
19	16	7.0929	2.91607	-1	-1	-1
19	16	7.2429	2.91607	-1	-1	-1
19	16	6.7929	3.06607	-1	-1	-1
19	16	6.9429	3.06607	-1	-1	-1
19	16	7.0929	3.06607	-1	-1	-1
19	16	7.2429	3.06607	-1	-1	-1
19	16	6.7929	3.21607	-1	-1	-1
19	16	6.9429	3.21607	-1	-1	-1
19	16	7.0929	3.21607	-1	-1	-1
19	16	7.2429	3.21607	-1	-1	-1
20	16	8.10734	-4.07075	-1	-1	-1
20	16	8.25734	-4.07075	-1	-1	-1
20	16	8.40734	-4.07075	-1	-1	-1
20	16	8.55734	-4.07075	-1	-1	-1
20	16	8.10734	-3.92075	-1	-1	-1
20	16	8.25734	-3.92075	-1	-1	-1
20	16	8.40734	-3.92075	-1	-1	-1
20	16	8.55734	-3.92075	-1	-1	-1
20	16	8.10734	-3.77075	1233	1297.62	-1
20	16	8.25734	-3.77075	-1	-1	-1
20	16	8.40734	-3.77075	-1	-1	-1
20	16	8.55734	-3.77075	-1	-1	-1
20	16	8.10734	-3.62075	-1	-1	-1
20	16	8.25734	-3.62075	-1	-1	-1
20	16	8.40734	-3.62075	-1	-1	-1
20	16	8.55734	-3.62075	-1	-1	-1
21	16	-4.71494	-0.0431894	1140	1176	-1
21	16	-4.56494	-0.0431894	972	1036.47	-1
21	16	-4.41494	-0.0431894	907	961.938	-1
21	16	-4.26494	-0.0431894	753	785.781	-1
21	16	-4.71494	0.106811	922	969.094	-1
21	16	-4.56494	0.106811	792	860.375	-1
21	16	-4.41494	0.106811	668	718	-1
21	16	-4.26494	0.106811	755	821.219	-1
21	16	-4.71494	0.256811	1004	1055.38	-1
21	16	-4.56494	0.256811	905	966.875	-1
21	16	-4.41494	0.256811	637	683.188	-1
21	16	-4.26494	0.256811	537	571.219	-1
21	16	-4.71494	0.406811	-1	-1	-1
21	16	-4.56494	0.406811	1043	1094.53	-1
21	16	-4.41494	0.406811	716	774.375	-1
21	16	-4.26494	0.406811	602	680.75	-1
0	256	7.49683	5.48158	-1	-1	-1
0	256	4.40313	2.39083	-1	-1	-1
0	256	7.96704	4.42287	-1	-1	-1
0	256	-3.63417	5.40323	5202	5327.47	-1
0	256	3.79539	0.979901	1214	1245.91	-1
0	256	-4.16852	-8.88321	-1	-1	-1
0	256	1.14245	-7.67544	1935	2036.25	-1
0	256	3.21049	-5.93321	-1	-1	-1
0	256	-8.79049	-0.956591	-1	-1	-1
0	256	6.12848	-6.03355	4872	5002.5	-1
0	256	0.750784	-9.07868	3764	3834.28	-1
0	256	3.27808	-2.0724	732	763.219	-1
0	256	8.11149	-2.99307	692	752.656	-1
0	256	-2.44252	-3.55547	-1	-1	-1
0	256	-2.29335	-8.27253	2975	3061.06	-1
0	256	1.82458	-6.02856	2444	2560.44	-1
0	256	-1.00151	7.97959	-1	-1	-1
0	256	7.71384	5.48195	2539	2640.31	-1
0	256	3.71297	-3.18473	797	945.188	-1
0	256	3.35512	-5.9704	-1	-1	-1
0	256	7.50126	-6.48588	4683	4792.19	-1
0	256	-5.51599	-7.19204	2976	3046.16	-1
0	256	0.153069	7.58488	2641	2741.31	-1
0	256	1.09586	6.99428	4014	4072.88	-1
0	256	4.92626	2.96181	2374	2496.72	-1
0	256	2.13293	-6.50272	356	467.812	-1
0	256	-5.55944	-5.80924	-1	-1	-1
0	256	-2.84651	6.30967	-1	-1	-1
0	256	8.67892	-9.62609	-1	-1	-1
0	256	8.17936	4.85359	-1	-1	-1
0	256	-4.28689	-5.4233	3484	3615.47	-1
0	256	-5.90547	-6.66784	-1	-1	-1
0	256	-2.89237	5.75244	2874	2994.25	-1
0	256	-6.4036	-1.25773	4966	5014.75	-1
0	256	-0.997138	4.70288	3277	3345.28	-1
0	256	-9.07749	-2.09482	-1	-1	-1
0	256	-8.34575	1.56901	-1	-1	-1
0	256	7.04765	-4.77547	-1	-1	-1
0	256	2.16715	-5.44499	-1	-1	-1
0	256	-4.36938	5.43716	-1	-1	-1
0	256	6.903	6.52748	-1	-1	-1
0	256	-4.57214	-1.06005	-1	-1	-1
0	256	-8.04233	-4.62491	-1	-1	-1
0	256	4.08925	1.71213	885	1004.22	-1
0	256	6.6381	1.48618	-1	-1	-1
0	256	2.05937	4.29344	1833	1873.12	-1
0	256	3.4295	-6.99585	-1	-1	-1
0	256	0.724437	8.39016	5238	5330.34	-1
0	256	1.21882	8.3278	-1	-1	-1
0	256	5.44379	-3.69871	-1	-1	-1
0	256	-8.21108	-5.20924	-1	-1	-1
0	256	0.461131	-3.35286	326	444.969	-1
0	256	-2.91855	6.63035	-1	-1	-1
0	256	-5.96642	-6.32451	-1	-1	-1
0	256	-8.88838	4.04835	-1	-1	-1
0	256	3.72104	8.38207	-1	-1	-1
0	256	7.2768	-0.420977	-1	-1	-1
0	256	-2.92283	1.72335	2409	2543.03	-1
0	256	3.97254	-7.2519	-1	-1	-1
0	256	-0.926627	-6.01732	-1	-1	-1
0	256	-7.50729	5.16432	-1	-1	-1
0	256	-8.17688	3.34864	-1	-1	-1
0	256	-7.36094	-0.814091	-1	-1	-1
0	256	5.40085	3.99749	1618	1747.59	-1
0	256	0.0468055	-6.22626	1787	1896.84	-1
0	256	7.41238	-4.12916	-1	-1	-1
0	256	5.67684	7.30729	-1	-1	-1
0	256	-3.6	-6.95454	4398	4510.84	-1
0	256	-5.5482	-3.1749	-1	-1	-1
0	256	-5.49656	4.88635	-1	-1	-1
0	256	1.46119	-6.3173	-1	-1	-1
0	256	3.07632	7.48477	-1	-1	-1
0	256	-1.9581	2.75731	115	272.531	-1
0	256	-8.44798	5.20645	-1	-1	-1
0	256	8.41916	3.70031	-1	-1	-1
0	256	-1.12496	-6.74009	1595	1648.41	-1
0	256	3.96225	-5.54016	-1	-1	-1
0	256	3.07649	8.12001	4884	4985.19	-1
0	256	5.56021	6.24657	-1	-1	-1
0	256	-9.75751	5.39751	-1	-1	-1
0	256	6.67878	5.70368	-1	-1	-1
0	256	2.63988	4.35649	2168	2208.16	-1
0	256	-1.75574	5.32538	-1	-1	-1
0	256	5.67734	-1.06489	105	211.594	-1
0	256	-0.414992	6.12309	-1	-1	-1
0	256	2.50277	9.58569	3093	3164.66	-1
0	256	-1.558	5.21657	2961	3006.34	-1
0	256	-1.61489	5.84242	1620	1732.34	-1
0	256	-2.40976	6.95058	-1	-1	-1
0	256	6.47012	3.07442	-1	-1	-1
0	256	-6.87968	6.91376	1296	1423.81	-1
0	256	-0.306986	3.07407	36	67.25	-1
0	256	-0.81676	-7.26151	-1	-1	-1
0	256	-1.05054	-4.69519	140	181.812	-1
0	256	-3.9966	8.88934	-1	-1	-1
0	256	-3.51396	6.3023	-1	-1	-1
0	256	0.998705	-8.13686	98	160	-1
0	256	8.31054	-0.517536	-1	-1	-1
0	256	-7.97613	5.24501	-1	-1	-1
0	256	4.33584	3.51476	5392	-1	-1
0	256	-5.57755	-4.60898	4846	4980.06	-1
0	256	2.12024	6.1944	2953	3013.09	-1
0	256	-6.96856	-2.3591	-1	-1	-1
0	256	-3.6737	4.06913	3072	3221.03	-1
0	256	-3.19599	0.13434	-1	-1	-1
0	256	-1.89514	6.97354	-1	-1	-1
0	256	1.17063	6.81901	-1	-1	-1
0	256	0.395988	3.08074	4491	4619.59	-1
0	256	-6.1421	-4.4084	4649	4764.09	-1
0	256	-9.09039	0.814443	-1	-1	-1
0	256	-3.56468	-3.77963	2242	2390.53	-1
0	256	-4.43986	7.38933	-1	-1	-1
0	256	4.29586	-3.21962	-1	-1	-1
0	256	-2.75379	7.86632	-1	-1	-1
0	256	6.37416	6.99828	-1	-1	-1
0	256	3.54013	3.03178	52	92.3125	-1
0	256	-6.81554	4.65872	-1	-1	-1
0	256	-8.41017	2.85993	-1	-1	-1
0	256	-3.32405	1.84005	1984	2113.56	-1
0	256	-4.77311	4.22781	-1	-1	-1
0	256	7.97383	0.423688	-1	-1	-1
0	256	-1.64424	6.92258	5044	5149.03	-1
0	256	2.04648	-3.26352	727	869.719	-1
0	256	5.73451	3.59477	-1	-1	-1
0	256	-0.344972	5.43662	5151	5196.53	-1
0	256	-2.79846	-6.99077	-1	-1	-1
0	256	0.781357	-8.26808	-1	-1	-1
0	256	-4.19823	2.85906	-1	-1	-1
0	256	6.39773	-4.32797	-1	-1	-1
0	256	5.86795	-3.01545	5251	5353.75	-1
0	256	-7.63444	6.33071	-1	-1	-1
0	256	-5.45276	-3.81496	2014	2139.47	-1
0	256	2.39468	3.22623	4196	4342.72	-1
0	256	1.85488	4.85084	3674	3714.12	-1
0	256	6.37763	-7.48288	-1	-1	-1
0	256	-1.98231	5.62908	452	565.656	-1
0	256	3.53391	-9.22065	-1	-1	-1
0	256	-5.39445	0.309405	-1	-1	-1
0	256	3.05795	1.50388	1114	1151.31	-1
0	256	7.9724	-4.78039	-1	-1	-1
0	256	-8.27809	2.08546	-1	-1	-1
0	256	1.28887	4.34739	4861	4901.91	-1
0	256	2.33867	-9.09054	4402	4495.44	-1
0	256	-1.37977	1.38152	100	278.219	-1
0	256	1.63925	-2.92235	58	86.5625	-1
0	256	1.71405	-6.54625	4057	4158.34	-1
0	256	8.99298	3.69682	-1	-1	-1
0	256	3.1013	7.31968	4041	4135.81	-1
0	256	-2.2773	-7.27273	-1	-1	-1
0	256	-1.01866	-5.1784	245	288.438	-1
0	256	-7.20658	-6.19681	-1	-1	-1
0	256	-4.96703	-0.840186	-1	-1	-1
0	256	5.47239	7.28824	-1	-1	-1
0	256	3.28296	7.81038	-1	-1	-1
0	256	5.00025	-2.08442	2283	2400.25	-1
0	256	3.82797	1.43872	228	260.312	-1
0	256	-2.89684	-6.89847	-1	-1	-1
0	256	-7.09697	-0.775581	-1	-1	-1
0	256	2.04711	8.37041	1790	1884	-1
0	256	5.94444	-5.34852	-1	-1	-1
0	256	3.64041	-4.04549	3902	4058.22	-1
0	256	-3.19271	-1.63655	1812	1958.84	-1
0	256	-5.73592	-0.851049	-1	-1	-1
0	256	-5.34561	-3.12374	5125	5256.69	-1
0	256	-7.25392	-5.79519	-1	-1	-1
0	256	9.02523	-0.214076	-1	-1	-1
0	256	3.55213	-5.56392	4977	5106.38	-1
0	256	0.127691	8.72136	-1	-1	-1
0	256	8.63737	5.00616	-1	-1	-1
0	256	2.98389	2.80458	2140	2300.62	-1
0	256	-9.55911	-2.34783	-1	-1	-1
0	256	-3.37213	6.16419	-1	-1	-1
0	256	3.27126	-2.32744	-1	-1	-1
0	256	5.61442	-5.10078	3387	3512.28	-1
0	256	3.21441	3.75562	46	88.0938	-1
0	256	-4.19184	7.18094	1748	1857.12	-1
0	256	-5.03155	-2.22331	1893	1933.81	-1
0	256	2.41162	-5.54091	3119	3165.06	-1
0	256	0.850137	-4.01034	-1	-1	-1
0	256	-2.46286	-1.87576	350	522.594	-1
0	256	1.62015	-8.36333	-1	-1	-1
0	256	0.584057	4.46137	576	615.312	-1
0	256	-3.46435	4.93209	2148	2280.97	-1
0	256	5.42785	3.04959	-1	-1	-1
0	256	-3.48535	6.11655	-1	-1	-1
0	256	4.18967	-4.81807	-1	-1	-1
0	256	0.151	5.5657	2039	2085.59	-1
0	256	-7.96625	-2.75049	-1	-1	-1
0	256	-1.56953	3.73594	134	252.125	-1
0	256	-1.30304	3.53448	279	396.25	-1
0	256	3.18113	-6.18513	-1	-1	-1
0	256	-5.21742	-2.44692	-1	-1	-1
0	256	-3.33256	-7.21369	5149	5209.16	-1
0	256	-4.32519	-8.48108	-1	-1	-1
0	256	1.95645	-6.96061	-1	-1	-1
0	256	0.0642159	8.37248	-1	-1	-1
0	256	-1.3478	-7.72426	-1	-1	-1
0	256	-5.62421	-2.88555	3309	3358.31	-1
0	256	-7.80361	-4.92164	1854	1925.94	-1
0	256	-6.96416	1.11866	5392	-1	-1
0	256	3.669	4.46106	3333	3476.28	-1
0	256	8.97585	-0.688748	-1	-1	-1
0	256	7.35957	6.43179	-1	-1	-1
0	256	-3.44541	-8.31272	-1	-1	-1
0	256	-5.13579	-7.79892	-1	-1	-1
0	256	6.10863	6.28068	-1	-1	-1
0	256	-6.12901	4.68346	-1	-1	-1
0	256	-4.08882	-4.18682	3388	3530.06	-1
0	256	5.63431	5.84726	-1	-1	-1
0	256	7.78381	3.95986	-1	-1	-1
0	256	0.0209692	4.32802	1756	1873.38	-1
0	256	-4.19724	1.80591	81	192.125	-1
0	256	8.86996	-4.02746	-1	-1	-1
0	256	-4.37917	0.514145	923	967.094	-1
0	256	-4.2668	8.24653	-1	-1	-1
0	256	-2.96175	-3.91523	3425	3572.41	-1
0	256	-8.73851	-9.60059	-1	-1	-1
0	256	-8.51478	1.5736	-1	-1	-1
0	256	-3.15909	-2.02969	1029	1160.53	-1
0	256	7.93528	0.826787	97	192.688	-1
0	256	-1.11991	-6.54164	1178	1281.06	-1
0	256	1.07857	-9.25973	3343	3424.5	-1
0	256	6.85914	4.78331	214	327.438	-1
0	256	2.75849	-1.72644	796	939.031	-1
0	256	-5.38702	-8.17009	-1	-1	-1
0	256	-3.89302	-8.99128	-1	-1	-1
0	256	-4.9057	7.97549	-1	-1	-1
0	256	-6.90656	-6.40879	-1	-1	-1
0	256	-4.60063	-1.18821	-1	-1	-1
0	256	-6.86237	-6.8061	-1	-1	-1
0	256	1.98442	6.40168	2855	2904.56	-1
0	256	9.46775	-2.702	2825	2908.91	-1
0	256	8.45279	-1.77871	-1	-1	-1
0	256	-3.02512	0.0873764	5114	5236.31	-1
0	256	5.28016	6.79617	3807	3870.41	-1
0	256	6.59338	8.17205	-1	-1	-1
0	256	3.96712	4.67631	3662	3797.12	-1
0	256	-3.43699	4.13115	132	303.625	-1
0	256	-3.10076	7.41496	-1	-1	-1
0	256	4.50873	1.39616	2326	2440.62	-1
0	256	4.01495	-4.66037	-1	-1	-1
0	256	-8.43708	-3.96212	-1	-1	-1
0	256	6.33398	-6.35614	-1	-1	-1
0	256	3.49481	1.97371	2250	2390.88	-1
0	256	-7.42168	2.56072	-1	-1	-1
0	256	-0.658239	-4.58057	1192	1308.19	-1
0	256	-1.19282	-5.23593	4807	4848.53	-1
0	256	3.45466	0.174515	340	466.906	-1
0	256	8.77113	-0.847783	-1	-1	-1
0	256	-2.24865	9.52799	-1	-1	-1
0	256	1.18911	5.23331	3219	3260.12	-1
0	256	5.64956	3.26934	-1	-1	-1
0	256	6.09932	1.50906	-1	-1	-1
0	256	-1.12785	-3.73252	1550	1581.59	-1
0	256	3.79343	-4.51497	1338	1475.28	-1
0	256	-7.01526	-6.28446	-1	-1	-1
