Pile ID	Distribution Type	X-Position	Y-Position	Pickup Time	Drop Off Time	Ant ID
1	1	1.08011	-3.69947	-1	-1	-1
1	1	1.23011	-3.69947	-1	-1	-1
1	1	1.38011	-3.69947	-1	-1	-1
1	1	1.53011	-3.69947	-1	-1	-1
1	1	1.68011	-3.69947	2441	2477.12	-1
1	1	1.83011	-3.69947	2344	2395.09	-1
1	1	1.98011	-3.69947	2244	2290.59	-1
1	1	2.13011	-3.69947	1943	2070.97	-1
1	1	2.28011	-3.69947	2106	2166.53	-1
1	1	2.43011	-3.69947	2342	2388.62	-1
1	1	2.58011	-3.69947	-1	-1	-1
1	1	2.73011	-3.69947	-1	-1	-1
1	1	2.88011	-3.69947	-1	-1	-1
1	1	3.03011	-3.69947	-1	-1	-1
1	1	3.18011	-3.69947	-1	-1	-1
1	1	3.33011	-3.69947	-1	-1	-1
1	1	1.08011	-3.54947	-1	-1	-1
1	1	1.23011	-3.54947	-1	-1	-1
1	1	1.38011	-3.54947	-1	-1	-1
1	1	1.53011	-3.54947	-1	-1	-1
1	1	1.68011	-3.54947	-1	-1	-1
1	1	1.83011	-3.54947	2507	2546.66	-1
1	1	1.98011	-3.54947	2274	2314.03	-1
1	1	2.13011	-3.54947	2217	2273.31	-1
1	1	2.28011	-3.54947	2160	2203.66	-1
1	1	2.43011	-3.54947	-1	-1	-1
1	1	2.58011	-3.54947	-1	-1	-1
1	1	2.73011	-3.54947	-1	-1	-1
1	1	2.88011	-3.54947	-1	-1	-1
1	1	3.03011	-3.54947	-1	-1	-1
1	1	3.18011	-3.54947	-1	-1	-1
1	1	3.33011	-3.54947	-1	-1	-1
1	1	1.08011	-3.39947	-1	-1	-1
1	1	1.23011	-3.39947	-1	-1	-1
1	1	1.38011	-3.39947	-1	-1	-1
1	1	1.53011	-3.39947	-1	-1	-1
1	1	1.68011	-3.39947	-1	-1	-1
1	1	1.83011	-3.39947	-1	-1	-1
1	1	1.98011	-3.39947	-1	-1	-1
1	1	2.13011	-3.39947	-1	-1	-1
1	1	2.28011	-3.39947	-1	-1	-1
1	1	2.43011	-3.39947	-1	-1	-1
1	1	2.58011	-3.39947	-1	-1	-1
1	1	2.73011	-3.39947	-1	-1	-1
1	1	2.88011	-3.39947	-1	-1	-1
1	1	3.03011	-3.39947	-1	-1	-1
1	1	3.18011	-3.39947	-1	-1	-1
1	1	3.33011	-3.39947	-1	-1	-1
1	1	1.08011	-3.24947	732	863.094	-1
1	1	1.23011	-3.24947	-1	-1	-1
1	1	1.38011	-3.24947	-1	-1	-1
1	1	1.53011	-3.24947	-1	-1	-1
1	1	1.68011	-3.24947	-1	-1	-1
1	1	1.83011	-3.24947	-1	-1	-1
1	1	1.98011	-3.24947	-1	-1	-1
1	1	2.13011	-3.24947	-1	-1	-1
1	1	2.28011	-3.24947	-1	-1	-1
1	1	2.43011	-3.24947	-1	-1	-1
1	1	2.58011	-3.24947	-1	-1	-1
1	1	2.73011	-3.24947	-1	-1	-1
1	1	2.88011	-3.24947	-1	-1	-1
1	1	3.03011	-3.24947	-1	-1	-1
1	1	3.18011	-3.24947	-1	-1	-1
1	1	3.33011	-3.24947	-1	-1	-1
1	1	1.08011	-3.09947	-1	-1	-1
1	1	1.23011	-3.09947	-1	-1	-1
1	1	1.38011	-3.09947	-1	-1	-1
1	1	1.53011	-3.09947	-1	-1	-1
1	1	1.68011	-3.09947	-1	-1	-1
1	1	1.83011	-3.09947	-1	-1	-1
1	1	1.98011	-3.09947	-1	-1	-1
1	1	2.13011	-3.09947	-1	-1	-1
1	1	2.28011	-3.09947	-1	-1	-1
1	1	2.43011	-3.09947	-1	-1	-1
1	1	2.58011	-3.09947	-1	-1	-1
1	1	2.73011	-3.09947	-1	-1	-1
1	1	2.88011	-3.09947	-1	-1	-1
1	1	3.03011	-3.09947	-1	-1	-1
1	1	3.18011	-3.09947	-1	-1	-1
1	1	3.33011	-3.09947	-1	-1	-1
1	1	1.08011	-2.94947	-1	-1	-1
1	1	1.23011	-2.94947	-1	-1	-1
1	1	1.38011	-2.94947	5325	5372.19	-1
1	1	1.53011	-2.94947	-1	-1	-1
1	1	1.68011	-2.94947	-1	-1	-1
1	1	1.83011	-2.94947	-1	-1	-1
1	1	1.98011	-2.94947	-1	-1	-1
1	1	2.13011	-2.94947	-1	-1	-1
1	1	2.28011	-2.94947	-1	-1	-1
1	1	2.43011	-2.94947	-1	-1	-1
1	1	2.58011	-2.94947	-1	-1	-1
1	1	2.73011	-2.94947	-1	-1	-1
1	1	2.88011	-2.94947	-1	-1	-1
1	1	3.03011	-2.94947	-1	-1	-1
1	1	3.18011	-2.94947	-1	-1	-1
1	1	3.33011	-2.94947	-1	-1	-1
1	1	1.08011	-2.79947	3618	3758.88	-1
1	1	1.23011	-2.79947	3914	4054.16	-1
1	1	1.38011	-2.79947	1272	1311.47	-1
1	1	1.53011	-2.79947	5246	5273.56	-1
1	1	1.68011	-2.79947	3364	3427.31	-1
1	1	1.83011	-2.79947	3493	3532.91	-1
1	1	1.98011	-2.79947	-1	-1	-1
1	1	2.13011	-2.79947	-1	-1	-1
1	1	2.28011	-2.79947	3398	3450.53	-1
1	1	2.43011	-2.79947	-1	-1	-1
1	1	2.58011	-2.79947	-1	-1	-1
1	1	2.73011	-2.79947	-1	-1	-1
1	1	2.88011	-2.79947	-1	-1	-1
1	1	3.03011	-2.79947	-1	-1	-1
1	1	3.18011	-2.79947	-1	-1	-1
1	1	3.33011	-2.79947	-1	-1	-1
1	1	1.08011	-2.64947	1186	1307.47	-1
1	1	1.23011	-2.64947	2569	2617.5	-1
1	1	1.38011	-2.64947	1154	1256.88	-1
1	1	1.53011	-2.64947	5080	5221.91	-1
1	1	1.68011	-2.64947	3151	3188.81	-1
1	1	1.83011	-2.64947	3254	3284.19	-1
1	1	1.98011	-2.64947	3346	3390.78	-1
1	1	2.13011	-2.64947	3497	3533.34	-1
1	1	2.28011	-2.64947	3266	3344.88	-1
1	1	2.43011	-2.64947	3094	3181.62	-1
1	1	2.58011	-2.64947	3155	3228.88	-1
1	1	2.73011	-2.64947	3374	3418.03	-1
1	1	2.88011	-2.64947	-1	-1	-1
1	1	3.03011	-2.64947	-1	-1	-1
1	1	3.18011	-2.64947	-1	-1	-1
1	1	3.33011	-2.64947	-1	-1	-1
1	1	1.08011	-2.49947	1209	1248.94	-1
1	1	1.23011	-2.49947	1079	1131.5	-1
1	1	1.38011	-2.49947	827	973	-1
1	1	1.53011	-2.49947	1303	1342	-1
1	1	1.68011	-2.49947	1437	1477.31	-1
1	1	1.83011	-2.49947	3222	3287.28	-1
1	1	1.98011	-2.49947	3375	3402.66	-1
1	1	2.13011	-2.49947	-1	-1	-1
1	1	2.28011	-2.49947	3121	3178.88	-1
1	1	2.43011	-2.49947	3003	3048.81	-1
1	1	2.58011	-2.49947	3042	3139.75	-1
1	1	2.73011	-2.49947	3111	3170.66	-1
1	1	2.88011	-2.49947	3375	3409.72	-1
1	1	3.03011	-2.49947	-1	-1	-1
1	1	3.18011	-2.49947	-1	-1	-1
1	1	3.33011	-2.49947	-1	-1	-1
1	1	1.08011	-2.34947	775	797.5	-1
1	1	1.23011	-2.34947	1018	1046.28	-1
1	1	1.38011	-2.34947	995	1024	-1
1	1	1.53011	-2.34947	1152	1218.16	-1
1	1	1.68011	-2.34947	1215	1253.78	-1
1	1	1.83011	-2.34947	3389	3440.28	-1
1	1	1.98011	-2.34947	-1	-1	-1
1	1	2.13011	-2.34947	-1	-1	-1
1	1	2.28011	-2.34947	3036	3077.59	-1
1	1	2.43011	-2.34947	2957	3005.16	-1
1	1	2.58011	-2.34947	2815	2880.66	-1
1	1	2.73011	-2.34947	2947	3011.38	-1
1	1	2.88011	-2.34947	3302	3336.62	-1
1	1	3.03011	-2.34947	-1	-1	-1
1	1	3.18011	-2.34947	-1	-1	-1
1	1	3.33011	-2.34947	-1	-1	-1
1	1	1.08011	-2.19947	559	696.281	-1
1	1	1.23011	-2.19947	1268	1310.25	-1
1	1	1.38011	-2.19947	1073	1107.69	-1
1	1	1.53011	-2.19947	1303	1330.66	-1
1	1	1.68011	-2.19947	1366	1392.59	-1
1	1	1.83011	-2.19947	-1	-1	-1
1	1	1.98011	-2.19947	-1	-1	-1
1	1	2.13011	-2.19947	-1	-1	-1
1	1	2.28011	-2.19947	3176	3226.19	-1
1	1	2.43011	-2.19947	2851	2915.25	-1
1	1	2.58011	-2.19947	2621	2768.03	-1
1	1	2.73011	-2.19947	2806	2857.31	-1
1	1	2.88011	-2.19947	3025	3069.66	-1
1	1	3.03011	-2.19947	-1	-1	-1
1	1	3.18011	-2.19947	-1	-1	-1
1	1	3.33011	-2.19947	-1	-1	-1
1	1	1.08011	-2.04947	92	228	-1
1	1	1.23011	-2.04947	-1	-1	-1
1	1	1.38011	-2.04947	-1	-1	-1
1	1	1.53011	-2.04947	-1	-1	-1
1	1	1.68011	-2.04947	-1	-1	-1
1	1	1.83011	-2.04947	5213	5397.78	-1
1	1	1.98011	-2.04947	-1	-1	-1
1	1	2.13011	-2.04947	5279	5311.06	-1
1	1	2.28011	-2.04947	3250	3278.56	-1
1	1	2.43011	-2.04947	2918	2968.47	-1
1	1	2.58011	-2.04947	2843	2919.38	-1
1	1	2.73011	-2.04947	2961	3120.19	-1
1	1	2.88011	-2.04947	3051	3094.41	-1
1	1	3.03011	-2.04947	-1	-1	-1
1	1	3.18011	-2.04947	-1	-1	-1
1	1	3.33011	-2.04947	-1	-1	-1
1	1	1.08011	-1.89947	1543	1568.72	-1
1	1	1.23011	-1.89947	1594	1615.28	-1
1	1	1.38011	-1.89947	-1	-1	-1
1	1	1.53011	-1.89947	5159	5193.25	-1
1	1	1.68011	-1.89947	4627	4789.56	-1
1	1	1.83011	-1.89947	4501	4528.22	-1
1	1	1.98011	-1.89947	4410	4472.25	-1
1	1	2.13011	-1.89947	4333	4387.31	-1
1	1	2.28011	-1.89947	4335	4417.84	-1
1	1	2.43011	-1.89947	3054	3109.09	-1
1	1	2.58011	-1.89947	3147	3211.72	-1
1	1	2.73011	-1.89947	3121	3158.28	-1
1	1	2.88011	-1.89947	-1	-1	-1
1	1	3.03011	-1.89947	-1	-1	-1
1	1	3.18011	-1.89947	-1	-1	-1
1	1	3.33011	-1.89947	-1	-1	-1
1	1	1.08011	-1.74947	1502	1523.75	-1
1	1	1.23011	-1.74947	1904	2088.09	-1
1	1	1.38011	-1.74947	3997	4020.66	-1
1	1	1.53011	-1.74947	4097	4140.94	-1
1	1	1.68011	-1.74947	4435	4470.28	-1
1	1	1.83011	-1.74947	4303	4361.88	-1
1	1	1.98011	-1.74947	4229	4271	-1
1	1	2.13011	-1.74947	4223	4292.91	-1
1	1	2.28011	-1.74947	4284	4342.12	-1
1	1	2.43011	-1.74947	4459	4509.97	-1
1	1	2.58011	-1.74947	4955	5099.97	-1
1	1	2.73011	-1.74947	5290	5319.78	-1
1	1	2.88011	-1.74947	-1	-1	-1
1	1	3.03011	-1.74947	-1	-1	-1
1	1	3.18011	-1.74947	-1	-1	-1
1	1	3.33011	-1.74947	-1	-1	-1
1	1	1.08011	-1.59947	1693	1719.22	-1
1	1	1.23011	-1.59947	1747	1906.81	-1
1	1	1.38011	-1.59947	3817	3974.69	-1
1	1	1.53011	-1.59947	4052	4073.19	-1
1	1	1.68011	-1.59947	4229	4257.38	-1
1	1	1.83011	-1.59947	4142	4192.69	-1
1	1	1.98011	-1.59947	4016	4043.53	-1
1	1	2.13011	-1.59947	4093	4123.78	-1
1	1	2.28011	-1.59947	4155	4209.53	-1
1	1	2.43011	-1.59947	5143	5177.19	-1
1	1	2.58011	-1.59947	5123	5159.69	-1
1	1	2.73011	-1.59947	5226	5262.59	-1
1	1	2.88011	-1.59947	-1	-1	-1
1	1	3.03011	-1.59947	-1	-1	-1
1	1	3.18011	-1.59947	-1	-1	-1
1	1	3.33011	-1.59947	-1	-1	-1
1	1	1.08011	-1.44947	17	41.4062	-1
1	1	1.23011	-1.44947	1855	1876.25	-1
1	1	1.38011	-1.44947	28	48.1562	-1
1	1	1.53011	-1.44947	4391	4421.91	-1
1	1	1.68011	-1.44947	3803	3829.97	-1
1	1	1.83011	-1.44947	3596	3740.5	-1
1	1	1.98011	-1.44947	3770	3802.22	-1
1	1	2.13011	-1.44947	4064	4096.72	-1
1	1	2.28011	-1.44947	451	582.125	-1
1	1	2.43011	-1.44947	28	56.5938	-1
1	1	2.58011	-1.44947	323	348.938	-1
1	1	2.73011	-1.44947	4244	4279.88	-1
1	1	2.88011	-1.44947	1777	1908.94	-1
1	1	3.03011	-1.44947	4332	4369.41	-1
1	1	3.18011	-1.44947	113	242.5	-1
1	1	3.33011	-1.44947	-1	-1	-1
2	4	2.25191	-6.98443	-1	-1	-1
2	4	2.40191	-6.98443	-1	-1	-1
2	4	2.55191	-6.98443	-1	-1	-1
2	4	2.70191	-6.98443	-1	-1	-1
2	4	2.85191	-6.98443	-1	-1	-1
2	4	3.00191	-6.98443	-1	-1	-1
2	4	3.15191	-6.98443	-1	-1	-1
2	4	3.30191	-6.98443	-1	-1	-1
2	4	2.25191	-6.83443	-1	-1	-1
2	4	2.40191	-6.83443	-1	-1	-1
2	4	2.55191	-6.83443	-1	-1	-1
2	4	2.70191	-6.83443	-1	-1	-1
2	4	2.85191	-6.83443	-1	-1	-1
2	4	3.00191	-6.83443	-1	-1	-1
2	4	3.15191	-6.83443	-1	-1	-1
2	4	3.30191	-6.83443	-1	-1	-1
2	4	2.25191	-6.68443	-1	-1	-1
2	4	2.40191	-6.68443	-1	-1	-1
2	4	2.55191	-6.68443	-1	-1	-1
2	4	2.70191	-6.68443	-1	-1	-1
2	4	2.85191	-6.68443	-1	-1	-1
2	4	3.00191	-6.68443	-1	-1	-1
2	4	3.15191	-6.68443	-1	-1	-1
2	4	3.30191	-6.68443	-1	-1	-1
2	4	2.25191	-6.53443	-1	-1	-1
2	4	2.40191	-6.53443	-1	-1	-1
2	4	2.55191	-6.53443	-1	-1	-1
2	4	2.70191	-6.53443	-1	-1	-1
2	4	2.85191	-6.53443	-1	-1	-1
2	4	3.00191	-6.53443	-1	-1	-1
2	4	3.15191	-6.53443	-1	-1	-1
2	4	3.30191	-6.53443	-1	-1	-1
2	4	2.25191	-6.38443	-1	-1	-1
2	4	2.40191	-6.38443	-1	-1	-1
2	4	2.55191	-6.38443	-1	-1	-1
2	4	2.70191	-6.38443	-1	-1	-1
2	4	2.85191	-6.38443	-1	-1	-1
2	4	3.00191	-6.38443	-1	-1	-1
2	4	3.15191	-6.38443	-1	-1	-1
2	4	3.30191	-6.38443	-1	-1	-1
2	4	2.25191	-6.23443	-1	-1	-1
2	4	2.40191	-6.23443	-1	-1	-1
2	4	2.55191	-6.23443	-1	-1	-1
2	4	2.70191	-6.23443	-1	-1	-1
2	4	2.85191	-6.23443	-1	-1	-1
2	4	3.00191	-6.23443	-1	-1	-1
2	4	3.15191	-6.23443	-1	-1	-1
2	4	3.30191	-6.23443	-1	-1	-1
2	4	2.25191	-6.08443	-1	-1	-1
2	4	2.40191	-6.08443	-1	-1	-1
2	4	2.55191	-6.08443	-1	-1	-1
2	4	2.70191	-6.08443	-1	-1	-1
2	4	2.85191	-6.08443	-1	-1	-1
2	4	3.00191	-6.08443	-1	-1	-1
2	4	3.15191	-6.08443	-1	-1	-1
2	4	3.30191	-6.08443	-1	-1	-1
2	4	2.25191	-5.93443	-1	-1	-1
2	4	2.40191	-5.93443	-1	-1	-1
2	4	2.55191	-5.93443	-1	-1	-1
2	4	2.70191	-5.93443	-1	-1	-1
2	4	2.85191	-5.93443	-1	-1	-1
2	4	3.00191	-5.93443	-1	-1	-1
2	4	3.15191	-5.93443	-1	-1	-1
2	4	3.30191	-5.93443	-1	-1	-1
3	4	-0.131138	6.51618	2819	2872.22	-1
3	4	0.0188621	6.51618	1718	1835.56	-1
3	4	0.168862	6.51618	-1	-1	-1
3	4	0.318862	6.51618	773	822.562	-1
3	4	0.468862	6.51618	1350	1464.84	-1
3	4	0.618862	6.51618	-1	-1	-1
3	4	0.768862	6.51618	-1	-1	-1
3	4	0.918862	6.51618	-1	-1	-1
3	4	-0.131138	6.66618	-1	-1	-1
3	4	0.0188621	6.66618	-1	-1	-1
3	4	0.168862	6.66618	-1	-1	-1
3	4	0.318862	6.66618	-1	-1	-1
3	4	0.468862	6.66618	-1	-1	-1
3	4	0.618862	6.66618	-1	-1	-1
3	4	0.768862	6.66618	-1	-1	-1
3	4	0.918862	6.66618	4634	4692.12	-1
3	4	-0.131138	6.81618	-1	-1	-1
3	4	0.0188621	6.81618	-1	-1	-1
3	4	0.168862	6.81618	-1	-1	-1
3	4	0.318862	6.81618	-1	-1	-1
3	4	0.468862	6.81618	-1	-1	-1
3	4	0.618862	6.81618	-1	-1	-1
3	4	0.768862	6.81618	-1	-1	-1
3	4	0.918862	6.81618	-1	-1	-1
3	4	-0.131138	6.96618	-1	-1	-1
3	4	0.0188621	6.96618	-1	-1	-1
3	4	0.168862	6.96618	-1	-1	-1
3	4	0.318862	6.96618	-1	-1	-1
3	4	0.468862	6.96618	-1	-1	-1
3	4	0.618862	6.96618	-1	-1	-1
3	4	0.768862	6.96618	-1	-1	-1
3	4	0.918862	6.96618	-1	-1	-1
3	4	-0.131138	7.11618	-1	-1	-1
3	4	0.0188621	7.11618	-1	-1	-1
3	4	0.168862	7.11618	-1	-1	-1
3	4	0.318862	7.11618	-1	-1	-1
3	4	0.468862	7.11618	-1	-1	-1
3	4	0.618862	7.11618	-1	-1	-1
3	4	0.768862	7.11618	-1	-1	-1
3	4	0.918862	7.11618	-1	-1	-1
3	4	-0.131138	7.26618	-1	-1	-1
3	4	0.0188621	7.26618	-1	-1	-1
3	4	0.168862	7.26618	-1	-1	-1
3	4	0.318862	7.26618	-1	-1	-1
3	4	0.468862	7.26618	-1	-1	-1
3	4	0.618862	7.26618	-1	-1	-1
3	4	0.768862	7.26618	-1	-1	-1
3	4	0.918862	7.26618	-1	-1	-1
3	4	-0.131138	7.41618	-1	-1	-1
3	4	0.0188621	7.41618	-1	-1	-1
3	4	0.168862	7.41618	-1	-1	-1
3	4	0.318862	7.41618	-1	-1	-1
3	4	0.468862	7.41618	-1	-1	-1
3	4	0.618862	7.41618	-1	-1	-1
3	4	0.768862	7.41618	-1	-1	-1
3	4	0.918862	7.41618	-1	-1	-1
3	4	-0.131138	7.56618	-1	-1	-1
3	4	0.0188621	7.56618	-1	-1	-1
3	4	0.168862	7.56618	-1	-1	-1
3	4	0.318862	7.56618	-1	-1	-1
3	4	0.468862	7.56618	-1	-1	-1
3	4	0.618862	7.56618	-1	-1	-1
3	4	0.768862	7.56618	-1	-1	-1
3	4	0.918862	7.56618	-1	-1	-1
4	4	-0.963597	-3.85443	2836	2885.38	-1
4	4	-0.813597	-3.85443	2451	2504.81	-1
4	4	-0.663597	-3.85443	2136	2260.06	-1
4	4	-0.513597	-3.85443	2290	2342.53	-1
4	4	-0.363597	-3.85443	2857	2887.84	-1
4	4	-0.213597	-3.85443	-1	-1	-1
4	4	-0.063597	-3.85443	-1	-1	-1
4	4	0.086403	-3.85443	-1	-1	-1
4	4	-0.963597	-3.70443	2733	2767.88	-1
4	4	-0.813597	-3.70443	2567	2602.31	-1
4	4	-0.663597	-3.70443	2308	2359.84	-1
4	4	-0.513597	-3.70443	2404	2448.28	-1
4	4	-0.363597	-3.70443	3052	3090.5	-1
4	4	-0.213597	-3.70443	-1	-1	-1
4	4	-0.063597	-3.70443	-1	-1	-1
4	4	0.086403	-3.70443	-1	-1	-1
4	4	-0.963597	-3.55443	2760	2797.06	-1
4	4	-0.813597	-3.55443	2649	2701.41	-1
4	4	-0.663597	-3.55443	2634	2686.88	-1
4	4	-0.513597	-3.55443	2914	2943.66	-1
4	4	-0.363597	-3.55443	-1	-1	-1
4	4	-0.213597	-3.55443	-1	-1	-1
4	4	-0.063597	-3.55443	-1	-1	-1
4	4	0.086403	-3.55443	-1	-1	-1
4	4	-0.963597	-3.40443	-1	-1	-1
4	4	-0.813597	-3.40443	3136	3165.94	-1
4	4	-0.663597	-3.40443	3016	3049.78	-1
4	4	-0.513597	-3.40443	3234	3262.88	-1
4	4	-0.363597	-3.40443	5059	5108.69	-1
4	4	-0.213597	-3.40443	-1	-1	-1
4	4	-0.063597	-3.40443	-1	-1	-1
4	4	0.086403	-3.40443	-1	-1	-1
4	4	-0.963597	-3.25443	-1	-1	-1
4	4	-0.813597	-3.25443	-1	-1	-1
4	4	-0.663597	-3.25443	5078	5117.38	-1
4	4	-0.513597	-3.25443	4952	5018.41	-1
4	4	-0.363597	-3.25443	4831	4859.88	-1
4	4	-0.213597	-3.25443	-1	-1	-1
4	4	-0.063597	-3.25443	-1	-1	-1
4	4	0.086403	-3.25443	-1	-1	-1
4	4	-0.963597	-3.10443	-1	-1	-1
4	4	-0.813597	-3.10443	-1	-1	-1
4	4	-0.663597	-3.10443	5162	5190.78	-1
4	4	-0.513597	-3.10443	4884	4921.75	-1
4	4	-0.363597	-3.10443	4748	4775.72	-1
4	4	-0.213597	-3.10443	4557	4685.97	-1
4	4	-0.063597	-3.10443	3791	3819.44	-1
4	4	0.086403	-3.10443	3896	4021.94	-1
4	4	-0.963597	-2.95443	-1	-1	-1
4	4	-0.813597	-2.95443	-1	-1	-1
4	4	-0.663597	-2.95443	-1	-1	-1
4	4	-0.513597	-2.95443	4980	5012.78	-1
4	4	-0.363597	-2.95443	4549	4580.88	-1
4	4	-0.213597	-2.95443	3642	3667.97	-1
4	4	-0.063597	-2.95443	3560	3595.69	-1
4	4	0.086403	-2.95443	3699	3744.47	-1
4	4	-0.963597	-2.80443	1746	1888.66	-1
4	4	-0.813597	-2.80443	1847	1874.62	-1
4	4	-0.663597	-2.80443	1787	1812.59	-1
4	4	-0.513597	-2.80443	4425	4449.66	-1
4	4	-0.363597	-2.80443	1864	1899.72	-1
4	4	-0.213597	-2.80443	107	131.594	-1
4	4	-0.063597	-2.80443	3469	3494.62	-1
4	4	0.086403	-2.80443	3517	3580.84	-1
5	4	2.82979	4.78058	3625	3755.91	-1
5	4	2.97979	4.78058	2286	2341.38	-1
5	4	3.12979	4.78058	2101	2159.28	-1
5	4	3.27979	4.78058	1898	2032.06	-1
5	4	3.42979	4.78058	2079	2144.59	-1
5	4	3.57979	4.78058	2283	2349.56	-1
5	4	3.72979	4.78058	-1	-1	-1
5	4	3.87979	4.78058	-1	-1	-1
5	4	2.82979	4.93058	5157	5200.78	-1
5	4	2.97979	4.93058	4986	5116.38	-1
5	4	3.12979	4.93058	2243	2298.19	-1
5	4	3.27979	4.93058	2269	2351.88	-1
5	4	3.42979	4.93058	2198	2273.75	-1
5	4	3.57979	4.93058	2406	2454.69	-1
5	4	3.72979	4.93058	-1	-1	-1
5	4	3.87979	4.93058	-1	-1	-1
5	4	2.82979	5.08058	-1	-1	-1
5	4	2.97979	5.08058	-1	-1	-1
5	4	3.12979	5.08058	-1	-1	-1
5	4	3.27979	5.08058	-1	-1	-1
5	4	3.42979	5.08058	-1	-1	-1
5	4	3.57979	5.08058	-1	-1	-1
5	4	3.72979	5.08058	-1	-1	-1
5	4	3.87979	5.08058	-1	-1	-1
5	4	2.82979	5.23058	3661	3773.31	-1
5	4	2.97979	5.23058	-1	-1	-1
5	4	3.12979	5.23058	-1	-1	-1
5	4	3.27979	5.23058	-1	-1	-1
5	4	3.42979	5.23058	-1	-1	-1
5	4	3.57979	5.23058	-1	-1	-1
5	4	3.72979	5.23058	-1	-1	-1
5	4	3.87979	5.23058	-1	-1	-1
5	4	2.82979	5.38058	3836	3892.22	-1
5	4	2.97979	5.38058	-1	-1	-1
5	4	3.12979	5.38058	-1	-1	-1
5	4	3.27979	5.38058	-1	-1	-1
5	4	3.42979	5.38058	-1	-1	-1
5	4	3.57979	5.38058	-1	-1	-1
5	4	3.72979	5.38058	-1	-1	-1
5	4	3.87979	5.38058	-1	-1	-1
5	4	2.82979	5.53058	2441	2553.41	-1
5	4	2.97979	5.53058	-1	-1	-1
5	4	3.12979	5.53058	-1	-1	-1
5	4	3.27979	5.53058	-1	-1	-1
5	4	3.42979	5.53058	-1	-1	-1
5	4	3.57979	5.53058	-1	-1	-1
5	4	3.72979	5.53058	-1	-1	-1
5	4	3.87979	5.53058	-1	-1	-1
5	4	2.82979	5.68058	2601	2648.66	-1
5	4	2.97979	5.68058	-1	-1	-1
5	4	3.12979	5.68058	-1	-1	-1
5	4	3.27979	5.68058	-1	-1	-1
5	4	3.42979	5.68058	-1	-1	-1
5	4	3.57979	5.68058	-1	-1	-1
5	4	3.72979	5.68058	-1	-1	-1
5	4	3.87979	5.68058	-1	-1	-1
5	4	2.82979	5.83058	2739	2794.19	-1
5	4	2.97979	5.83058	-1	-1	-1
5	4	3.12979	5.83058	-1	-1	-1
5	4	3.27979	5.83058	-1	-1	-1
5	4	3.42979	5.83058	-1	-1	-1
5	4	3.57979	5.83058	-1	-1	-1
5	4	3.72979	5.83058	-1	-1	-1
5	4	3.87979	5.83058	-1	-1	-1
6	16	-1.86813	7.78847	273	334.281	-1
6	16	-1.71813	7.78847	390	454.781	-1
6	16	-1.56813	7.78847	3870	3962.38	-1
6	16	-1.41813	7.78847	4018	4080.34	-1
6	16	-1.86813	7.93847	1943	2034.66	-1
6	16	-1.71813	7.93847	-1	-1	-1
6	16	-1.56813	7.93847	-1	-1	-1
6	16	-1.41813	7.93847	-1	-1	-1
6	16	-1.86813	8.08847	-1	-1	-1
6	16	-1.71813	8.08847	-1	-1	-1
6	16	-1.56813	8.08847	-1	-1	-1
6	16	-1.41813	8.08847	-1	-1	-1
6	16	-1.86813	8.23847	-1	-1	-1
6	16	-1.71813	8.23847	-1	-1	-1
6	16	-1.56813	8.23847	-1	-1	-1
6	16	-1.41813	8.23847	-1	-1	-1
7	16	-4.7215	-1.18469	-1	-1	-1
7	16	-4.5715	-1.18469	-1	-1	-1
7	16	-4.4215	-1.18469	-1	-1	-1
7	16	-4.2715	-1.18469	-1	-1	-1
7	16	-4.7215	-1.03469	-1	-1	-1
7	16	-4.5715	-1.03469	-1	-1	-1
7	16	-4.4215	-1.03469	-1	-1	-1
7	16	-4.2715	-1.03469	-1	-1	-1
7	16	-4.7215	-0.884688	4056	4094.47	-1
7	16	-4.5715	-0.884688	1861	1899.81	-1
7	16	-4.4215	-0.884688	1937	1975.75	-1
7	16	-4.2715	-0.884688	-1	-1	-1
7	16	-4.7215	-0.734688	1756	1791.78	-1
7	16	-4.5715	-0.734688	1542	1583.84	-1
7	16	-4.4215	-0.734688	1654	1701.59	-1
7	16	-4.2715	-0.734688	-1	-1	-1
8	16	-4.62682	1.5557	-1	-1	-1
8	16	-4.47682	1.5557	1009	1055.53	-1
8	16	-4.32682	1.5557	896	948.594	-1
8	16	-4.17682	1.5557	646	705.125	-1
8	16	-4.62682	1.7057	1040	1116.19	-1
8	16	-4.47682	1.7057	836	878.188	-1
8	16	-4.32682	1.7057	718	772.438	-1
8	16	-4.17682	1.7057	311	446.25	-1
8	16	-4.62682	1.8557	1003	1058.53	-1
8	16	-4.47682	1.8557	809	873	-1
8	16	-4.32682	1.8557	605	649.438	-1
8	16	-4.17682	1.8557	491	555.469	-1
8	16	-4.62682	2.0057	935	995.312	-1
8	16	-4.47682	2.0057	909	967.781	-1
8	16	-4.32682	2.0057	966	1023.97	-1
8	16	-4.17682	2.0057	693	732.969	-1
9	16	-2.4966	-8.9709	-1	-1	-1
9	16	-2.3466	-8.9709	-1	-1	-1
9	16	-2.1966	-8.9709	-1	-1	-1
9	16	-2.0466	-8.9709	-1	-1	-1
9	16	-2.4966	-8.8209	-1	-1	-1
9	16	-2.3466	-8.8209	-1	-1	-1
9	16	-2.1966	-8.8209	-1	-1	-1
9	16	-2.0466	-8.8209	-1	-1	-1
9	16	-2.4966	-8.6709	-1	-1	-1
9	16	-2.3466	-8.6709	-1	-1	-1
9	16	-2.1966	-8.6709	-1	-1	-1
9	16	-2.0466	-8.6709	-1	-1	-1
9	16	-2.4966	-8.5209	-1	-1	-1
9	16	-2.3466	-8.5209	-1	-1	-1
9	16	-2.1966	-8.5209	-1	-1	-1
9	16	-2.0466	-8.5209	-1	-1	-1
10	16	8.3335	4.22048	-1	-1	-1
10	16	8.4835	4.22048	-1	-1	-1
10	16	8.6335	4.22048	-1	-1	-1
10	16	8.7835	4.22048	-1	-1	-1
10	16	8.3335	4.37048	-1	-1	-1
10	16	8.4835	4.37048	-1	-1	-1
10	16	8.6335	4.37048	-1	-1	-1
10	16	8.7835	4.37048	-1	-1	-1
10	16	8.3335	4.52048	-1	-1	-1
10	16	8.4835	4.52048	-1	-1	-1
10	16	8.6335	4.52048	-1	-1	-1
10	16	8.7835	4.52048	3540	3616.5	-1
10	16	8.3335	4.67048	-1	-1	-1
10	16	8.4835	4.67048	-1	-1	-1
10	16	8.6335	4.67048	-1	-1	-1
10	16	8.7835	4.67048	-1	-1	-1
11	16	-1.68686	-7.8422	-1	-1	-1
11	16	-1.53686	-7.8422	-1	-1	-1
11	16	-1.38686	-7.8422	-1	-1	-1
11	16	-1.23686	-7.8422	-1	-1	-1
11	16	-1.68686	-7.6922	-1	-1	-1
11	16	-1.53686	-7.6922	-1	-1	-1
11	16	-1.38686	-7.6922	-1	-1	-1
11	16	-1.23686	-7.6922	-1	-1	-1
11	16	-1.68686	-7.5422	-1	-1	-1
11	16	-1.53686	-7.5422	-1	-1	-1
11	16	-1.38686	-7.5422	-1	-1	-1
11	16	-1.23686	-7.5422	-1	-1	-1
11	16	-1.68686	-7.3922	-1	-1	-1
11	16	-1.53686	-7.3922	-1	-1	-1
11	16	-1.38686	-7.3922	-1	-1	-1
11	16	-1.23686	-7.3922	-1	-1	-1
12	16	5.80284	-5.87331	-1	-1	-1
12	16	5.95284	-5.87331	-1	-1	-1
12	16	6.10284	-5.87331	-1	-1	-1
12	16	6.25284	-5.87331	-1	-1	-1
12	16	5.80284	-5.72331	-1	-1	-1
12	16	5.95284	-5.72331	-1	-1	-1
12	16	6.10284	-5.72331	-1	-1	-1
12	16	6.25284	-5.72331	-1	-1	-1
12	16	5.80284	-5.57331	-1	-1	-1
12	16	5.95284	-5.57331	-1	-1	-1
12	16	6.10284	-5.57331	-1	-1	-1
12	16	6.25284	-5.57331	-1	-1	-1
12	16	5.80284	-5.42331	-1	-1	-1
12	16	5.95284	-5.42331	-1	-1	-1
12	16	6.10284	-5.42331	-1	-1	-1
12	16	6.25284	-5.42331	-1	-1	-1
13	16	-1.58627	-3.5663	-1	-1	-1
13	16	-1.43627	-3.5663	-1	-1	-1
13	16	-1.28627	-3.5663	-1	-1	-1
13	16	-1.13627	-3.5663	-1	-1	-1
13	16	-1.58627	-3.4163	-1	-1	-1
13	16	-1.43627	-3.4163	-1	-1	-1
13	16	-1.28627	-3.4163	-1	-1	-1
13	16	-1.13627	-3.4163	-1	-1	-1
13	16	-1.58627	-3.2663	-1	-1	-1
13	16	-1.43627	-3.2663	-1	-1	-1
13	16	-1.28627	-3.2663	-1	-1	-1
13	16	-1.13627	-3.2663	-1	-1	-1
13	16	-1.58627	-3.1163	-1	-1	-1
13	16	-1.43627	-3.1163	3869	3982.91	-1
13	16	-1.28627	-3.1163	-1	-1	-1
13	16	-1.13627	-3.1163	-1	-1	-1
14	16	-5.31516	6.52084	-1	-1	-1
14	16	-5.16516	6.52084	5269	5392.22	-1
14	16	-5.01516	6.52084	-1	-1	-1
14	16	-4.86516	6.52084	-1	-1	-1
14	16	-5.31516	6.67084	-1	-1	-1
14	16	-5.16516	6.67084	-1	-1	-1
14	16	-5.01516	6.67084	-1	-1	-1
14	16	-4.86516	6.67084	-1	-1	-1
14	16	-5.31516	6.82084	-1	-1	-1
14	16	-5.16516	6.82084	-1	-1	-1
14	16	-5.01516	6.82084	-1	-1	-1
14	16	-4.86516	6.82084	-1	-1	-1
14	16	-5.31516	6.97084	-1	-1	-1
14	16	-5.16516	6.97084	-1	-1	-1
14	16	-5.01516	6.97084	-1	-1	-1
14	16	-4.86516	6.97084	-1	-1	-1
15	16	-8.43378	2.63782	-1	-1	-1
15	16	-8.28378	2.63782	-1	-1	-1
15	16	-8.13378	2.63782	-1	-1	-1
15	16	-7.98378	2.63782	5058	5146.06	-1
15	16	-8.43378	2.78782	-1	-1	-1
15	16	-8.28378	2.78782	-1	-1	-1
15	16	-8.13378	2.78782	-1	-1	-1
15	16	-7.98378	2.78782	-1	-1	-1
15	16	-8.43378	2.93782	-1	-1	-1
15	16	-8.28378	2.93782	-1	-1	-1
15	16	-8.13378	2.93782	-1	-1	-1
15	16	-7.98378	2.93782	-1	-1	-1
15	16	-8.43378	3.08782	-1	-1	-1
15	16	-8.28378	3.08782	-1	-1	-1
15	16	-8.13378	3.08782	-1	-1	-1
15	16	-7.98378	3.08782	-1	-1	-1
16	16	-3.402	-1.07223	481	511.531	-1
16	16	-3.252	-1.07223	428	458.844	-1
16	16	-3.102	-1.07223	679	705.031	-1
16	16	-2.952	-1.07223	54	177.562	-1
16	16	-3.402	-0.922227	-1	-1	-1
16	16	-3.252	-0.922227	-1	-1	-1
16	16	-3.102	-0.922227	269	303.531	-1
16	16	-2.952	-0.922227	63	89.4375	-1
16	16	-3.402	-0.772227	-1	-1	-1
16	16	-3.252	-0.772227	-1	-1	-1
16	16	-3.102	-0.772227	-1	-1	-1
16	16	-2.952	-0.772227	3603	3733.69	-1
16	16	-3.402	-0.622227	-1	-1	-1
16	16	-3.252	-0.622227	-1	-1	-1
16	16	-3.102	-0.622227	-1	-1	-1
16	16	-2.952	-0.622227	-1	-1	-1
17	16	7.44161	-4.15111	-1	-1	-1
17	16	7.59161	-4.15111	-1	-1	-1
17	16	7.74161	-4.15111	-1	-1	-1
17	16	7.89161	-4.15111	-1	-1	-1
17	16	7.44161	-4.00111	-1	-1	-1
17	16	7.59161	-4.00111	-1	-1	-1
17	16	7.74161	-4.00111	-1	-1	-1
17	16	7.89161	-4.00111	-1	-1	-1
17	16	7.44161	-3.85111	-1	-1	-1
17	16	7.59161	-3.85111	-1	-1	-1
17	16	7.74161	-3.85111	-1	-1	-1
17	16	7.89161	-3.85111	-1	-1	-1
17	16	7.44161	-3.70111	-1	-1	-1
17	16	7.59161	-3.70111	-1	-1	-1
17	16	7.74161	-3.70111	-1	-1	-1
17	16	7.89161	-3.70111	-1	-1	-1
18	16	5.92883	3.29405	159	272.719	-1
18	16	6.07883	3.29405	-1	-1	-1
18	16	6.22883	3.29405	-1	-1	-1
18	16	6.37883	3.29405	-1	-1	-1
18	16	5.92883	3.44405	-1	-1	-1
18	16	6.07883	3.44405	-1	-1	-1
18	16	6.22883	3.44405	-1	-1	-1
18	16	6.37883	3.44405	-1	-1	-1
18	16	5.92883	3.59405	-1	-1	-1
18	16	6.07883	3.59405	-1	-1	-1
18	16	6.22883	3.59405	-1	-1	-1
18	16	6.37883	3.59405	-1	-1	-1
18	16	5.92883	3.74405	-1	-1	-1
18	16	6.07883	3.74405	-1	-1	-1
18	16	6.22883	3.74405	-1	-1	-1
18	16	6.37883	3.74405	-1	-1	-1
19	16	0.866702	5.92957	4557	4618.41	-1
19	16	1.0167	5.92957	4432	4483.53	-1
19	16	1.1667	5.92957	4527	4654.28	-1
19	16	1.3167	5.92957	3896	3996.5	-1
19	16	0.866702	6.07957	-1	-1	-1
19	16	1.0167	6.07957	-1	-1	-1
19	16	1.1667	6.07957	-1	-1	-1
19	16	1.3167	6.07957	4052	4110.94	-1
19	16	0.866702	6.22957	-1	-1	-1
19	16	1.0167	6.22957	-1	-1	-1
19	16	1.1667	6.22957	-1	-1	-1
19	16	1.3167	6.22957	-1	-1	-1
19	16	0.866702	6.37957	-1	-1	-1
19	16	1.0167	6.37957	-1	-1	-1
19	16	1.1667	6.37957	-1	-1	-1
19	16	1.3167	6.37957	-1	-1	-1
20	16	3.33071	-0.834281	3831	3952.97	-1
20	16	3.48071	-0.834281	-1	-1	-1
20	16	3.63071	-0.834281	-1	-1	-1
20	16	3.78071	-0.834281	-1	-1	-1
20	16	3.33071	-0.684281	-1	-1	-1
20	16	3.48071	-0.684281	-1	-1	-1
20	16	3.63071	-0.684281	-1	-1	-1
20	16	3.78071	-0.684281	-1	-1	-1
20	16	3.33071	-0.534281	951	1072.28	-1
20	16	3.48071	-0.534281	-1	-1	-1
20	16	3.63071	-0.534281	-1	-1	-1
20	16	3.78071	-0.534281	-1	-1	-1
20	16	3.33071	-0.384281	-1	-1	-1
20	16	3.48071	-0.384281	-1	-1	-1
20	16	3.63071	-0.384281	-1	-1	-1
20	16	3.78071	-0.384281	-1	-1	-1
21	16	6.10496	-3.23343	-1	-1	-1
21	16	6.25496	-3.23343	-1	-1	-1
21	16	6.40496	-3.23343	-1	-1	-1
21	16	6.55496	-3.23343	-1	-1	-1
21	16	6.10496	-3.08343	-1	-1	-1
21	16	6.25496	-3.08343	-1	-1	-1
21	16	6.40496	-3.08343	-1	-1	-1
21	16	6.55496	-3.08343	-1	-1	-1
21	16	6.10496	-2.93343	-1	-1	-1
21	16	6.25496	-2.93343	-1	-1	-1
21	16	6.40496	-2.93343	-1	-1	-1
21	16	6.55496	-2.93343	-1	-1	-1
21	16	6.10496	-2.78343	-1	-1	-1
21	16	6.25496	-2.78343	-1	-1	-1
21	16	6.40496	-2.78343	-1	-1	-1
21	16	6.55496	-2.78343	-1	-1	-1
0	256	4.3652	-6.02185	-1	-1	-1
0	256	1.02031	-9.15893	-1	-1	-1
0	256	4.75146	-5.19321	-1	-1	-1
0	256	-0.0364035	-5.34738	-1	-1	-1
0	256	-7.78572	-1.30308	-1	-1	-1
0	256	-7.4193	-2.70594	-1	-1	-1
0	256	7.54284	-5.87077	-1	-1	-1
0	256	-7.22179	-2.2864	-1	-1	-1
0	256	8.23033	-1.39424	-1	-1	-1
0	256	-4.49472	3.72069	1288	1447.34	-1
0	256	7.21855	-1.27168	-1	-1	-1
0	256	7.558	-0.809645	-1	-1	-1
0	256	6.29	7.58959	-1	-1	-1
0	256	7.24021	-5.46743	-1	-1	-1
0	256	-4.41644	-6.2349	1624	1751.53	-1
0	256	-8.69014	2.41053	3897	3964.34	-1
0	256	1.30286	7.63071	-1	-1	-1
0	256	-6.35679	-6.00306	-1	-1	-1
0	256	-0.829118	-0.518552	11	29.1562	-1
0	256	-4.6634	4.06714	2473	2627.06	-1
0	256	-3.16366	8.31109	-1	-1	-1
0	256	4.73436	2.20818	2974	3096.66	-1
0	256	-0.986753	4.23089	40	75.5938	-1
0	256	4.40641	2.08791	544	583.812	-1
0	256	8.20453	1.80642	-1	-1	-1
0	256	9.48909	1.62955	1424	1494.44	-1
0	256	5.88596	4.51348	-1	-1	-1
0	256	-3.06949	-8.05099	-1	-1	-1
0	256	-6.62699	-0.540665	-1	-1	-1
0	256	-3.51201	8.44891	5070	5168.28	-1
0	256	-6.11864	-2.76929	4890	5011.91	-1
0	256	-1.01055	-9.08	-1	-1	-1
0	256	-7.38995	0.612648	-1	-1	-1
0	256	-4.51393	5.01865	-1	-1	-1
0	256	2.18698	4.22211	104	237.75	-1
0	256	-3.22251	-8.51208	-1	-1	-1
0	256	4.89145	-1.45438	333	447.156	-1
0	256	-3.19589	-7.63273	-1	-1	-1
0	256	-1.75711	-4.64579	-1	-1	-1
0	256	6.79765	-4.36818	-1	-1	-1
0	256	-2.30773	-6.15222	-1	-1	-1
0	256	8.4442	-5.18098	-1	-1	-1
0	256	6.24646	-9.71342	-1	-1	-1
0	256	-5.39009	0.762	-1	-1	-1
0	256	-5.81807	-5.32313	2459	2607.06	-1
0	256	-7.8856	0.00734748	1540	1601.19	-1
0	256	6.72879	-3.13249	-1	-1	-1
0	256	6.20316	-4.41851	-1	-1	-1
0	256	5.24925	-3.31826	-1	-1	-1
0	256	-3.67862	-5.87832	-1	-1	-1
0	256	-3.83532	-2.78997	310	439.188	-1
0	256	5.86642	-1.76763	2459	2564.78	-1
0	256	0.623092	4.0184	4000	4033.38	-1
0	256	5.25355	-4.17455	-1	-1	-1
0	256	-6.4656	-3.0967	-1	-1	-1
0	256	-1.96189	-8.1394	-1	-1	-1
0	256	8.74686	-0.414411	-1	-1	-1
0	256	0.273179	8.08689	-1	-1	-1
0	256	-7.99127	-3.06576	-1	-1	-1
0	256	-2.77309	-5.46011	-1	-1	-1
0	256	8.02807	5.68873	-1	-1	-1
0	256	8.35246	-2.73677	-1	-1	-1
0	256	8.59352	-2.61338	-1	-1	-1
0	256	-3.40111	-3.35068	1385	1542.75	-1
0	256	1.21974	-5.30308	-1	-1	-1
0	256	4.39706	-5.03614	-1	-1	-1
0	256	5.17677	-3.15202	-1	-1	-1
0	256	-3.0814	-3.56401	3295	3477.97	-1
0	256	-2.93022	-6.30096	-1	-1	-1
0	256	-2.81026	5.33587	5227	5348.88	-1
0	256	-1.75924	-3.40487	-1	-1	-1
0	256	8.50384	-4.9439	-1	-1	-1
0	256	1.74661	-5.38704	669	715.875	-1
0	256	5.35736	-3.46085	-1	-1	-1
0	256	-5.81036	1.03177	-1	-1	-1
0	256	2.75139	9.31551	-1	-1	-1
0	256	-5.16379	-3.5124	-1	-1	-1
0	256	-7.76394	0.816944	-1	-1	-1
0	256	-3.09662	4.39362	-1	-1	-1
0	256	-4.42764	-7.70684	-1	-1	-1
0	256	-1.67176	-6.87313	-1	-1	-1
0	256	7.53714	-3.3659	-1	-1	-1
0	256	-5.82004	7.74273	-1	-1	-1
0	256	-2.50618	-6.29053	246	294.875	-1
0	256	-5.02128	-4.22842	962	1089.41	-1
0	256	1.94598	3.34156	2575	2610.66	-1
0	256	9.53832	-6.32278	-1	-1	-1
0	256	-6.07677	6.58705	-1	-1	-1
0	256	7.37913	-1.58753	-1	-1	-1
0	256	5.6887	-7.66578	-1	-1	-1
0	256	-8.74829	-2.25861	-1	-1	-1
0	256	5.22949	-5.81593	-1	-1	-1
0	256	-0.722439	6.53742	-1	-1	-1
0	256	-3.89063	-8.52507	-1	-1	-1
0	256	-2.95445	1.78915	5074	5213.84	-1
0	256	3.36501	7.22405	4580	4678	-1
0	256	4.85218	7.93477	-1	-1	-1
0	256	-1.72657	-3.97627	-1	-1	-1
0	256	-5.97132	6.05235	-1	-1	-1
0	256	-0.631129	7.22066	-1	-1	-1
0	256	-5.89003	2.8861	-1	-1	-1
0	256	5.74937	3.83218	-1	-1	-1
0	256	-3.37926	-2.34879	271	304.562	-1
0	256	7.9622	0.132539	1428	1522.59	-1
0	256	-1.57759	8.83337	-1	-1	-1
0	256	1.50316	-8.71761	3663	3754.06	-1
0	256	2.45108	-7.61877	-1	-1	-1
0	256	-5.17888	-1.74458	-1	-1	-1
0	256	3.05751	-0.216335	1489	1530.19	-1
0	256	7.85614	4.48657	-1	-1	-1
0	256	-6.34605	-3.05963	-1	-1	-1
0	256	5.56984	-7.95068	-1	-1	-1
0	256	-4.04678	1.17186	412	525.688	-1
0	256	9.1818	-3.90767	-1	-1	-1
0	256	6.72525	8.6251	-1	-1	-1
0	256	-6.21064	-4.56088	-1	-1	-1
0	256	-0.385196	8.13425	2693	2789.94	-1
0	256	-3.81418	-0.685661	-1	-1	-1
0	256	-6.81145	5.17593	-1	-1	-1
0	256	-4.26217	-6.80443	-1	-1	-1
0	256	3.69567	3.00304	247	387.625	-1
0	256	-4.72888	4.37932	1628	1683.5	-1
0	256	-5.19033	-0.647628	-1	-1	-1
0	256	-8.07264	-1.77331	3279	3379.84	-1
0	256	6.47935	-7.17876	-1	-1	-1
0	256	-4.04995	1.5307	502	541.375	-1
0	256	-3.8789	-3.73628	4593	4637.72	-1
0	256	7.80132	5.78044	-1	-1	-1
0	256	-2.2397	-7.07054	-1	-1	-1
0	256	9.27168	0.731311	-1	-1	-1
0	256	-5.92134	-4.30517	-1	-1	-1
0	256	4.59792	6.17193	-1	-1	-1
0	256	8.53017	4.96383	-1	-1	-1
0	256	-3.30448	-2.49814	738	889.812	-1
0	256	-2.41694	-7.7853	-1	-1	-1
0	256	-2.59948	-3.27618	468	501.25	-1
0	256	-9.03749	0.38944	-1	-1	-1
0	256	-8.62619	-3.7894	-1	-1	-1
0	256	8.11896	5.14695	5114	5186.12	-1
0	256	3.46217	0.694886	509	624	-1
0	256	6.88414	-1.89262	-1	-1	-1
0	256	-4.42683	4.08107	729	885.406	-1
0	256	3.1207	9.03779	-1	-1	-1
0	256	-1.17211	8.40953	4808	4896.03	-1
0	256	7.98196	-3.59484	-1	-1	-1
0	256	-3.50862	-8.88233	-1	-1	-1
0	256	7.18814	-2.17111	-1	-1	-1
0	256	2.079	8.20329	85	185.781	-1
0	256	-4.59963	-2.96551	3587	3706.69	-1
0	256	-7.75283	3.47941	-1	-1	-1
0	256	3.78183	-5.59376	-1	-1	-1
0	256	1.71932	8.8402	-1	-1	-1
0	256	-5.32862	-4.42013	1216	1360.09	-1
0	256	5.70351	-6.02582	-1	-1	-1
0	256	-4.66827	-0.637952	1618	1657.62	-1
0	256	-3.22189	2.51385	530	687.656	-1
0	256	5.5787	2.35415	-1	-1	-1
0	256	4.67444	-5.32522	-1	-1	-1
0	256	-3.18852	-5.3614	1922	2042.12	-1
0	256	-0.336322	5.32903	1233	1274.69	-1
0	256	4.03532	-1.44921	-1	-1	-1
0	256	-8.96115	-1.70178	-1	-1	-1
0	256	7.02734	1.70485	-1	-1	-1
0	256	6.03959	2.14996	1233	1280.44	-1
0	256	-2.74741	-7.97798	-1	-1	-1
0	256	3.81583	-9.06424	-1	-1	-1
0	256	-7.04928	3.8036	4246	4345.38	-1
0	256	-3.55764	8.84585	-1	-1	-1
0	256	-4.32737	6.58683	-1	-1	-1
0	256	6.62136	-7.34737	-1	-1	-1
0	256	8.53006	3.65508	-1	-1	-1
0	256	9.26262	1.0712	2450	2530.72	-1
0	256	2.22821	-5.19957	-1	-1	-1
0	256	-9.21049	3.70264	-1	-1	-1
0	256	-6.39434	-0.64933	-1	-1	-1
0	256	3.83405	0.698797	1699	1732.12	-1
0	256	0.153897	5.5822	322	425.406	-1
0	256	-3.02837	5.8363	-1	-1	-1
0	256	-4.34271	-2.34634	656	781.219	-1
0	256	-6.1178	4.02002	-1	-1	-1
0	256	-5.88361	7.57726	-1	-1	-1
0	256	5.30627	0.353024	-1	-1	-1
0	256	6.03217	1.0717	4024	4129.62	-1
0	256	3.27138	-7.12371	-1	-1	-1
0	256	-6.48669	5.29222	-1	-1	-1
0	256	-5.501	3.59619	-1	-1	-1
0	256	-0.555874	3.01611	370	488.281	-1
0	256	-7.19695	0.628898	1136	1230.5	-1
0	256	-3.05268	8.16734	5371	-1	-1
0	256	4.21326	3.50408	339	397.312	-1
0	256	-2.56905	-1.97601	82	247.125	-1
0	256	-7.19524	-5.56335	-1	-1	-1
0	256	-5.05807	-8.12682	-1	-1	-1
0	256	5.10228	-7.52792	-1	-1	-1
0	256	3.51027	-5.72162	-1	-1	-1
0	256	-8.75247	-2.01839	-1	-1	-1
0	256	-3.32601	6.32134	-1	-1	-1
0	256	6.75558	-3.45555	-1	-1	-1
0	256	6.62531	-1.35195	1983	2107.72	-1
0	256	-2.26983	9.21596	-1	-1	-1
0	256	-8.24087	4.2162	-1	-1	-1
0	256	6.24318	0.509891	-1	-1	-1
0	256	-7.80197	-8.74222	1571	1656.62	-1
0	256	-6.39394	5.47232	4812	4948.88	-1
0	256	2.04489	6.76741	-1	-1	-1
0	256	2.10575	6.50526	-1	-1	-1
0	256	-4.90319	-6.12941	93	225.906	-1
0	256	4.08293	-2.21645	-1	-1	-1
0	256	0.400432	3.8797	-1	-1	-1
0	256	4.10543	3.89068	2042	2090	-1
0	256	-2.16682	-5.84166	-1	-1	-1
0	256	-7.69113	3.29896	1532	1625.16	-1
0	256	-1.09841	8.84695	-1	-1	-1
0	256	-1.60261	-8.42322	-1	-1	-1
0	256	0.919541	-7.64302	-1	-1	-1
0	256	0.058073	7.8719	-1	-1	-1
0	256	-4.74324	3.73248	3438	3587.47	-1
0	256	6.79197	-6.59871	-1	-1	-1
0	256	-9.55381	-0.529416	-1	-1	-1
0	256	2.5034	-4.87743	-1	-1	-1
0	256	9.47527	0.41905	-1	-1	-1
0	256	-0.678256	7.63068	-1	-1	-1
0	256	5.9606	-7.97944	-1	-1	-1
0	256	-0.376579	9.09082	-1	-1	-1
0	256	6.00995	0.821492	4664	4765.44	-1
0	256	-5.09758	-2.66418	-1	-1	-1
0	256	8.38526	-1.17855	-1	-1	-1
0	256	4.44145	-1.06029	-1	-1	-1
0	256	5.93724	-6.35774	-1	-1	-1
0	256	-2.5218	4.42513	71	115.031	-1
0	256	-3.8283	3.36107	276	416.531	-1
0	256	-7.00137	6.30476	-1	-1	-1
0	256	-5.77454	-6.76904	-1	-1	-1
0	256	-7.95129	-5.76343	-1	-1	-1
0	256	-2.59057	9.29389	4127	4205.62	-1
0	256	5.86725	-6.66795	-1	-1	-1
0	256	-9.3661	0.51483	-1	-1	-1
0	256	7.03976	1.82817	-1	-1	-1
0	256	-7.83915	-5.30683	-1	-1	-1
0	256	-3.49385	0.577512	-1	-1	-1
0	256	-0.833457	-9.72472	-1	-1	-1
0	256	1.28966	8.62622	-1	-1	-1
0	256	-6.53115	-2.97334	-1	-1	-1
0	256	4.9495	3.08368	342	456.906	-1
0	256	-7.41883	-3.11747	1326	1437.09	-1
0	256	4.67498	5.23379	-1	-1	-1
0	256	5.00926	-3.97427	-1	-1	-1
0	256	5.83831	9.11199	-1	-1	-1
0	256	-6.28996	2.22922	73	122.5	-1
0	256	-6.87486	3.7973	-1	-1	-1
0	256	7.93555	-3.16985	-1	-1	-1
0	256	6.81835	6.91683	-1	-1	-1
0	256	-3.61521	-0.867335	-1	-1	-1
0	256	-6.94464	2.8389	-1	-1	-1
0	256	-7.674	1.27509	-1	-1	-1
0	256	5.70969	-0.18919	5359	-1	-1
