Pile ID	Distribution Type	X-Position	Y-Position	Pickup Time	Drop Off Time	Ant ID
1	1	-1.81038	-5.10166	-1	-1	-1
1	1	-1.66038	-5.10166	-1	-1	-1
1	1	-1.51038	-5.10166	3550	3594.78	-1
1	1	-1.36038	-5.10166	-1	-1	-1
1	1	-1.21038	-5.10166	2891	2954.34	-1
1	1	-1.06038	-5.10166	2712	2800.06	-1
1	1	-0.910384	-5.10166	2690	2767.81	-1
1	1	-0.760384	-5.10166	2815	2864.78	-1
1	1	-0.610384	-5.10166	-1	-1	-1
1	1	-0.460384	-5.10166	-1	-1	-1
1	1	-0.310384	-5.10166	-1	-1	-1
1	1	-0.160384	-5.10166	-1	-1	-1
1	1	-0.0103838	-5.10166	-1	-1	-1
1	1	0.139616	-5.10166	-1	-1	-1
1	1	0.289616	-5.10166	-1	-1	-1
1	1	0.439616	-5.10166	-1	-1	-1
1	1	-1.81038	-4.95166	3627	3697.25	-1
1	1	-1.66038	-4.95166	3393	3503	-1
1	1	-1.51038	-4.95166	3391	3436.97	-1
1	1	-1.36038	-4.95166	3005	3048.38	-1
1	1	-1.21038	-4.95166	2838	2904.56	-1
1	1	-1.06038	-4.95166	2661	2728.59	-1
1	1	-0.910384	-4.95166	2441	2521.06	-1
1	1	-0.760384	-4.95166	2543	2616.09	-1
1	1	-0.610384	-4.95166	2893	2941.41	-1
1	1	-0.460384	-4.95166	-1	-1	-1
1	1	-0.310384	-4.95166	-1	-1	-1
1	1	-0.160384	-4.95166	-1	-1	-1
1	1	-0.0103838	-4.95166	-1	-1	-1
1	1	0.139616	-4.95166	-1	-1	-1
1	1	0.289616	-4.95166	-1	-1	-1
1	1	0.439616	-4.95166	-1	-1	-1
1	1	-1.81038	-4.80166	3690	3745.53	-1
1	1	-1.66038	-4.80166	3279	3329.59	-1
1	1	-1.51038	-4.80166	3165	3222	-1
1	1	-1.36038	-4.80166	2866	2916.25	-1
1	1	-1.21038	-4.80166	2583	2640.59	-1
1	1	-1.06038	-4.80166	2551	2654.69	-1
1	1	-0.910384	-4.80166	2307	2349.97	-1
1	1	-0.760384	-4.80166	2579	2672.09	-1
1	1	-0.610384	-4.80166	2644	2704.25	-1
1	1	-0.460384	-4.80166	-1	-1	-1
1	1	-0.310384	-4.80166	-1	-1	-1
1	1	-0.160384	-4.80166	-1	-1	-1
1	1	-0.0103838	-4.80166	-1	-1	-1
1	1	0.139616	-4.80166	-1	-1	-1
1	1	0.289616	-4.80166	-1	-1	-1
1	1	0.439616	-4.80166	-1	-1	-1
1	1	-1.81038	-4.65166	3667	3741.62	-1
1	1	-1.66038	-4.65166	3289	3339.72	-1
1	1	-1.51038	-4.65166	3061	3104.19	-1
1	1	-1.36038	-4.65166	2961	3003.31	-1
1	1	-1.21038	-4.65166	2723	2783.28	-1
1	1	-1.06038	-4.65166	2236	2282.62	-1
1	1	-0.910384	-4.65166	2045	2156.38	-1
1	1	-0.760384	-4.65166	2192	2244.78	-1
1	1	-0.610384	-4.65166	2220	2291.16	-1
1	1	-0.460384	-4.65166	2680	2750.56	-1
1	1	-0.310384	-4.65166	-1	-1	-1
1	1	-0.160384	-4.65166	-1	-1	-1
1	1	-0.0103838	-4.65166	-1	-1	-1
1	1	0.139616	-4.65166	-1	-1	-1
1	1	0.289616	-4.65166	-1	-1	-1
1	1	0.439616	-4.65166	-1	-1	-1
1	1	-1.81038	-4.50166	3969	4010.59	-1
1	1	-1.66038	-4.50166	3542	3583.5	-1
1	1	-1.51038	-4.50166	3397	3440	-1
1	1	-1.36038	-4.50166	3704	3757.31	-1
1	1	-1.21038	-4.50166	4051	4111.75	-1
1	1	-1.06038	-4.50166	2746	2821.09	-1
1	1	-0.910384	-4.50166	2401	2460.28	-1
1	1	-0.760384	-4.50166	2350	2405.53	-1
1	1	-0.610384	-4.50166	2457	2555.69	-1
1	1	-0.460384	-4.50166	-1	-1	-1
1	1	-0.310384	-4.50166	-1	-1	-1
1	1	-0.160384	-4.50166	-1	-1	-1
1	1	-0.0103838	-4.50166	-1	-1	-1
1	1	0.139616	-4.50166	-1	-1	-1
1	1	0.289616	-4.50166	-1	-1	-1
1	1	0.439616	-4.50166	-1	-1	-1
1	1	-1.81038	-4.35166	-1	-1	-1
1	1	-1.66038	-4.35166	-1	-1	-1
1	1	-1.51038	-4.35166	3830	3872.72	-1
1	1	-1.36038	-4.35166	3799	3865.97	-1
1	1	-1.21038	-4.35166	3857	3903.53	-1
1	1	-1.06038	-4.35166	4275	4320.31	-1
1	1	-0.910384	-4.35166	-1	-1	-1
1	1	-0.760384	-4.35166	-1	-1	-1
1	1	-0.610384	-4.35166	-1	-1	-1
1	1	-0.460384	-4.35166	-1	-1	-1
1	1	-0.310384	-4.35166	-1	-1	-1
1	1	-0.160384	-4.35166	-1	-1	-1
1	1	-0.0103838	-4.35166	-1	-1	-1
1	1	0.139616	-4.35166	-1	-1	-1
1	1	0.289616	-4.35166	-1	-1	-1
1	1	0.439616	-4.35166	-1	-1	-1
1	1	-1.81038	-4.20166	-1	-1	-1
1	1	-1.66038	-4.20166	-1	-1	-1
1	1	-1.51038	-4.20166	3961	4007.56	-1
1	1	-1.36038	-4.20166	3962	4043.22	-1
1	1	-1.21038	-4.20166	4103	4181.44	-1
1	1	-1.06038	-4.20166	-1	-1	-1
1	1	-0.910384	-4.20166	-1	-1	-1
1	1	-0.760384	-4.20166	-1	-1	-1
1	1	-0.610384	-4.20166	-1	-1	-1
1	1	-0.460384	-4.20166	-1	-1	-1
1	1	-0.310384	-4.20166	-1	-1	-1
1	1	-0.160384	-4.20166	-1	-1	-1
1	1	-0.0103838	-4.20166	-1	-1	-1
1	1	0.139616	-4.20166	-1	-1	-1
1	1	0.289616	-4.20166	-1	-1	-1
1	1	0.439616	-4.20166	-1	-1	-1
1	1	-1.81038	-4.05166	-1	-1	-1
1	1	-1.66038	-4.05166	-1	-1	-1
1	1	-1.51038	-4.05166	-1	-1	-1
1	1	-1.36038	-4.05166	-1	-1	-1
1	1	-1.21038	-4.05166	-1	-1	-1
1	1	-1.06038	-4.05166	-1	-1	-1
1	1	-0.910384	-4.05166	-1	-1	-1
1	1	-0.760384	-4.05166	-1	-1	-1
1	1	-0.610384	-4.05166	-1	-1	-1
1	1	-0.460384	-4.05166	-1	-1	-1
1	1	-0.310384	-4.05166	-1	-1	-1
1	1	-0.160384	-4.05166	-1	-1	-1
1	1	-0.0103838	-4.05166	-1	-1	-1
1	1	0.139616	-4.05166	-1	-1	-1
1	1	0.289616	-4.05166	-1	-1	-1
1	1	0.439616	-4.05166	-1	-1	-1
1	1	-1.81038	-3.90166	-1	-1	-1
1	1	-1.66038	-3.90166	-1	-1	-1
1	1	-1.51038	-3.90166	-1	-1	-1
1	1	-1.36038	-3.90166	-1	-1	-1
1	1	-1.21038	-3.90166	-1	-1	-1
1	1	-1.06038	-3.90166	-1	-1	-1
1	1	-0.910384	-3.90166	-1	-1	-1
1	1	-0.760384	-3.90166	-1	-1	-1
1	1	-0.610384	-3.90166	-1	-1	-1
1	1	-0.460384	-3.90166	-1	-1	-1
1	1	-0.310384	-3.90166	-1	-1	-1
1	1	-0.160384	-3.90166	-1	-1	-1
1	1	-0.0103838	-3.90166	-1	-1	-1
1	1	0.139616	-3.90166	-1	-1	-1
1	1	0.289616	-3.90166	-1	-1	-1
1	1	0.439616	-3.90166	-1	-1	-1
1	1	-1.81038	-3.75166	-1	-1	-1
1	1	-1.66038	-3.75166	-1	-1	-1
1	1	-1.51038	-3.75166	-1	-1	-1
1	1	-1.36038	-3.75166	-1	-1	-1
1	1	-1.21038	-3.75166	-1	-1	-1
1	1	-1.06038	-3.75166	-1	-1	-1
1	1	-0.910384	-3.75166	-1	-1	-1
1	1	-0.760384	-3.75166	-1	-1	-1
1	1	-0.610384	-3.75166	-1	-1	-1
1	1	-0.460384	-3.75166	-1	-1	-1
1	1	-0.310384	-3.75166	-1	-1	-1
1	1	-0.160384	-3.75166	-1	-1	-1
1	1	-0.0103838	-3.75166	-1	-1	-1
1	1	0.139616	-3.75166	3280	3313.69	-1
1	1	0.289616	-3.75166	-1	-1	-1
1	1	0.439616	-3.75166	-1	-1	-1
1	1	-1.81038	-3.60166	-1	-1	-1
1	1	-1.66038	-3.60166	-1	-1	-1
1	1	-1.51038	-3.60166	-1	-1	-1
1	1	-1.36038	-3.60166	-1	-1	-1
1	1	-1.21038	-3.60166	-1	-1	-1
1	1	-1.06038	-3.60166	-1	-1	-1
1	1	-0.910384	-3.60166	-1	-1	-1
1	1	-0.760384	-3.60166	-1	-1	-1
1	1	-0.610384	-3.60166	-1	-1	-1
1	1	-0.460384	-3.60166	-1	-1	-1
1	1	-0.310384	-3.60166	-1	-1	-1
1	1	-0.160384	-3.60166	-1	-1	-1
1	1	-0.0103838	-3.60166	3029	3061.25	-1
1	1	0.139616	-3.60166	3141	3175.81	-1
1	1	0.289616	-3.60166	3164	3200.44	-1
1	1	0.439616	-3.60166	-1	-1	-1
1	1	-1.81038	-3.45166	-1	-1	-1
1	1	-1.66038	-3.45166	-1	-1	-1
1	1	-1.51038	-3.45166	-1	-1	-1
1	1	-1.36038	-3.45166	-1	-1	-1
1	1	-1.21038	-3.45166	-1	-1	-1
1	1	-1.06038	-3.45166	-1	-1	-1
1	1	-0.910384	-3.45166	-1	-1	-1
1	1	-0.760384	-3.45166	5364	-1	-1
1	1	-0.610384	-3.45166	-1	-1	-1
1	1	-0.460384	-3.45166	-1	-1	-1
1	1	-0.310384	-3.45166	5385	-1	-1
1	1	-0.160384	-3.45166	-1	-1	-1
1	1	-0.0103838	-3.45166	2926	2974.69	-1
1	1	0.139616	-3.45166	2886	2934.97	-1
1	1	0.289616	-3.45166	2811	2855.09	-1
1	1	0.439616	-3.45166	-1	-1	-1
1	1	-1.81038	-3.30166	-1	-1	-1
1	1	-1.66038	-3.30166	-1	-1	-1
1	1	-1.51038	-3.30166	-1	-1	-1
1	1	-1.36038	-3.30166	-1	-1	-1
1	1	-1.21038	-3.30166	-1	-1	-1
1	1	-1.06038	-3.30166	-1	-1	-1
1	1	-0.910384	-3.30166	5276	5307.69	-1
1	1	-0.760384	-3.30166	5209	5289.84	-1
1	1	-0.610384	-3.30166	5117	5246.91	-1
1	1	-0.460384	-3.30166	5291	5330.62	-1
1	1	-0.310384	-3.30166	2580	2634.38	-1
1	1	-0.160384	-3.30166	2406	2484.84	-1
1	1	-0.0103838	-3.30166	2365	2407.22	-1
1	1	0.139616	-3.30166	2563	2623.22	-1
1	1	0.289616	-3.30166	2687	2714.5	-1
1	1	0.439616	-3.30166	-1	-1	-1
1	1	-1.81038	-3.15166	-1	-1	-1
1	1	-1.66038	-3.15166	-1	-1	-1
1	1	-1.51038	-3.15166	-1	-1	-1
1	1	-1.36038	-3.15166	-1	-1	-1
1	1	-1.21038	-3.15166	-1	-1	-1
1	1	-1.06038	-3.15166	-1	-1	-1
1	1	-0.910384	-3.15166	5115	5146.75	-1
1	1	-0.760384	-3.15166	5171	5223.44	-1
1	1	-0.610384	-3.15166	4637	4668.62	-1
1	1	-0.460384	-3.15166	4509	4549.97	-1
1	1	-0.310384	-3.15166	2490	2525.91	-1
1	1	-0.160384	-3.15166	2081	2209.03	-1
1	1	-0.0103838	-3.15166	2252	2316.22	-1
1	1	0.139616	-3.15166	2466	2539.41	-1
1	1	0.289616	-3.15166	-1	-1	-1
1	1	0.439616	-3.15166	-1	-1	-1
1	1	-1.81038	-3.00166	-1	-1	-1
1	1	-1.66038	-3.00166	-1	-1	-1
1	1	-1.51038	-3.00166	-1	-1	-1
1	1	-1.36038	-3.00166	-1	-1	-1
1	1	-1.21038	-3.00166	4069	4098.91	-1
1	1	-1.06038	-3.00166	-1	-1	-1
1	1	-0.910384	-3.00166	5186	5231.12	-1
1	1	-0.760384	-3.00166	4521	4562.41	-1
1	1	-0.610384	-3.00166	4331	4453.59	-1
1	1	-0.460384	-3.00166	4478	4512.97	-1
1	1	-0.310384	-3.00166	2392	2448.59	-1
1	1	-0.160384	-3.00166	2247	2309.69	-1
1	1	-0.0103838	-3.00166	2274	2340.22	-1
1	1	0.139616	-3.00166	2570	2612.53	-1
1	1	0.289616	-3.00166	3528	3554.75	-1
1	1	0.439616	-3.00166	-1	-1	-1
1	1	-1.81038	-2.85166	-1	-1	-1
1	1	-1.66038	-2.85166	-1	-1	-1
1	1	-1.51038	-2.85166	5351	5379.47	-1
1	1	-1.36038	-2.85166	-1	-1	-1
1	1	-1.21038	-2.85166	3922	3967.41	-1
1	1	-1.06038	-2.85166	3998	4023.84	-1
1	1	-0.910384	-2.85166	4588	4657.16	-1
1	1	-0.760384	-2.85166	4550	4640.88	-1
1	1	-0.610384	-2.85166	4005	4140.56	-1
1	1	-0.460384	-2.85166	4230	4255.97	-1
1	1	-0.310384	-2.85166	4587	4650.5	-1
1	1	-0.160384	-2.85166	25	53.0312	-1
1	1	-0.0103838	-2.85166	2419	2510.09	-1
1	1	0.139616	-2.85166	3335	3465.91	-1
1	1	0.289616	-2.85166	3296	3429.06	-1
1	1	0.439616	-2.85166	3451	3487.62	-1
2	4	-4.27873	-6.82575	-1	-1	-1
2	4	-4.12873	-6.82575	-1	-1	-1
2	4	-3.97873	-6.82575	-1	-1	-1
2	4	-3.82873	-6.82575	-1	-1	-1
2	4	-3.67873	-6.82575	-1	-1	-1
2	4	-3.52873	-6.82575	-1	-1	-1
2	4	-3.37873	-6.82575	-1	-1	-1
2	4	-3.22873	-6.82575	-1	-1	-1
2	4	-4.27873	-6.67575	-1	-1	-1
2	4	-4.12873	-6.67575	-1	-1	-1
2	4	-3.97873	-6.67575	-1	-1	-1
2	4	-3.82873	-6.67575	-1	-1	-1
2	4	-3.67873	-6.67575	-1	-1	-1
2	4	-3.52873	-6.67575	-1	-1	-1
2	4	-3.37873	-6.67575	-1	-1	-1
2	4	-3.22873	-6.67575	-1	-1	-1
2	4	-4.27873	-6.52575	-1	-1	-1
2	4	-4.12873	-6.52575	-1	-1	-1
2	4	-3.97873	-6.52575	-1	-1	-1
2	4	-3.82873	-6.52575	-1	-1	-1
2	4	-3.67873	-6.52575	-1	-1	-1
2	4	-3.52873	-6.52575	-1	-1	-1
2	4	-3.37873	-6.52575	-1	-1	-1
2	4	-3.22873	-6.52575	-1	-1	-1
2	4	-4.27873	-6.37575	-1	-1	-1
2	4	-4.12873	-6.37575	-1	-1	-1
2	4	-3.97873	-6.37575	-1	-1	-1
2	4	-3.82873	-6.37575	-1	-1	-1
2	4	-3.67873	-6.37575	-1	-1	-1
2	4	-3.52873	-6.37575	-1	-1	-1
2	4	-3.37873	-6.37575	-1	-1	-1
2	4	-3.22873	-6.37575	-1	-1	-1
2	4	-4.27873	-6.22575	-1	-1	-1
2	4	-4.12873	-6.22575	-1	-1	-1
2	4	-3.97873	-6.22575	-1	-1	-1
2	4	-3.82873	-6.22575	-1	-1	-1
2	4	-3.67873	-6.22575	-1	-1	-1
2	4	-3.52873	-6.22575	-1	-1	-1
2	4	-3.37873	-6.22575	-1	-1	-1
2	4	-3.22873	-6.22575	-1	-1	-1
2	4	-4.27873	-6.07575	-1	-1	-1
2	4	-4.12873	-6.07575	-1	-1	-1
2	4	-3.97873	-6.07575	-1	-1	-1
2	4	-3.82873	-6.07575	-1	-1	-1
2	4	-3.67873	-6.07575	-1	-1	-1
2	4	-3.52873	-6.07575	-1	-1	-1
2	4	-3.37873	-6.07575	-1	-1	-1
2	4	-3.22873	-6.07575	-1	-1	-1
2	4	-4.27873	-5.92575	-1	-1	-1
2	4	-4.12873	-5.92575	-1	-1	-1
2	4	-3.97873	-5.92575	-1	-1	-1
2	4	-3.82873	-5.92575	-1	-1	-1
2	4	-3.67873	-5.92575	-1	-1	-1
2	4	-3.52873	-5.92575	-1	-1	-1
2	4	-3.37873	-5.92575	-1	-1	-1
2	4	-3.22873	-5.92575	-1	-1	-1
2	4	-4.27873	-5.77575	-1	-1	-1
2	4	-4.12873	-5.77575	4552	4694.56	-1
2	4	-3.97873	-5.77575	-1	-1	-1
2	4	-3.82873	-5.77575	-1	-1	-1
2	4	-3.67873	-5.77575	-1	-1	-1
2	4	-3.52873	-5.77575	-1	-1	-1
2	4	-3.37873	-5.77575	-1	-1	-1
2	4	-3.22873	-5.77575	-1	-1	-1
3	4	3.73135	-5.64309	-1	-1	-1
3	4	3.88135	-5.64309	-1	-1	-1
3	4	4.03135	-5.64309	-1	-1	-1
3	4	4.18135	-5.64309	-1	-1	-1
3	4	4.33135	-5.64309	-1	-1	-1
3	4	4.48135	-5.64309	-1	-1	-1
3	4	4.63135	-5.64309	-1	-1	-1
3	4	4.78135	-5.64309	-1	-1	-1
3	4	3.73135	-5.49309	-1	-1	-1
3	4	3.88135	-5.49309	-1	-1	-1
3	4	4.03135	-5.49309	-1	-1	-1
3	4	4.18135	-5.49309	-1	-1	-1
3	4	4.33135	-5.49309	-1	-1	-1
3	4	4.48135	-5.49309	-1	-1	-1
3	4	4.63135	-5.49309	-1	-1	-1
3	4	4.78135	-5.49309	-1	-1	-1
3	4	3.73135	-5.34309	-1	-1	-1
3	4	3.88135	-5.34309	-1	-1	-1
3	4	4.03135	-5.34309	-1	-1	-1
3	4	4.18135	-5.34309	-1	-1	-1
3	4	4.33135	-5.34309	-1	-1	-1
3	4	4.48135	-5.34309	-1	-1	-1
3	4	4.63135	-5.34309	-1	-1	-1
3	4	4.78135	-5.34309	-1	-1	-1
3	4	3.73135	-5.19309	4426	4473.47	-1
3	4	3.88135	-5.19309	4518	4573.47	-1
3	4	4.03135	-5.19309	-1	-1	-1
3	4	4.18135	-5.19309	-1	-1	-1
3	4	4.33135	-5.19309	-1	-1	-1
3	4	4.48135	-5.19309	-1	-1	-1
3	4	4.63135	-5.19309	-1	-1	-1
3	4	4.78135	-5.19309	-1	-1	-1
3	4	3.73135	-5.04309	4336	4382.88	-1
3	4	3.88135	-5.04309	-1	-1	-1
3	4	4.03135	-5.04309	-1	-1	-1
3	4	4.18135	-5.04309	-1	-1	-1
3	4	4.33135	-5.04309	-1	-1	-1
3	4	4.48135	-5.04309	-1	-1	-1
3	4	4.63135	-5.04309	-1	-1	-1
3	4	4.78135	-5.04309	-1	-1	-1
3	4	3.73135	-4.89309	-1	-1	-1
3	4	3.88135	-4.89309	-1	-1	-1
3	4	4.03135	-4.89309	-1	-1	-1
3	4	4.18135	-4.89309	-1	-1	-1
3	4	4.33135	-4.89309	-1	-1	-1
3	4	4.48135	-4.89309	-1	-1	-1
3	4	4.63135	-4.89309	407	464.938	-1
3	4	4.78135	-4.89309	386	488.875	-1
3	4	3.73135	-4.74309	-1	-1	-1
3	4	3.88135	-4.74309	-1	-1	-1
3	4	4.03135	-4.74309	-1	-1	-1
3	4	4.18135	-4.74309	-1	-1	-1
3	4	4.33135	-4.74309	-1	-1	-1
3	4	4.48135	-4.74309	542	593.344	-1
3	4	4.63135	-4.74309	350	406.688	-1
3	4	4.78135	-4.74309	168	299.719	-1
3	4	3.73135	-4.59309	-1	-1	-1
3	4	3.88135	-4.59309	-1	-1	-1
3	4	4.03135	-4.59309	-1	-1	-1
3	4	4.18135	-4.59309	4964	5011.72	-1
3	4	4.33135	-4.59309	-1	-1	-1
3	4	4.48135	-4.59309	-1	-1	-1
3	4	4.63135	-4.59309	478	532.688	-1
3	4	4.78135	-4.59309	365	458.094	-1
4	4	-0.0662143	7.12499	-1	-1	-1
4	4	0.0837857	7.12499	-1	-1	-1
4	4	0.233786	7.12499	-1	-1	-1
4	4	0.383786	7.12499	-1	-1	-1
4	4	0.533786	7.12499	-1	-1	-1
4	4	0.683786	7.12499	-1	-1	-1
4	4	0.833786	7.12499	-1	-1	-1
4	4	0.983786	7.12499	-1	-1	-1
4	4	-0.0662143	7.27499	-1	-1	-1
4	4	0.0837857	7.27499	-1	-1	-1
4	4	0.233786	7.27499	-1	-1	-1
4	4	0.383786	7.27499	-1	-1	-1
4	4	0.533786	7.27499	-1	-1	-1
4	4	0.683786	7.27499	-1	-1	-1
4	4	0.833786	7.27499	-1	-1	-1
4	4	0.983786	7.27499	-1	-1	-1
4	4	-0.0662143	7.42499	-1	-1	-1
4	4	0.0837857	7.42499	-1	-1	-1
4	4	0.233786	7.42499	-1	-1	-1
4	4	0.383786	7.42499	-1	-1	-1
4	4	0.533786	7.42499	-1	-1	-1
4	4	0.683786	7.42499	-1	-1	-1
4	4	0.833786	7.42499	-1	-1	-1
4	4	0.983786	7.42499	-1	-1	-1
4	4	-0.0662143	7.57499	-1	-1	-1
4	4	0.0837857	7.57499	-1	-1	-1
4	4	0.233786	7.57499	-1	-1	-1
4	4	0.383786	7.57499	-1	-1	-1
4	4	0.533786	7.57499	-1	-1	-1
4	4	0.683786	7.57499	-1	-1	-1
4	4	0.833786	7.57499	-1	-1	-1
4	4	0.983786	7.57499	-1	-1	-1
4	4	-0.0662143	7.72499	-1	-1	-1
4	4	0.0837857	7.72499	-1	-1	-1
4	4	0.233786	7.72499	-1	-1	-1
4	4	0.383786	7.72499	-1	-1	-1
4	4	0.533786	7.72499	-1	-1	-1
4	4	0.683786	7.72499	-1	-1	-1
4	4	0.833786	7.72499	-1	-1	-1
4	4	0.983786	7.72499	-1	-1	-1
4	4	-0.0662143	7.87499	-1	-1	-1
4	4	0.0837857	7.87499	-1	-1	-1
4	4	0.233786	7.87499	-1	-1	-1
4	4	0.383786	7.87499	-1	-1	-1
4	4	0.533786	7.87499	-1	-1	-1
4	4	0.683786	7.87499	-1	-1	-1
4	4	0.833786	7.87499	-1	-1	-1
4	4	0.983786	7.87499	-1	-1	-1
4	4	-0.0662143	8.02499	-1	-1	-1
4	4	0.0837857	8.02499	-1	-1	-1
4	4	0.233786	8.02499	-1	-1	-1
4	4	0.383786	8.02499	-1	-1	-1
4	4	0.533786	8.02499	-1	-1	-1
4	4	0.683786	8.02499	-1	-1	-1
4	4	0.833786	8.02499	-1	-1	-1
4	4	0.983786	8.02499	-1	-1	-1
4	4	-0.0662143	8.17499	-1	-1	-1
4	4	0.0837857	8.17499	-1	-1	-1
4	4	0.233786	8.17499	-1	-1	-1
4	4	0.383786	8.17499	-1	-1	-1
4	4	0.533786	8.17499	-1	-1	-1
4	4	0.683786	8.17499	-1	-1	-1
4	4	0.833786	8.17499	-1	-1	-1
4	4	0.983786	8.17499	-1	-1	-1
5	4	-1.28809	-1.24801	4312	4496.31	-1
5	4	-1.13809	-1.24801	2401	2581.06	-1
5	4	-0.988089	-1.24801	1523	1543.38	-1
5	4	-0.838089	-1.24801	1501	1532.81	-1
5	4	-0.688089	-1.24801	2092	2261.25	-1
5	4	-0.538089	-1.24801	2276	2323.62	-1
5	4	-0.388089	-1.24801	3482	3606.59	-1
5	4	-0.238089	-1.24801	3629	3643	-1
5	4	-1.28809	-1.09801	-1	-1	-1
5	4	-1.13809	-1.09801	1641	1658.38	-1
5	4	-0.988089	-1.09801	1371	1434.47	-1
5	4	-0.838089	-1.09801	1266	1351.47	-1
5	4	-0.688089	-1.09801	1144	1252.12	-1
5	4	-0.538089	-1.09801	1344	1399.38	-1
5	4	-0.388089	-1.09801	1416	1433.91	-1
5	4	-0.238089	-1.09801	3718	3732.41	-1
5	4	-1.28809	-0.94801	3964	4116.12	-1
5	4	-1.13809	-0.94801	1479	1519	-1
5	4	-0.988089	-0.94801	1395	1470.03	-1
5	4	-0.838089	-0.94801	1167	1210.59	-1
5	4	-0.688089	-0.94801	923	1093.44	-1
5	4	-0.538089	-0.94801	1068	1274.94	-1
5	4	-0.388089	-0.94801	238	277.781	-1
5	4	-0.238089	-0.94801	329	365.188	-1
5	4	-1.28809	-0.79801	3627	3770.97	-1
5	4	-1.13809	-0.79801	3697	3776.59	-1
5	4	-0.988089	-0.79801	1371	1430.81	-1
5	4	-0.838089	-0.79801	1207	1258.53	-1
5	4	-0.688089	-0.79801	1103	1119.62	-1
5	4	-0.538089	-0.79801	1221	1267.94	-1
5	4	-0.388089	-0.79801	58	203.969	-1
5	4	-0.238089	-0.79801	212	228.656	-1
5	4	-1.28809	-0.64801	3838	4000.72	-1
5	4	-1.13809	-0.64801	3392	3407.12	-1
5	4	-0.988089	-0.64801	1970	1985.31	-1
5	4	-0.838089	-0.64801	1346	1375.97	-1
5	4	-0.688089	-0.64801	1285	1313.28	-1
5	4	-0.538089	-0.64801	3547	3712.97	-1
5	4	-0.388089	-0.64801	272	346.25	-1
5	4	-0.238089	-0.64801	247	266	-1
5	4	-1.28809	-0.49801	4298	4314.56	-1
5	4	-1.13809	-0.49801	1997	2011.84	-1
5	4	-0.988089	-0.49801	935	967.781	-1
5	4	-0.838089	-0.49801	841	879.25	-1
5	4	-0.688089	-0.49801	663	804.156	-1
5	4	-0.538089	-0.49801	717	729.125	-1
5	4	-0.388089	-0.49801	428	447.5	-1
5	4	-0.238089	-0.49801	451	467.062	-1
5	4	-1.28809	-0.34801	138	155.531	-1
5	4	-1.13809	-0.34801	3435	3458.47	-1
5	4	-0.988089	-0.34801	1005	1018.56	-1
5	4	-0.838089	-0.34801	882	923.594	-1
5	4	-0.688089	-0.34801	811	836.844	-1
5	4	-0.538089	-0.34801	121	131.125	-1
5	4	-0.388089	-0.34801	276	299.719	-1
5	4	-0.238089	-0.34801	10	29.8438	-1
5	4	-1.28809	-0.19801	52	75.25	-1
5	4	-1.13809	-0.19801	106	134.531	-1
5	4	-0.988089	-0.19801	2444	2581.06	-1
5	4	-0.838089	-0.19801	779	949.625	-1
5	4	-0.688089	-0.19801	80	130.781	-1
5	4	-0.538089	-0.19801	9	20.9375	-1
5	4	-0.388089	-0.19801	27	55.4688	-1
5	4	-0.238089	-0.19801	17	45.4375	-1
6	16	-2.52056	9.16544	-1	-1	-1
6	16	-2.37056	9.16544	-1	-1	-1
6	16	-2.22056	9.16544	-1	-1	-1
6	16	-2.07056	9.16544	-1	-1	-1
6	16	-2.52056	9.31544	-1	-1	-1
6	16	-2.37056	9.31544	-1	-1	-1
6	16	-2.22056	9.31544	-1	-1	-1
6	16	-2.07056	9.31544	-1	-1	-1
6	16	-2.52056	9.46544	-1	-1	-1
6	16	-2.37056	9.46544	-1	-1	-1
6	16	-2.22056	9.46544	-1	-1	-1
6	16	-2.07056	9.46544	-1	-1	-1
6	16	-2.52056	9.61544	-1	-1	-1
6	16	-2.37056	9.61544	-1	-1	-1
6	16	-2.22056	9.61544	-1	-1	-1
6	16	-2.07056	9.61544	-1	-1	-1
7	16	4.70388	1.73115	1791	1840.34	-1
7	16	4.85388	1.73115	1912	1960.75	-1
7	16	5.00388	1.73115	2116	2157.59	-1
7	16	5.15388	1.73115	-1	-1	-1
7	16	4.70388	1.88115	1540	1590.84	-1
7	16	4.85388	1.88115	1680	1888.84	-1
7	16	5.00388	1.88115	1960	2019.5	-1
7	16	5.15388	1.88115	2151	2196.34	-1
7	16	4.70388	2.03115	1371	1422.19	-1
7	16	4.85388	2.03115	1629	1691.47	-1
7	16	5.00388	2.03115	1914	1971.25	-1
7	16	5.15388	2.03115	2041	2120.69	-1
7	16	4.70388	2.18115	1205	1324.41	-1
7	16	4.85388	2.18115	1546	1657.81	-1
7	16	5.00388	2.18115	1763	1838.22	-1
7	16	5.15388	2.18115	2022	2082.78	-1
8	16	-0.0444522	5.59118	-1	-1	-1
8	16	0.105548	5.59118	3505	3617.06	-1
8	16	0.255548	5.59118	701	820.094	-1
8	16	0.405548	5.59118	3501	3612.78	-1
8	16	-0.0444522	5.74118	-1	-1	-1
8	16	0.105548	5.74118	-1	-1	-1
8	16	0.255548	5.74118	-1	-1	-1
8	16	0.405548	5.74118	-1	-1	-1
8	16	-0.0444522	5.89118	-1	-1	-1
8	16	0.105548	5.89118	-1	-1	-1
8	16	0.255548	5.89118	-1	-1	-1
8	16	0.405548	5.89118	-1	-1	-1
8	16	-0.0444522	6.04118	-1	-1	-1
8	16	0.105548	6.04118	-1	-1	-1
8	16	0.255548	6.04118	-1	-1	-1
8	16	0.405548	6.04118	-1	-1	-1
9	16	7.61231	1.69611	-1	-1	-1
9	16	7.76231	1.69611	-1	-1	-1
9	16	7.91231	1.69611	-1	-1	-1
9	16	8.06231	1.69611	-1	-1	-1
9	16	7.61231	1.84611	-1	-1	-1
9	16	7.76231	1.84611	-1	-1	-1
9	16	7.91231	1.84611	-1	-1	-1
9	16	8.06231	1.84611	-1	-1	-1
9	16	7.61231	1.99611	1042	1099.16	-1
9	16	7.76231	1.99611	-1	-1	-1
9	16	7.91231	1.99611	-1	-1	-1
9	16	8.06231	1.99611	-1	-1	-1
9	16	7.61231	2.14611	-1	-1	-1
9	16	7.76231	2.14611	-1	-1	-1
9	16	7.91231	2.14611	-1	-1	-1
9	16	8.06231	2.14611	-1	-1	-1
10	16	-2.59039	-4.75067	-1	-1	-1
10	16	-2.44039	-4.75067	-1	-1	-1
10	16	-2.29039	-4.75067	-1	-1	-1
10	16	-2.14039	-4.75067	-1	-1	-1
10	16	-2.59039	-4.60067	-1	-1	-1
10	16	-2.44039	-4.60067	-1	-1	-1
10	16	-2.29039	-4.60067	-1	-1	-1
10	16	-2.14039	-4.60067	-1	-1	-1
10	16	-2.59039	-4.45067	-1	-1	-1
10	16	-2.44039	-4.45067	-1	-1	-1
10	16	-2.29039	-4.45067	-1	-1	-1
10	16	-2.14039	-4.45067	-1	-1	-1
10	16	-2.59039	-4.30067	-1	-1	-1
10	16	-2.44039	-4.30067	-1	-1	-1
10	16	-2.29039	-4.30067	-1	-1	-1
10	16	-2.14039	-4.30067	-1	-1	-1
11	16	-1.83961	2.97834	-1	-1	-1
11	16	-1.68961	2.97834	960	998.688	-1
11	16	-1.53961	2.97834	886	914.875	-1
11	16	-1.38961	2.97834	522	662.688	-1
11	16	-1.83961	3.12834	4919	4950.41	-1
11	16	-1.68961	3.12834	-1	-1	-1
11	16	-1.53961	3.12834	3764	3793.66	-1
11	16	-1.38961	3.12834	2292	2326.66	-1
11	16	-1.83961	3.27834	4698	4729.53	-1
11	16	-1.68961	3.27834	4808	4843.66	-1
11	16	-1.53961	3.27834	5004	5035.66	-1
11	16	-1.38961	3.27834	741	772.062	-1
11	16	-1.83961	3.42834	4446	4580.59	-1
11	16	-1.68961	3.42834	4781	4824.84	-1
11	16	-1.53961	3.42834	4871	4916.09	-1
11	16	-1.38961	3.42834	-1	-1	-1
12	16	5.97039	1.70681	-1	-1	-1
12	16	6.12039	1.70681	-1	-1	-1
12	16	6.27039	1.70681	-1	-1	-1
12	16	6.42039	1.70681	-1	-1	-1
12	16	5.97039	1.85681	-1	-1	-1
12	16	6.12039	1.85681	-1	-1	-1
12	16	6.27039	1.85681	-1	-1	-1
12	16	6.42039	1.85681	-1	-1	-1
12	16	5.97039	2.00681	-1	-1	-1
12	16	6.12039	2.00681	-1	-1	-1
12	16	6.27039	2.00681	-1	-1	-1
12	16	6.42039	2.00681	-1	-1	-1
12	16	5.97039	2.15681	-1	-1	-1
12	16	6.12039	2.15681	-1	-1	-1
12	16	6.27039	2.15681	-1	-1	-1
12	16	6.42039	2.15681	-1	-1	-1
13	16	3.05122	3.59126	3773	3930.66	-1
13	16	3.20122	3.59126	-1	-1	-1
13	16	3.35122	3.59126	-1	-1	-1
13	16	3.50122	3.59126	-1	-1	-1
13	16	3.05122	3.74126	3332	3464.16	-1
13	16	3.20122	3.74126	4727	4863	-1
13	16	3.35122	3.74126	-1	-1	-1
13	16	3.50122	3.74126	-1	-1	-1
13	16	3.05122	3.89126	4897	4944.19	-1
13	16	3.20122	3.89126	4921	4976	-1
13	16	3.35122	3.89126	-1	-1	-1
13	16	3.50122	3.89126	-1	-1	-1
13	16	3.05122	4.04126	181	229.406	-1
13	16	3.20122	4.04126	-1	-1	-1
13	16	3.35122	4.04126	-1	-1	-1
13	16	3.50122	4.04126	-1	-1	-1
14	16	4.46034	-0.343624	1576	1633.69	-1
14	16	4.61034	-0.343624	1473	1534.44	-1
14	16	4.76034	-0.343624	1697	1736.19	-1
14	16	4.91034	-0.343624	1743	1785.53	-1
14	16	4.46034	-0.193624	1204	1243.38	-1
14	16	4.61034	-0.193624	1289	1332.88	-1
14	16	4.76034	-0.193624	1612	1658.91	-1
14	16	4.91034	-0.193624	4302	4344.69	-1
14	16	4.46034	-0.0436237	635	747.969	-1
14	16	4.61034	-0.0436237	1365	1405.47	-1
14	16	4.76034	-0.0436237	-1	-1	-1
14	16	4.91034	-0.0436237	-1	-1	-1
14	16	4.46034	0.106376	1599	1640.09	-1
14	16	4.61034	0.106376	-1	-1	-1
14	16	4.76034	0.106376	-1	-1	-1
14	16	4.91034	0.106376	-1	-1	-1
15	16	3.02914	-7.77617	-1	-1	-1
15	16	3.17914	-7.77617	-1	-1	-1
15	16	3.32914	-7.77617	-1	-1	-1
15	16	3.47914	-7.77617	-1	-1	-1
15	16	3.02914	-7.62617	-1	-1	-1
15	16	3.17914	-7.62617	-1	-1	-1
15	16	3.32914	-7.62617	-1	-1	-1
15	16	3.47914	-7.62617	-1	-1	-1
15	16	3.02914	-7.47617	-1	-1	-1
15	16	3.17914	-7.47617	-1	-1	-1
15	16	3.32914	-7.47617	-1	-1	-1
15	16	3.47914	-7.47617	-1	-1	-1
15	16	3.02914	-7.32617	-1	-1	-1
15	16	3.17914	-7.32617	-1	-1	-1
15	16	3.32914	-7.32617	-1	-1	-1
15	16	3.47914	-7.32617	-1	-1	-1
16	16	1.29405	-1.85697	3006	3169.56	-1
16	16	1.44405	-1.85697	3833	3967.66	-1
16	16	1.59405	-1.85697	3268	3305.16	-1
16	16	1.74405	-1.85697	4707	4877.75	-1
16	16	1.29405	-1.70697	2994	3168.44	-1
16	16	1.44405	-1.70697	3753	3950.31	-1
16	16	1.59405	-1.70697	3120	3142.41	-1
16	16	1.74405	-1.70697	3175	3219.25	-1
16	16	1.29405	-1.55697	2926	3077.69	-1
16	16	1.44405	-1.55697	2900	3064.88	-1
16	16	1.59405	-1.55697	1011	1181.28	-1
16	16	1.74405	-1.55697	1790	1962.56	-1
16	16	1.29405	-1.40697	622	644.844	-1
16	16	1.44405	-1.40697	540	566.938	-1
16	16	1.59405	-1.40697	98	121.688	-1
16	16	1.74405	-1.40697	41	65.375	-1
17	16	-8.43018	3.3901	-1	-1	-1
17	16	-8.28018	3.3901	-1	-1	-1
17	16	-8.13018	3.3901	-1	-1	-1
17	16	-7.98018	3.3901	-1	-1	-1
17	16	-8.43018	3.5401	-1	-1	-1
17	16	-8.28018	3.5401	-1	-1	-1
17	16	-8.13018	3.5401	-1	-1	-1
17	16	-7.98018	3.5401	-1	-1	-1
17	16	-8.43018	3.6901	5277	5344.09	-1
17	16	-8.28018	3.6901	-1	-1	-1
17	16	-8.13018	3.6901	-1	-1	-1
17	16	-7.98018	3.6901	-1	-1	-1
17	16	-8.43018	3.8401	5117	5182.69	-1
17	16	-8.28018	3.8401	-1	-1	-1
17	16	-8.13018	3.8401	-1	-1	-1
17	16	-7.98018	3.8401	-1	-1	-1
18	16	4.16815	5.51174	-1	-1	-1
18	16	4.31815	5.51174	83	217.812	-1
18	16	4.46815	5.51174	1054	1109.25	-1
18	16	4.61815	5.51174	-1	-1	-1
18	16	4.16815	5.66174	-1	-1	-1
18	16	4.31815	5.66174	-1	-1	-1
18	16	4.46815	5.66174	-1	-1	-1
18	16	4.61815	5.66174	-1	-1	-1
18	16	4.16815	5.81174	-1	-1	-1
18	16	4.31815	5.81174	-1	-1	-1
18	16	4.46815	5.81174	-1	-1	-1
18	16	4.61815	5.81174	-1	-1	-1
18	16	4.16815	5.96174	-1	-1	-1
18	16	4.31815	5.96174	-1	-1	-1
18	16	4.46815	5.96174	-1	-1	-1
18	16	4.61815	5.96174	-1	-1	-1
19	16	-3.40831	8.43521	-1	-1	-1
19	16	-3.25831	8.43521	-1	-1	-1
19	16	-3.10831	8.43521	-1	-1	-1
19	16	-2.95831	8.43521	-1	-1	-1
19	16	-3.40831	8.58521	-1	-1	-1
19	16	-3.25831	8.58521	-1	-1	-1
19	16	-3.10831	8.58521	-1	-1	-1
19	16	-2.95831	8.58521	-1	-1	-1
19	16	-3.40831	8.73521	-1	-1	-1
19	16	-3.25831	8.73521	-1	-1	-1
19	16	-3.10831	8.73521	-1	-1	-1
19	16	-2.95831	8.73521	-1	-1	-1
19	16	-3.40831	8.88521	-1	-1	-1
19	16	-3.25831	8.88521	-1	-1	-1
19	16	-3.10831	8.88521	-1	-1	-1
19	16	-2.95831	8.88521	-1	-1	-1
20	16	-3.7713	5.52136	4155	4287.28	-1
20	16	-3.6213	5.52136	532	655.688	-1
20	16	-3.4713	5.52136	-1	-1	-1
20	16	-3.3213	5.52136	-1	-1	-1
20	16	-3.7713	5.67136	-1	-1	-1
20	16	-3.6213	5.67136	-1	-1	-1
20	16	-3.4713	5.67136	-1	-1	-1
20	16	-3.3213	5.67136	-1	-1	-1
20	16	-3.7713	5.82136	-1	-1	-1
20	16	-3.6213	5.82136	-1	-1	-1
20	16	-3.4713	5.82136	-1	-1	-1
20	16	-3.3213	5.82136	-1	-1	-1
20	16	-3.7713	5.97136	-1	-1	-1
20	16	-3.6213	5.97136	-1	-1	-1
20	16	-3.4713	5.97136	-1	-1	-1
20	16	-3.3213	5.97136	-1	-1	-1
21	16	-6.92429	-1.59258	-1	-1	-1
21	16	-6.77429	-1.59258	-1	-1	-1
21	16	-6.62429	-1.59258	-1	-1	-1
21	16	-6.47429	-1.59258	486	612.656	-1
21	16	-6.92429	-1.44258	-1	-1	-1
21	16	-6.77429	-1.44258	-1	-1	-1
21	16	-6.62429	-1.44258	-1	-1	-1
21	16	-6.47429	-1.44258	3866	3979.88	-1
21	16	-6.92429	-1.29258	1160	1223.66	-1
21	16	-6.77429	-1.29258	-1	-1	-1
21	16	-6.62429	-1.29258	-1	-1	-1
21	16	-6.47429	-1.29258	-1	-1	-1
21	16	-6.92429	-1.14258	893	963.219	-1
21	16	-6.77429	-1.14258	1043	1099.38	-1
21	16	-6.62429	-1.14258	-1	-1	-1
21	16	-6.47429	-1.14258	-1	-1	-1
0	256	-5.66369	0.800105	611	655.344	-1
0	256	0.613273	-4.54311	5094	5130.47	-1
0	256	1.20438	8.28448	-1	-1	-1
0	256	-1.44215	4.8645	-1	-1	-1
0	256	-2.71573	-4.48292	-1	-1	-1
0	256	0.957234	-3.71509	5324	-1	-1
0	256	2.82861	5.08408	-1	-1	-1
0	256	2.58182	8.95332	-1	-1	-1
0	256	8.36746	-0.123625	-1	-1	-1
0	256	-5.80398	1.63879	-1	-1	-1
0	256	4.87475	4.37433	-1	-1	-1
0	256	-5.35792	5.59528	-1	-1	-1
0	256	0.66164	6.56622	-1	-1	-1
0	256	-8.18648	1.18556	-1	-1	-1
0	256	7.73001	2.76062	-1	-1	-1
0	256	-3.89953	-0.71304	2422	2454.72	-1
0	256	6.66861	-0.98667	-1	-1	-1
0	256	7.87693	6.06253	-1	-1	-1
0	256	4.84646	7.2526	109	229.625	-1
0	256	5.41771	-3.00011	-1	-1	-1
0	256	6.10417	-5.01978	-1	-1	-1
0	256	-7.43576	-3.17691	4845	4902.81	-1
0	256	-6.34314	-6.80418	-1	-1	-1
0	256	8.47824	-3.97247	-1	-1	-1
0	256	-0.359475	3.89677	1033	1066.78	-1
0	256	-2.84671	5.59809	582	629.219	-1
0	256	5.11637	0.700244	680	804.281	-1
0	256	0.081852	-6.03697	-1	-1	-1
0	256	0.57841	-5.39514	-1	-1	-1
0	256	0.674257	5.34926	2796	2912.03	-1
0	256	7.22922	-4.04255	-1	-1	-1
0	256	6.94795	-3.04841	-1	-1	-1
0	256	-5.86647	7.65368	-1	-1	-1
0	256	2.55351	5.42713	3009	3121.16	-1
0	256	-3.23789	-4.25144	-1	-1	-1
0	256	-3.70388	-9.26555	-1	-1	-1
0	256	7.47505	-5.69697	-1	-1	-1
0	256	-0.853111	3.3932	4031	4153.62	-1
0	256	7.01573	-7.21821	-1	-1	-1
0	256	-0.41044	-5.77969	-1	-1	-1
0	256	4.63949	1.09547	1774	1907.06	-1
0	256	6.65138	-5.06752	-1	-1	-1
0	256	4.58106	-2.1033	657	777.344	-1
0	256	-2.73752	7.15215	-1	-1	-1
0	256	3.29136	0.625219	1596	1712	-1
0	256	6.52499	-1.50589	-1	-1	-1
0	256	-6.60778	-6.50688	-1	-1	-1
0	256	2.25219	4.22367	-1	-1	-1
0	256	8.20811	-2.45178	4419	4483.78	-1
0	256	-2.32943	2.68198	2978	3096.47	-1
0	256	-6.36367	2.0081	-1	-1	-1
0	256	8.16832	-1.93118	3211	3275.09	-1
0	256	5.40813	-5.9971	-1	-1	-1
0	256	-4.95767	3.083	987	1101.75	-1
0	256	2.06958	-5.96711	1104	1150.94	-1
0	256	8.72938	3.14841	-1	-1	-1
0	256	2.17876	6.20413	5114	5163.91	-1
0	256	6.90692	0.602714	-1	-1	-1
0	256	6.43802	-6.23535	-1	-1	-1
0	256	-0.614881	-8.69122	-1	-1	-1
0	256	2.04793	-1.65945	494	521.062	-1
0	256	9.2072	3.10398	-1	-1	-1
0	256	4.33923	-0.411147	-1	-1	-1
0	256	-7.79023	2.18987	-1	-1	-1
0	256	3.83536	-6.65275	3763	3879.72	-1
0	256	3.09402	9.4484	-1	-1	-1
0	256	1.15123	9.2688	-1	-1	-1
0	256	6.69428	3.86949	-1	-1	-1
0	256	2.59111	-6.74551	-1	-1	-1
0	256	-6.11867	4.97178	4353	4412.97	-1
0	256	7.01211	2.95139	-1	-1	-1
0	256	-3.8227	-3.0461	-1	-1	-1
0	256	4.83043	6.11045	-1	-1	-1
0	256	-6.62989	2.97476	728	848.094	-1
0	256	-2.43328	-8.22482	-1	-1	-1
0	256	4.06618	-7.3131	-1	-1	-1
0	256	3.30284	-7.11414	-1	-1	-1
0	256	1.57175	7.84938	-1	-1	-1
0	256	8.89647	4.07791	-1	-1	-1
0	256	1.39397	4.08545	58	94.875	-1
0	256	-2.18639	6.37224	-1	-1	-1
0	256	-1.38261	-8.51263	-1	-1	-1
0	256	6.20319	6.87368	-1	-1	-1
0	256	-7.87039	-2.5632	-1	-1	-1
0	256	-4.55027	-7.36382	-1	-1	-1
0	256	-7.45038	-4.2141	3354	3464.12	-1
0	256	4.90611	1.17401	-1	-1	-1
0	256	7.52943	1.3369	-1	-1	-1
0	256	-4.41539	-0.51724	-1	-1	-1
0	256	6.60669	-1.28679	-1	-1	-1
0	256	-8.27112	5.05983	-1	-1	-1
0	256	7.01576	4.40625	-1	-1	-1
0	256	-7.29343	-6.42095	-1	-1	-1
0	256	4.42561	5.33302	271	323.156	-1
0	256	-3.54062	3.53703	4165	4207.56	-1
0	256	-0.642995	4.24539	3151	3271.53	-1
0	256	-3.66706	-1.40363	2047	2092.84	-1
0	256	-9.26648	-2.12339	-1	-1	-1
0	256	8.60987	-0.456899	4402	4489.5	-1
0	256	-8.69332	-4.27051	-1	-1	-1
0	256	1.67288	-4.68487	-1	-1	-1
0	256	9.10198	-4.04291	-1	-1	-1
0	256	5.56467	8.0887	-1	-1	-1
0	256	-5.39245	1.26761	-1	-1	-1
0	256	7.69521	5.08425	-1	-1	-1
0	256	5.50762	-4.17799	4718	4851.34	-1
0	256	-9.26169	2.46197	-1	-1	-1
0	256	-6.8363	-5.39897	-1	-1	-1
0	256	-6.93956	6.6975	-1	-1	-1
0	256	-2.08302	2.38949	1808	1953.31	-1
0	256	2.60989	4.94925	-1	-1	-1
0	256	5.95434	-1.99178	1059	1166.5	-1
0	256	-2.84283	7.70953	-1	-1	-1
0	256	-5.34005	-7.82737	-1	-1	-1
0	256	2.28998	1.49403	2141	2214	-1
0	256	1.66623	-4.12591	-1	-1	-1
0	256	-8.96477	2.25553	-1	-1	-1
0	256	-5.40788	2.24692	-1	-1	-1
0	256	4.06829	2.28728	1799	1836.62	-1
0	256	-8.37929	3.0848	-1	-1	-1
0	256	6.10227	-7.06696	-1	-1	-1
0	256	6.34367	4.11682	-1	-1	-1
0	256	7.7857	-1.79038	-1	-1	-1
0	256	-0.79087	5.69502	-1	-1	-1
0	256	-4.92342	0.2793	4265	4306.22	-1
0	256	-9.07047	0.12756	-1	-1	-1
0	256	-7.71275	3.72063	-1	-1	-1
0	256	-3.8539	1.90505	707	819.812	-1
0	256	5.8226	5.34517	-1	-1	-1
0	256	5.66411	0.214419	-1	-1	-1
0	256	-6.58221	-2.30049	-1	-1	-1
0	256	3.74336	-2.65895	-1	-1	-1
0	256	-4.86814	2.29236	2740	2875.28	-1
0	256	5.71596	3.35647	2088	2204.69	-1
0	256	-3.10434	-4.7246	-1	-1	-1
0	256	6.30972	5.51871	921	993.375	-1
0	256	6.88445	-4.66913	-1	-1	-1
0	256	6.65675	5.71236	-1	-1	-1
0	256	7.22622	0.383155	-1	-1	-1
0	256	-1.12032	-6.08284	-1	-1	-1
0	256	-9.09181	0.341901	-1	-1	-1
0	256	-6.39725	-0.463848	-1	-1	-1
0	256	2.3238	-2.93407	-1	-1	-1
0	256	7.73387	-4.21485	-1	-1	-1
0	256	6.20202	0.976596	-1	-1	-1
0	256	6.65807	-1.17651	-1	-1	-1
0	256	-7.50877	5.78586	-1	-1	-1
0	256	-2.35029	6.39156	-1	-1	-1
0	256	5.68894	-2.60641	-1	-1	-1
0	256	2.02969	-8.90818	-1	-1	-1
0	256	4.05555	-6.65413	-1	-1	-1
0	256	-5.46309	-6.98251	-1	-1	-1
0	256	-4.75368	4.99774	-1	-1	-1
0	256	2.98333	8.77072	-1	-1	-1
0	256	7.8267	-2.94803	-1	-1	-1
0	256	2.80858	5.64135	-1	-1	-1
0	256	4.60947	-8.12027	5072	5143.38	-1
0	256	-7.83357	5.05285	-1	-1	-1
0	256	-2.70288	8.33826	-1	-1	-1
0	256	-0.682448	4.06018	2790	2829.56	-1
0	256	7.40932	-1.34152	-1	-1	-1
0	256	2.09383	5.61375	-1	-1	-1
0	256	1.27776	8.73842	-1	-1	-1
0	256	-4.89412	1.5448	-1	-1	-1
0	256	6.99692	5.75574	-1	-1	-1
0	256	7.09309	-4.96092	-1	-1	-1
0	256	-4.09168	8.52582	-1	-1	-1
0	256	3.77468	-0.18108	681	792.562	-1
0	256	-4.85777	-0.355329	-1	-1	-1
0	256	-2.74706	-2.67133	504	673.875	-1
0	256	-2.75267	-3.67557	4011	4162.66	-1
0	256	-3.84658	-1.62151	-1	-1	-1
0	256	1.88278	7.33076	5264	5319.22	-1
0	256	-2.63889	6.68247	-1	-1	-1
0	256	1.27166	9.18169	-1	-1	-1
0	256	-9.18302	7.58112	-1	-1	-1
0	256	-7.76957	-0.37287	-1	-1	-1
0	256	-4.81135	-3.37829	-1	-1	-1
0	256	1.45539	2.80919	809	959.844	-1
0	256	8.0713	-7.09944	5302	-1	-1
0	256	-7.69638	-3.34998	-1	-1	-1
0	256	-8.79557	1.91419	-1	-1	-1
0	256	3.96722	-7.83126	-1	-1	-1
0	256	5.77436	2.9592	3721	3827.69	-1
0	256	-6.89644	-1.83649	1979	2088.56	-1
0	256	7.79481	1.51167	-1	-1	-1
0	256	7.19434	-3.29076	-1	-1	-1
0	256	-6.23199	1.33396	2131	2234.56	-1
0	256	7.95562	5.10361	-1	-1	-1
0	256	3.19054	6.35475	-1	-1	-1
0	256	8.41754	3.54064	-1	-1	-1
0	256	1.65992	-9.64638	-1	-1	-1
0	256	-3.57098	-5.46318	-1	-1	-1
0	256	-6.48928	-5.7431	-1	-1	-1
0	256	2.02273	-8.70741	-1	-1	-1
0	256	0.537366	-7.73253	-1	-1	-1
0	256	-2.33914	-2.30502	-1	-1	-1
0	256	0.00750662	-8.42644	-1	-1	-1
0	256	5.63252	-3.85883	-1	-1	-1
0	256	1.67326	-7.26115	-1	-1	-1
0	256	-6.10943	-3.97437	-1	-1	-1
0	256	-3.7915	2.79778	1603	1749.69	-1
0	256	0.854305	-4.0045	4712	4837.94	-1
0	256	2.17821	-2.75715	1947	1980.56	-1
0	256	3.42088	0.951363	494	524.344	-1
0	256	5.02693	8.30329	-1	-1	-1
0	256	5.97511	-4.12617	-1	-1	-1
0	256	2.89288	1.36981	676	709.062	-1
0	256	-4.09317	5.18963	4540	4677.22	-1
0	256	6.8808	-1.97183	-1	-1	-1
0	256	-8.56564	-3.53374	-1	-1	-1
0	256	-4.48	-4.59946	-1	-1	-1
0	256	3.65758	5.13684	-1	-1	-1
0	256	4.63867	2.43064	1797	1851.84	-1
0	256	-2.82411	4.61513	-1	-1	-1
0	256	-5.8219	-6.92364	2153	2276.62	-1
0	256	6.329	-3.76689	-1	-1	-1
0	256	-2.91396	-6.37735	-1	-1	-1
0	256	-0.310235	5.8046	4358	4402.44	-1
0	256	6.76621	6.02937	-1	-1	-1
0	256	-6.3113	0.887219	-1	-1	-1
0	256	2.05356	4.84124	4036	4154.31	-1
0	256	-2.90772	7.92195	-1	-1	-1
0	256	-0.273783	-6.18355	-1	-1	-1
0	256	2.85994	6.79215	5295	-1	-1
0	256	-3.05745	-7.89389	-1	-1	-1
0	256	2.85297	-3.63723	-1	-1	-1
0	256	8.3638	-0.862931	-1	-1	-1
0	256	4.42924	8.23404	-1	-1	-1
0	256	7.04662	-5.31373	-1	-1	-1
0	256	-2.67988	-5.97678	-1	-1	-1
0	256	-5.80956	5.76663	-1	-1	-1
0	256	0.9908	6.17024	5241	5298.06	-1
0	256	6.16275	-1.02817	4683	4785.53	-1
0	256	2.71343	-5.67242	1629	1737.5	-1
0	256	-5.64252	4.53622	4909	4962.09	-1
0	256	3.94868	-3.22679	3340	3484.53	-1
0	256	8.60038	-1.42928	-1	-1	-1
0	256	4.04814	5.06885	71	119.5	-1
0	256	-1.20402	7.91351	-1	-1	-1
0	256	-2.0313	7.49202	5303	5364.62	-1
0	256	-8.09661	0.86135	-1	-1	-1
0	256	1.13841	6.69295	-1	-1	-1
0	256	-7.73399	5.92426	-1	-1	-1
0	256	0.197126	6.13919	-1	-1	-1
0	256	-4.6598	-5.68215	-1	-1	-1
0	256	4.80642	-1.90742	387	507.688	-1
0	256	-3.77111	3.0856	1599	1757.22	-1
0	256	-3.56556	-8.57287	-1	-1	-1
0	256	0.715027	4.4221	1991	2104.53	-1
0	256	-0.91244	5.19873	-1	-1	-1
0	256	0.997345	-2.83385	1098	1131.91	-1
0	256	6.31458	5.17816	587	709.938	-1
0	256	-5.40422	4.57966	-1	-1	-1
0	256	9.50518	2.22063	-1	-1	-1
0	256	7.90374	2.42107	-1	-1	-1
