Pile ID	Distribution Type	X-Position	Y-Position	Pickup Time	Drop Off Time	Ant ID
1	1	4.52231	6.59558	2813	2934.75	-1
1	1	4.67231	6.59558	-1	-1	-1
1	1	4.82231	6.59558	-1	-1	-1
1	1	4.97231	6.59558	-1	-1	-1
1	1	5.12231	6.59558	-1	-1	-1
1	1	5.27231	6.59558	4006	4078.22	-1
1	1	5.42231	6.59558	3804	3933.19	-1
1	1	5.57231	6.59558	4218	4281.25	-1
1	1	5.72231	6.59558	3304	3435.22	-1
1	1	5.87231	6.59558	4930	5066.66	-1
1	1	6.02231	6.59558	-1	-1	-1
1	1	6.17231	6.59558	-1	-1	-1
1	1	6.32231	6.59558	-1	-1	-1
1	1	6.47231	6.59558	-1	-1	-1
1	1	6.62231	6.59558	-1	-1	-1
1	1	6.77231	6.59558	4379	4496.5	-1
1	1	4.52231	6.74558	-1	-1	-1
1	1	4.67231	6.74558	-1	-1	-1
1	1	4.82231	6.74558	-1	-1	-1
1	1	4.97231	6.74558	-1	-1	-1
1	1	5.12231	6.74558	-1	-1	-1
1	1	5.27231	6.74558	-1	-1	-1
1	1	5.42231	6.74558	-1	-1	-1
1	1	5.57231	6.74558	-1	-1	-1
1	1	5.72231	6.74558	-1	-1	-1
1	1	5.87231	6.74558	-1	-1	-1
1	1	6.02231	6.74558	-1	-1	-1
1	1	6.17231	6.74558	-1	-1	-1
1	1	6.32231	6.74558	-1	-1	-1
1	1	6.47231	6.74558	-1	-1	-1
1	1	6.62231	6.74558	-1	-1	-1
1	1	6.77231	6.74558	-1	-1	-1
1	1	4.52231	6.89558	-1	-1	-1
1	1	4.67231	6.89558	-1	-1	-1
1	1	4.82231	6.89558	-1	-1	-1
1	1	4.97231	6.89558	-1	-1	-1
1	1	5.12231	6.89558	-1	-1	-1
1	1	5.27231	6.89558	-1	-1	-1
1	1	5.42231	6.89558	-1	-1	-1
1	1	5.57231	6.89558	-1	-1	-1
1	1	5.72231	6.89558	-1	-1	-1
1	1	5.87231	6.89558	-1	-1	-1
1	1	6.02231	6.89558	-1	-1	-1
1	1	6.17231	6.89558	-1	-1	-1
1	1	6.32231	6.89558	-1	-1	-1
1	1	6.47231	6.89558	-1	-1	-1
1	1	6.62231	6.89558	-1	-1	-1
1	1	6.77231	6.89558	-1	-1	-1
1	1	4.52231	7.04558	-1	-1	-1
1	1	4.67231	7.04558	-1	-1	-1
1	1	4.82231	7.04558	-1	-1	-1
1	1	4.97231	7.04558	-1	-1	-1
1	1	5.12231	7.04558	-1	-1	-1
1	1	5.27231	7.04558	-1	-1	-1
1	1	5.42231	7.04558	-1	-1	-1
1	1	5.57231	7.04558	-1	-1	-1
1	1	5.72231	7.04558	-1	-1	-1
1	1	5.87231	7.04558	-1	-1	-1
1	1	6.02231	7.04558	-1	-1	-1
1	1	6.17231	7.04558	-1	-1	-1
1	1	6.32231	7.04558	-1	-1	-1
1	1	6.47231	7.04558	-1	-1	-1
1	1	6.62231	7.04558	-1	-1	-1
1	1	6.77231	7.04558	-1	-1	-1
1	1	4.52231	7.19558	-1	-1	-1
1	1	4.67231	7.19558	-1	-1	-1
1	1	4.82231	7.19558	-1	-1	-1
1	1	4.97231	7.19558	-1	-1	-1
1	1	5.12231	7.19558	-1	-1	-1
1	1	5.27231	7.19558	-1	-1	-1
1	1	5.42231	7.19558	-1	-1	-1
1	1	5.57231	7.19558	-1	-1	-1
1	1	5.72231	7.19558	-1	-1	-1
1	1	5.87231	7.19558	-1	-1	-1
1	1	6.02231	7.19558	-1	-1	-1
1	1	6.17231	7.19558	-1	-1	-1
1	1	6.32231	7.19558	-1	-1	-1
1	1	6.47231	7.19558	-1	-1	-1
1	1	6.62231	7.19558	-1	-1	-1
1	1	6.77231	7.19558	-1	-1	-1
1	1	4.52231	7.34558	-1	-1	-1
1	1	4.67231	7.34558	-1	-1	-1
1	1	4.82231	7.34558	-1	-1	-1
1	1	4.97231	7.34558	-1	-1	-1
1	1	5.12231	7.34558	-1	-1	-1
1	1	5.27231	7.34558	-1	-1	-1
1	1	5.42231	7.34558	-1	-1	-1
1	1	5.57231	7.34558	-1	-1	-1
1	1	5.72231	7.34558	-1	-1	-1
1	1	5.87231	7.34558	-1	-1	-1
1	1	6.02231	7.34558	-1	-1	-1
1	1	6.17231	7.34558	-1	-1	-1
1	1	6.32231	7.34558	-1	-1	-1
1	1	6.47231	7.34558	-1	-1	-1
1	1	6.62231	7.34558	-1	-1	-1
1	1	6.77231	7.34558	-1	-1	-1
1	1	4.52231	7.49558	-1	-1	-1
1	1	4.67231	7.49558	-1	-1	-1
1	1	4.82231	7.49558	-1	-1	-1
1	1	4.97231	7.49558	-1	-1	-1
1	1	5.12231	7.49558	-1	-1	-1
1	1	5.27231	7.49558	-1	-1	-1
1	1	5.42231	7.49558	-1	-1	-1
1	1	5.57231	7.49558	-1	-1	-1
1	1	5.72231	7.49558	-1	-1	-1
1	1	5.87231	7.49558	-1	-1	-1
1	1	6.02231	7.49558	-1	-1	-1
1	1	6.17231	7.49558	-1	-1	-1
1	1	6.32231	7.49558	-1	-1	-1
1	1	6.47231	7.49558	-1	-1	-1
1	1	6.62231	7.49558	-1	-1	-1
1	1	6.77231	7.49558	-1	-1	-1
1	1	4.52231	7.64558	-1	-1	-1
1	1	4.67231	7.64558	-1	-1	-1
1	1	4.82231	7.64558	-1	-1	-1
1	1	4.97231	7.64558	-1	-1	-1
1	1	5.12231	7.64558	-1	-1	-1
1	1	5.27231	7.64558	-1	-1	-1
1	1	5.42231	7.64558	-1	-1	-1
1	1	5.57231	7.64558	-1	-1	-1
1	1	5.72231	7.64558	-1	-1	-1
1	1	5.87231	7.64558	-1	-1	-1
1	1	6.02231	7.64558	-1	-1	-1
1	1	6.17231	7.64558	-1	-1	-1
1	1	6.32231	7.64558	-1	-1	-1
1	1	6.47231	7.64558	-1	-1	-1
1	1	6.62231	7.64558	-1	-1	-1
1	1	6.77231	7.64558	-1	-1	-1
1	1	4.52231	7.79558	-1	-1	-1
1	1	4.67231	7.79558	-1	-1	-1
1	1	4.82231	7.79558	-1	-1	-1
1	1	4.97231	7.79558	-1	-1	-1
1	1	5.12231	7.79558	-1	-1	-1
1	1	5.27231	7.79558	-1	-1	-1
1	1	5.42231	7.79558	-1	-1	-1
1	1	5.57231	7.79558	-1	-1	-1
1	1	5.72231	7.79558	-1	-1	-1
1	1	5.87231	7.79558	-1	-1	-1
1	1	6.02231	7.79558	-1	-1	-1
1	1	6.17231	7.79558	-1	-1	-1
1	1	6.32231	7.79558	-1	-1	-1
1	1	6.47231	7.79558	-1	-1	-1
1	1	6.62231	7.79558	-1	-1	-1
1	1	6.77231	7.79558	-1	-1	-1
1	1	4.52231	7.94558	-1	-1	-1
1	1	4.67231	7.94558	-1	-1	-1
1	1	4.82231	7.94558	-1	-1	-1
1	1	4.97231	7.94558	-1	-1	-1
1	1	5.12231	7.94558	-1	-1	-1
1	1	5.27231	7.94558	-1	-1	-1
1	1	5.42231	7.94558	-1	-1	-1
1	1	5.57231	7.94558	-1	-1	-1
1	1	5.72231	7.94558	-1	-1	-1
1	1	5.87231	7.94558	-1	-1	-1
1	1	6.02231	7.94558	-1	-1	-1
1	1	6.17231	7.94558	-1	-1	-1
1	1	6.32231	7.94558	-1	-1	-1
1	1	6.47231	7.94558	-1	-1	-1
1	1	6.62231	7.94558	-1	-1	-1
1	1	6.77231	7.94558	-1	-1	-1
1	1	4.52231	8.09558	-1	-1	-1
1	1	4.67231	8.09558	-1	-1	-1
1	1	4.82231	8.09558	-1	-1	-1
1	1	4.97231	8.09558	-1	-1	-1
1	1	5.12231	8.09558	-1	-1	-1
1	1	5.27231	8.09558	-1	-1	-1
1	1	5.42231	8.09558	-1	-1	-1
1	1	5.57231	8.09558	-1	-1	-1
1	1	5.72231	8.09558	-1	-1	-1
1	1	5.87231	8.09558	-1	-1	-1
1	1	6.02231	8.09558	-1	-1	-1
1	1	6.17231	8.09558	-1	-1	-1
1	1	6.32231	8.09558	-1	-1	-1
1	1	6.47231	8.09558	-1	-1	-1
1	1	6.62231	8.09558	-1	-1	-1
1	1	6.77231	8.09558	-1	-1	-1
1	1	4.52231	8.24558	-1	-1	-1
1	1	4.67231	8.24558	-1	-1	-1
1	1	4.82231	8.24558	-1	-1	-1
1	1	4.97231	8.24558	-1	-1	-1
1	1	5.12231	8.24558	-1	-1	-1
1	1	5.27231	8.24558	-1	-1	-1
1	1	5.42231	8.24558	-1	-1	-1
1	1	5.57231	8.24558	-1	-1	-1
1	1	5.72231	8.24558	-1	-1	-1
1	1	5.87231	8.24558	-1	-1	-1
1	1	6.02231	8.24558	-1	-1	-1
1	1	6.17231	8.24558	-1	-1	-1
1	1	6.32231	8.24558	-1	-1	-1
1	1	6.47231	8.24558	-1	-1	-1
1	1	6.62231	8.24558	-1	-1	-1
1	1	6.77231	8.24558	-1	-1	-1
1	1	4.52231	8.39558	-1	-1	-1
1	1	4.67231	8.39558	-1	-1	-1
1	1	4.82231	8.39558	-1	-1	-1
1	1	4.97231	8.39558	-1	-1	-1
1	1	5.12231	8.39558	-1	-1	-1
1	1	5.27231	8.39558	-1	-1	-1
1	1	5.42231	8.39558	-1	-1	-1
1	1	5.57231	8.39558	-1	-1	-1
1	1	5.72231	8.39558	-1	-1	-1
1	1	5.87231	8.39558	-1	-1	-1
1	1	6.02231	8.39558	-1	-1	-1
1	1	6.17231	8.39558	-1	-1	-1
1	1	6.32231	8.39558	-1	-1	-1
1	1	6.47231	8.39558	-1	-1	-1
1	1	6.62231	8.39558	-1	-1	-1
1	1	6.77231	8.39558	-1	-1	-1
1	1	4.52231	8.54558	-1	-1	-1
1	1	4.67231	8.54558	-1	-1	-1
1	1	4.82231	8.54558	-1	-1	-1
1	1	4.97231	8.54558	-1	-1	-1
1	1	5.12231	8.54558	-1	-1	-1
1	1	5.27231	8.54558	-1	-1	-1
1	1	5.42231	8.54558	-1	-1	-1
1	1	5.57231	8.54558	-1	-1	-1
1	1	5.72231	8.54558	-1	-1	-1
1	1	5.87231	8.54558	-1	-1	-1
1	1	6.02231	8.54558	-1	-1	-1
1	1	6.17231	8.54558	-1	-1	-1
1	1	6.32231	8.54558	-1	-1	-1
1	1	6.47231	8.54558	-1	-1	-1
1	1	6.62231	8.54558	-1	-1	-1
1	1	6.77231	8.54558	-1	-1	-1
1	1	4.52231	8.69558	-1	-1	-1
1	1	4.67231	8.69558	-1	-1	-1
1	1	4.82231	8.69558	-1	-1	-1
1	1	4.97231	8.69558	-1	-1	-1
1	1	5.12231	8.69558	-1	-1	-1
1	1	5.27231	8.69558	-1	-1	-1
1	1	5.42231	8.69558	-1	-1	-1
1	1	5.57231	8.69558	-1	-1	-1
1	1	5.72231	8.69558	-1	-1	-1
1	1	5.87231	8.69558	-1	-1	-1
1	1	6.02231	8.69558	-1	-1	-1
1	1	6.17231	8.69558	-1	-1	-1
1	1	6.32231	8.69558	-1	-1	-1
1	1	6.47231	8.69558	-1	-1	-1
1	1	6.62231	8.69558	-1	-1	-1
1	1	6.77231	8.69558	-1	-1	-1
1	1	4.52231	8.84558	5061	5131.34	-1
1	1	4.67231	8.84558	-1	-1	-1
1	1	4.82231	8.84558	-1	-1	-1
1	1	4.97231	8.84558	-1	-1	-1
1	1	5.12231	8.84558	-1	-1	-1
1	1	5.27231	8.84558	-1	-1	-1
1	1	5.42231	8.84558	-1	-1	-1
1	1	5.57231	8.84558	-1	-1	-1
1	1	5.72231	8.84558	-1	-1	-1
1	1	5.87231	8.84558	-1	-1	-1
1	1	6.02231	8.84558	-1	-1	-1
1	1	6.17231	8.84558	3916	3991.97	-1
1	1	6.32231	8.84558	-1	-1	-1
1	1	6.47231	8.84558	-1	-1	-1
1	1	6.62231	8.84558	-1	-1	-1
1	1	6.77231	8.84558	-1	-1	-1
2	4	-7.32645	3.95226	-1	-1	-1
2	4	-7.17645	3.95226	-1	-1	-1
2	4	-7.02645	3.95226	-1	-1	-1
2	4	-6.87645	3.95226	3626	3734.34	-1
2	4	-6.72645	3.95226	1653	1767.25	-1
2	4	-6.57645	3.95226	1826	1890.22	-1
2	4	-6.42645	3.95226	3419	3474.91	-1
2	4	-6.27645	3.95226	2122	2246.03	-1
2	4	-7.32645	4.10226	4070	4133.03	-1
2	4	-7.17645	4.10226	4485	4550.03	-1
2	4	-7.02645	4.10226	-1	-1	-1
2	4	-6.87645	4.10226	-1	-1	-1
2	4	-6.72645	4.10226	-1	-1	-1
2	4	-6.57645	4.10226	-1	-1	-1
2	4	-6.42645	4.10226	-1	-1	-1
2	4	-6.27645	4.10226	3633	3687.5	-1
2	4	-7.32645	4.25226	4286	4357.75	-1
2	4	-7.17645	4.25226	4350	4424.75	-1
2	4	-7.02645	4.25226	-1	-1	-1
2	4	-6.87645	4.25226	-1	-1	-1
2	4	-6.72645	4.25226	-1	-1	-1
2	4	-6.57645	4.25226	-1	-1	-1
2	4	-6.42645	4.25226	-1	-1	-1
2	4	-6.27645	4.25226	-1	-1	-1
2	4	-7.32645	4.40226	-1	-1	-1
2	4	-7.17645	4.40226	-1	-1	-1
2	4	-7.02645	4.40226	-1	-1	-1
2	4	-6.87645	4.40226	-1	-1	-1
2	4	-6.72645	4.40226	-1	-1	-1
2	4	-6.57645	4.40226	-1	-1	-1
2	4	-6.42645	4.40226	-1	-1	-1
2	4	-6.27645	4.40226	-1	-1	-1
2	4	-7.32645	4.55226	-1	-1	-1
2	4	-7.17645	4.55226	-1	-1	-1
2	4	-7.02645	4.55226	-1	-1	-1
2	4	-6.87645	4.55226	-1	-1	-1
2	4	-6.72645	4.55226	-1	-1	-1
2	4	-6.57645	4.55226	-1	-1	-1
2	4	-6.42645	4.55226	-1	-1	-1
2	4	-6.27645	4.55226	-1	-1	-1
2	4	-7.32645	4.70226	-1	-1	-1
2	4	-7.17645	4.70226	-1	-1	-1
2	4	-7.02645	4.70226	-1	-1	-1
2	4	-6.87645	4.70226	-1	-1	-1
2	4	-6.72645	4.70226	-1	-1	-1
2	4	-6.57645	4.70226	-1	-1	-1
2	4	-6.42645	4.70226	-1	-1	-1
2	4	-6.27645	4.70226	-1	-1	-1
2	4	-7.32645	4.85226	-1	-1	-1
2	4	-7.17645	4.85226	-1	-1	-1
2	4	-7.02645	4.85226	-1	-1	-1
2	4	-6.87645	4.85226	-1	-1	-1
2	4	-6.72645	4.85226	-1	-1	-1
2	4	-6.57645	4.85226	-1	-1	-1
2	4	-6.42645	4.85226	-1	-1	-1
2	4	-6.27645	4.85226	-1	-1	-1
2	4	-7.32645	5.00226	-1	-1	-1
2	4	-7.17645	5.00226	-1	-1	-1
2	4	-7.02645	5.00226	-1	-1	-1
2	4	-6.87645	5.00226	-1	-1	-1
2	4	-6.72645	5.00226	-1	-1	-1
2	4	-6.57645	5.00226	-1	-1	-1
2	4	-6.42645	5.00226	-1	-1	-1
2	4	-6.27645	5.00226	2025	2158.06	-1
3	4	4.66498	-2.92192	-1	-1	-1
3	4	4.81498	-2.92192	-1	-1	-1
3	4	4.96498	-2.92192	-1	-1	-1
3	4	5.11498	-2.92192	-1	-1	-1
3	4	5.26498	-2.92192	-1	-1	-1
3	4	5.41498	-2.92192	-1	-1	-1
3	4	5.56498	-2.92192	-1	-1	-1
3	4	5.71498	-2.92192	-1	-1	-1
3	4	4.66498	-2.77192	4240	4281.66	-1
3	4	4.81498	-2.77192	-1	-1	-1
3	4	4.96498	-2.77192	-1	-1	-1
3	4	5.11498	-2.77192	-1	-1	-1
3	4	5.26498	-2.77192	-1	-1	-1
3	4	5.41498	-2.77192	-1	-1	-1
3	4	5.56498	-2.77192	-1	-1	-1
3	4	5.71498	-2.77192	-1	-1	-1
3	4	4.66498	-2.62192	3231	3355.75	-1
3	4	4.81498	-2.62192	4959	5081.91	-1
3	4	4.96498	-2.62192	-1	-1	-1
3	4	5.11498	-2.62192	-1	-1	-1
3	4	5.26498	-2.62192	-1	-1	-1
3	4	5.41498	-2.62192	-1	-1	-1
3	4	5.56498	-2.62192	-1	-1	-1
3	4	5.71498	-2.62192	-1	-1	-1
3	4	4.66498	-2.47192	867	981.031	-1
3	4	4.81498	-2.47192	3982	4024.69	-1
3	4	4.96498	-2.47192	-1	-1	-1
3	4	5.11498	-2.47192	-1	-1	-1
3	4	5.26498	-2.47192	-1	-1	-1
3	4	5.41498	-2.47192	-1	-1	-1
3	4	5.56498	-2.47192	-1	-1	-1
3	4	5.71498	-2.47192	-1	-1	-1
3	4	4.66498	-2.32192	-1	-1	-1
3	4	4.81498	-2.32192	-1	-1	-1
3	4	4.96498	-2.32192	-1	-1	-1
3	4	5.11498	-2.32192	-1	-1	-1
3	4	5.26498	-2.32192	-1	-1	-1
3	4	5.41498	-2.32192	-1	-1	-1
3	4	5.56498	-2.32192	-1	-1	-1
3	4	5.71498	-2.32192	-1	-1	-1
3	4	4.66498	-2.17192	-1	-1	-1
3	4	4.81498	-2.17192	-1	-1	-1
3	4	4.96498	-2.17192	-1	-1	-1
3	4	5.11498	-2.17192	-1	-1	-1
3	4	5.26498	-2.17192	-1	-1	-1
3	4	5.41498	-2.17192	-1	-1	-1
3	4	5.56498	-2.17192	-1	-1	-1
3	4	5.71498	-2.17192	-1	-1	-1
3	4	4.66498	-2.02192	2725	2843.75	-1
3	4	4.81498	-2.02192	-1	-1	-1
3	4	4.96498	-2.02192	-1	-1	-1
3	4	5.11498	-2.02192	-1	-1	-1
3	4	5.26498	-2.02192	-1	-1	-1
3	4	5.41498	-2.02192	-1	-1	-1
3	4	5.56498	-2.02192	-1	-1	-1
3	4	5.71498	-2.02192	-1	-1	-1
3	4	4.66498	-1.87192	5368	-1	-1
3	4	4.81498	-1.87192	-1	-1	-1
3	4	4.96498	-1.87192	-1	-1	-1
3	4	5.11498	-1.87192	-1	-1	-1
3	4	5.26498	-1.87192	-1	-1	-1
3	4	5.41498	-1.87192	-1	-1	-1
3	4	5.56498	-1.87192	-1	-1	-1
3	4	5.71498	-1.87192	-1	-1	-1
4	4	-2.66707	-6.21031	-1	-1	-1
4	4	-2.51707	-6.21031	-1	-1	-1
4	4	-2.36707	-6.21031	-1	-1	-1
4	4	-2.21707	-6.21031	-1	-1	-1
4	4	-2.06707	-6.21031	-1	-1	-1
4	4	-1.91707	-6.21031	-1	-1	-1
4	4	-1.76707	-6.21031	-1	-1	-1
4	4	-1.61707	-6.21031	-1	-1	-1
4	4	-2.66707	-6.06031	-1	-1	-1
4	4	-2.51707	-6.06031	-1	-1	-1
4	4	-2.36707	-6.06031	-1	-1	-1
4	4	-2.21707	-6.06031	-1	-1	-1
4	4	-2.06707	-6.06031	1248	1318.12	-1
4	4	-1.91707	-6.06031	1106	1164.41	-1
4	4	-1.76707	-6.06031	972	1040.09	-1
4	4	-1.61707	-6.06031	1318	1378.59	-1
4	4	-2.66707	-5.91031	-1	-1	-1
4	4	-2.51707	-5.91031	-1	-1	-1
4	4	-2.36707	-5.91031	-1	-1	-1
4	4	-2.21707	-5.91031	-1	-1	-1
4	4	-2.06707	-5.91031	820	904.156	-1
4	4	-1.91707	-5.91031	511	612.812	-1
4	4	-1.76707	-5.91031	841	896.656	-1
4	4	-1.61707	-5.91031	1144	1229.25	-1
4	4	-2.66707	-5.76031	-1	-1	-1
4	4	-2.51707	-5.76031	-1	-1	-1
4	4	-2.36707	-5.76031	-1	-1	-1
4	4	-2.21707	-5.76031	978	1056.22	-1
4	4	-2.06707	-5.76031	657	702.812	-1
4	4	-1.91707	-5.76031	675	758.031	-1
4	4	-1.76707	-5.76031	925	1008.5	-1
4	4	-1.61707	-5.76031	5250	5296.56	-1
4	4	-2.66707	-5.61031	-1	-1	-1
4	4	-2.51707	-5.61031	-1	-1	-1
4	4	-2.36707	-5.61031	-1	-1	-1
4	4	-2.21707	-5.61031	-1	-1	-1
4	4	-2.06707	-5.61031	-1	-1	-1
4	4	-1.91707	-5.61031	802	868.906	-1
4	4	-1.76707	-5.61031	959	1021.38	-1
4	4	-1.61707	-5.61031	5337	5385.72	-1
4	4	-2.66707	-5.46031	-1	-1	-1
4	4	-2.51707	-5.46031	-1	-1	-1
4	4	-2.36707	-5.46031	-1	-1	-1
4	4	-2.21707	-5.46031	-1	-1	-1
4	4	-2.06707	-5.46031	-1	-1	-1
4	4	-1.91707	-5.46031	-1	-1	-1
4	4	-1.76707	-5.46031	1092	1144.72	-1
4	4	-1.61707	-5.46031	280	328.531	-1
4	4	-2.66707	-5.31031	-1	-1	-1
4	4	-2.51707	-5.31031	-1	-1	-1
4	4	-2.36707	-5.31031	-1	-1	-1
4	4	-2.21707	-5.31031	-1	-1	-1
4	4	-2.06707	-5.31031	-1	-1	-1
4	4	-1.91707	-5.31031	-1	-1	-1
4	4	-1.76707	-5.31031	-1	-1	-1
4	4	-1.61707	-5.31031	428	476.781	-1
4	4	-2.66707	-5.16031	-1	-1	-1
4	4	-2.51707	-5.16031	-1	-1	-1
4	4	-2.36707	-5.16031	-1	-1	-1
4	4	-2.21707	-5.16031	-1	-1	-1
4	4	-2.06707	-5.16031	-1	-1	-1
4	4	-1.91707	-5.16031	-1	-1	-1
4	4	-1.76707	-5.16031	-1	-1	-1
4	4	-1.61707	-5.16031	-1	-1	-1
5	4	-5.97459	5.48095	-1	-1	-1
5	4	-5.82459	5.48095	-1	-1	-1
5	4	-5.67459	5.48095	-1	-1	-1
5	4	-5.52459	5.48095	4408	4549.59	-1
5	4	-5.37459	5.48095	629	776.625	-1
5	4	-5.22459	5.48095	885	943.188	-1
5	4	-5.07459	5.48095	2950	3091.09	-1
5	4	-4.92459	5.48095	3169	3227.09	-1
5	4	-5.97459	5.63095	-1	-1	-1
5	4	-5.82459	5.63095	-1	-1	-1
5	4	-5.67459	5.63095	-1	-1	-1
5	4	-5.52459	5.63095	-1	-1	-1
5	4	-5.37459	5.63095	5272	-1	-1
5	4	-5.22459	5.63095	3272	3411.22	-1
5	4	-5.07459	5.63095	-1	-1	-1
5	4	-4.92459	5.63095	-1	-1	-1
5	4	-5.97459	5.78095	-1	-1	-1
5	4	-5.82459	5.78095	-1	-1	-1
5	4	-5.67459	5.78095	-1	-1	-1
5	4	-5.52459	5.78095	-1	-1	-1
5	4	-5.37459	5.78095	-1	-1	-1
5	4	-5.22459	5.78095	-1	-1	-1
5	4	-5.07459	5.78095	-1	-1	-1
5	4	-4.92459	5.78095	-1	-1	-1
5	4	-5.97459	5.93095	-1	-1	-1
5	4	-5.82459	5.93095	-1	-1	-1
5	4	-5.67459	5.93095	-1	-1	-1
5	4	-5.52459	5.93095	-1	-1	-1
5	4	-5.37459	5.93095	-1	-1	-1
5	4	-5.22459	5.93095	-1	-1	-1
5	4	-5.07459	5.93095	-1	-1	-1
5	4	-4.92459	5.93095	-1	-1	-1
5	4	-5.97459	6.08095	-1	-1	-1
5	4	-5.82459	6.08095	-1	-1	-1
5	4	-5.67459	6.08095	-1	-1	-1
5	4	-5.52459	6.08095	-1	-1	-1
5	4	-5.37459	6.08095	-1	-1	-1
5	4	-5.22459	6.08095	-1	-1	-1
5	4	-5.07459	6.08095	-1	-1	-1
5	4	-4.92459	6.08095	797	862.344	-1
5	4	-5.97459	6.23095	-1	-1	-1
5	4	-5.82459	6.23095	-1	-1	-1
5	4	-5.67459	6.23095	-1	-1	-1
5	4	-5.52459	6.23095	-1	-1	-1
5	4	-5.37459	6.23095	-1	-1	-1
5	4	-5.22459	6.23095	2829	2897.53	-1
5	4	-5.07459	6.23095	969	1032.31	-1
5	4	-4.92459	6.23095	616	736.344	-1
5	4	-5.97459	6.38095	-1	-1	-1
5	4	-5.82459	6.38095	-1	-1	-1
5	4	-5.67459	6.38095	3269	3334.09	-1
5	4	-5.52459	6.38095	2983	3053.75	-1
5	4	-5.37459	6.38095	2708	2776.88	-1
5	4	-5.22459	6.38095	2648	2712.56	-1
5	4	-5.07459	6.38095	1229	1293.22	-1
5	4	-4.92459	6.38095	1089	1153.62	-1
5	4	-5.97459	6.53095	-1	-1	-1
5	4	-5.82459	6.53095	-1	-1	-1
5	4	-5.67459	6.53095	3143	3209.44	-1
5	4	-5.52459	6.53095	2833	2922.28	-1
5	4	-5.37459	6.53095	2780	2861.47	-1
5	4	-5.22459	6.53095	2684	2754.91	-1
5	4	-5.07459	6.53095	2454	2576.84	-1
5	4	-4.92459	6.53095	3573	3708.19	-1
6	16	5.46666	2.95096	-1	-1	-1
6	16	5.61666	2.95096	-1	-1	-1
6	16	5.76666	2.95096	-1	-1	-1
6	16	5.91666	2.95096	-1	-1	-1
6	16	5.46666	3.10096	1864	1910.78	-1
6	16	5.61666	3.10096	-1	-1	-1
6	16	5.76666	3.10096	-1	-1	-1
6	16	5.91666	3.10096	-1	-1	-1
6	16	5.46666	3.25096	1967	2026.09	-1
6	16	5.61666	3.25096	3855	3966.09	-1
6	16	5.76666	3.25096	-1	-1	-1
6	16	5.91666	3.25096	-1	-1	-1
6	16	5.46666	3.40096	-1	-1	-1
6	16	5.61666	3.40096	-1	-1	-1
6	16	5.76666	3.40096	-1	-1	-1
6	16	5.91666	3.40096	-1	-1	-1
7	16	7.25854	-2.34608	-1	-1	-1
7	16	7.40854	-2.34608	-1	-1	-1
7	16	7.55854	-2.34608	-1	-1	-1
7	16	7.70854	-2.34608	-1	-1	-1
7	16	7.25854	-2.19608	-1	-1	-1
7	16	7.40854	-2.19608	-1	-1	-1
7	16	7.55854	-2.19608	-1	-1	-1
7	16	7.70854	-2.19608	-1	-1	-1
7	16	7.25854	-2.04608	-1	-1	-1
7	16	7.40854	-2.04608	-1	-1	-1
7	16	7.55854	-2.04608	-1	-1	-1
7	16	7.70854	-2.04608	-1	-1	-1
7	16	7.25854	-1.89608	-1	-1	-1
7	16	7.40854	-1.89608	3548	3613	-1
7	16	7.55854	-1.89608	3671	3740.66	-1
7	16	7.70854	-1.89608	4913	4998.16	-1
8	16	0.399545	7.5411	3108	3208.97	-1
8	16	0.549545	7.5411	-1	-1	-1
8	16	0.699545	7.5411	-1	-1	-1
8	16	0.849545	7.5411	-1	-1	-1
8	16	0.399545	7.6911	-1	-1	-1
8	16	0.549545	7.6911	-1	-1	-1
8	16	0.699545	7.6911	-1	-1	-1
8	16	0.849545	7.6911	-1	-1	-1
8	16	0.399545	7.8411	-1	-1	-1
8	16	0.549545	7.8411	-1	-1	-1
8	16	0.699545	7.8411	-1	-1	-1
8	16	0.849545	7.8411	-1	-1	-1
8	16	0.399545	7.9911	-1	-1	-1
8	16	0.549545	7.9911	-1	-1	-1
8	16	0.699545	7.9911	-1	-1	-1
8	16	0.849545	7.9911	-1	-1	-1
9	16	-0.805388	-6.72419	-1	-1	-1
9	16	-0.655388	-6.72419	-1	-1	-1
9	16	-0.505388	-6.72419	-1	-1	-1
9	16	-0.355388	-6.72419	-1	-1	-1
9	16	-0.805388	-6.57419	-1	-1	-1
9	16	-0.655388	-6.57419	-1	-1	-1
9	16	-0.505388	-6.57419	-1	-1	-1
9	16	-0.355388	-6.57419	-1	-1	-1
9	16	-0.805388	-6.42419	-1	-1	-1
9	16	-0.655388	-6.42419	-1	-1	-1
9	16	-0.505388	-6.42419	-1	-1	-1
9	16	-0.355388	-6.42419	-1	-1	-1
9	16	-0.805388	-6.27419	-1	-1	-1
9	16	-0.655388	-6.27419	-1	-1	-1
9	16	-0.505388	-6.27419	-1	-1	-1
9	16	-0.355388	-6.27419	-1	-1	-1
10	16	-4.70589	-5.2174	-1	-1	-1
10	16	-4.55589	-5.2174	-1	-1	-1
10	16	-4.40589	-5.2174	-1	-1	-1
10	16	-4.25589	-5.2174	-1	-1	-1
10	16	-4.70589	-5.0674	-1	-1	-1
10	16	-4.55589	-5.0674	-1	-1	-1
10	16	-4.40589	-5.0674	-1	-1	-1
10	16	-4.25589	-5.0674	-1	-1	-1
10	16	-4.70589	-4.9174	-1	-1	-1
10	16	-4.55589	-4.9174	-1	-1	-1
10	16	-4.40589	-4.9174	-1	-1	-1
10	16	-4.25589	-4.9174	-1	-1	-1
10	16	-4.70589	-4.7674	-1	-1	-1
10	16	-4.55589	-4.7674	-1	-1	-1
10	16	-4.40589	-4.7674	-1	-1	-1
10	16	-4.25589	-4.7674	-1	-1	-1
11	16	2.60008	5.17905	1128	1249.62	-1
11	16	2.75008	5.17905	3831	3875.19	-1
11	16	2.90008	5.17905	2884	3012.75	-1
11	16	3.05008	5.17905	5095	5220.28	-1
11	16	2.60008	5.32905	2468	2642	-1
11	16	2.75008	5.32905	5261	5382.84	-1
11	16	2.90008	5.32905	-1	-1	-1
11	16	3.05008	5.32905	-1	-1	-1
11	16	2.60008	5.47905	-1	-1	-1
11	16	2.75008	5.47905	-1	-1	-1
11	16	2.90008	5.47905	-1	-1	-1
11	16	3.05008	5.47905	-1	-1	-1
11	16	2.60008	5.62905	-1	-1	-1
11	16	2.75008	5.62905	-1	-1	-1
11	16	2.90008	5.62905	-1	-1	-1
11	16	3.05008	5.62905	-1	-1	-1
12	16	-1.12006	-3.28878	-1	-1	-1
12	16	-0.970057	-3.28878	-1	-1	-1
12	16	-0.820057	-3.28878	-1	-1	-1
12	16	-0.670057	-3.28878	-1	-1	-1
12	16	-1.12006	-3.13878	3279	3406.06	-1
12	16	-0.970057	-3.13878	2334	2452.75	-1
12	16	-0.820057	-3.13878	-1	-1	-1
12	16	-0.670057	-3.13878	-1	-1	-1
12	16	-1.12006	-2.98878	2487	2518.56	-1
12	16	-0.970057	-2.98878	1227	1265.75	-1
12	16	-0.820057	-2.98878	2045	2074.25	-1
12	16	-0.670057	-2.98878	5052	5182.66	-1
12	16	-1.12006	-2.83878	1312	1357.56	-1
12	16	-0.970057	-2.83878	1098	1139.12	-1
12	16	-0.820057	-2.83878	1167	1217.88	-1
12	16	-0.670057	-2.83878	4421	4540.78	-1
13	16	-0.0670589	-7.77282	-1	-1	-1
13	16	0.0829411	-7.77282	-1	-1	-1
13	16	0.232941	-7.77282	-1	-1	-1
13	16	0.382941	-7.77282	-1	-1	-1
13	16	-0.0670589	-7.62282	-1	-1	-1
13	16	0.0829411	-7.62282	-1	-1	-1
13	16	0.232941	-7.62282	-1	-1	-1
13	16	0.382941	-7.62282	-1	-1	-1
13	16	-0.0670589	-7.47282	-1	-1	-1
13	16	0.0829411	-7.47282	-1	-1	-1
13	16	0.232941	-7.47282	-1	-1	-1
13	16	0.382941	-7.47282	3938	4041.75	-1
13	16	-0.0670589	-7.32282	1559	1661.56	-1
13	16	0.0829411	-7.32282	-1	-1	-1
13	16	0.232941	-7.32282	-1	-1	-1
13	16	0.382941	-7.32282	-1	-1	-1
14	16	-3.0137	-3.07465	4195	4233.16	-1
14	16	-2.8637	-3.07465	4028	4061.5	-1
14	16	-2.7137	-3.07465	4091	4124.62	-1
14	16	-2.5637	-3.07465	3591	3749.19	-1
14	16	-3.0137	-2.92465	4997	5044.53	-1
14	16	-2.8637	-2.92465	4111	4167.88	-1
14	16	-2.7137	-2.92465	2535	2587.09	-1
14	16	-2.5637	-2.92465	1715	1873	-1
14	16	-3.0137	-2.77465	4893	4929	-1
14	16	-2.8637	-2.77465	4726	4769.94	-1
14	16	-2.7137	-2.77465	2471	2506.44	-1
14	16	-2.5637	-2.77465	1904	1939.12	-1
14	16	-3.0137	-2.62465	2843	3008.41	-1
14	16	-2.8637	-2.62465	3047	3085.06	-1
14	16	-2.7137	-2.62465	2160	2334.59	-1
14	16	-2.5637	-2.62465	1298	1455.47	-1
15	16	-6.43162	-0.760008	-1	-1	-1
15	16	-6.28162	-0.760008	-1	-1	-1
15	16	-6.13162	-0.760008	-1	-1	-1
15	16	-5.98162	-0.760008	-1	-1	-1
15	16	-6.43162	-0.610008	-1	-1	-1
15	16	-6.28162	-0.610008	-1	-1	-1
15	16	-6.13162	-0.610008	-1	-1	-1
15	16	-5.98162	-0.610008	4652	4706.56	-1
15	16	-6.43162	-0.460008	-1	-1	-1
15	16	-6.28162	-0.460008	-1	-1	-1
15	16	-6.13162	-0.460008	-1	-1	-1
15	16	-5.98162	-0.460008	4497	4607.84	-1
15	16	-6.43162	-0.310008	-1	-1	-1
15	16	-6.28162	-0.310008	-1	-1	-1
15	16	-6.13162	-0.310008	-1	-1	-1
15	16	-5.98162	-0.310008	2226	2286.44	-1
16	16	-0.543578	-1.40571	178	219.469	-1
16	16	-0.393578	-1.40571	1901	1916.69	-1
16	16	-0.243578	-1.40571	1930	1946.19	-1
16	16	-0.0935783	-1.40571	2333	2482.66	-1
16	16	-0.543578	-1.25571	94	128.625	-1
16	16	-0.393578	-1.25571	1725	1740.78	-1
16	16	-0.243578	-1.25571	1758	1799.81	-1
16	16	-0.0935783	-1.25571	2046	2060.59	-1
16	16	-0.543578	-1.10571	56	81.0625	-1
16	16	-0.393578	-1.10571	205	227.438	-1
16	16	-0.243578	-1.10571	1299	1442.38	-1
16	16	-0.0935783	-1.10571	103	137.469	-1
16	16	-0.543578	-0.955714	192	211.312	-1
16	16	-0.393578	-0.955714	55	69.0938	-1
16	16	-0.243578	-0.955714	257	273.906	-1
16	16	-0.0935783	-0.955714	64	84.6562	-1
17	16	-3.72631	-4.15031	-1	-1	-1
17	16	-3.57631	-4.15031	2201	2251.94	-1
17	16	-3.42631	-4.15031	-1	-1	-1
17	16	-3.27631	-4.15031	131	284.188	-1
17	16	-3.72631	-4.00031	-1	-1	-1
17	16	-3.57631	-4.00031	-1	-1	-1
17	16	-3.42631	-4.00031	-1	-1	-1
17	16	-3.27631	-4.00031	-1	-1	-1
17	16	-3.72631	-3.85031	-1	-1	-1
17	16	-3.57631	-3.85031	-1	-1	-1
17	16	-3.42631	-3.85031	-1	-1	-1
17	16	-3.27631	-3.85031	5212	5354	-1
17	16	-3.72631	-3.70031	-1	-1	-1
17	16	-3.57631	-3.70031	-1	-1	-1
17	16	-3.42631	-3.70031	-1	-1	-1
17	16	-3.27631	-3.70031	-1	-1	-1
18	16	0.456966	4.62494	5108	5145.59	-1
18	16	0.606966	4.62494	-1	-1	-1
18	16	0.756966	4.62494	-1	-1	-1
18	16	0.906966	4.62494	-1	-1	-1
18	16	0.456966	4.77494	2793	2899.88	-1
18	16	0.606966	4.77494	-1	-1	-1
18	16	0.756966	4.77494	-1	-1	-1
18	16	0.906966	4.77494	-1	-1	-1
18	16	0.456966	4.92494	-1	-1	-1
18	16	0.606966	4.92494	-1	-1	-1
18	16	0.756966	4.92494	-1	-1	-1
18	16	0.906966	4.92494	-1	-1	-1
18	16	0.456966	5.07494	-1	-1	-1
18	16	0.606966	5.07494	-1	-1	-1
18	16	0.756966	5.07494	-1	-1	-1
18	16	0.906966	5.07494	-1	-1	-1
19	16	-6.85874	0.713416	-1	-1	-1
19	16	-6.70874	0.713416	-1	-1	-1
19	16	-6.55874	0.713416	-1	-1	-1
19	16	-6.40874	0.713416	-1	-1	-1
19	16	-6.85874	0.863416	-1	-1	-1
19	16	-6.70874	0.863416	-1	-1	-1
19	16	-6.55874	0.863416	-1	-1	-1
19	16	-6.40874	0.863416	498	594.938	-1
19	16	-6.85874	1.01342	-1	-1	-1
19	16	-6.70874	1.01342	-1	-1	-1
19	16	-6.55874	1.01342	-1	-1	-1
19	16	-6.40874	1.01342	-1	-1	-1
19	16	-6.85874	1.16342	-1	-1	-1
19	16	-6.70874	1.16342	-1	-1	-1
19	16	-6.55874	1.16342	-1	-1	-1
19	16	-6.40874	1.16342	-1	-1	-1
20	16	-1.57097	7.86677	1866	1960.78	-1
20	16	-1.42097	7.86677	2014	2079.25	-1
20	16	-1.27097	7.86677	2269	2337.66	-1
20	16	-1.12097	7.86677	2412	2471.25	-1
20	16	-1.57097	8.01677	2334	2397.91	-1
20	16	-1.42097	8.01677	2152	2212.94	-1
20	16	-1.27097	8.01677	3310	3396.97	-1
20	16	-1.12097	8.01677	-1	-1	-1
20	16	-1.57097	8.16677	-1	-1	-1
20	16	-1.42097	8.16677	-1	-1	-1
20	16	-1.27097	8.16677	-1	-1	-1
20	16	-1.12097	8.16677	-1	-1	-1
20	16	-1.57097	8.31677	-1	-1	-1
20	16	-1.42097	8.31677	-1	-1	-1
20	16	-1.27097	8.31677	-1	-1	-1
20	16	-1.12097	8.31677	-1	-1	-1
21	16	8.6281	1.62457	-1	-1	-1
21	16	8.7781	1.62457	-1	-1	-1
21	16	8.9281	1.62457	-1	-1	-1
21	16	9.0781	1.62457	-1	-1	-1
21	16	8.6281	1.77457	2540	2622.72	-1
21	16	8.7781	1.77457	-1	-1	-1
21	16	8.9281	1.77457	-1	-1	-1
21	16	9.0781	1.77457	-1	-1	-1
21	16	8.6281	1.92457	2691	2755.16	-1
21	16	8.7781	1.92457	2992	3076.41	-1
21	16	8.9281	1.92457	-1	-1	-1
21	16	9.0781	1.92457	-1	-1	-1
21	16	8.6281	2.07457	3139	3206.5	-1
21	16	8.7781	2.07457	-1	-1	-1
21	16	8.9281	2.07457	-1	-1	-1
21	16	9.0781	2.07457	-1	-1	-1
0	256	0.441706	9.61005	1617	1687.12	-1
0	256	2.05901	-5.07019	4803	4845.22	-1
0	256	-5.26419	-2.70188	4232	4341.97	-1
0	256	-4.53557	7.5735	-1	-1	-1
0	256	-0.81538	-9.45317	4937	5010.53	-1
0	256	-4.89121	-2.79354	2532	2574	-1
0	256	-7.6926	2.30567	-1	-1	-1
0	256	6.71495	0.650668	-1	-1	-1
0	256	-8.88689	-0.306357	-1	-1	-1
0	256	3.96973	3.9155	2579	2726.78	-1
0	256	2.02625	5.1587	3033	3074.66	-1
0	256	-1.69108	3.25326	447	476.219	-1
0	256	4.52172	-6.02907	889	1017.94	-1
0	256	-6.74107	-2.02055	-1	-1	-1
0	256	4.31879	3.93696	306	465.594	-1
0	256	7.98538	3.81581	-1	-1	-1
0	256	3.62003	-1.86554	38	89.6875	-1
0	256	9.65213	0.734541	-1	-1	-1
0	256	2.99335	-5.18497	5222	5334.41	-1
0	256	-3.27849	7.51945	-1	-1	-1
0	256	4.89516	-3.17999	-1	-1	-1
0	256	-1.37804	4.06457	1474	1512.03	-1
0	256	-3.31236	5.90214	-1	-1	-1
0	256	-4.60765	4.07991	2003	2146.72	-1
0	256	-5.57274	-8.13383	-1	-1	-1
0	256	-5.19178	8.4856	-1	-1	-1
0	256	4.84165	-1.33802	2505	2618.44	-1
0	256	5.99391	2.81448	79	146.281	-1
0	256	-1.23979	-3.91609	-1	-1	-1
0	256	-4.52905	-8.11147	-1	-1	-1
0	256	3.63166	-0.527541	2081	2199.25	-1
0	256	-8.42633	-3.83301	-1	-1	-1
0	256	6.39205	0.573741	-1	-1	-1
0	256	-1.04601	7.78511	1425	1517.12	-1
0	256	-7.52023	-2.36558	-1	-1	-1
0	256	-1.35835	5.16297	4876	4986.59	-1
0	256	3.74545	-5.62532	-1	-1	-1
0	256	-4.02456	8.07676	1437	1538.47	-1
0	256	2.79788	-1.48165	612	640.688	-1
0	256	4.44979	2.10657	432	470.844	-1
0	256	-7.29149	1.29249	-1	-1	-1
0	256	-3.02787	9.06824	-1	-1	-1
0	256	0.738465	6.59305	-1	-1	-1
0	256	1.16698	4.98182	2704	2815.5	-1
0	256	-8.65093	-1.83244	-1	-1	-1
0	256	6.96027	-2.33067	-1	-1	-1
0	256	3.70358	0.0625063	93	210.906	-1
0	256	-2.18328	-3.72565	1686	1753.06	-1
0	256	2.42518	-5.80826	-1	-1	-1
0	256	-9.70418	-2.14727	-1	-1	-1
0	256	-6.63908	2.2508	106	157.375	-1
0	256	-0.148587	-8.81305	4802	4870.19	-1
0	256	7.34215	0.659465	-1	-1	-1
0	256	6.337	2.21407	2456	2551.94	-1
0	256	-6.42049	1.8863	1064	1114.03	-1
0	256	6.68961	-3.83072	-1	-1	-1
0	256	-0.0567164	4.22351	3545	3657.44	-1
0	256	0.376354	6.10366	4586	4635.34	-1
0	256	-6.43776	6.36782	-1	-1	-1
0	256	-3.47792	-4.80425	2101	2230.59	-1
0	256	0.601926	-4.42565	-1	-1	-1
0	256	2.39201	1.98396	119	150.094	-1
0	256	-6.51177	-3.77484	-1	-1	-1
0	256	-2.95325	-5.35269	-1	-1	-1
0	256	-5.7163	-6.8209	-1	-1	-1
0	256	1.36236	7.37259	-1	-1	-1
0	256	4.1873	-0.16398	-1	-1	-1
0	256	0.0735697	6.45042	-1	-1	-1
0	256	-2.92428	-7.51361	3084	3181.91	-1
0	256	-0.129758	-9.51866	-1	-1	-1
0	256	-3.95368	4.55761	443	579.406	-1
0	256	-2.74984	3.40202	54	92.5312	-1
0	256	3.81316	1.06797	3554	3674.84	-1
0	256	1.7904	-2.10913	62	204.781	-1
0	256	6.19229	-1.33157	467	570.625	-1
0	256	-6.1357	4.30855	-1	-1	-1
0	256	9.51179	-1.48777	-1	-1	-1
0	256	-7.63859	4.25595	4329	4400.16	-1
0	256	5.31543	2.64795	-1	-1	-1
0	256	3.7265	-5.35789	135	211.969	-1
0	256	9.1694	2.72137	-1	-1	-1
0	256	6.23308	-2.93247	-1	-1	-1
0	256	5.82975	-1.19497	218	266.469	-1
0	256	7.01783	0.648478	-1	-1	-1
0	256	1.28039	6.74991	-1	-1	-1
0	256	1.62298	4.39646	-1	-1	-1
0	256	3.05702	2.37289	513	544.5	-1
0	256	-7.74878	6.24203	-1	-1	-1
0	256	0.844515	4.21039	-1	-1	-1
0	256	-7.47015	-4.69467	-1	-1	-1
0	256	-3.68094	-8.95411	-1	-1	-1
0	256	-1.11955	-3.43573	-1	-1	-1
0	256	8.84958	1.40898	4292	4375.69	-1
0	256	-3.7535	3.07248	679	831.562	-1
0	256	7.61724	-6.29762	-1	-1	-1
0	256	3.91101	3.36759	-1	-1	-1
0	256	3.08689	6.48035	-1	-1	-1
0	256	3.68807	-4.17824	2434	2585.94	-1
0	256	-2.13894	8.48344	-1	-1	-1
0	256	-8.44819	-4.9843	-1	-1	-1
0	256	-1.24625	4.43289	2637	2761.09	-1
0	256	4.50423	-4.49586	481	630.75	-1
0	256	-5.3586	4.26949	1857	1999.19	-1
0	256	-4.59658	-1.97717	-1	-1	-1
0	256	-0.532813	4.22249	525	647.094	-1
0	256	-5.63751	4.23703	-1	-1	-1
0	256	4.19992	5.68245	-1	-1	-1
0	256	-8.72632	-3.08143	-1	-1	-1
0	256	-0.925522	-8.62725	-1	-1	-1
0	256	-4.95207	1.60882	2803	2843.06	-1
0	256	-4.73602	-6.51049	-1	-1	-1
0	256	6.451	-3.25288	-1	-1	-1
0	256	-5.45719	0.583863	91	140.875	-1
0	256	6.7802	-1.81699	-1	-1	-1
0	256	8.59201	-1.6136	-1	-1	-1
0	256	9.57962	-2.2235	-1	-1	-1
0	256	-5.40337	3.97997	1408	1457.84	-1
0	256	-3.96078	-6.37825	3782	3894.75	-1
0	256	-3.70687	6.73169	-1	-1	-1
0	256	4.19092	3.56399	1150	1289.66	-1
0	256	-4.57262	8.32699	-1	-1	-1
0	256	-3.45653	-8.52602	-1	-1	-1
0	256	0.0519016	9.23126	-1	-1	-1
0	256	-1.79786	-4.71414	-1	-1	-1
0	256	-1.61644	8.6741	-1	-1	-1
0	256	0.855005	9.61585	-1	-1	-1
0	256	0.00209286	-8.4196	-1	-1	-1
0	256	9.10473	4.05646	-1	-1	-1
0	256	-7.49649	-1.82122	1341	1441.69	-1
0	256	1.56502	-6.29462	1765	1867.38	-1
0	256	5.93353	4.49081	5059	5174	-1
0	256	-5.91286	-2.70956	-1	-1	-1
0	256	-7.22543	-6.79398	-1	-1	-1
0	256	2.98048	-0.89178	752	877.594	-1
0	256	8.04991	8.05229	-1	-1	-1
0	256	-6.34111	-6.99046	-1	-1	-1
0	256	-2.79503	6.73363	2910	3030.59	-1
0	256	-7.73423	-4.02378	5284	5380.72	-1
0	256	3.01882	0.73132	1152	1273.47	-1
0	256	2.12771	4.86998	2690	2798.97	-1
0	256	-9.29035	-2.11545	5296	5370.94	-1
0	256	3.31955	-2.58948	159	197.062	-1
0	256	-8.46582	-2.21794	-1	-1	-1
0	256	1.08522	-8.08087	-1	-1	-1
0	256	-4.99195	1.41347	-1	-1	-1
0	256	1.5691	5.77443	5305	-1	-1
0	256	8.66041	-4.52888	-1	-1	-1
0	256	1.1604	5.67238	2320	2431.41	-1
0	256	-3.9105	6.25116	5154	5264.59	-1
0	256	4.04055	-7.58954	613	723.688	-1
0	256	-5.20156	-2.14774	-1	-1	-1
0	256	-2.97584	9.3766	-1	-1	-1
0	256	-2.95616	-1.00467	2573	2691.31	-1
0	256	2.92982	6.09555	-1	-1	-1
0	256	-1.99362	-3.55468	1602	1751.75	-1
0	256	-1.7987	-7.62274	-1	-1	-1
0	256	8.39238	1.5552	-1	-1	-1
0	256	7.34834	5.57591	-1	-1	-1
0	256	3.00336	4.81627	248	378.375	-1
0	256	-1.64423	-4.48581	-1	-1	-1
0	256	5.14879	0.32545	1316	1424.5	-1
0	256	-1.08393	-3.74334	67	106.094	-1
0	256	0.139235	4.01897	2278	2398.31	-1
0	256	-7.67592	0.440725	3004	3118.19	-1
0	256	-7.97548	-4.60513	-1	-1	-1
0	256	6.96624	4.33654	-1	-1	-1
0	256	0.0902402	-5.32058	4801	4842.25	-1
0	256	-2.32143	-4.94775	2203	2328.5	-1
0	256	-2.61584	6.01666	509	560.656	-1
0	256	-5.82863	0.940412	-1	-1	-1
0	256	-5.18483	-0.641014	1608	1655.44	-1
0	256	9.59497	1.84626	-1	-1	-1
0	256	-2.30228	-9.08576	-1	-1	-1
0	256	9.42501	-2.37873	-1	-1	-1
0	256	2.46331	3.07255	624	782.344	-1
0	256	3.39792	1.87048	3414	3545.72	-1
0	256	-3.61009	0.770738	5170	5288	-1
0	256	-5.08954	7.18422	-1	-1	-1
0	256	-7.09817	0.881866	3200	3256.22	-1
0	256	8.76	-0.935792	3248	3328.41	-1
0	256	4.15598	-1.26238	1128	1245.38	-1
0	256	-5.4051	-4.25738	-1	-1	-1
0	256	-3.20979	-3.00036	-1	-1	-1
0	256	-7.02736	-2.72773	-1	-1	-1
0	256	-5.96313	-3.38757	3479	3603.56	-1
0	256	1.91815	-6.28034	-1	-1	-1
0	256	3.59126	-8.6324	-1	-1	-1
0	256	3.2822	8.8631	-1	-1	-1
0	256	-7.28099	-1.34387	-1	-1	-1
0	256	-2.27906	4.51928	2065	2190.81	-1
0	256	8.21162	1.48041	-1	-1	-1
0	256	-4.87468	-7.38391	3967	4073.72	-1
0	256	-1.50573	-7.84229	-1	-1	-1
0	256	8.53429	2.79819	2761	2845.5	-1
0	256	4.30213	-3.46959	3454	3497.84	-1
0	256	7.95283	1.07269	-1	-1	-1
0	256	-7.66681	-2.80644	-1	-1	-1
0	256	7.01792	5.38661	-1	-1	-1
0	256	-5.98615	-6.05421	-1	-1	-1
0	256	-7.37134	-4.06369	-1	-1	-1
0	256	9.46202	2.34394	-1	-1	-1
0	256	-2.38364	-8.35917	-1	-1	-1
0	256	0.334669	3.12593	4564	4689.25	-1
0	256	-1.78952	-4.35822	-1	-1	-1
0	256	-5.54019	4.85166	-1	-1	-1
0	256	8.25544	-1.85194	1752	1841.66	-1
0	256	4.12431	-7.71212	-1	-1	-1
0	256	-0.179969	4.32903	3715	3811.81	-1
0	256	-6.92866	-6.11923	-1	-1	-1
0	256	7.09312	4.92641	3399	3515.34	-1
0	256	-4.74108	-2.89044	-1	-1	-1
0	256	1.28812	3.33508	302	435.75	-1
0	256	-2.86582	-9.45922	-1	-1	-1
0	256	6.11818	0.423211	-1	-1	-1
0	256	-8.58741	3.24538	498	563.406	-1
0	256	7.34971	0.255209	2427	2484.28	-1
0	256	4.7267	-6.60039	5342	-1	-1
0	256	4.75729	4.34292	-1	-1	-1
0	256	-3.73945	5.4636	1523	1650.25	-1
0	256	6.72952	6.17749	-1	-1	-1
0	256	8.78445	3.30495	-1	-1	-1
0	256	3.38247	4.2086	3150	3192.22	-1
0	256	-5.82684	-3.3659	-1	-1	-1
0	256	-4.5295	-7.853	-1	-1	-1
0	256	3.5457	-7.12521	-1	-1	-1
0	256	-0.923147	-7.1205	-1	-1	-1
0	256	-1.69169	-6.62027	-1	-1	-1
0	256	-4.53106	-6.97308	2489	2604.28	-1
0	256	7.54519	5.36702	-1	-1	-1
0	256	4.79162	-8.29247	4362	4431.12	-1
0	256	-3.69099	6.55717	-1	-1	-1
0	256	-3.86012	-3.25977	4217	4353.31	-1
0	256	-6.53524	7.1828	-1	-1	-1
0	256	-7.71164	-3.13508	-1	-1	-1
0	256	6.99749	5.0328	-1	-1	-1
0	256	0.185855	3.81151	264	387.281	-1
0	256	-7.93443	-0.216431	-1	-1	-1
0	256	-4.04451	-2.16729	980	1098.75	-1
0	256	5.99527	-5.15888	2104	2166.25	-1
0	256	-4.33777	-3.29552	-1	-1	-1
0	256	-0.0842753	6.38405	-1	-1	-1
0	256	7.7916	-2.91399	-1	-1	-1
0	256	-0.55748	5.99794	-1	-1	-1
0	256	-7.70139	-0.381353	-1	-1	-1
0	256	-3.59127	8.86235	4608	4676.31	-1
0	256	-0.473949	-3.85872	-1	-1	-1
0	256	-1.06433	-6.12705	-1	-1	-1
0	256	-8.15482	-1.71655	-1	-1	-1
0	256	-2.6732	-8.16354	-1	-1	-1
0	256	-8.55397	4.12703	2208	2273.56	-1
0	256	-8.39492	7.58455	-1	-1	-1
0	256	2.54276	9.09682	-1	-1	-1
0	256	-5.38258	-8.32938	-1	-1	-1
0	256	9.48768	2.85935	-1	-1	-1
0	256	2.03643	2.84057	-1	-1	-1
0	256	3.31098	-7.03416	158	277.969	-1
