Pile ID	Distribution Type	X-Position	Y-Position	Pickup Time	Drop Off Time	Ant ID
1	1	-3.46244	5.61995	1590	1645	-1
1	1	-3.31244	5.61995	1431	1543.59	-1
1	1	-3.16244	5.61995	-1	-1	-1
1	1	-3.01244	5.61995	-1	-1	-1
1	1	-2.86244	5.61995	-1	-1	-1
1	1	-2.71244	5.61995	4342	4458.66	-1
1	1	-2.56244	5.61995	4508	4554.12	-1
1	1	-2.41244	5.61995	-1	-1	-1
1	1	-2.26244	5.61995	-1	-1	-1
1	1	-2.11244	5.61995	-1	-1	-1
1	1	-1.96244	5.61995	-1	-1	-1
1	1	-1.81244	5.61995	-1	-1	-1
1	1	-1.66244	5.61995	-1	-1	-1
1	1	-1.51244	5.61995	-1	-1	-1
1	1	-1.36244	5.61995	-1	-1	-1
1	1	-1.21244	5.61995	2895	2939.47	-1
1	1	-3.46244	5.76995	-1	-1	-1
1	1	-3.31244	5.76995	-1	-1	-1
1	1	-3.16244	5.76995	-1	-1	-1
1	1	-3.01244	5.76995	-1	-1	-1
1	1	-2.86244	5.76995	-1	-1	-1
1	1	-2.71244	5.76995	-1	-1	-1
1	1	-2.56244	5.76995	-1	-1	-1
1	1	-2.41244	5.76995	-1	-1	-1
1	1	-2.26244	5.76995	-1	-1	-1
1	1	-2.11244	5.76995	-1	-1	-1
1	1	-1.96244	5.76995	-1	-1	-1
1	1	-1.81244	5.76995	-1	-1	-1
1	1	-1.66244	5.76995	-1	-1	-1
1	1	-1.51244	5.76995	-1	-1	-1
1	1	-1.36244	5.76995	-1	-1	-1
1	1	-1.21244	5.76995	-1	-1	-1
1	1	-3.46244	5.91995	-1	-1	-1
1	1	-3.31244	5.91995	-1	-1	-1
1	1	-3.16244	5.91995	-1	-1	-1
1	1	-3.01244	5.91995	-1	-1	-1
1	1	-2.86244	5.91995	-1	-1	-1
1	1	-2.71244	5.91995	-1	-1	-1
1	1	-2.56244	5.91995	-1	-1	-1
1	1	-2.41244	5.91995	-1	-1	-1
1	1	-2.26244	5.91995	-1	-1	-1
1	1	-2.11244	5.91995	-1	-1	-1
1	1	-1.96244	5.91995	-1	-1	-1
1	1	-1.81244	5.91995	-1	-1	-1
1	1	-1.66244	5.91995	-1	-1	-1
1	1	-1.51244	5.91995	-1	-1	-1
1	1	-1.36244	5.91995	5338	5394.69	-1
1	1	-1.21244	5.91995	-1	-1	-1
1	1	-3.46244	6.06995	-1	-1	-1
1	1	-3.31244	6.06995	-1	-1	-1
1	1	-3.16244	6.06995	-1	-1	-1
1	1	-3.01244	6.06995	-1	-1	-1
1	1	-2.86244	6.06995	-1	-1	-1
1	1	-2.71244	6.06995	-1	-1	-1
1	1	-2.56244	6.06995	-1	-1	-1
1	1	-2.41244	6.06995	-1	-1	-1
1	1	-2.26244	6.06995	-1	-1	-1
1	1	-2.11244	6.06995	-1	-1	-1
1	1	-1.96244	6.06995	-1	-1	-1
1	1	-1.81244	6.06995	-1	-1	-1
1	1	-1.66244	6.06995	-1	-1	-1
1	1	-1.51244	6.06995	5184	5230.94	-1
1	1	-1.36244	6.06995	5075	5138.66	-1
1	1	-1.21244	6.06995	4890	4939.47	-1
1	1	-3.46244	6.21995	-1	-1	-1
1	1	-3.31244	6.21995	-1	-1	-1
1	1	-3.16244	6.21995	-1	-1	-1
1	1	-3.01244	6.21995	-1	-1	-1
1	1	-2.86244	6.21995	-1	-1	-1
1	1	-2.71244	6.21995	-1	-1	-1
1	1	-2.56244	6.21995	-1	-1	-1
1	1	-2.41244	6.21995	-1	-1	-1
1	1	-2.26244	6.21995	-1	-1	-1
1	1	-2.11244	6.21995	-1	-1	-1
1	1	-1.96244	6.21995	-1	-1	-1
1	1	-1.81244	6.21995	-1	-1	-1
1	1	-1.66244	6.21995	-1	-1	-1
1	1	-1.51244	6.21995	4953	5028.19	-1
1	1	-1.36244	6.21995	4718	4768.75	-1
1	1	-1.21244	6.21995	4692	4740.56	-1
1	1	-3.46244	6.36995	-1	-1	-1
1	1	-3.31244	6.36995	-1	-1	-1
1	1	-3.16244	6.36995	-1	-1	-1
1	1	-3.01244	6.36995	-1	-1	-1
1	1	-2.86244	6.36995	-1	-1	-1
1	1	-2.71244	6.36995	-1	-1	-1
1	1	-2.56244	6.36995	-1	-1	-1
1	1	-2.41244	6.36995	-1	-1	-1
1	1	-2.26244	6.36995	-1	-1	-1
1	1	-2.11244	6.36995	-1	-1	-1
1	1	-1.96244	6.36995	-1	-1	-1
1	1	-1.81244	6.36995	-1	-1	-1
1	1	-1.66244	6.36995	-1	-1	-1
1	1	-1.51244	6.36995	-1	-1	-1
1	1	-1.36244	6.36995	4812	4861.53	-1
1	1	-1.21244	6.36995	4434	4534	-1
1	1	-3.46244	6.51995	-1	-1	-1
1	1	-3.31244	6.51995	-1	-1	-1
1	1	-3.16244	6.51995	-1	-1	-1
1	1	-3.01244	6.51995	-1	-1	-1
1	1	-2.86244	6.51995	-1	-1	-1
1	1	-2.71244	6.51995	-1	-1	-1
1	1	-2.56244	6.51995	-1	-1	-1
1	1	-2.41244	6.51995	-1	-1	-1
1	1	-2.26244	6.51995	-1	-1	-1
1	1	-2.11244	6.51995	-1	-1	-1
1	1	-1.96244	6.51995	-1	-1	-1
1	1	-1.81244	6.51995	-1	-1	-1
1	1	-1.66244	6.51995	-1	-1	-1
1	1	-1.51244	6.51995	-1	-1	-1
1	1	-1.36244	6.51995	5370	-1	-1
1	1	-1.21244	6.51995	5081	5132	-1
1	1	-3.46244	6.66995	-1	-1	-1
1	1	-3.31244	6.66995	-1	-1	-1
1	1	-3.16244	6.66995	-1	-1	-1
1	1	-3.01244	6.66995	-1	-1	-1
1	1	-2.86244	6.66995	-1	-1	-1
1	1	-2.71244	6.66995	-1	-1	-1
1	1	-2.56244	6.66995	-1	-1	-1
1	1	-2.41244	6.66995	-1	-1	-1
1	1	-2.26244	6.66995	-1	-1	-1
1	1	-2.11244	6.66995	-1	-1	-1
1	1	-1.96244	6.66995	-1	-1	-1
1	1	-1.81244	6.66995	-1	-1	-1
1	1	-1.66244	6.66995	-1	-1	-1
1	1	-1.51244	6.66995	-1	-1	-1
1	1	-1.36244	6.66995	-1	-1	-1
1	1	-1.21244	6.66995	-1	-1	-1
1	1	-3.46244	6.81995	-1	-1	-1
1	1	-3.31244	6.81995	-1	-1	-1
1	1	-3.16244	6.81995	-1	-1	-1
1	1	-3.01244	6.81995	-1	-1	-1
1	1	-2.86244	6.81995	-1	-1	-1
1	1	-2.71244	6.81995	-1	-1	-1
1	1	-2.56244	6.81995	-1	-1	-1
1	1	-2.41244	6.81995	-1	-1	-1
1	1	-2.26244	6.81995	-1	-1	-1
1	1	-2.11244	6.81995	-1	-1	-1
1	1	-1.96244	6.81995	-1	-1	-1
1	1	-1.81244	6.81995	-1	-1	-1
1	1	-1.66244	6.81995	-1	-1	-1
1	1	-1.51244	6.81995	-1	-1	-1
1	1	-1.36244	6.81995	-1	-1	-1
1	1	-1.21244	6.81995	-1	-1	-1
1	1	-3.46244	6.96995	-1	-1	-1
1	1	-3.31244	6.96995	-1	-1	-1
1	1	-3.16244	6.96995	-1	-1	-1
1	1	-3.01244	6.96995	-1	-1	-1
1	1	-2.86244	6.96995	-1	-1	-1
1	1	-2.71244	6.96995	-1	-1	-1
1	1	-2.56244	6.96995	-1	-1	-1
1	1	-2.41244	6.96995	-1	-1	-1
1	1	-2.26244	6.96995	-1	-1	-1
1	1	-2.11244	6.96995	-1	-1	-1
1	1	-1.96244	6.96995	-1	-1	-1
1	1	-1.81244	6.96995	-1	-1	-1
1	1	-1.66244	6.96995	-1	-1	-1
1	1	-1.51244	6.96995	-1	-1	-1
1	1	-1.36244	6.96995	-1	-1	-1
1	1	-1.21244	6.96995	-1	-1	-1
1	1	-3.46244	7.11995	-1	-1	-1
1	1	-3.31244	7.11995	-1	-1	-1
1	1	-3.16244	7.11995	-1	-1	-1
1	1	-3.01244	7.11995	-1	-1	-1
1	1	-2.86244	7.11995	-1	-1	-1
1	1	-2.71244	7.11995	-1	-1	-1
1	1	-2.56244	7.11995	-1	-1	-1
1	1	-2.41244	7.11995	-1	-1	-1
1	1	-2.26244	7.11995	-1	-1	-1
1	1	-2.11244	7.11995	-1	-1	-1
1	1	-1.96244	7.11995	-1	-1	-1
1	1	-1.81244	7.11995	-1	-1	-1
1	1	-1.66244	7.11995	-1	-1	-1
1	1	-1.51244	7.11995	-1	-1	-1
1	1	-1.36244	7.11995	-1	-1	-1
1	1	-1.21244	7.11995	-1	-1	-1
1	1	-3.46244	7.26995	-1	-1	-1
1	1	-3.31244	7.26995	-1	-1	-1
1	1	-3.16244	7.26995	-1	-1	-1
1	1	-3.01244	7.26995	-1	-1	-1
1	1	-2.86244	7.26995	-1	-1	-1
1	1	-2.71244	7.26995	-1	-1	-1
1	1	-2.56244	7.26995	-1	-1	-1
1	1	-2.41244	7.26995	-1	-1	-1
1	1	-2.26244	7.26995	-1	-1	-1
1	1	-2.11244	7.26995	-1	-1	-1
1	1	-1.96244	7.26995	-1	-1	-1
1	1	-1.81244	7.26995	-1	-1	-1
1	1	-1.66244	7.26995	-1	-1	-1
1	1	-1.51244	7.26995	-1	-1	-1
1	1	-1.36244	7.26995	-1	-1	-1
1	1	-1.21244	7.26995	-1	-1	-1
1	1	-3.46244	7.41995	-1	-1	-1
1	1	-3.31244	7.41995	-1	-1	-1
1	1	-3.16244	7.41995	-1	-1	-1
1	1	-3.01244	7.41995	-1	-1	-1
1	1	-2.86244	7.41995	-1	-1	-1
1	1	-2.71244	7.41995	-1	-1	-1
1	1	-2.56244	7.41995	-1	-1	-1
1	1	-2.41244	7.41995	-1	-1	-1
1	1	-2.26244	7.41995	-1	-1	-1
1	1	-2.11244	7.41995	-1	-1	-1
1	1	-1.96244	7.41995	-1	-1	-1
1	1	-1.81244	7.41995	-1	-1	-1
1	1	-1.66244	7.41995	-1	-1	-1
1	1	-1.51244	7.41995	-1	-1	-1
1	1	-1.36244	7.41995	-1	-1	-1
1	1	-1.21244	7.41995	-1	-1	-1
1	1	-3.46244	7.56995	-1	-1	-1
1	1	-3.31244	7.56995	-1	-1	-1
1	1	-3.16244	7.56995	-1	-1	-1
1	1	-3.01244	7.56995	-1	-1	-1
1	1	-2.86244	7.56995	-1	-1	-1
1	1	-2.71244	7.56995	-1	-1	-1
1	1	-2.56244	7.56995	-1	-1	-1
1	1	-2.41244	7.56995	-1	-1	-1
1	1	-2.26244	7.56995	-1	-1	-1
1	1	-2.11244	7.56995	-1	-1	-1
1	1	-1.96244	7.56995	-1	-1	-1
1	1	-1.81244	7.56995	-1	-1	-1
1	1	-1.66244	7.56995	-1	-1	-1
1	1	-1.51244	7.56995	-1	-1	-1
1	1	-1.36244	7.56995	-1	-1	-1
1	1	-1.21244	7.56995	-1	-1	-1
1	1	-3.46244	7.71995	-1	-1	-1
1	1	-3.31244	7.71995	-1	-1	-1
1	1	-3.16244	7.71995	-1	-1	-1
1	1	-3.01244	7.71995	-1	-1	-1
1	1	-2.86244	7.71995	-1	-1	-1
1	1	-2.71244	7.71995	-1	-1	-1
1	1	-2.56244	7.71995	-1	-1	-1
1	1	-2.41244	7.71995	-1	-1	-1
1	1	-2.26244	7.71995	-1	-1	-1
1	1	-2.11244	7.71995	-1	-1	-1
1	1	-1.96244	7.71995	-1	-1	-1
1	1	-1.81244	7.71995	-1	-1	-1
1	1	-1.66244	7.71995	-1	-1	-1
1	1	-1.51244	7.71995	-1	-1	-1
1	1	-1.36244	7.71995	-1	-1	-1
1	1	-1.21244	7.71995	-1	-1	-1
1	1	-3.46244	7.86995	-1	-1	-1
1	1	-3.31244	7.86995	-1	-1	-1
1	1	-3.16244	7.86995	-1	-1	-1
1	1	-3.01244	7.86995	-1	-1	-1
1	1	-2.86244	7.86995	-1	-1	-1
1	1	-2.71244	7.86995	-1	-1	-1
1	1	-2.56244	7.86995	-1	-1	-1
1	1	-2.41244	7.86995	-1	-1	-1
1	1	-2.26244	7.86995	-1	-1	-1
1	1	-2.11244	7.86995	-1	-1	-1
1	1	-1.96244	7.86995	-1	-1	-1
1	1	-1.81244	7.86995	-1	-1	-1
1	1	-1.66244	7.86995	-1	-1	-1
1	1	-1.51244	7.86995	-1	-1	-1
1	1	-1.36244	7.86995	-1	-1	-1
1	1	-1.21244	7.86995	-1	-1	-1
2	4	3.89317	4.95747	-1	-1	-1
2	4	4.04317	4.95747	-1	-1	-1
2	4	4.19317	4.95747	-1	-1	-1
2	4	4.34317	4.95747	-1	-1	-1
2	4	4.49317	4.95747	-1	-1	-1
2	4	4.64317	4.95747	-1	-1	-1
2	4	4.79317	4.95747	-1	-1	-1
2	4	4.94317	4.95747	-1	-1	-1
2	4	3.89317	5.10747	-1	-1	-1
2	4	4.04317	5.10747	-1	-1	-1
2	4	4.19317	5.10747	-1	-1	-1
2	4	4.34317	5.10747	-1	-1	-1
2	4	4.49317	5.10747	-1	-1	-1
2	4	4.64317	5.10747	-1	-1	-1
2	4	4.79317	5.10747	-1	-1	-1
2	4	4.94317	5.10747	-1	-1	-1
2	4	3.89317	5.25747	3714	3768.25	-1
2	4	4.04317	5.25747	-1	-1	-1
2	4	4.19317	5.25747	-1	-1	-1
2	4	4.34317	5.25747	-1	-1	-1
2	4	4.49317	5.25747	-1	-1	-1
2	4	4.64317	5.25747	-1	-1	-1
2	4	4.79317	5.25747	-1	-1	-1
2	4	4.94317	5.25747	-1	-1	-1
2	4	3.89317	5.40747	-1	-1	-1
2	4	4.04317	5.40747	-1	-1	-1
2	4	4.19317	5.40747	-1	-1	-1
2	4	4.34317	5.40747	-1	-1	-1
2	4	4.49317	5.40747	-1	-1	-1
2	4	4.64317	5.40747	-1	-1	-1
2	4	4.79317	5.40747	-1	-1	-1
2	4	4.94317	5.40747	-1	-1	-1
2	4	3.89317	5.55747	-1	-1	-1
2	4	4.04317	5.55747	-1	-1	-1
2	4	4.19317	5.55747	-1	-1	-1
2	4	4.34317	5.55747	-1	-1	-1
2	4	4.49317	5.55747	-1	-1	-1
2	4	4.64317	5.55747	-1	-1	-1
2	4	4.79317	5.55747	-1	-1	-1
2	4	4.94317	5.55747	-1	-1	-1
2	4	3.89317	5.70747	-1	-1	-1
2	4	4.04317	5.70747	-1	-1	-1
2	4	4.19317	5.70747	-1	-1	-1
2	4	4.34317	5.70747	-1	-1	-1
2	4	4.49317	5.70747	-1	-1	-1
2	4	4.64317	5.70747	-1	-1	-1
2	4	4.79317	5.70747	-1	-1	-1
2	4	4.94317	5.70747	-1	-1	-1
2	4	3.89317	5.85747	-1	-1	-1
2	4	4.04317	5.85747	-1	-1	-1
2	4	4.19317	5.85747	-1	-1	-1
2	4	4.34317	5.85747	-1	-1	-1
2	4	4.49317	5.85747	-1	-1	-1
2	4	4.64317	5.85747	-1	-1	-1
2	4	4.79317	5.85747	-1	-1	-1
2	4	4.94317	5.85747	-1	-1	-1
2	4	3.89317	6.00747	-1	-1	-1
2	4	4.04317	6.00747	-1	-1	-1
2	4	4.19317	6.00747	-1	-1	-1
2	4	4.34317	6.00747	-1	-1	-1
2	4	4.49317	6.00747	-1	-1	-1
2	4	4.64317	6.00747	-1	-1	-1
2	4	4.79317	6.00747	-1	-1	-1
2	4	4.94317	6.00747	-1	-1	-1
3	4	-3.10442	0.51321	4832	4956	-1
3	4	-2.95442	0.51321	4281	4403.28	-1
3	4	-2.80442	0.51321	2328	2456.66	-1
3	4	-2.65442	0.51321	1484	1513.16	-1
3	4	-2.50442	0.51321	917	957.188	-1
3	4	-2.35442	0.51321	768	790.094	-1
3	4	-2.20442	0.51321	604	643.469	-1
3	4	-2.05442	0.51321	59	190.844	-1
3	4	-3.10442	0.66321	-1	-1	-1
3	4	-2.95442	0.66321	1655	1683.16	-1
3	4	-2.80442	0.66321	1752	1779.78	-1
3	4	-2.65442	0.66321	3516	3655.12	-1
3	4	-2.50442	0.66321	803	856.344	-1
3	4	-2.35442	0.66321	841	899.812	-1
3	4	-2.20442	0.66321	670	701.969	-1
3	4	-2.05442	0.66321	178	198.531	-1
3	4	-3.10442	0.81321	3714	3845.59	-1
3	4	-2.95442	0.81321	1447	1489.53	-1
3	4	-2.80442	0.81321	1530	1566.41	-1
3	4	-2.65442	0.81321	1640	1672.25	-1
3	4	-2.50442	0.81321	749	811.156	-1
3	4	-2.35442	0.81321	689	742.375	-1
3	4	-2.20442	0.81321	1698	1726.16	-1
3	4	-2.05442	0.81321	1651	1671.91	-1
3	4	-3.10442	0.96321	1324	1372.88	-1
3	4	-2.95442	0.96321	1257	1341.84	-1
3	4	-2.80442	0.96321	1153	1193.72	-1
3	4	-2.65442	0.96321	1066	1123.09	-1
3	4	-2.50442	0.96321	767	840.969	-1
3	4	-2.35442	0.96321	536	584.094	-1
3	4	-2.20442	0.96321	630	691.688	-1
3	4	-2.05442	0.96321	47	82.0938	-1
3	4	-3.10442	1.11321	1299	1354.03	-1
3	4	-2.95442	1.11321	1180	1231.66	-1
3	4	-2.80442	1.11321	987	1023.25	-1
3	4	-2.65442	1.11321	950	988.406	-1
3	4	-2.50442	1.11321	613	650.188	-1
3	4	-2.35442	1.11321	428	464.312	-1
3	4	-2.20442	1.11321	279	302.688	-1
3	4	-2.05442	1.11321	192	215.094	-1
3	4	-3.10442	1.26321	1358	1417.66	-1
3	4	-2.95442	1.26321	1198	1258.19	-1
3	4	-2.80442	1.26321	1113	1165.12	-1
3	4	-2.65442	1.26321	750	822.062	-1
3	4	-2.50442	1.26321	690	796	-1
3	4	-2.35442	1.26321	500	545.781	-1
3	4	-2.20442	1.26321	322	356.938	-1
3	4	-2.05442	1.26321	137	165.906	-1
3	4	-3.10442	1.41321	1419	1476.16	-1
3	4	-2.95442	1.41321	1394	1430.81	-1
3	4	-2.80442	1.41321	1260	1322.59	-1
3	4	-2.65442	1.41321	1034	1107.75	-1
3	4	-2.50442	1.41321	870	910.406	-1
3	4	-2.35442	1.41321	912	943.844	-1
3	4	-2.20442	1.41321	547	573.812	-1
3	4	-2.05442	1.41321	454	476.75	-1
3	4	-3.10442	1.56321	5026	5058.5	-1
3	4	-2.95442	1.56321	4699	4726.84	-1
3	4	-2.80442	1.56321	1332	1383.81	-1
3	4	-2.65442	1.56321	5376	-1	-1
3	4	-2.50442	1.56321	1441	1470.47	-1
3	4	-2.35442	1.56321	1264	1290.06	-1
3	4	-2.20442	1.56321	1014	1038	-1
3	4	-2.05442	1.56321	2805	2975.06	-1
4	4	-6.99899	-6.6354	-1	-1	-1
4	4	-6.84899	-6.6354	-1	-1	-1
4	4	-6.69899	-6.6354	-1	-1	-1
4	4	-6.54899	-6.6354	-1	-1	-1
4	4	-6.39899	-6.6354	-1	-1	-1
4	4	-6.24899	-6.6354	-1	-1	-1
4	4	-6.09899	-6.6354	-1	-1	-1
4	4	-5.94899	-6.6354	-1	-1	-1
4	4	-6.99899	-6.4854	-1	-1	-1
4	4	-6.84899	-6.4854	-1	-1	-1
4	4	-6.69899	-6.4854	-1	-1	-1
4	4	-6.54899	-6.4854	-1	-1	-1
4	4	-6.39899	-6.4854	-1	-1	-1
4	4	-6.24899	-6.4854	-1	-1	-1
4	4	-6.09899	-6.4854	-1	-1	-1
4	4	-5.94899	-6.4854	231	362.344	-1
4	4	-6.99899	-6.3354	-1	-1	-1
4	4	-6.84899	-6.3354	-1	-1	-1
4	4	-6.69899	-6.3354	-1	-1	-1
4	4	-6.54899	-6.3354	-1	-1	-1
4	4	-6.39899	-6.3354	-1	-1	-1
4	4	-6.24899	-6.3354	-1	-1	-1
4	4	-6.09899	-6.3354	-1	-1	-1
4	4	-5.94899	-6.3354	-1	-1	-1
4	4	-6.99899	-6.1854	-1	-1	-1
4	4	-6.84899	-6.1854	-1	-1	-1
4	4	-6.69899	-6.1854	-1	-1	-1
4	4	-6.54899	-6.1854	-1	-1	-1
4	4	-6.39899	-6.1854	-1	-1	-1
4	4	-6.24899	-6.1854	-1	-1	-1
4	4	-6.09899	-6.1854	-1	-1	-1
4	4	-5.94899	-6.1854	-1	-1	-1
4	4	-6.99899	-6.0354	-1	-1	-1
4	4	-6.84899	-6.0354	-1	-1	-1
4	4	-6.69899	-6.0354	-1	-1	-1
4	4	-6.54899	-6.0354	-1	-1	-1
4	4	-6.39899	-6.0354	-1	-1	-1
4	4	-6.24899	-6.0354	-1	-1	-1
4	4	-6.09899	-6.0354	-1	-1	-1
4	4	-5.94899	-6.0354	3452	3589.47	-1
4	4	-6.99899	-5.8854	-1	-1	-1
4	4	-6.84899	-5.8854	-1	-1	-1
4	4	-6.69899	-5.8854	-1	-1	-1
4	4	-6.54899	-5.8854	-1	-1	-1
4	4	-6.39899	-5.8854	-1	-1	-1
4	4	-6.24899	-5.8854	-1	-1	-1
4	4	-6.09899	-5.8854	-1	-1	-1
4	4	-5.94899	-5.8854	3656	3719.66	-1
4	4	-6.99899	-5.7354	-1	-1	-1
4	4	-6.84899	-5.7354	-1	-1	-1
4	4	-6.69899	-5.7354	-1	-1	-1
4	4	-6.54899	-5.7354	-1	-1	-1
4	4	-6.39899	-5.7354	-1	-1	-1
4	4	-6.24899	-5.7354	-1	-1	-1
4	4	-6.09899	-5.7354	-1	-1	-1
4	4	-5.94899	-5.7354	3791	3855.66	-1
4	4	-6.99899	-5.5854	-1	-1	-1
4	4	-6.84899	-5.5854	3494	3611.88	-1
4	4	-6.69899	-5.5854	-1	-1	-1
4	4	-6.54899	-5.5854	-1	-1	-1
4	4	-6.39899	-5.5854	-1	-1	-1
4	4	-6.24899	-5.5854	5375	-1	-1
4	4	-6.09899	-5.5854	-1	-1	-1
4	4	-5.94899	-5.5854	-1	-1	-1
5	4	-6.46984	2.57954	-1	-1	-1
5	4	-6.31984	2.57954	-1	-1	-1
5	4	-6.16984	2.57954	-1	-1	-1
5	4	-6.01984	2.57954	-1	-1	-1
5	4	-5.86984	2.57954	-1	-1	-1
5	4	-5.71984	2.57954	-1	-1	-1
5	4	-5.56984	2.57954	-1	-1	-1
5	4	-5.41984	2.57954	-1	-1	-1
5	4	-6.46984	2.72954	-1	-1	-1
5	4	-6.31984	2.72954	-1	-1	-1
5	4	-6.16984	2.72954	-1	-1	-1
5	4	-6.01984	2.72954	-1	-1	-1
5	4	-5.86984	2.72954	-1	-1	-1
5	4	-5.71984	2.72954	-1	-1	-1
5	4	-5.56984	2.72954	-1	-1	-1
5	4	-5.41984	2.72954	-1	-1	-1
5	4	-6.46984	2.87954	-1	-1	-1
5	4	-6.31984	2.87954	-1	-1	-1
5	4	-6.16984	2.87954	-1	-1	-1
5	4	-6.01984	2.87954	-1	-1	-1
5	4	-5.86984	2.87954	-1	-1	-1
5	4	-5.71984	2.87954	-1	-1	-1
5	4	-5.56984	2.87954	-1	-1	-1
5	4	-5.41984	2.87954	3116	3188.66	-1
5	4	-6.46984	3.02954	-1	-1	-1
5	4	-6.31984	3.02954	-1	-1	-1
5	4	-6.16984	3.02954	-1	-1	-1
5	4	-6.01984	3.02954	-1	-1	-1
5	4	-5.86984	3.02954	-1	-1	-1
5	4	-5.71984	3.02954	-1	-1	-1
5	4	-5.56984	3.02954	3109	3188.25	-1
5	4	-5.41984	3.02954	2903	2952.81	-1
5	4	-6.46984	3.17954	-1	-1	-1
5	4	-6.31984	3.17954	-1	-1	-1
5	4	-6.16984	3.17954	-1	-1	-1
5	4	-6.01984	3.17954	-1	-1	-1
5	4	-5.86984	3.17954	-1	-1	-1
5	4	-5.71984	3.17954	-1	-1	-1
5	4	-5.56984	3.17954	2505	2628.91	-1
5	4	-5.41984	3.17954	2675	2725.34	-1
5	4	-6.46984	3.32954	-1	-1	-1
5	4	-6.31984	3.32954	-1	-1	-1
5	4	-6.16984	3.32954	-1	-1	-1
5	4	-6.01984	3.32954	-1	-1	-1
5	4	-5.86984	3.32954	-1	-1	-1
5	4	-5.71984	3.32954	-1	-1	-1
5	4	-5.56984	3.32954	2772	2825.06	-1
5	4	-5.41984	3.32954	2794	2862.69	-1
5	4	-6.46984	3.47954	-1	-1	-1
5	4	-6.31984	3.47954	-1	-1	-1
5	4	-6.16984	3.47954	-1	-1	-1
5	4	-6.01984	3.47954	-1	-1	-1
5	4	-5.86984	3.47954	-1	-1	-1
5	4	-5.71984	3.47954	-1	-1	-1
5	4	-5.56984	3.47954	-1	-1	-1
5	4	-5.41984	3.47954	2873	2937.81	-1
5	4	-6.46984	3.62954	-1	-1	-1
5	4	-6.31984	3.62954	-1	-1	-1
5	4	-6.16984	3.62954	-1	-1	-1
5	4	-6.01984	3.62954	-1	-1	-1
5	4	-5.86984	3.62954	-1	-1	-1
5	4	-5.71984	3.62954	-1	-1	-1
5	4	-5.56984	3.62954	-1	-1	-1
5	4	-5.41984	3.62954	-1	-1	-1
6	16	1.93359	-7.08784	-1	-1	-1
6	16	2.08359	-7.08784	-1	-1	-1
6	16	2.23359	-7.08784	-1	-1	-1
6	16	2.38359	-7.08784	-1	-1	-1
6	16	1.93359	-6.93784	-1	-1	-1
6	16	2.08359	-6.93784	-1	-1	-1
6	16	2.23359	-6.93784	-1	-1	-1
6	16	2.38359	-6.93784	-1	-1	-1
6	16	1.93359	-6.78784	3227	3282.62	-1
6	16	2.08359	-6.78784	3212	3271.72	-1
6	16	2.23359	-6.78784	-1	-1	-1
6	16	2.38359	-6.78784	-1	-1	-1
6	16	1.93359	-6.63784	1690	1809.97	-1
6	16	2.08359	-6.63784	2881	2982.59	-1
6	16	2.23359	-6.63784	3032	3095.44	-1
6	16	2.38359	-6.63784	3153	3227.66	-1
7	16	-9.1287	-1.67	-1	-1	-1
7	16	-8.9787	-1.67	-1	-1	-1
7	16	-8.8287	-1.67	-1	-1	-1
7	16	-8.6787	-1.67	-1	-1	-1
7	16	-9.1287	-1.52	-1	-1	-1
7	16	-8.9787	-1.52	-1	-1	-1
7	16	-8.8287	-1.52	-1	-1	-1
7	16	-8.6787	-1.52	-1	-1	-1
7	16	-9.1287	-1.37	-1	-1	-1
7	16	-8.9787	-1.37	-1	-1	-1
7	16	-8.8287	-1.37	-1	-1	-1
7	16	-8.6787	-1.37	-1	-1	-1
7	16	-9.1287	-1.22	-1	-1	-1
7	16	-8.9787	-1.22	-1	-1	-1
7	16	-8.8287	-1.22	-1	-1	-1
7	16	-8.6787	-1.22	-1	-1	-1
8	16	1.6382	-2.67817	-1	-1	-1
8	16	1.7882	-2.67817	4819	4850.72	-1
8	16	1.9382	-2.67817	4893	4926	-1
8	16	2.0882	-2.67817	4961	4988.72	-1
8	16	1.6382	-2.52817	3874	3899.84	-1
8	16	1.7882	-2.52817	4746	4819.06	-1
8	16	1.9382	-2.52817	4557	4716.34	-1
8	16	2.0882	-2.52817	4777	4809.88	-1
8	16	1.6382	-2.37817	2413	2441.06	-1
8	16	1.7882	-2.37817	712	749.344	-1
8	16	1.9382	-2.37817	553	583.469	-1
8	16	2.0882	-2.37817	638	674.344	-1
8	16	1.6382	-2.22817	2218	2366.97	-1
8	16	1.7882	-2.22817	769	803.781	-1
8	16	1.9382	-2.22817	351	520.594	-1
8	16	2.0882	-2.22817	611	656.125	-1
9	16	-4.34686	1.49145	-1	-1	-1
9	16	-4.19686	1.49145	-1	-1	-1
9	16	-4.04686	1.49145	-1	-1	-1
9	16	-3.89686	1.49145	4046	4161.47	-1
9	16	-4.34686	1.64145	-1	-1	-1
9	16	-4.19686	1.64145	-1	-1	-1
9	16	-4.04686	1.64145	4947	4982.03	-1
9	16	-3.89686	1.64145	4206	4239.69	-1
9	16	-4.34686	1.79145	-1	-1	-1
9	16	-4.19686	1.79145	-1	-1	-1
9	16	-4.04686	1.79145	5014	5047.69	-1
9	16	-3.89686	1.79145	4273	4310.25	-1
9	16	-4.34686	1.94145	-1	-1	-1
9	16	-4.19686	1.94145	-1	-1	-1
9	16	-4.04686	1.94145	-1	-1	-1
9	16	-3.89686	1.94145	-1	-1	-1
10	16	-8.30382	3.30458	-1	-1	-1
10	16	-8.15382	3.30458	-1	-1	-1
10	16	-8.00382	3.30458	-1	-1	-1
10	16	-7.85382	3.30458	-1	-1	-1
10	16	-8.30382	3.45458	4849	4915.38	-1
10	16	-8.15382	3.45458	-1	-1	-1
10	16	-8.00382	3.45458	-1	-1	-1
10	16	-7.85382	3.45458	-1	-1	-1
10	16	-8.30382	3.60458	-1	-1	-1
10	16	-8.15382	3.60458	-1	-1	-1
10	16	-8.00382	3.60458	-1	-1	-1
10	16	-7.85382	3.60458	-1	-1	-1
10	16	-8.30382	3.75458	-1	-1	-1
10	16	-8.15382	3.75458	-1	-1	-1
10	16	-8.00382	3.75458	-1	-1	-1
10	16	-7.85382	3.75458	-1	-1	-1
11	16	-1.44951	3.49299	3874	4005.62	-1
11	16	-1.29951	3.49299	3272	3316.38	-1
11	16	-1.14951	3.49299	3123	3153.72	-1
11	16	-0.999515	3.49299	3180	3210.59	-1
11	16	-1.44951	3.64299	4394	4430.19	-1
11	16	-1.29951	3.64299	-1	-1	-1
11	16	-1.14951	3.64299	3309	3384.91	-1
11	16	-0.999515	3.64299	3253	3312.38	-1
11	16	-1.44951	3.79299	-1	-1	-1
11	16	-1.29951	3.79299	-1	-1	-1
11	16	-1.14951	3.79299	4156	4275.47	-1
11	16	-0.999515	3.79299	3362	3484.75	-1
11	16	-1.44951	3.94299	-1	-1	-1
11	16	-1.29951	3.94299	-1	-1	-1
11	16	-1.14951	3.94299	-1	-1	-1
11	16	-0.999515	3.94299	3708	3845.09	-1
12	16	-3.01715	-6.81597	-1	-1	-1
12	16	-2.86715	-6.81597	-1	-1	-1
12	16	-2.71715	-6.81597	-1	-1	-1
12	16	-2.56715	-6.81597	1606	1702.59	-1
12	16	-3.01715	-6.66597	-1	-1	-1
12	16	-2.86715	-6.66597	-1	-1	-1
12	16	-2.71715	-6.66597	-1	-1	-1
12	16	-2.56715	-6.66597	-1	-1	-1
12	16	-3.01715	-6.51597	-1	-1	-1
12	16	-2.86715	-6.51597	-1	-1	-1
12	16	-2.71715	-6.51597	-1	-1	-1
12	16	-2.56715	-6.51597	4981	5036.84	-1
12	16	-3.01715	-6.36597	2766	2881.69	-1
12	16	-2.86715	-6.36597	2930	2989.56	-1
12	16	-2.71715	-6.36597	3068	3143.06	-1
12	16	-2.56715	-6.36597	2629	2750.38	-1
13	16	-1.16906	-2.41644	2106	2164	-1
13	16	-1.01906	-2.41644	1969	2024.88	-1
13	16	-0.869059	-2.41644	2081	2155.22	-1
13	16	-0.719059	-2.41644	339	362.938	-1
13	16	-1.16906	-2.26644	2036	2080.91	-1
13	16	-1.01906	-2.26644	1744	1881.28	-1
13	16	-0.869059	-2.26644	1926	1952.34	-1
13	16	-0.719059	-2.26644	2163	2199.88	-1
13	16	-1.16906	-2.11644	2056	2092.81	-1
13	16	-1.01906	-2.11644	1902	1935.44	-1
13	16	-0.869059	-2.11644	1942	1966.69	-1
13	16	-0.719059	-2.11644	1793	1814.59	-1
13	16	-1.16906	-1.96644	731	876.562	-1
13	16	-1.01906	-1.96644	89	109.812	-1
13	16	-0.869059	-1.96644	2136	2175.59	-1
13	16	-0.719059	-1.96644	24	44.375	-1
14	16	8.17905	4.01035	-1	-1	-1
14	16	8.32905	4.01035	-1	-1	-1
14	16	8.47905	4.01035	-1	-1	-1
14	16	8.62905	4.01035	-1	-1	-1
14	16	8.17905	4.16035	-1	-1	-1
14	16	8.32905	4.16035	-1	-1	-1
14	16	8.47905	4.16035	-1	-1	-1
14	16	8.62905	4.16035	-1	-1	-1
14	16	8.17905	4.31035	-1	-1	-1
14	16	8.32905	4.31035	-1	-1	-1
14	16	8.47905	4.31035	-1	-1	-1
14	16	8.62905	4.31035	-1	-1	-1
14	16	8.17905	4.46035	-1	-1	-1
14	16	8.32905	4.46035	-1	-1	-1
14	16	8.47905	4.46035	-1	-1	-1
14	16	8.62905	4.46035	-1	-1	-1
15	16	4.35857	3.85515	1814	1958.25	-1
15	16	4.50857	3.85515	4165	4307.56	-1
15	16	4.65857	3.85515	4503	4555.97	-1
15	16	4.80857	3.85515	-1	-1	-1
15	16	4.35857	4.00515	1098	1245.94	-1
15	16	4.50857	4.00515	4353	4423.12	-1
15	16	4.65857	4.00515	4475	4577.91	-1
15	16	4.80857	4.00515	-1	-1	-1
15	16	4.35857	4.15515	-1	-1	-1
15	16	4.50857	4.15515	4672	4719.28	-1
15	16	4.65857	4.15515	-1	-1	-1
15	16	4.80857	4.15515	-1	-1	-1
15	16	4.35857	4.30515	-1	-1	-1
15	16	4.50857	4.30515	-1	-1	-1
15	16	4.65857	4.30515	-1	-1	-1
15	16	4.80857	4.30515	-1	-1	-1
16	16	2.48057	-3.08124	43	74.4375	-1
16	16	2.63057	-3.08124	5111	5144.28	-1
16	16	2.78057	-3.08124	-1	-1	-1
16	16	2.93057	-3.08124	994	1037	-1
16	16	2.48057	-2.93124	104	135.375	-1
16	16	2.63057	-2.93124	1036	1073.84	-1
16	16	2.78057	-2.93124	872	937.156	-1
16	16	2.93057	-2.93124	943	995.406	-1
16	16	2.48057	-2.78124	5062	5217.25	-1
16	16	2.63057	-2.78124	757	796	-1
16	16	2.78057	-2.78124	781	852.062	-1
16	16	2.93057	-2.78124	845	900.25	-1
16	16	2.48057	-2.63124	1314	1485.97	-1
16	16	2.63057	-2.63124	35	69.25	-1
16	16	2.78057	-2.63124	557	719.781	-1
16	16	2.93057	-2.63124	4211	4245.72	-1
17	16	5.92457	-2.4637	-1	-1	-1
17	16	6.07457	-2.4637	-1	-1	-1
17	16	6.22457	-2.4637	-1	-1	-1
17	16	6.37457	-2.4637	-1	-1	-1
17	16	5.92457	-2.3137	-1	-1	-1
17	16	6.07457	-2.3137	-1	-1	-1
17	16	6.22457	-2.3137	-1	-1	-1
17	16	6.37457	-2.3137	-1	-1	-1
17	16	5.92457	-2.1637	-1	-1	-1
17	16	6.07457	-2.1637	-1	-1	-1
17	16	6.22457	-2.1637	-1	-1	-1
17	16	6.37457	-2.1637	-1	-1	-1
17	16	5.92457	-2.0137	-1	-1	-1
17	16	6.07457	-2.0137	-1	-1	-1
17	16	6.22457	-2.0137	1530	1634.81	-1
17	16	6.37457	-2.0137	-1	-1	-1
18	16	4.69926	-7.72171	3674	3770.81	-1
18	16	4.84926	-7.72171	-1	-1	-1
18	16	4.99926	-7.72171	-1	-1	-1
18	16	5.14926	-7.72171	-1	-1	-1
18	16	4.69926	-7.57171	-1	-1	-1
18	16	4.84926	-7.57171	-1	-1	-1
18	16	4.99926	-7.57171	-1	-1	-1
18	16	5.14926	-7.57171	-1	-1	-1
18	16	4.69926	-7.42171	-1	-1	-1
18	16	4.84926	-7.42171	-1	-1	-1
18	16	4.99926	-7.42171	-1	-1	-1
18	16	5.14926	-7.42171	5354	-1	-1
18	16	4.69926	-7.27171	-1	-1	-1
18	16	4.84926	-7.27171	-1	-1	-1
18	16	4.99926	-7.27171	5387	-1	-1
18	16	5.14926	-7.27171	5201	5270.16	-1
19	16	2.97824	7.17203	-1	-1	-1
19	16	3.12824	7.17203	-1	-1	-1
19	16	3.27824	7.17203	-1	-1	-1
19	16	3.42824	7.17203	-1	-1	-1
19	16	2.97824	7.32203	-1	-1	-1
19	16	3.12824	7.32203	-1	-1	-1
19	16	3.27824	7.32203	-1	-1	-1
19	16	3.42824	7.32203	-1	-1	-1
19	16	2.97824	7.47203	-1	-1	-1
19	16	3.12824	7.47203	-1	-1	-1
19	16	3.27824	7.47203	-1	-1	-1
19	16	3.42824	7.47203	-1	-1	-1
19	16	2.97824	7.62203	-1	-1	-1
19	16	3.12824	7.62203	-1	-1	-1
19	16	3.27824	7.62203	-1	-1	-1
19	16	3.42824	7.62203	-1	-1	-1
20	16	0.38	8.59216	-1	-1	-1
20	16	0.53	8.59216	-1	-1	-1
20	16	0.68	8.59216	-1	-1	-1
20	16	0.83	8.59216	-1	-1	-1
20	16	0.38	8.74216	-1	-1	-1
20	16	0.53	8.74216	-1	-1	-1
20	16	0.68	8.74216	-1	-1	-1
20	16	0.83	8.74216	-1	-1	-1
20	16	0.38	8.89216	-1	-1	-1
20	16	0.53	8.89216	-1	-1	-1
20	16	0.68	8.89216	-1	-1	-1
20	16	0.83	8.89216	-1	-1	-1
20	16	0.38	9.04216	-1	-1	-1
20	16	0.53	9.04216	-1	-1	-1
20	16	0.68	9.04216	-1	-1	-1
20	16	0.83	9.04216	-1	-1	-1
21	16	-4.17377	2.85562	3706	3761.38	-1
21	16	-4.02377	2.85562	3686	3747.88	-1
21	16	-3.87377	2.85562	3837	3877.06	-1
21	16	-3.72377	2.85562	3875	3914.66	-1
21	16	-4.17377	3.00562	3755	3820.84	-1
21	16	-4.02377	3.00562	3980	4049.06	-1
21	16	-3.87377	3.00562	3959	4015.66	-1
21	16	-3.72377	3.00562	590	633.25	-1
21	16	-4.17377	3.15562	3922	3966.69	-1
21	16	-4.02377	3.15562	4169	4208.91	-1
21	16	-3.87377	3.15562	-1	-1	-1
21	16	-3.72377	3.15562	508	553.281	-1
21	16	-4.17377	3.30562	-1	-1	-1
21	16	-4.02377	3.30562	-1	-1	-1
21	16	-3.87377	3.30562	-1	-1	-1
21	16	-3.72377	3.30562	-1	-1	-1
0	256	1.55586	8.88568	-1	-1	-1
0	256	6.75966	-5.55583	-1	-1	-1
0	256	7.44506	3.45037	-1	-1	-1
0	256	1.27214	-7.09748	1005	1116.59	-1
0	256	3.44053	-5.52819	-1	-1	-1
0	256	-2.7092	8.95112	-1	-1	-1
0	256	6.51858	-5.71989	-1	-1	-1
0	256	-0.253851	6.88982	5179	5283.75	-1
0	256	7.88529	3.8605	-1	-1	-1
0	256	4.04286	0.905499	4229	4344.44	-1
0	256	3.86169	2.00714	-1	-1	-1
0	256	4.54846	8.55524	2550	2649.41	-1
0	256	-4.77502	2.78315	-1	-1	-1
0	256	-0.500751	5.1376	5386	-1	-1
0	256	-5.02624	-1.67723	130	172.781	-1
0	256	-2.00285	-3.40432	-1	-1	-1
0	256	8.02614	-5.42695	-1	-1	-1
0	256	1.13746	4.99488	-1	-1	-1
0	256	4.42841	-8.61698	-1	-1	-1
0	256	4.6242	6.59159	-1	-1	-1
0	256	-1.68723	-6.97789	3593	3702.31	-1
0	256	-1.74884	-8.4507	-1	-1	-1
0	256	-7.77114	2.84957	-1	-1	-1
0	256	4.60573	-3.65027	4315	4445	-1
0	256	-2.60874	5.43049	1511	1626.53	-1
0	256	-3.42646	0.363402	1846	1966.28	-1
0	256	3.12255	-1.14647	2384	2411.72	-1
0	256	0.481662	-5.45129	-1	-1	-1
0	256	2.5884	-8.97062	-1	-1	-1
0	256	-0.794187	-4.0634	53	89.8438	-1
0	256	0.54297	6.39464	-1	-1	-1
0	256	5.18024	-5.80973	1064	1128.66	-1
0	256	-2.21303	-7.74355	-1	-1	-1
0	256	-0.907319	-8.45926	2630	2697.62	-1
0	256	-4.7901	-3.61102	-1	-1	-1
0	256	8.97876	4.36993	-1	-1	-1
0	256	-3.66207	4.30916	2203	2251.12	-1
0	256	5.49401	3.28749	5234	5353.28	-1
0	256	-4.23659	8.92847	-1	-1	-1
0	256	-8.9037	-3.53046	-1	-1	-1
0	256	-9.05695	-5.89867	-1	-1	-1
0	256	8.70555	1.0419	2854	2920.62	-1
0	256	-2.57832	-8.29048	-1	-1	-1
0	256	-7.6096	0.105749	-1	-1	-1
0	256	-7.59295	1.55945	-1	-1	-1
0	256	-7.11177	6.14678	-1	-1	-1
0	256	2.49563	2.58704	3347	3388.12	-1
0	256	0.360029	3.67553	1895	1926.53	-1
0	256	8.32571	4.65375	-1	-1	-1
0	256	-9.44229	7.28063	-1	-1	-1
0	256	8.14663	4.63622	-1	-1	-1
0	256	2.15505	-3.59429	-1	-1	-1
0	256	3.32737	3.41518	-1	-1	-1
0	256	-1.87627	-6.19088	-1	-1	-1
0	256	1.84158	4.70929	570	611.312	-1
0	256	6.69745	-2.40184	-1	-1	-1
0	256	-5.61364	-7.14315	-1	-1	-1
0	256	-6.6221	-4.66042	-1	-1	-1
0	256	-3.15832	-0.627848	3969	4091.69	-1
0	256	6.62795	0.35233	473	572.531	-1
0	256	6.63256	4.06782	-1	-1	-1
0	256	7.14656	2.72707	3138	3245.34	-1
0	256	-9.07154	-2.65667	-1	-1	-1
0	256	8.09531	2.45761	3371	3455.09	-1
0	256	-4.65443	2.90885	-1	-1	-1
0	256	8.14387	-7.62512	-1	-1	-1
0	256	-5.11135	3.04219	3020	3086.19	-1
0	256	2.11729	2.7512	3341	3498.28	-1
0	256	8.34576	-2.00239	-1	-1	-1
0	256	5.90047	-1.32255	-1	-1	-1
0	256	-4.44124	1.00288	615	667.094	-1
0	256	-4.25526	2.66761	3492	3634.09	-1
0	256	6.87721	4.65981	2451	2516.59	-1
0	256	4.45947	-0.434717	2324	2437.09	-1
0	256	2.17238	-6.12305	-1	-1	-1
0	256	9.11594	-0.914584	-1	-1	-1
0	256	8.83648	7.84163	-1	-1	-1
0	256	-3.20026	-3.41417	120	160.406	-1
0	256	-6.08027	0.589664	-1	-1	-1
0	256	-0.0883031	-5.17679	4274	4390.16	-1
0	256	-3.76334	-7.19186	-1	-1	-1
0	256	4.42312	1.08035	1820	1856.22	-1
0	256	0.687433	-6.22892	2585	2692.28	-1
0	256	6.0166	-6.48978	-1	-1	-1
0	256	0.899155	-6.70429	4701	4752.62	-1
0	256	5.05068	-1.97607	2699	2740.28	-1
0	256	5.27442	-2.24817	3321	3426.59	-1
0	256	-8.42178	1.37401	5165	5253.25	-1
0	256	5.25904	-4.78205	-1	-1	-1
0	256	-1.21369	2.93998	1578	1605.59	-1
0	256	-4.35676	-3.2681	-1	-1	-1
0	256	-3.84926	3.56522	2593	2762	-1
0	256	-9.24507	-2.77549	-1	-1	-1
0	256	3.50705	-7.03413	2578	2678.69	-1
0	256	-5.14528	4.31291	-1	-1	-1
0	256	2.46823	6.48518	5353	-1	-1
0	256	-3.62283	8.65959	-1	-1	-1
0	256	1.92608	-3.64219	2256	2291.47	-1
0	256	-9.12005	1.90047	-1	-1	-1
0	256	9.40364	0.366225	2274	2343.16	-1
0	256	-3.29123	-7.80915	-1	-1	-1
0	256	-3.81425	8.19003	-1	-1	-1
0	256	9.05787	2.09545	4567	4647	-1
0	256	-3.65401	-1.8821	940	1059.69	-1
0	256	-4.3235	-2.13755	3945	3982.22	-1
0	256	9.52764	-3.95146	-1	-1	-1
0	256	5.33156	4.25554	-1	-1	-1
0	256	1.34029	0.369705	290	425.469	-1
0	256	-2.54554	2.99758	49	81.8438	-1
0	256	1.36369	7.55783	-1	-1	-1
0	256	0.935801	-3.7965	2395	2508.78	-1
0	256	5.52213	7.44799	-1	-1	-1
0	256	5.70258	-5.13007	274	336.156	-1
0	256	-9.03296	2.72964	-1	-1	-1
0	256	-8.7324	1.67285	-1	-1	-1
0	256	0.276995	8.36787	-1	-1	-1
0	256	9.20622	2.45973	-1	-1	-1
0	256	-6.38689	5.2318	-1	-1	-1
0	256	3.94243	-6.68369	149	255.594	-1
0	256	-2.21029	4.26137	-1	-1	-1
0	256	5.69162	-3.43408	3440	3489.84	-1
0	256	-1.37382	-9.01337	-1	-1	-1
0	256	4.06815	2.9511	123	246.656	-1
0	256	-5.2617	-2.35303	-1	-1	-1
0	256	9.03647	-3.45769	-1	-1	-1
0	256	0.0138642	-4.49705	2058	2197.88	-1
0	256	3.57956	-8.64554	-1	-1	-1
0	256	0.693482	-9.12473	-1	-1	-1
0	256	-8.17643	-1.45715	-1	-1	-1
0	256	-0.714381	3.57474	1094	1212.62	-1
0	256	7.33193	-0.387537	-1	-1	-1
0	256	3.50544	-0.182806	52	81.5938	-1
0	256	-1.57622	2.96604	327	458.719	-1
0	256	-0.617589	-5.04119	-1	-1	-1
0	256	2.93095	-2.4557	4134	4171.62	-1
0	256	1.02464	7.74377	-1	-1	-1
0	256	-3.81492	-7.29282	-1	-1	-1
0	256	6.09298	5.68079	-1	-1	-1
0	256	-2.41604	-9.25099	3285	3358.53	-1
0	256	9.39869	1.99391	-1	-1	-1
0	256	-6.11135	-3.8322	-1	-1	-1
0	256	-0.108081	4.74963	4452	4569.16	-1
0	256	-2.06563	-8.83032	-1	-1	-1
0	256	5.07429	5.56301	-1	-1	-1
0	256	-7.39881	-1.37408	-1	-1	-1
0	256	-3.02391	5.4469	-1	-1	-1
0	256	-7.39171	4.45318	-1	-1	-1
0	256	-4.167	4.02351	1778	1941.72	-1
0	256	-5.59757	1.2105	-1	-1	-1
0	256	1.04697	9.61043	-1	-1	-1
0	256	0.524767	-4.08433	1900	2028.12	-1
0	256	3.57948	-4.40426	-1	-1	-1
0	256	-3.77338	-1.95121	3071	3104.53	-1
0	256	-6.03576	-4.24707	-1	-1	-1
0	256	-1.37745	-9.301	-1	-1	-1
0	256	-0.634676	5.75591	4147	4250.53	-1
0	256	-2.32564	-4.40859	2421	2462.16	-1
0	256	-9.58946	-0.0650921	5111	5192.06	-1
0	256	1.54166	3.94528	364	490.5	-1
0	256	-3.16703	-3.97449	1224	1361.12	-1
0	256	2.07905	9.33965	-1	-1	-1
0	256	-4.45118	3.39864	-1	-1	-1
0	256	-9.09799	-3.04539	1979	2045.84	-1
0	256	-0.637012	-4.24003	1429	1557.78	-1
0	256	-1.15043	-8.75345	-1	-1	-1
0	256	-6.92608	6.73393	-1	-1	-1
0	256	-9.02767	-3.91189	-1	-1	-1
0	256	-2.90875	-2.82889	2309	2343.12	-1
0	256	-0.33702	-8.37018	-1	-1	-1
0	256	7.16891	6.09814	-1	-1	-1
0	256	-5.01951	6.72033	407	520.406	-1
0	256	2.98299	9.51897	-1	-1	-1
0	256	1.24459	9.36645	2487	2557	-1
0	256	-0.973345	-7.36673	-1	-1	-1
0	256	-6.94958	1.95528	-1	-1	-1
0	256	-8.66397	0.133906	-1	-1	-1
0	256	-7.2456	-1.27706	-1	-1	-1
0	256	3.69305	1.00033	1747	1786.41	-1
0	256	5.88081	-5.13802	87	216.688	-1
0	256	8.98371	2.37367	-1	-1	-1
0	256	-4.16954	-2.89221	2265	2397.97	-1
0	256	6.84919	-5.25214	-1	-1	-1
0	256	3.41196	-4.44648	1983	2124.91	-1
0	256	-4.58464	-4.09776	4394	4533.19	-1
0	256	4.98268	4.60333	-1	-1	-1
0	256	9.28024	-1.19416	4171	4239.84	-1
0	256	5.72833	-4.16265	4883	4936.59	-1
0	256	-8.12876	-2.80638	-1	-1	-1
0	256	1.49631	2.71637	-1	-1	-1
0	256	-4.68886	0.110856	-1	-1	-1
0	256	-3.92433	9.05747	-1	-1	-1
0	256	2.42133	-6.26977	-1	-1	-1
0	256	8.11852	-4.93896	-1	-1	-1
0	256	-4.13751	-6.14746	3899	3958.03	-1
0	256	1.54518	-5.16931	1356	1459.84	-1
0	256	7.35191	-6.2081	-1	-1	-1
0	256	4.69936	2.99179	1176	1219.97	-1
0	256	4.23037	6.56308	-1	-1	-1
0	256	-6.51894	5.52873	-1	-1	-1
0	256	-6.28232	5.63241	-1	-1	-1
0	256	4.87214	3.58448	2383	2513.53	-1
0	256	5.25998	6.1262	-1	-1	-1
0	256	4.18353	-8.28047	-1	-1	-1
0	256	7.52261	4.12079	-1	-1	-1
0	256	-8.0918	4.57399	-1	-1	-1
0	256	-2.60063	-1.57434	1096	1235.12	-1
0	256	7.04676	4.4551	3020	3120.94	-1
0	256	1.12125	1.28616	99	266.906	-1
0	256	-4.98042	8.02049	-1	-1	-1
0	256	3.61049	-1.78141	1113	1150.19	-1
0	256	-6.24775	-2.18832	206	325.531	-1
0	256	6.89886	4.84778	-1	-1	-1
0	256	-3.63341	0.334878	-1	-1	-1
0	256	-4.10901	5.94307	-1	-1	-1
0	256	-4.98926	-7.64723	-1	-1	-1
0	256	5.65867	-0.884149	2516	2566.38	-1
0	256	4.59278	-0.275555	1035	1071.56	-1
0	256	-2.38511	-7.86464	-1	-1	-1
0	256	3.60457	-8.93316	-1	-1	-1
0	256	-3.69834	-6.18873	531	590.906	-1
0	256	-0.323801	-5.68845	-1	-1	-1
0	256	3.18889	-7.10204	1614	1711.72	-1
0	256	7.50912	-3.87123	-1	-1	-1
0	256	6.75399	2.31585	-1	-1	-1
0	256	3.46748	-1.93452	2250	2282	-1
0	256	2.13923	3.09324	-1	-1	-1
0	256	-8.16036	2.94529	-1	-1	-1
0	256	-0.477789	3.47594	43	75.9375	-1
0	256	-1.88737	-2.84915	4197	4228.03	-1
0	256	5.4264	6.26315	-1	-1	-1
0	256	5.95953	-4.57832	-1	-1	-1
0	256	-4.313	7.41927	-1	-1	-1
0	256	-5.53085	-4.24337	3665	3796.34	-1
0	256	7.08361	-7.03898	-1	-1	-1
0	256	0.635315	6.57006	-1	-1	-1
0	256	8.87608	-0.906557	2761	2839.94	-1
0	256	-6.04182	6.3748	2452	2574.72	-1
0	256	2.54303	7.54192	2427	2486.22	-1
0	256	4.48065	-4.77214	-1	-1	-1
0	256	-8.20508	-2.29581	1488	1588.81	-1
0	256	-0.862343	3.45893	32	69.0625	-1
0	256	-5.89147	5.0993	-1	-1	-1
0	256	4.86677	4.4348	-1	-1	-1
0	256	-5.21104	-0.322509	3711	3830.88	-1
0	256	-6.54496	7.55428	-1	-1	-1
0	256	1.41489	6.61639	-1	-1	-1
0	256	3.36173	8.3234	-1	-1	-1
0	256	4.26515	-4.22171	-1	-1	-1
0	256	5.77466	-2.22862	-1	-1	-1
0	256	-6.66097	-6.87086	-1	-1	-1
0	256	-9.19491	0.719712	-1	-1	-1
0	256	3.39438	-9.12514	-1	-1	-1
0	256	-5.51013	-0.832646	300	345.219	-1
0	256	2.4663	-3.75107	-1	-1	-1
0	256	-1.6824	4.85504	-1	-1	-1
0	256	6.87659	6.19999	-1	-1	-1
