Pile ID	Distribution Type	X-Position	Y-Position	Pickup Time	Drop Off Time	Ant ID
1	1	-0.236335	-9.54829	-1	-1	-1
1	1	-0.086335	-9.54829	-1	-1	-1
1	1	0.063665	-9.54829	-1	-1	-1
1	1	0.213665	-9.54829	-1	-1	-1
1	1	0.363665	-9.54829	-1	-1	-1
1	1	0.513665	-9.54829	-1	-1	-1
1	1	0.663665	-9.54829	-1	-1	-1
1	1	0.813665	-9.54829	-1	-1	-1
1	1	0.963665	-9.54829	-1	-1	-1
1	1	1.11366	-9.54829	-1	-1	-1
1	1	1.26366	-9.54829	-1	-1	-1
1	1	1.41366	-9.54829	-1	-1	-1
1	1	1.56366	-9.54829	-1	-1	-1
1	1	1.71366	-9.54829	-1	-1	-1
1	1	1.86366	-9.54829	-1	-1	-1
1	1	2.01366	-9.54829	-1	-1	-1
1	1	-0.236335	-9.39829	-1	-1	-1
1	1	-0.086335	-9.39829	-1	-1	-1
1	1	0.063665	-9.39829	-1	-1	-1
1	1	0.213665	-9.39829	-1	-1	-1
1	1	0.363665	-9.39829	-1	-1	-1
1	1	0.513665	-9.39829	-1	-1	-1
1	1	0.663665	-9.39829	-1	-1	-1
1	1	0.813665	-9.39829	-1	-1	-1
1	1	0.963665	-9.39829	-1	-1	-1
1	1	1.11366	-9.39829	-1	-1	-1
1	1	1.26366	-9.39829	-1	-1	-1
1	1	1.41366	-9.39829	-1	-1	-1
1	1	1.56366	-9.39829	-1	-1	-1
1	1	1.71366	-9.39829	-1	-1	-1
1	1	1.86366	-9.39829	-1	-1	-1
1	1	2.01366	-9.39829	-1	-1	-1
1	1	-0.236335	-9.24829	-1	-1	-1
1	1	-0.086335	-9.24829	-1	-1	-1
1	1	0.063665	-9.24829	-1	-1	-1
1	1	0.213665	-9.24829	-1	-1	-1
1	1	0.363665	-9.24829	-1	-1	-1
1	1	0.513665	-9.24829	-1	-1	-1
1	1	0.663665	-9.24829	-1	-1	-1
1	1	0.813665	-9.24829	-1	-1	-1
1	1	0.963665	-9.24829	-1	-1	-1
1	1	1.11366	-9.24829	-1	-1	-1
1	1	1.26366	-9.24829	-1	-1	-1
1	1	1.41366	-9.24829	-1	-1	-1
1	1	1.56366	-9.24829	-1	-1	-1
1	1	1.71366	-9.24829	-1	-1	-1
1	1	1.86366	-9.24829	-1	-1	-1
1	1	2.01366	-9.24829	-1	-1	-1
1	1	-0.236335	-9.09829	-1	-1	-1
1	1	-0.086335	-9.09829	-1	-1	-1
1	1	0.063665	-9.09829	-1	-1	-1
1	1	0.213665	-9.09829	-1	-1	-1
1	1	0.363665	-9.09829	-1	-1	-1
1	1	0.513665	-9.09829	-1	-1	-1
1	1	0.663665	-9.09829	-1	-1	-1
1	1	0.813665	-9.09829	-1	-1	-1
1	1	0.963665	-9.09829	-1	-1	-1
1	1	1.11366	-9.09829	-1	-1	-1
1	1	1.26366	-9.09829	-1	-1	-1
1	1	1.41366	-9.09829	-1	-1	-1
1	1	1.56366	-9.09829	-1	-1	-1
1	1	1.71366	-9.09829	-1	-1	-1
1	1	1.86366	-9.09829	-1	-1	-1
1	1	2.01366	-9.09829	-1	-1	-1
1	1	-0.236335	-8.94829	-1	-1	-1
1	1	-0.086335	-8.94829	-1	-1	-1
1	1	0.063665	-8.94829	-1	-1	-1
1	1	0.213665	-8.94829	-1	-1	-1
1	1	0.363665	-8.94829	-1	-1	-1
1	1	0.513665	-8.94829	-1	-1	-1
1	1	0.663665	-8.94829	-1	-1	-1
1	1	0.813665	-8.94829	-1	-1	-1
1	1	0.963665	-8.94829	-1	-1	-1
1	1	1.11366	-8.94829	-1	-1	-1
1	1	1.26366	-8.94829	-1	-1	-1
1	1	1.41366	-8.94829	-1	-1	-1
1	1	1.56366	-8.94829	-1	-1	-1
1	1	1.71366	-8.94829	-1	-1	-1
1	1	1.86366	-8.94829	-1	-1	-1
1	1	2.01366	-8.94829	-1	-1	-1
1	1	-0.236335	-8.79829	-1	-1	-1
1	1	-0.086335	-8.79829	-1	-1	-1
1	1	0.063665	-8.79829	-1	-1	-1
1	1	0.213665	-8.79829	-1	-1	-1
1	1	0.363665	-8.79829	-1	-1	-1
1	1	0.513665	-8.79829	-1	-1	-1
1	1	0.663665	-8.79829	-1	-1	-1
1	1	0.813665	-8.79829	-1	-1	-1
1	1	0.963665	-8.79829	-1	-1	-1
1	1	1.11366	-8.79829	-1	-1	-1
1	1	1.26366	-8.79829	-1	-1	-1
1	1	1.41366	-8.79829	-1	-1	-1
1	1	1.56366	-8.79829	-1	-1	-1
1	1	1.71366	-8.79829	-1	-1	-1
1	1	1.86366	-8.79829	-1	-1	-1
1	1	2.01366	-8.79829	-1	-1	-1
1	1	-0.236335	-8.64829	-1	-1	-1
1	1	-0.086335	-8.64829	-1	-1	-1
1	1	0.063665	-8.64829	-1	-1	-1
1	1	0.213665	-8.64829	-1	-1	-1
1	1	0.363665	-8.64829	-1	-1	-1
1	1	0.513665	-8.64829	-1	-1	-1
1	1	0.663665	-8.64829	-1	-1	-1
1	1	0.813665	-8.64829	-1	-1	-1
1	1	0.963665	-8.64829	-1	-1	-1
1	1	1.11366	-8.64829	-1	-1	-1
1	1	1.26366	-8.64829	-1	-1	-1
1	1	1.41366	-8.64829	-1	-1	-1
1	1	1.56366	-8.64829	-1	-1	-1
1	1	1.71366	-8.64829	-1	-1	-1
1	1	1.86366	-8.64829	-1	-1	-1
1	1	2.01366	-8.64829	-1	-1	-1
1	1	-0.236335	-8.49829	-1	-1	-1
1	1	-0.086335	-8.49829	-1	-1	-1
1	1	0.063665	-8.49829	-1	-1	-1
1	1	0.213665	-8.49829	-1	-1	-1
1	1	0.363665	-8.49829	-1	-1	-1
1	1	0.513665	-8.49829	-1	-1	-1
1	1	0.663665	-8.49829	-1	-1	-1
1	1	0.813665	-8.49829	-1	-1	-1
1	1	0.963665	-8.49829	-1	-1	-1
1	1	1.11366	-8.49829	-1	-1	-1
1	1	1.26366	-8.49829	-1	-1	-1
1	1	1.41366	-8.49829	-1	-1	-1
1	1	1.56366	-8.49829	-1	-1	-1
1	1	1.71366	-8.49829	-1	-1	-1
1	1	1.86366	-8.49829	-1	-1	-1
1	1	2.01366	-8.49829	-1	-1	-1
1	1	-0.236335	-8.34829	-1	-1	-1
1	1	-0.086335	-8.34829	-1	-1	-1
1	1	0.063665	-8.34829	-1	-1	-1
1	1	0.213665	-8.34829	-1	-1	-1
1	1	0.363665	-8.34829	-1	-1	-1
1	1	0.513665	-8.34829	-1	-1	-1
1	1	0.663665	-8.34829	-1	-1	-1
1	1	0.813665	-8.34829	-1	-1	-1
1	1	0.963665	-8.34829	-1	-1	-1
1	1	1.11366	-8.34829	-1	-1	-1
1	1	1.26366	-8.34829	-1	-1	-1
1	1	1.41366	-8.34829	-1	-1	-1
1	1	1.56366	-8.34829	-1	-1	-1
1	1	1.71366	-8.34829	-1	-1	-1
1	1	1.86366	-8.34829	-1	-1	-1
1	1	2.01366	-8.34829	-1	-1	-1
1	1	-0.236335	-8.19829	-1	-1	-1
1	1	-0.086335	-8.19829	-1	-1	-1
1	1	0.063665	-8.19829	-1	-1	-1
1	1	0.213665	-8.19829	-1	-1	-1
1	1	0.363665	-8.19829	-1	-1	-1
1	1	0.513665	-8.19829	-1	-1	-1
1	1	0.663665	-8.19829	-1	-1	-1
1	1	0.813665	-8.19829	-1	-1	-1
1	1	0.963665	-8.19829	-1	-1	-1
1	1	1.11366	-8.19829	-1	-1	-1
1	1	1.26366	-8.19829	-1	-1	-1
1	1	1.41366	-8.19829	-1	-1	-1
1	1	1.56366	-8.19829	-1	-1	-1
1	1	1.71366	-8.19829	-1	-1	-1
1	1	1.86366	-8.19829	-1	-1	-1
1	1	2.01366	-8.19829	-1	-1	-1
1	1	-0.236335	-8.04829	-1	-1	-1
1	1	-0.086335	-8.04829	-1	-1	-1
1	1	0.063665	-8.04829	-1	-1	-1
1	1	0.213665	-8.04829	-1	-1	-1
1	1	0.363665	-8.04829	-1	-1	-1
1	1	0.513665	-8.04829	-1	-1	-1
1	1	0.663665	-8.04829	-1	-1	-1
1	1	0.813665	-8.04829	-1	-1	-1
1	1	0.963665	-8.04829	-1	-1	-1
1	1	1.11366	-8.04829	-1	-1	-1
1	1	1.26366	-8.04829	-1	-1	-1
1	1	1.41366	-8.04829	-1	-1	-1
1	1	1.56366	-8.04829	-1	-1	-1
1	1	1.71366	-8.04829	-1	-1	-1
1	1	1.86366	-8.04829	-1	-1	-1
1	1	2.01366	-8.04829	-1	-1	-1
1	1	-0.236335	-7.89829	-1	-1	-1
1	1	-0.086335	-7.89829	-1	-1	-1
1	1	0.063665	-7.89829	-1	-1	-1
1	1	0.213665	-7.89829	-1	-1	-1
1	1	0.363665	-7.89829	-1	-1	-1
1	1	0.513665	-7.89829	-1	-1	-1
1	1	0.663665	-7.89829	-1	-1	-1
1	1	0.813665	-7.89829	-1	-1	-1
1	1	0.963665	-7.89829	-1	-1	-1
1	1	1.11366	-7.89829	-1	-1	-1
1	1	1.26366	-7.89829	-1	-1	-1
1	1	1.41366	-7.89829	3347	3438.44	-1
1	1	1.56366	-7.89829	-1	-1	-1
1	1	1.71366	-7.89829	-1	-1	-1
1	1	1.86366	-7.89829	-1	-1	-1
1	1	2.01366	-7.89829	-1	-1	-1
1	1	-0.236335	-7.74829	-1	-1	-1
1	1	-0.086335	-7.74829	-1	-1	-1
1	1	0.063665	-7.74829	-1	-1	-1
1	1	0.213665	-7.74829	-1	-1	-1
1	1	0.363665	-7.74829	-1	-1	-1
1	1	0.513665	-7.74829	-1	-1	-1
1	1	0.663665	-7.74829	-1	-1	-1
1	1	0.813665	-7.74829	-1	-1	-1
1	1	0.963665	-7.74829	-1	-1	-1
1	1	1.11366	-7.74829	-1	-1	-1
1	1	1.26366	-7.74829	1723	1787.22	-1
1	1	1.41366	-7.74829	1396	1473.78	-1
1	1	1.56366	-7.74829	1557	1616.53	-1
1	1	1.71366	-7.74829	-1	-1	-1
1	1	1.86366	-7.74829	-1	-1	-1
1	1	2.01366	-7.74829	-1	-1	-1
1	1	-0.236335	-7.59829	-1	-1	-1
1	1	-0.086335	-7.59829	-1	-1	-1
1	1	0.063665	-7.59829	-1	-1	-1
1	1	0.213665	-7.59829	-1	-1	-1
1	1	0.363665	-7.59829	-1	-1	-1
1	1	0.513665	-7.59829	-1	-1	-1
1	1	0.663665	-7.59829	-1	-1	-1
1	1	0.813665	-7.59829	-1	-1	-1
1	1	0.963665	-7.59829	-1	-1	-1
1	1	1.11366	-7.59829	-1	-1	-1
1	1	1.26366	-7.59829	1110	1179.22	-1
1	1	1.41366	-7.59829	1233	1293.59	-1
1	1	1.56366	-7.59829	1417	1486.88	-1
1	1	1.71366	-7.59829	1880	1942.06	-1
1	1	1.86366	-7.59829	-1	-1	-1
1	1	2.01366	-7.59829	-1	-1	-1
1	1	-0.236335	-7.44829	-1	-1	-1
1	1	-0.086335	-7.44829	-1	-1	-1
1	1	0.063665	-7.44829	-1	-1	-1
1	1	0.213665	-7.44829	-1	-1	-1
1	1	0.363665	-7.44829	-1	-1	-1
1	1	0.513665	-7.44829	-1	-1	-1
1	1	0.663665	-7.44829	-1	-1	-1
1	1	0.813665	-7.44829	-1	-1	-1
1	1	0.963665	-7.44829	964	1036.5	-1
1	1	1.11366	-7.44829	794	868.375	-1
1	1	1.26366	-7.44829	874	964.562	-1
1	1	1.41366	-7.44829	971	1049.97	-1
1	1	1.56366	-7.44829	1275	1339.34	-1
1	1	1.71366	-7.44829	1711	1771.72	-1
1	1	1.86366	-7.44829	-1	-1	-1
1	1	2.01366	-7.44829	-1	-1	-1
1	1	-0.236335	-7.29829	-1	-1	-1
1	1	-0.086335	-7.29829	-1	-1	-1
1	1	0.063665	-7.29829	-1	-1	-1
1	1	0.213665	-7.29829	-1	-1	-1
1	1	0.363665	-7.29829	-1	-1	-1
1	1	0.513665	-7.29829	-1	-1	-1
1	1	0.663665	-7.29829	-1	-1	-1
1	1	0.813665	-7.29829	966	1030.09	-1
1	1	0.963665	-7.29829	389	489.781	-1
1	1	1.11366	-7.29829	542	600.125	-1
1	1	1.26366	-7.29829	683	737.469	-1
1	1	1.41366	-7.29829	834	927.125	-1
1	1	1.56366	-7.29829	-1	-1	-1
1	1	1.71366	-7.29829	-1	-1	-1
1	1	1.86366	-7.29829	-1	-1	-1
1	1	2.01366	-7.29829	-1	-1	-1
2	4	-7.46121	3.20054	-1	-1	-1
2	4	-7.31121	3.20054	-1	-1	-1
2	4	-7.16121	3.20054	-1	-1	-1
2	4	-7.01121	3.20054	-1	-1	-1
2	4	-6.86121	3.20054	-1	-1	-1
2	4	-6.71121	3.20054	-1	-1	-1
2	4	-6.56121	3.20054	-1	-1	-1
2	4	-6.41121	3.20054	1194	1246.03	-1
2	4	-7.46121	3.35054	-1	-1	-1
2	4	-7.31121	3.35054	-1	-1	-1
2	4	-7.16121	3.35054	-1	-1	-1
2	4	-7.01121	3.35054	-1	-1	-1
2	4	-6.86121	3.35054	-1	-1	-1
2	4	-6.71121	3.35054	-1	-1	-1
2	4	-6.56121	3.35054	-1	-1	-1
2	4	-6.41121	3.35054	-1	-1	-1
2	4	-7.46121	3.50054	-1	-1	-1
2	4	-7.31121	3.50054	-1	-1	-1
2	4	-7.16121	3.50054	-1	-1	-1
2	4	-7.01121	3.50054	-1	-1	-1
2	4	-6.86121	3.50054	-1	-1	-1
2	4	-6.71121	3.50054	-1	-1	-1
2	4	-6.56121	3.50054	-1	-1	-1
2	4	-6.41121	3.50054	-1	-1	-1
2	4	-7.46121	3.65054	-1	-1	-1
2	4	-7.31121	3.65054	-1	-1	-1
2	4	-7.16121	3.65054	-1	-1	-1
2	4	-7.01121	3.65054	-1	-1	-1
2	4	-6.86121	3.65054	3609	3675.72	-1
2	4	-6.71121	3.65054	3382	3446.56	-1
2	4	-6.56121	3.65054	3442	3497	-1
2	4	-6.41121	3.65054	3486	3565.47	-1
2	4	-7.46121	3.80054	-1	-1	-1
2	4	-7.31121	3.80054	-1	-1	-1
2	4	-7.16121	3.80054	-1	-1	-1
2	4	-7.01121	3.80054	-1	-1	-1
2	4	-6.86121	3.80054	3562	3649.69	-1
2	4	-6.71121	3.80054	3227	3302.12	-1
2	4	-6.56121	3.80054	3124	3191.97	-1
2	4	-6.41121	3.80054	2827	2889.91	-1
2	4	-7.46121	3.95054	-1	-1	-1
2	4	-7.31121	3.95054	-1	-1	-1
2	4	-7.16121	3.95054	-1	-1	-1
2	4	-7.01121	3.95054	3816	3873.28	-1
2	4	-6.86121	3.95054	3415	3492.81	-1
2	4	-6.71121	3.95054	3104	3178.09	-1
2	4	-6.56121	3.95054	2954	3041.66	-1
2	4	-6.41121	3.95054	2457	2567.44	-1
2	4	-7.46121	4.10054	-1	-1	-1
2	4	-7.31121	4.10054	-1	-1	-1
2	4	-7.16121	4.10054	-1	-1	-1
2	4	-7.01121	4.10054	-1	-1	-1
2	4	-6.86121	4.10054	3617	3684.38	-1
2	4	-6.71121	4.10054	3512	3586.25	-1
2	4	-6.56121	4.10054	3006	3095.09	-1
2	4	-6.41121	4.10054	2621	2693.62	-1
2	4	-7.46121	4.25054	-1	-1	-1
2	4	-7.31121	4.25054	-1	-1	-1
2	4	-7.16121	4.25054	-1	-1	-1
2	4	-7.01121	4.25054	-1	-1	-1
2	4	-6.86121	4.25054	3730	3816.69	-1
2	4	-6.71121	4.25054	3695	3758.88	-1
2	4	-6.56121	4.25054	3689	3750.88	-1
2	4	-6.41121	4.25054	2990	3057.44	-1
3	4	7.71221	4.53788	4127	4195.84	-1
3	4	7.86221	4.53788	4256	4319.75	-1
3	4	8.01221	4.53788	5216	5301.66	-1
3	4	8.16221	4.53788	-1	-1	-1
3	4	8.31221	4.53788	-1	-1	-1
3	4	8.46221	4.53788	-1	-1	-1
3	4	8.61221	4.53788	-1	-1	-1
3	4	8.76221	4.53788	-1	-1	-1
3	4	7.71221	4.68788	-1	-1	-1
3	4	7.86221	4.68788	5371	-1	-1
3	4	8.01221	4.68788	-1	-1	-1
3	4	8.16221	4.68788	-1	-1	-1
3	4	8.31221	4.68788	-1	-1	-1
3	4	8.46221	4.68788	-1	-1	-1
3	4	8.61221	4.68788	-1	-1	-1
3	4	8.76221	4.68788	-1	-1	-1
3	4	7.71221	4.83788	-1	-1	-1
3	4	7.86221	4.83788	-1	-1	-1
3	4	8.01221	4.83788	-1	-1	-1
3	4	8.16221	4.83788	-1	-1	-1
3	4	8.31221	4.83788	-1	-1	-1
3	4	8.46221	4.83788	-1	-1	-1
3	4	8.61221	4.83788	-1	-1	-1
3	4	8.76221	4.83788	-1	-1	-1
3	4	7.71221	4.98788	-1	-1	-1
3	4	7.86221	4.98788	-1	-1	-1
3	4	8.01221	4.98788	-1	-1	-1
3	4	8.16221	4.98788	-1	-1	-1
3	4	8.31221	4.98788	-1	-1	-1
3	4	8.46221	4.98788	-1	-1	-1
3	4	8.61221	4.98788	-1	-1	-1
3	4	8.76221	4.98788	-1	-1	-1
3	4	7.71221	5.13788	3179	3276.28	-1
3	4	7.86221	5.13788	-1	-1	-1
3	4	8.01221	5.13788	-1	-1	-1
3	4	8.16221	5.13788	-1	-1	-1
3	4	8.31221	5.13788	-1	-1	-1
3	4	8.46221	5.13788	-1	-1	-1
3	4	8.61221	5.13788	-1	-1	-1
3	4	8.76221	5.13788	-1	-1	-1
3	4	7.71221	5.28788	3619	3722.88	-1
3	4	7.86221	5.28788	-1	-1	-1
3	4	8.01221	5.28788	-1	-1	-1
3	4	8.16221	5.28788	-1	-1	-1
3	4	8.31221	5.28788	-1	-1	-1
3	4	8.46221	5.28788	-1	-1	-1
3	4	8.61221	5.28788	-1	-1	-1
3	4	8.76221	5.28788	-1	-1	-1
3	4	7.71221	5.43788	-1	-1	-1
3	4	7.86221	5.43788	-1	-1	-1
3	4	8.01221	5.43788	-1	-1	-1
3	4	8.16221	5.43788	-1	-1	-1
3	4	8.31221	5.43788	-1	-1	-1
3	4	8.46221	5.43788	-1	-1	-1
3	4	8.61221	5.43788	-1	-1	-1
3	4	8.76221	5.43788	-1	-1	-1
3	4	7.71221	5.58788	-1	-1	-1
3	4	7.86221	5.58788	-1	-1	-1
3	4	8.01221	5.58788	-1	-1	-1
3	4	8.16221	5.58788	-1	-1	-1
3	4	8.31221	5.58788	-1	-1	-1
3	4	8.46221	5.58788	-1	-1	-1
3	4	8.61221	5.58788	-1	-1	-1
3	4	8.76221	5.58788	-1	-1	-1
4	4	6.56659	6.7554	-1	-1	-1
4	4	6.71659	6.7554	-1	-1	-1
4	4	6.86659	6.7554	-1	-1	-1
4	4	7.01659	6.7554	-1	-1	-1
4	4	7.16659	6.7554	-1	-1	-1
4	4	7.31659	6.7554	-1	-1	-1
4	4	7.46659	6.7554	2066	2191.06	-1
4	4	7.61659	6.7554	2395	2512.09	-1
4	4	6.56659	6.9054	-1	-1	-1
4	4	6.71659	6.9054	-1	-1	-1
4	4	6.86659	6.9054	-1	-1	-1
4	4	7.01659	6.9054	-1	-1	-1
4	4	7.16659	6.9054	-1	-1	-1
4	4	7.31659	6.9054	-1	-1	-1
4	4	7.46659	6.9054	-1	-1	-1
4	4	7.61659	6.9054	-1	-1	-1
4	4	6.56659	7.0554	-1	-1	-1
4	4	6.71659	7.0554	-1	-1	-1
4	4	6.86659	7.0554	-1	-1	-1
4	4	7.01659	7.0554	-1	-1	-1
4	4	7.16659	7.0554	-1	-1	-1
4	4	7.31659	7.0554	-1	-1	-1
4	4	7.46659	7.0554	-1	-1	-1
4	4	7.61659	7.0554	-1	-1	-1
4	4	6.56659	7.2054	-1	-1	-1
4	4	6.71659	7.2054	-1	-1	-1
4	4	6.86659	7.2054	-1	-1	-1
4	4	7.01659	7.2054	-1	-1	-1
4	4	7.16659	7.2054	-1	-1	-1
4	4	7.31659	7.2054	-1	-1	-1
4	4	7.46659	7.2054	-1	-1	-1
4	4	7.61659	7.2054	-1	-1	-1
4	4	6.56659	7.3554	-1	-1	-1
4	4	6.71659	7.3554	-1	-1	-1
4	4	6.86659	7.3554	-1	-1	-1
4	4	7.01659	7.3554	-1	-1	-1
4	4	7.16659	7.3554	-1	-1	-1
4	4	7.31659	7.3554	-1	-1	-1
4	4	7.46659	7.3554	-1	-1	-1
4	4	7.61659	7.3554	-1	-1	-1
4	4	6.56659	7.5054	-1	-1	-1
4	4	6.71659	7.5054	-1	-1	-1
4	4	6.86659	7.5054	-1	-1	-1
4	4	7.01659	7.5054	-1	-1	-1
4	4	7.16659	7.5054	-1	-1	-1
4	4	7.31659	7.5054	-1	-1	-1
4	4	7.46659	7.5054	-1	-1	-1
4	4	7.61659	7.5054	-1	-1	-1
4	4	6.56659	7.6554	-1	-1	-1
4	4	6.71659	7.6554	-1	-1	-1
4	4	6.86659	7.6554	-1	-1	-1
4	4	7.01659	7.6554	-1	-1	-1
4	4	7.16659	7.6554	-1	-1	-1
4	4	7.31659	7.6554	-1	-1	-1
4	4	7.46659	7.6554	-1	-1	-1
4	4	7.61659	7.6554	-1	-1	-1
4	4	6.56659	7.8054	-1	-1	-1
4	4	6.71659	7.8054	-1	-1	-1
4	4	6.86659	7.8054	-1	-1	-1
4	4	7.01659	7.8054	-1	-1	-1
4	4	7.16659	7.8054	-1	-1	-1
4	4	7.31659	7.8054	-1	-1	-1
4	4	7.46659	7.8054	-1	-1	-1
4	4	7.61659	7.8054	-1	-1	-1
5	4	-2.46434	7.15416	-1	-1	-1
5	4	-2.31434	7.15416	1127	1228.53	-1
5	4	-2.16434	7.15416	1284	1348.31	-1
5	4	-2.01434	7.15416	1317	1387.47	-1
5	4	-1.86434	7.15416	-1	-1	-1
5	4	-1.71434	7.15416	-1	-1	-1
5	4	-1.56434	7.15416	-1	-1	-1
5	4	-1.41434	7.15416	-1	-1	-1
5	4	-2.46434	7.30416	3952	4009.38	-1
5	4	-2.31434	7.30416	-1	-1	-1
5	4	-2.16434	7.30416	-1	-1	-1
5	4	-2.01434	7.30416	-1	-1	-1
5	4	-1.86434	7.30416	-1	-1	-1
5	4	-1.71434	7.30416	-1	-1	-1
5	4	-1.56434	7.30416	-1	-1	-1
5	4	-1.41434	7.30416	-1	-1	-1
5	4	-2.46434	7.45416	4069	4125.03	-1
5	4	-2.31434	7.45416	-1	-1	-1
5	4	-2.16434	7.45416	-1	-1	-1
5	4	-2.01434	7.45416	-1	-1	-1
5	4	-1.86434	7.45416	-1	-1	-1
5	4	-1.71434	7.45416	-1	-1	-1
5	4	-1.56434	7.45416	-1	-1	-1
5	4	-1.41434	7.45416	-1	-1	-1
5	4	-2.46434	7.60416	-1	-1	-1
5	4	-2.31434	7.60416	-1	-1	-1
5	4	-2.16434	7.60416	-1	-1	-1
5	4	-2.01434	7.60416	-1	-1	-1
5	4	-1.86434	7.60416	-1	-1	-1
5	4	-1.71434	7.60416	-1	-1	-1
5	4	-1.56434	7.60416	-1	-1	-1
5	4	-1.41434	7.60416	-1	-1	-1
5	4	-2.46434	7.75416	-1	-1	-1
5	4	-2.31434	7.75416	-1	-1	-1
5	4	-2.16434	7.75416	-1	-1	-1
5	4	-2.01434	7.75416	-1	-1	-1
5	4	-1.86434	7.75416	-1	-1	-1
5	4	-1.71434	7.75416	-1	-1	-1
5	4	-1.56434	7.75416	-1	-1	-1
5	4	-1.41434	7.75416	-1	-1	-1
5	4	-2.46434	7.90416	-1	-1	-1
5	4	-2.31434	7.90416	-1	-1	-1
5	4	-2.16434	7.90416	-1	-1	-1
5	4	-2.01434	7.90416	-1	-1	-1
5	4	-1.86434	7.90416	-1	-1	-1
5	4	-1.71434	7.90416	-1	-1	-1
5	4	-1.56434	7.90416	-1	-1	-1
5	4	-1.41434	7.90416	-1	-1	-1
5	4	-2.46434	8.05416	-1	-1	-1
5	4	-2.31434	8.05416	-1	-1	-1
5	4	-2.16434	8.05416	-1	-1	-1
5	4	-2.01434	8.05416	-1	-1	-1
5	4	-1.86434	8.05416	-1	-1	-1
5	4	-1.71434	8.05416	-1	-1	-1
5	4	-1.56434	8.05416	-1	-1	-1
5	4	-1.41434	8.05416	-1	-1	-1
5	4	-2.46434	8.20416	-1	-1	-1
5	4	-2.31434	8.20416	-1	-1	-1
5	4	-2.16434	8.20416	-1	-1	-1
5	4	-2.01434	8.20416	-1	-1	-1
5	4	-1.86434	8.20416	-1	-1	-1
5	4	-1.71434	8.20416	-1	-1	-1
5	4	-1.56434	8.20416	-1	-1	-1
5	4	-1.41434	8.20416	-1	-1	-1
6	16	-0.82035	6.84488	2922	3026.72	-1
6	16	-0.67035	6.84488	3030	3136.78	-1
6	16	-0.52035	6.84488	4695	4799.31	-1
6	16	-0.37035	6.84488	4848	4900.38	-1
6	16	-0.82035	6.99488	-1	-1	-1
6	16	-0.67035	6.99488	-1	-1	-1
6	16	-0.52035	6.99488	4873	4943.94	-1
6	16	-0.37035	6.99488	4993	5056.34	-1
6	16	-0.82035	7.14488	-1	-1	-1
6	16	-0.67035	7.14488	-1	-1	-1
6	16	-0.52035	7.14488	-1	-1	-1
6	16	-0.37035	7.14488	-1	-1	-1
6	16	-0.82035	7.29488	-1	-1	-1
6	16	-0.67035	7.29488	-1	-1	-1
6	16	-0.52035	7.29488	-1	-1	-1
6	16	-0.37035	7.29488	-1	-1	-1
7	16	-4.40334	5.02762	-1	-1	-1
7	16	-4.25334	5.02762	-1	-1	-1
7	16	-4.10334	5.02762	5054	5215.19	-1
7	16	-3.95334	5.02762	1546	1605.41	-1
7	16	-4.40334	5.17762	-1	-1	-1
7	16	-4.25334	5.17762	-1	-1	-1
7	16	-4.10334	5.17762	-1	-1	-1
7	16	-3.95334	5.17762	3436	3568.53	-1
7	16	-4.40334	5.32762	-1	-1	-1
7	16	-4.25334	5.32762	-1	-1	-1
7	16	-4.10334	5.32762	-1	-1	-1
7	16	-3.95334	5.32762	-1	-1	-1
7	16	-4.40334	5.47762	-1	-1	-1
7	16	-4.25334	5.47762	-1	-1	-1
7	16	-4.10334	5.47762	-1	-1	-1
7	16	-3.95334	5.47762	-1	-1	-1
8	16	-5.49136	2.07725	-1	-1	-1
8	16	-5.34136	2.07725	306	414.719	-1
8	16	-5.19136	2.07725	1503	1548.53	-1
8	16	-5.04136	2.07725	1183	1224.69	-1
8	16	-5.49136	2.22725	-1	-1	-1
8	16	-5.34136	2.22725	-1	-1	-1
8	16	-5.19136	2.22725	-1	-1	-1
8	16	-5.04136	2.22725	1790	1909.78	-1
8	16	-5.49136	2.37725	-1	-1	-1
8	16	-5.34136	2.37725	-1	-1	-1
8	16	-5.19136	2.37725	-1	-1	-1
8	16	-5.04136	2.37725	1948	1994.03	-1
8	16	-5.49136	2.52725	-1	-1	-1
8	16	-5.34136	2.52725	-1	-1	-1
8	16	-5.19136	2.52725	-1	-1	-1
8	16	-5.04136	2.52725	-1	-1	-1
9	16	3.44576	-4.14187	4812	4953.25	-1
9	16	3.59576	-4.14187	-1	-1	-1
9	16	3.74576	-4.14187	-1	-1	-1
9	16	3.89576	-4.14187	4606	4655.72	-1
9	16	3.44576	-3.99187	2677	2830.5	-1
9	16	3.59576	-3.99187	-1	-1	-1
9	16	3.74576	-3.99187	4308	4432.34	-1
9	16	3.89576	-3.99187	4270	4423.19	-1
9	16	3.44576	-3.84187	2867	2908.53	-1
9	16	3.59576	-3.84187	3071	3218.5	-1
9	16	3.74576	-3.84187	3396	3446.34	-1
9	16	3.89576	-3.84187	3610	3655.31	-1
9	16	3.44576	-3.69187	1272	1311.94	-1
9	16	3.59576	-3.69187	1870	1917.34	-1
9	16	3.74576	-3.69187	3280	3322.5	-1
9	16	3.89576	-3.69187	3510	3555.44	-1
10	16	-7.72982	-5.38268	-1	-1	-1
10	16	-7.57982	-5.38268	-1	-1	-1
10	16	-7.42982	-5.38268	-1	-1	-1
10	16	-7.27982	-5.38268	-1	-1	-1
10	16	-7.72982	-5.23268	-1	-1	-1
10	16	-7.57982	-5.23268	-1	-1	-1
10	16	-7.42982	-5.23268	-1	-1	-1
10	16	-7.27982	-5.23268	-1	-1	-1
10	16	-7.72982	-5.08268	-1	-1	-1
10	16	-7.57982	-5.08268	-1	-1	-1
10	16	-7.42982	-5.08268	-1	-1	-1
10	16	-7.27982	-5.08268	-1	-1	-1
10	16	-7.72982	-4.93268	-1	-1	-1
10	16	-7.57982	-4.93268	-1	-1	-1
10	16	-7.42982	-4.93268	-1	-1	-1
10	16	-7.27982	-4.93268	-1	-1	-1
11	16	3.43633	-3.23655	3995	4150.44	-1
11	16	3.58633	-3.23655	-1	-1	-1
11	16	3.73633	-3.23655	4987	5045.28	-1
11	16	3.88633	-3.23655	5100	5138.22	-1
11	16	3.43633	-3.08655	2554	2653.03	-1
11	16	3.58633	-3.08655	4186	4225.94	-1
11	16	3.73633	-3.08655	4913	4950.41	-1
11	16	3.88633	-3.08655	5188	5237.78	-1
11	16	3.43633	-2.93655	2503	2648.03	-1
11	16	3.58633	-2.93655	4259	4418.53	-1
11	16	3.73633	-2.93655	-1	-1	-1
11	16	3.88633	-2.93655	4623	4665.44	-1
11	16	3.43633	-2.78655	1979	2015.34	-1
11	16	3.58633	-2.78655	2690	2733.34	-1
11	16	3.73633	-2.78655	3251	3311.38	-1
11	16	3.88633	-2.78655	3173	3218.5	-1
12	16	4.17982	-3.70055	-1	-1	-1
12	16	4.32982	-3.70055	-1	-1	-1
12	16	4.47982	-3.70055	-1	-1	-1
12	16	4.62982	-3.70055	-1	-1	-1
12	16	4.17982	-3.55055	-1	-1	-1
12	16	4.32982	-3.55055	-1	-1	-1
12	16	4.47982	-3.55055	-1	-1	-1
12	16	4.62982	-3.55055	-1	-1	-1
12	16	4.17982	-3.40055	-1	-1	-1
12	16	4.32982	-3.40055	-1	-1	-1
12	16	4.47982	-3.40055	2367	2429.09	-1
12	16	4.62982	-3.40055	4441	4567.66	-1
12	16	4.17982	-3.25055	-1	-1	-1
12	16	4.32982	-3.25055	2135	2181.53	-1
12	16	4.47982	-3.25055	2246	2295.62	-1
12	16	4.62982	-3.25055	1624	1754.03	-1
13	16	5.28908	2.88425	2054	2100.34	-1
13	16	5.43908	2.88425	-1	-1	-1
13	16	5.58908	2.88425	68	116.406	-1
13	16	5.73908	2.88425	160	214.094	-1
13	16	5.28908	3.03425	4619	4730.19	-1
13	16	5.43908	3.03425	-1	-1	-1
13	16	5.58908	3.03425	-1	-1	-1
13	16	5.73908	3.03425	-1	-1	-1
13	16	5.28908	3.18425	4779	4831.91	-1
13	16	5.43908	3.18425	5065	5183.19	-1
13	16	5.58908	3.18425	5311	5374.38	-1
13	16	5.73908	3.18425	-1	-1	-1
13	16	5.28908	3.33425	4807	4864.88	-1
13	16	5.43908	3.33425	5249	5314.38	-1
13	16	5.58908	3.33425	-1	-1	-1
13	16	5.73908	3.33425	-1	-1	-1
14	16	-1.4356	-9.60383	-1	-1	-1
14	16	-1.2856	-9.60383	-1	-1	-1
14	16	-1.1356	-9.60383	-1	-1	-1
14	16	-0.985602	-9.60383	-1	-1	-1
14	16	-1.4356	-9.45383	-1	-1	-1
14	16	-1.2856	-9.45383	-1	-1	-1
14	16	-1.1356	-9.45383	-1	-1	-1
14	16	-0.985602	-9.45383	-1	-1	-1
14	16	-1.4356	-9.30383	-1	-1	-1
14	16	-1.2856	-9.30383	-1	-1	-1
14	16	-1.1356	-9.30383	-1	-1	-1
14	16	-0.985602	-9.30383	-1	-1	-1
14	16	-1.4356	-9.15383	-1	-1	-1
14	16	-1.2856	-9.15383	-1	-1	-1
14	16	-1.1356	-9.15383	-1	-1	-1
14	16	-0.985602	-9.15383	-1	-1	-1
15	16	-0.443906	7.59216	-1	-1	-1
15	16	-0.293906	7.59216	-1	-1	-1
15	16	-0.143906	7.59216	-1	-1	-1
15	16	0.00609375	7.59216	4406	4504	-1
15	16	-0.443906	7.74216	-1	-1	-1
15	16	-0.293906	7.74216	-1	-1	-1
15	16	-0.143906	7.74216	-1	-1	-1
15	16	0.00609375	7.74216	-1	-1	-1
15	16	-0.443906	7.89216	-1	-1	-1
15	16	-0.293906	7.89216	-1	-1	-1
15	16	-0.143906	7.89216	-1	-1	-1
15	16	0.00609375	7.89216	-1	-1	-1
15	16	-0.443906	8.04216	-1	-1	-1
15	16	-0.293906	8.04216	-1	-1	-1
15	16	-0.143906	8.04216	-1	-1	-1
15	16	0.00609375	8.04216	-1	-1	-1
16	16	-7.3507	-3.68029	-1	-1	-1
16	16	-7.2007	-3.68029	-1	-1	-1
16	16	-7.0507	-3.68029	-1	-1	-1
16	16	-6.9007	-3.68029	-1	-1	-1
16	16	-7.3507	-3.53029	-1	-1	-1
16	16	-7.2007	-3.53029	-1	-1	-1
16	16	-7.0507	-3.53029	-1	-1	-1
16	16	-6.9007	-3.53029	-1	-1	-1
16	16	-7.3507	-3.38029	982	1043.19	-1
16	16	-7.2007	-3.38029	-1	-1	-1
16	16	-7.0507	-3.38029	-1	-1	-1
16	16	-6.9007	-3.38029	-1	-1	-1
16	16	-7.3507	-3.23029	753	848.812	-1
16	16	-7.2007	-3.23029	-1	-1	-1
16	16	-7.0507	-3.23029	4519	4635.69	-1
16	16	-6.9007	-3.23029	2793	2892.03	-1
17	16	9.06265	-4.24399	-1	-1	-1
17	16	9.21265	-4.24399	-1	-1	-1
17	16	9.36265	-4.24399	-1	-1	-1
17	16	9.51265	-4.24399	-1	-1	-1
17	16	9.06265	-4.09399	3851	3941.22	-1
17	16	9.21265	-4.09399	-1	-1	-1
17	16	9.36265	-4.09399	-1	-1	-1
17	16	9.51265	-4.09399	-1	-1	-1
17	16	9.06265	-3.94399	-1	-1	-1
17	16	9.21265	-3.94399	-1	-1	-1
17	16	9.36265	-3.94399	-1	-1	-1
17	16	9.51265	-3.94399	-1	-1	-1
17	16	9.06265	-3.79399	-1	-1	-1
17	16	9.21265	-3.79399	-1	-1	-1
17	16	9.36265	-3.79399	-1	-1	-1
17	16	9.51265	-3.79399	-1	-1	-1
18	16	-3.57119	-4.62311	-1	-1	-1
18	16	-3.42119	-4.62311	-1	-1	-1
18	16	-3.27119	-4.62311	4978	5059.84	-1
18	16	-3.12119	-4.62311	4853	4900.34	-1
18	16	-3.57119	-4.47311	-1	-1	-1
18	16	-3.42119	-4.47311	5113	5165.53	-1
18	16	-3.27119	-4.47311	4941	5028.06	-1
18	16	-3.12119	-4.47311	4040	4171.44	-1
18	16	-3.57119	-4.32311	-1	-1	-1
18	16	-3.42119	-4.32311	5226	5272.38	-1
18	16	-3.27119	-4.32311	4974	5031.75	-1
18	16	-3.12119	-4.32311	2699	2743.88	-1
18	16	-3.57119	-4.17311	1197	1351.34	-1
18	16	-3.42119	-4.17311	5337	5385	-1
18	16	-3.27119	-4.17311	-1	-1	-1
18	16	-3.12119	-4.17311	3093	3210.16	-1
19	16	-4.51567	-7.65037	-1	-1	-1
19	16	-4.36567	-7.65037	2814	2882.69	-1
19	16	-4.21567	-7.65037	-1	-1	-1
19	16	-4.06567	-7.65037	3949	4057.94	-1
19	16	-4.51567	-7.50037	-1	-1	-1
19	16	-4.36567	-7.50037	-1	-1	-1
19	16	-4.21567	-7.50037	-1	-1	-1
19	16	-4.06567	-7.50037	-1	-1	-1
19	16	-4.51567	-7.35037	-1	-1	-1
19	16	-4.36567	-7.35037	-1	-1	-1
19	16	-4.21567	-7.35037	-1	-1	-1
19	16	-4.06567	-7.35037	-1	-1	-1
19	16	-4.51567	-7.20037	-1	-1	-1
19	16	-4.36567	-7.20037	-1	-1	-1
19	16	-4.21567	-7.20037	-1	-1	-1
19	16	-4.06567	-7.20037	-1	-1	-1
20	16	3.11717	7.23576	-1	-1	-1
20	16	3.26717	7.23576	-1	-1	-1
20	16	3.41717	7.23576	-1	-1	-1
20	16	3.56717	7.23576	-1	-1	-1
20	16	3.11717	7.38576	-1	-1	-1
20	16	3.26717	7.38576	-1	-1	-1
20	16	3.41717	7.38576	-1	-1	-1
20	16	3.56717	7.38576	-1	-1	-1
20	16	3.11717	7.53576	-1	-1	-1
20	16	3.26717	7.53576	-1	-1	-1
20	16	3.41717	7.53576	-1	-1	-1
20	16	3.56717	7.53576	-1	-1	-1
20	16	3.11717	7.68576	-1	-1	-1
20	16	3.26717	7.68576	-1	-1	-1
20	16	3.41717	7.68576	681	742.406	-1
20	16	3.56717	7.68576	-1	-1	-1
21	16	3.60751	9.16745	-1	-1	-1
21	16	3.75751	9.16745	-1	-1	-1
21	16	3.90751	9.16745	-1	-1	-1
21	16	4.05751	9.16745	-1	-1	-1
21	16	3.60751	9.31745	-1	-1	-1
21	16	3.75751	9.31745	-1	-1	-1
21	16	3.90751	9.31745	-1	-1	-1
21	16	4.05751	9.31745	-1	-1	-1
21	16	3.60751	9.46745	-1	-1	-1
21	16	3.75751	9.46745	-1	-1	-1
21	16	3.90751	9.46745	-1	-1	-1
21	16	4.05751	9.46745	-1	-1	-1
21	16	3.60751	9.61745	-1	-1	-1
21	16	3.75751	9.61745	-1	-1	-1
21	16	3.90751	9.61745	634	713.688	-1
21	16	4.05751	9.61745	-1	-1	-1
0	256	8.83787	-3.52869	2611	2690.16	-1
0	256	7.21098	-6.06721	-1	-1	-1
0	256	-1.07834	-7.66016	-1	-1	-1
0	256	-8.92564	2.38973	-1	-1	-1
0	256	2.39788	-8.2714	-1	-1	-1
0	256	6.14704	5.83458	4200	4333.78	-1
0	256	0.60927	5.43034	1643	1749	-1
0	256	3.94542	0.619939	1538	1652.41	-1
0	256	6.29184	4.66329	-1	-1	-1
0	256	-5.03033	-7.48781	-1	-1	-1
0	256	4.6879	-8.53113	4080	4188.91	-1
0	256	-5.40714	-0.105873	2481	2521.72	-1
0	256	-1.5011	-3.92179	675	806.781	-1
0	256	-4.75579	4.96975	-1	-1	-1
0	256	-1.39055	8.95313	-1	-1	-1
0	256	-7.68974	1.10994	2858	2916.44	-1
0	256	7.16332	5.68941	1565	1674.38	-1
0	256	-3.74955	-4.00895	1461	1507.06	-1
0	256	3.82014	-8.5905	380	452.625	-1
0	256	4.93914	8.07064	3308	3411.09	-1
0	256	-6.75273	-4.68243	-1	-1	-1
0	256	9.38231	-0.157446	-1	-1	-1
0	256	-0.679734	8.16007	-1	-1	-1
0	256	4.08944	-1.83062	176	211.344	-1
0	256	3.86029	5.90942	-1	-1	-1
0	256	4.49708	-5.85253	5229	5283.88	-1
0	256	4.40726	-1.7788	3211	3332.94	-1
0	256	4.37	4.74594	715	763.062	-1
0	256	-3.07562	6.92898	534	594.625	-1
0	256	-1.85497	6.92204	1364	1440	-1
0	256	4.94142	-8.60318	-1	-1	-1
0	256	-2.51337	-4.26452	61	102.875	-1
0	256	2.42714	-9.57241	-1	-1	-1
0	256	3.00217	8.76343	-1	-1	-1
0	256	-4.77809	0.1381	3184	3228.69	-1
0	256	-8.20091	5.05287	-1	-1	-1
0	256	1.66317	5.22998	-1	-1	-1
0	256	-3.57483	1.82309	-1	-1	-1
0	256	0.235912	6.91277	4700	4808.34	-1
0	256	3.82564	7.53642	-1	-1	-1
0	256	-3.83719	4.3495	4687	4740.72	-1
0	256	3.08333	-1.15467	1865	2001.31	-1
0	256	4.16957	-0.844675	3241	3355.72	-1
0	256	6.73604	6.00151	1321	1385.91	-1
0	256	-8.64847	-1.96249	-1	-1	-1
0	256	-3.32024	-4.86135	5122	5177.31	-1
0	256	3.03432	-2.5442	735	883.406	-1
0	256	-3.05783	7.6431	-1	-1	-1
0	256	7.45956	-2.17186	-1	-1	-1
0	256	6.02309	-7.40009	-1	-1	-1
0	256	5.63151	-3.71659	137	271.469	-1
0	256	-6.91063	1.57876	-1	-1	-1
0	256	-7.95881	-2.34479	1854	1941.09	-1
0	256	9.0764	1.83847	1821	1888.59	-1
0	256	6.01641	-5.5094	-1	-1	-1
0	256	-0.426709	5.91031	1789	1895.06	-1
0	256	2.29476	5.90867	-1	-1	-1
0	256	-6.74758	7.16606	-1	-1	-1
0	256	4.33002	-7.20705	1163	1265.91	-1
0	256	-5.90976	6.96305	-1	-1	-1
0	256	-4.28959	4.47536	-1	-1	-1
0	256	-8.86277	4.32355	-1	-1	-1
0	256	9.45344	-3.16741	2599	2683.56	-1
0	256	-0.373541	9.06069	-1	-1	-1
0	256	-2.42082	6.884	1361	1418.53	-1
0	256	9.06681	-0.797312	495	584.062	-1
0	256	5.06101	8.61687	-1	-1	-1
0	256	-5.71026	6.83092	-1	-1	-1
0	256	-5.84679	6.68647	-1	-1	-1
0	256	2.96443	-6.4107	-1	-1	-1
0	256	-1.57343	-9.16375	-1	-1	-1
0	256	7.13543	4.05571	-1	-1	-1
0	256	2.06479	4.46141	4454	4493	-1
0	256	-2.87515	8.16714	-1	-1	-1
0	256	3.14135	5.79408	587	647.531	-1
0	256	8.11746	2.70432	-1	-1	-1
0	256	-5.83498	4.09013	4069	4186.72	-1
0	256	1.80158	6.65473	2047	2147.84	-1
0	256	5.24316	-5.78538	-1	-1	-1
0	256	-0.15121	8.8356	-1	-1	-1
0	256	2.31966	-8.98471	-1	-1	-1
0	256	-7.73325	5.70154	-1	-1	-1
0	256	-6.73644	4.6059	-1	-1	-1
0	256	-4.06122	-2.75297	3390	3517.69	-1
0	256	-1.44786	-5.68969	4671	4777	-1
0	256	5.14388	0.657999	3353	3393.75	-1
0	256	-4.49044	8.76561	-1	-1	-1
0	256	-3.57032	8.59936	-1	-1	-1
0	256	5.0019	5.34741	4967	5026.38	-1
0	256	-2.10743	-6.97981	-1	-1	-1
0	256	0.972618	4.09915	62	174.562	-1
0	256	-3.91505	8.51287	4855	4920.06	-1
0	256	-1.08492	4.39855	-1	-1	-1
0	256	-3.53236	8.4186	-1	-1	-1
0	256	-1.2779	8.23834	-1	-1	-1
0	256	-4.61841	-6.9385	-1	-1	-1
0	256	4.61724	-7.18311	3620	3727.5	-1
0	256	0.824071	-4.46819	78	202.594	-1
0	256	-3.72796	8.73548	-1	-1	-1
0	256	8.49825	0.85668	3807	3892.66	-1
0	256	-5.74016	1.00239	753	857.438	-1
0	256	-8.33955	3.9034	-1	-1	-1
0	256	-3.22508	6.03862	-1	-1	-1
0	256	3.93078	5.43299	3956	4079.44	-1
0	256	-7.19578	0.860902	-1	-1	-1
0	256	-3.61989	-6.13575	-1	-1	-1
0	256	2.23089	4.38207	-1	-1	-1
0	256	5.10988	-0.74581	1503	1612.06	-1
0	256	7.63901	-4.37365	4386	4481.56	-1
0	256	-8.50218	5.02056	-1	-1	-1
0	256	3.32872	-3.42383	1092	1133	-1
0	256	1.52214	8.79486	-1	-1	-1
0	256	8.9116	5.88407	-1	-1	-1
0	256	5.06018	-1.05233	-1	-1	-1
0	256	-2.06088	9.62197	-1	-1	-1
0	256	-3.0645	0.329652	345	471.375	-1
0	256	3.44493	5.86794	3916	4034.47	-1
0	256	-0.718017	3.05338	-1	-1	-1
0	256	3.84266	-7.78946	3006	3110.91	-1
0	256	-8.2855	-2.13679	-1	-1	-1
0	256	9.07764	4.15013	-1	-1	-1
0	256	-0.946069	4.33979	-1	-1	-1
0	256	-6.62599	6.8185	-1	-1	-1
0	256	-5.45228	1.42192	3424	3466.88	-1
0	256	-7.72192	-1.17535	-1	-1	-1
0	256	5.29826	-3.75407	-1	-1	-1
0	256	-6.85857	4.53536	-1	-1	-1
0	256	7.58939	-0.621231	-1	-1	-1
0	256	7.56515	3.50751	3871	3962.16	-1
0	256	-5.10273	-4.92686	3465	3604.03	-1
0	256	-7.47192	5.7875	-1	-1	-1
0	256	-1.40578	3.72237	2353	2469.5	-1
0	256	2.99728	7.97315	-1	-1	-1
0	256	7.01609	-3.49375	338	434.75	-1
0	256	0.117362	4.03399	630	752.281	-1
0	256	9.45592	-4.79448	-1	-1	-1
0	256	-3.19023	3.15845	2428	2581.62	-1
0	256	-8.59767	2.63101	3932	4021.03	-1
0	256	-1.90071	-4.38	204	246.5	-1
0	256	6.28206	-0.16323	2776	2878.44	-1
0	256	6.07541	-7.25912	-1	-1	-1
0	256	-6.64215	5.02435	4114	4233.03	-1
0	256	-1.914	2.4874	1455	1593.78	-1
0	256	6.54472	-4.04213	-1	-1	-1
0	256	-6.79487	-5.23995	-1	-1	-1
0	256	2.9897	-7.09945	3254	3356.22	-1
0	256	7.12364	-3.65695	4179	4284.66	-1
0	256	-6.59612	3.09075	-1	-1	-1
0	256	-0.309526	-4.23639	-1	-1	-1
0	256	8.03749	2.87429	-1	-1	-1
0	256	0.510329	5.9942	-1	-1	-1
0	256	-1.19141	3.14626	728	756.156	-1
0	256	2.47712	-8.51742	-1	-1	-1
0	256	-8.55708	-4.64153	4741	4809.53	-1
0	256	4.7268	5.03726	-1	-1	-1
0	256	-6.18783	7.63816	-1	-1	-1
0	256	7.3231	-2.9269	-1	-1	-1
0	256	3.90196	-3.47073	-1	-1	-1
0	256	-5.7077	-2.21466	2110	2222.81	-1
0	256	0.210537	-3.28416	1470	1501.78	-1
0	256	1.87306	7.33895	464	551.125	-1
0	256	2.42634	8.82666	-1	-1	-1
0	256	1.14051	8.45677	-1	-1	-1
0	256	-7.0147	5.51047	1038	1171.31	-1
0	256	-3.68507	-8.05162	-1	-1	-1
0	256	-8.08588	-1.1359	-1	-1	-1
0	256	-3.34104	8.00891	-1	-1	-1
0	256	-3.12777	-0.00562943	217	342.719	-1
0	256	-7.38254	-6.10792	-1	-1	-1
0	256	4.41687	4.03044	1009	1155.91	-1
0	256	-3.39887	5.0732	251	372.125	-1
0	256	5.86029	-7.63909	-1	-1	-1
0	256	-1.57631	3.68202	1681	1811.41	-1
0	256	-2.63166	-5.10697	3233	3284.44	-1
0	256	5.14493	-5.71326	-1	-1	-1
0	256	2.98424	-8.76929	-1	-1	-1
0	256	2.99583	-5.68997	-1	-1	-1
0	256	8.92006	2.37666	-1	-1	-1
0	256	-6.59973	1.5729	972	1077.09	-1
0	256	4.42681	-6.21627	1732	1863.81	-1
0	256	-0.173265	4.82552	4675	4712.88	-1
0	256	-3.37517	7.5673	4428	4521.19	-1
0	256	2.39896	7.23467	-1	-1	-1
0	256	-0.923755	-7.23208	3978	4035	-1
0	256	-5.18633	0.1046	1138	1179.12	-1
0	256	3.09298	4.78826	-1	-1	-1
0	256	-7.10792	2.47482	-1	-1	-1
0	256	7.03675	-5.04531	3765	3828.34	-1
0	256	-3.01202	-6.32648	197	255.219	-1
0	256	5.56597	1.88023	5158	5244.28	-1
0	256	6.76125	-0.352974	1762	1861.12	-1
0	256	-2.70617	0.417956	46	175.938	-1
0	256	-5.81426	-4.75997	-1	-1	-1
0	256	1.38543	-9.69496	656	732.062	-1
0	256	9.03556	-0.493309	296	362.281	-1
0	256	-0.524533	-6.46241	-1	-1	-1
0	256	3.38249	-8.77484	3902	3985.53	-1
0	256	-1.84658	-7.09697	-1	-1	-1
0	256	-3.32557	2.47012	101	244.969	-1
0	256	-2.67389	2.436	430	461.188	-1
0	256	-5.3725	-2.82444	-1	-1	-1
0	256	-4.96736	-7.01	-1	-1	-1
0	256	-4.33495	8.7946	-1	-1	-1
0	256	-6.32448	-6.38348	477	602.875	-1
0	256	1.11551	-4.30549	4295	4411.31	-1
0	256	4.56835	7.87116	-1	-1	-1
0	256	5.97832	4.99006	678	795.656	-1
0	256	-4.9675	-7.78586	-1	-1	-1
0	256	-8.28414	0.000703058	-1	-1	-1
0	256	-0.00778296	7.39358	2659	2757.47	-1
0	256	-7.86498	1.98743	-1	-1	-1
0	256	-6.77402	6.76078	-1	-1	-1
0	256	-0.863387	5.1427	338	447.031	-1
0	256	7.93368	2.42785	676	739.812	-1
0	256	-5.31249	-4.79134	-1	-1	-1
0	256	-7.96262	-5.04898	-1	-1	-1
0	256	4.65377	4.49065	2042	2182.84	-1
0	256	-3.61906	9.09823	-1	-1	-1
0	256	-7.21304	-2.9063	5284	-1	-1
0	256	7.76514	0.697759	2177	2233.19	-1
0	256	-6.38498	-7.54642	-1	-1	-1
0	256	7.1604	-2.0157	-1	-1	-1
0	256	-6.61334	-3.71268	-1	-1	-1
0	256	-8.17133	0.169374	4123	4216.41	-1
0	256	2.80061	-2.20663	224	261.688	-1
0	256	-3.56368	7.8725	-1	-1	-1
0	256	5.77084	4.08309	2419	2534.41	-1
0	256	-5.38272	-1.33862	-1	-1	-1
0	256	-3.38319	-2.34317	2733	2766.38	-1
0	256	1.37092	3.63615	2375	2408.09	-1
0	256	9.3611	0.767173	4940	5019.41	-1
0	256	-7.27302	-0.983554	-1	-1	-1
0	256	-4.6059	4.84227	-1	-1	-1
0	256	1.48821	-4.92351	3799	3912	-1
0	256	2.83695	4.48127	3630	3765.38	-1
0	256	5.7521	7.74247	-1	-1	-1
0	256	-0.389801	8.3616	-1	-1	-1
0	256	-5.48761	-4.01246	-1	-1	-1
0	256	-3.49096	2.31337	1017	1147.59	-1
0	256	7.09014	6.09145	-1	-1	-1
0	256	7.58117	0.433817	1346	1439.84	-1
0	256	1.49567	-5.47893	-1	-1	-1
0	256	8.08137	-5.55541	-1	-1	-1
0	256	-1.88101	-2.34395	1694	1855.94	-1
0	256	4.98549	5.53807	-1	-1	-1
0	256	-1.21224	8.33686	-1	-1	-1
0	256	-1.18774	6.23551	1431	1544.44	-1
0	256	2.82966	-8.95416	-1	-1	-1
0	256	-0.221082	6.75484	2291	2341.84	-1
0	256	5.47362	3.50275	5370	-1	-1
0	256	4.89335	5.7946	-1	-1	-1
0	256	-8.5052	3.0386	-1	-1	-1
0	256	6.56159	-4.8015	-1	-1	-1
0	256	-2.5858	-9.62237	-1	-1	-1
0	256	-8.7895	3.56162	-1	-1	-1
0	256	1.17058	3.03087	-1	-1	-1
