Pile ID	Distribution Type	X-Position	Y-Position	Pickup Time	Drop Off Time	Ant ID
1	1	-1.31885	-4.71943	-1	-1	-1
1	1	-1.16885	-4.71943	-1	-1	-1
1	1	-1.01885	-4.71943	-1	-1	-1
1	1	-0.868852	-4.71943	-1	-1	-1
1	1	-0.718852	-4.71943	-1	-1	-1
1	1	-0.568852	-4.71943	-1	-1	-1
1	1	-0.418852	-4.71943	-1	-1	-1
1	1	-0.268852	-4.71943	-1	-1	-1
1	1	-0.118852	-4.71943	-1	-1	-1
1	1	0.0311482	-4.71943	-1	-1	-1
1	1	0.181148	-4.71943	-1	-1	-1
1	1	0.331148	-4.71943	-1	-1	-1
1	1	0.481148	-4.71943	-1	-1	-1
1	1	0.631148	-4.71943	-1	-1	-1
1	1	0.781148	-4.71943	-1	-1	-1
1	1	0.931148	-4.71943	-1	-1	-1
1	1	-1.31885	-4.56943	-1	-1	-1
1	1	-1.16885	-4.56943	-1	-1	-1
1	1	-1.01885	-4.56943	-1	-1	-1
1	1	-0.868852	-4.56943	-1	-1	-1
1	1	-0.718852	-4.56943	-1	-1	-1
1	1	-0.568852	-4.56943	-1	-1	-1
1	1	-0.418852	-4.56943	-1	-1	-1
1	1	-0.268852	-4.56943	-1	-1	-1
1	1	-0.118852	-4.56943	-1	-1	-1
1	1	0.0311482	-4.56943	-1	-1	-1
1	1	0.181148	-4.56943	-1	-1	-1
1	1	0.331148	-4.56943	-1	-1	-1
1	1	0.481148	-4.56943	-1	-1	-1
1	1	0.631148	-4.56943	-1	-1	-1
1	1	0.781148	-4.56943	-1	-1	-1
1	1	0.931148	-4.56943	-1	-1	-1
1	1	-1.31885	-4.41943	-1	-1	-1
1	1	-1.16885	-4.41943	-1	-1	-1
1	1	-1.01885	-4.41943	-1	-1	-1
1	1	-0.868852	-4.41943	-1	-1	-1
1	1	-0.718852	-4.41943	-1	-1	-1
1	1	-0.568852	-4.41943	-1	-1	-1
1	1	-0.418852	-4.41943	-1	-1	-1
1	1	-0.268852	-4.41943	-1	-1	-1
1	1	-0.118852	-4.41943	-1	-1	-1
1	1	0.0311482	-4.41943	-1	-1	-1
1	1	0.181148	-4.41943	-1	-1	-1
1	1	0.331148	-4.41943	-1	-1	-1
1	1	0.481148	-4.41943	-1	-1	-1
1	1	0.631148	-4.41943	-1	-1	-1
1	1	0.781148	-4.41943	-1	-1	-1
1	1	0.931148	-4.41943	-1	-1	-1
1	1	-1.31885	-4.26943	-1	-1	-1
1	1	-1.16885	-4.26943	-1	-1	-1
1	1	-1.01885	-4.26943	-1	-1	-1
1	1	-0.868852	-4.26943	-1	-1	-1
1	1	-0.718852	-4.26943	-1	-1	-1
1	1	-0.568852	-4.26943	-1	-1	-1
1	1	-0.418852	-4.26943	-1	-1	-1
1	1	-0.268852	-4.26943	-1	-1	-1
1	1	-0.118852	-4.26943	-1	-1	-1
1	1	0.0311482	-4.26943	-1	-1	-1
1	1	0.181148	-4.26943	-1	-1	-1
1	1	0.331148	-4.26943	-1	-1	-1
1	1	0.481148	-4.26943	-1	-1	-1
1	1	0.631148	-4.26943	-1	-1	-1
1	1	0.781148	-4.26943	-1	-1	-1
1	1	0.931148	-4.26943	-1	-1	-1
1	1	-1.31885	-4.11943	-1	-1	-1
1	1	-1.16885	-4.11943	-1	-1	-1
1	1	-1.01885	-4.11943	-1	-1	-1
1	1	-0.868852	-4.11943	3636	3710.41	-1
1	1	-0.718852	-4.11943	-1	-1	-1
1	1	-0.568852	-4.11943	-1	-1	-1
1	1	-0.418852	-4.11943	3681	3725.16	-1
1	1	-0.268852	-4.11943	3763	3796.19	-1
1	1	-0.118852	-4.11943	-1	-1	-1
1	1	0.0311482	-4.11943	-1	-1	-1
1	1	0.181148	-4.11943	-1	-1	-1
1	1	0.331148	-4.11943	-1	-1	-1
1	1	0.481148	-4.11943	-1	-1	-1
1	1	0.631148	-4.11943	-1	-1	-1
1	1	0.781148	-4.11943	-1	-1	-1
1	1	0.931148	-4.11943	-1	-1	-1
1	1	-1.31885	-3.96943	-1	-1	-1
1	1	-1.16885	-3.96943	3367	3422.75	-1
1	1	-1.01885	-3.96943	3337	3371.16	-1
1	1	-0.868852	-3.96943	3500	3553.06	-1
1	1	-0.718852	-3.96943	-1	-1	-1
1	1	-0.568852	-3.96943	-1	-1	-1
1	1	-0.418852	-3.96943	3522	3583.84	-1
1	1	-0.268852	-3.96943	3649	3701.81	-1
1	1	-0.118852	-3.96943	3639	3685.53	-1
1	1	0.0311482	-3.96943	-1	-1	-1
1	1	0.181148	-3.96943	-1	-1	-1
1	1	0.331148	-3.96943	-1	-1	-1
1	1	0.481148	-3.96943	-1	-1	-1
1	1	0.631148	-3.96943	-1	-1	-1
1	1	0.781148	-3.96943	-1	-1	-1
1	1	0.931148	-3.96943	-1	-1	-1
1	1	-1.31885	-3.81943	-1	-1	-1
1	1	-1.16885	-3.81943	3123	3180.59	-1
1	1	-1.01885	-3.81943	3227	3285.78	-1
1	1	-0.868852	-3.81943	3477	3534.94	-1
1	1	-0.718852	-3.81943	3589	3633.78	-1
1	1	-0.568852	-3.81943	3652	3696.53	-1
1	1	-0.418852	-3.81943	3389	3481.19	-1
1	1	-0.268852	-3.81943	3459	3530.88	-1
1	1	-0.118852	-3.81943	3525	3574.84	-1
1	1	0.0311482	-3.81943	-1	-1	-1
1	1	0.181148	-3.81943	-1	-1	-1
1	1	0.331148	-3.81943	-1	-1	-1
1	1	0.481148	-3.81943	-1	-1	-1
1	1	0.631148	-3.81943	-1	-1	-1
1	1	0.781148	-3.81943	-1	-1	-1
1	1	0.931148	-3.81943	-1	-1	-1
1	1	-1.31885	-3.66943	3021	3053.91	-1
1	1	-1.16885	-3.66943	2807	2924.62	-1
1	1	-1.01885	-3.66943	3248	3280.41	-1
1	1	-0.868852	-3.66943	3589	3644.31	-1
1	1	-0.718852	-3.66943	3480	3530.94	-1
1	1	-0.568852	-3.66943	3271	3346.97	-1
1	1	-0.418852	-3.66943	3344	3418.41	-1
1	1	-0.268852	-3.66943	3316	3368.25	-1
1	1	-0.118852	-3.66943	3344	3400.44	-1
1	1	0.0311482	-3.66943	3481	3553.12	-1
1	1	0.181148	-3.66943	2184	2228.31	-1
1	1	0.331148	-3.66943	2009	2058.47	-1
1	1	0.481148	-3.66943	-1	-1	-1
1	1	0.631148	-3.66943	-1	-1	-1
1	1	0.781148	-3.66943	-1	-1	-1
1	1	0.931148	-3.66943	-1	-1	-1
1	1	-1.31885	-3.51943	3102	3164.34	-1
1	1	-1.16885	-3.51943	2955	2986.94	-1
1	1	-1.01885	-3.51943	3377	3437.62	-1
1	1	-0.868852	-3.51943	-1	-1	-1
1	1	-0.718852	-3.51943	-1	-1	-1
1	1	-0.568852	-3.51943	3042	3097.16	-1
1	1	-0.418852	-3.51943	3133	3195.88	-1
1	1	-0.268852	-3.51943	3215	3250.53	-1
1	1	-0.118852	-3.51943	-1	-1	-1
1	1	0.0311482	-3.51943	-1	-1	-1
1	1	0.181148	-3.51943	2077	2117.22	-1
1	1	0.331148	-3.51943	1924	1959.38	-1
1	1	0.481148	-3.51943	1988	2039.41	-1
1	1	0.631148	-3.51943	2155	2194.75	-1
1	1	0.781148	-3.51943	-1	-1	-1
1	1	0.931148	-3.51943	-1	-1	-1
1	1	-1.31885	-3.36943	3218	3260.66	-1
1	1	-1.16885	-3.36943	3478	3514.91	-1
1	1	-1.01885	-3.36943	-1	-1	-1
1	1	-0.868852	-3.36943	-1	-1	-1
1	1	-0.718852	-3.36943	3283	3361.03	-1
1	1	-0.568852	-3.36943	2999	3053.56	-1
1	1	-0.418852	-3.36943	2827	2950.78	-1
1	1	-0.268852	-3.36943	-1	-1	-1
1	1	-0.118852	-3.36943	-1	-1	-1
1	1	0.0311482	-3.36943	2205	2238.03	-1
1	1	0.181148	-3.36943	2134	2185.03	-1
1	1	0.331148	-3.36943	1778	1829.06	-1
1	1	0.481148	-3.36943	1740	1791.06	-1
1	1	0.631148	-3.36943	1904	1935.25	-1
1	1	0.781148	-3.36943	-1	-1	-1
1	1	0.931148	-3.36943	-1	-1	-1
1	1	-1.31885	-3.21943	-1	-1	-1
1	1	-1.16885	-3.21943	-1	-1	-1
1	1	-1.01885	-3.21943	-1	-1	-1
1	1	-0.868852	-3.21943	-1	-1	-1
1	1	-0.718852	-3.21943	3391	3428.47	-1
1	1	-0.568852	-3.21943	3095	3142.62	-1
1	1	-0.418852	-3.21943	-1	-1	-1
1	1	-0.268852	-3.21943	-1	-1	-1
1	1	-0.118852	-3.21943	-1	-1	-1
1	1	0.0311482	-3.21943	-1	-1	-1
1	1	0.181148	-3.21943	-1	-1	-1
1	1	0.331148	-3.21943	1676	1712.12	-1
1	1	0.481148	-3.21943	1525	1559.56	-1
1	1	0.631148	-3.21943	1585	1628.44	-1
1	1	0.781148	-3.21943	1429	1487.56	-1
1	1	0.931148	-3.21943	1406	1444.72	-1
1	1	-1.31885	-3.06943	-1	-1	-1
1	1	-1.16885	-3.06943	-1	-1	-1
1	1	-1.01885	-3.06943	5337	5383.22	-1
1	1	-0.868852	-3.06943	5309	5358.78	-1
1	1	-0.718852	-3.06943	5356	-1	-1
1	1	-0.568852	-3.06943	-1	-1	-1
1	1	-0.418852	-3.06943	-1	-1	-1
1	1	-0.268852	-3.06943	-1	-1	-1
1	1	-0.118852	-3.06943	-1	-1	-1
1	1	0.0311482	-3.06943	-1	-1	-1
1	1	0.181148	-3.06943	-1	-1	-1
1	1	0.331148	-3.06943	1880	1920.62	-1
1	1	0.481148	-3.06943	1403	1492.81	-1
1	1	0.631148	-3.06943	1343	1390.03	-1
1	1	0.781148	-3.06943	1186	1232.22	-1
1	1	0.931148	-3.06943	1312	1355.72	-1
1	1	-1.31885	-2.91943	-1	-1	-1
1	1	-1.16885	-2.91943	-1	-1	-1
1	1	-1.01885	-2.91943	4574	4609.81	-1
1	1	-0.868852	-2.91943	5132	5258.22	-1
1	1	-0.718852	-2.91943	5282	5325.66	-1
1	1	-0.568852	-2.91943	5387	-1	-1
1	1	-0.418852	-2.91943	-1	-1	-1
1	1	-0.268852	-2.91943	-1	-1	-1
1	1	-0.118852	-2.91943	-1	-1	-1
1	1	0.0311482	-2.91943	-1	-1	-1
1	1	0.181148	-2.91943	-1	-1	-1
1	1	0.331148	-2.91943	-1	-1	-1
1	1	0.481148	-2.91943	-1	-1	-1
1	1	0.631148	-2.91943	1242	1290.31	-1
1	1	0.781148	-2.91943	1081	1117.81	-1
1	1	0.931148	-2.91943	1080	1143.62	-1
1	1	-1.31885	-2.76943	-1	-1	-1
1	1	-1.16885	-2.76943	4501	4541	-1
1	1	-1.01885	-2.76943	4439	4465.97	-1
1	1	-0.868852	-2.76943	4420	4445.78	-1
1	1	-0.718852	-2.76943	4381	4415.31	-1
1	1	-0.568852	-2.76943	4864	4899.88	-1
1	1	-0.418852	-2.76943	-1	-1	-1
1	1	-0.268852	-2.76943	-1	-1	-1
1	1	-0.118852	-2.76943	-1	-1	-1
1	1	0.0311482	-2.76943	-1	-1	-1
1	1	0.181148	-2.76943	-1	-1	-1
1	1	0.331148	-2.76943	-1	-1	-1
1	1	0.481148	-2.76943	1260	1311.78	-1
1	1	0.631148	-2.76943	1111	1140.75	-1
1	1	0.781148	-2.76943	973	1015.09	-1
1	1	0.931148	-2.76943	740	879.594	-1
1	1	-1.31885	-2.61943	4623	4652.16	-1
1	1	-1.16885	-2.61943	2290	2315.66	-1
1	1	-1.01885	-2.61943	2105	2133.09	-1
1	1	-0.868852	-2.61943	4172	4299.97	-1
1	1	-0.718852	-2.61943	4030	4158.16	-1
1	1	-0.568852	-2.61943	4607	4631.47	-1
1	1	-0.418852	-2.61943	4367	4392.47	-1
1	1	-0.268852	-2.61943	-1	-1	-1
1	1	-0.118852	-2.61943	4111	4135.31	-1
1	1	0.0311482	-2.61943	-1	-1	-1
1	1	0.181148	-2.61943	-1	-1	-1
1	1	0.331148	-2.61943	-1	-1	-1
1	1	0.481148	-2.61943	-1	-1	-1
1	1	0.631148	-2.61943	1194	1272.88	-1
1	1	0.781148	-2.61943	954	993.562	-1
1	1	0.931148	-2.61943	903	931	-1
1	1	-1.31885	-2.46943	2510	2646.31	-1
1	1	-1.16885	-2.46943	552	576.562	-1
1	1	-1.01885	-2.46943	1940	2086.09	-1
1	1	-0.868852	-2.46943	2126	2152.12	-1
1	1	-0.718852	-2.46943	2535	2565.12	-1
1	1	-0.568852	-2.46943	770	793.594	-1
1	1	-0.418852	-2.46943	2604	2627.41	-1
1	1	-0.268852	-2.46943	2050	2179.31	-1
1	1	-0.118852	-2.46943	2223	2248.38	-1
1	1	0.0311482	-2.46943	2727	2856.06	-1
1	1	0.181148	-2.46943	2646	2776.72	-1
1	1	0.331148	-2.46943	2951	2979	-1
1	1	0.481148	-2.46943	-1	-1	-1
1	1	0.631148	-2.46943	1317	1344.19	-1
1	1	0.781148	-2.46943	1581	1613.5	-1
1	1	0.931148	-2.46943	26	57.9375	-1
2	4	4.20891	-7.53677	-1	-1	-1
2	4	4.35891	-7.53677	-1	-1	-1
2	4	4.50891	-7.53677	-1	-1	-1
2	4	4.65891	-7.53677	-1	-1	-1
2	4	4.80891	-7.53677	-1	-1	-1
2	4	4.95891	-7.53677	-1	-1	-1
2	4	5.10891	-7.53677	-1	-1	-1
2	4	5.25891	-7.53677	-1	-1	-1
2	4	4.20891	-7.38677	-1	-1	-1
2	4	4.35891	-7.38677	-1	-1	-1
2	4	4.50891	-7.38677	-1	-1	-1
2	4	4.65891	-7.38677	-1	-1	-1
2	4	4.80891	-7.38677	-1	-1	-1
2	4	4.95891	-7.38677	-1	-1	-1
2	4	5.10891	-7.38677	-1	-1	-1
2	4	5.25891	-7.38677	-1	-1	-1
2	4	4.20891	-7.23677	-1	-1	-1
2	4	4.35891	-7.23677	-1	-1	-1
2	4	4.50891	-7.23677	-1	-1	-1
2	4	4.65891	-7.23677	-1	-1	-1
2	4	4.80891	-7.23677	-1	-1	-1
2	4	4.95891	-7.23677	-1	-1	-1
2	4	5.10891	-7.23677	-1	-1	-1
2	4	5.25891	-7.23677	-1	-1	-1
2	4	4.20891	-7.08677	-1	-1	-1
2	4	4.35891	-7.08677	-1	-1	-1
2	4	4.50891	-7.08677	-1	-1	-1
2	4	4.65891	-7.08677	-1	-1	-1
2	4	4.80891	-7.08677	-1	-1	-1
2	4	4.95891	-7.08677	-1	-1	-1
2	4	5.10891	-7.08677	-1	-1	-1
2	4	5.25891	-7.08677	-1	-1	-1
2	4	4.20891	-6.93677	-1	-1	-1
2	4	4.35891	-6.93677	-1	-1	-1
2	4	4.50891	-6.93677	-1	-1	-1
2	4	4.65891	-6.93677	-1	-1	-1
2	4	4.80891	-6.93677	-1	-1	-1
2	4	4.95891	-6.93677	-1	-1	-1
2	4	5.10891	-6.93677	-1	-1	-1
2	4	5.25891	-6.93677	-1	-1	-1
2	4	4.20891	-6.78677	-1	-1	-1
2	4	4.35891	-6.78677	-1	-1	-1
2	4	4.50891	-6.78677	-1	-1	-1
2	4	4.65891	-6.78677	-1	-1	-1
2	4	4.80891	-6.78677	-1	-1	-1
2	4	4.95891	-6.78677	-1	-1	-1
2	4	5.10891	-6.78677	-1	-1	-1
2	4	5.25891	-6.78677	-1	-1	-1
2	4	4.20891	-6.63677	-1	-1	-1
2	4	4.35891	-6.63677	-1	-1	-1
2	4	4.50891	-6.63677	-1	-1	-1
2	4	4.65891	-6.63677	-1	-1	-1
2	4	4.80891	-6.63677	-1	-1	-1
2	4	4.95891	-6.63677	-1	-1	-1
2	4	5.10891	-6.63677	-1	-1	-1
2	4	5.25891	-6.63677	-1	-1	-1
2	4	4.20891	-6.48677	-1	-1	-1
2	4	4.35891	-6.48677	-1	-1	-1
2	4	4.50891	-6.48677	-1	-1	-1
2	4	4.65891	-6.48677	-1	-1	-1
2	4	4.80891	-6.48677	-1	-1	-1
2	4	4.95891	-6.48677	-1	-1	-1
2	4	5.10891	-6.48677	-1	-1	-1
2	4	5.25891	-6.48677	-1	-1	-1
3	4	2.68609	-2.70075	2569	2735.78	-1
3	4	2.83609	-2.70075	2856	2899.31	-1
3	4	2.98609	-2.70075	2887	2925.62	-1
3	4	3.13609	-2.70075	3046	3090.53	-1
3	4	3.28609	-2.70075	5128	5180.84	-1
3	4	3.43609	-2.70075	5091	5150.91	-1
3	4	3.58609	-2.70075	-1	-1	-1
3	4	3.73609	-2.70075	-1	-1	-1
3	4	2.68609	-2.55075	371	519.969	-1
3	4	2.83609	-2.55075	2769	2807.66	-1
3	4	2.98609	-2.55075	2955	2990.12	-1
3	4	3.13609	-2.55075	4361	4515.03	-1
3	4	3.28609	-2.55075	4785	4863.03	-1
3	4	3.43609	-2.55075	4994	5031.03	-1
3	4	3.58609	-2.55075	-1	-1	-1
3	4	3.73609	-2.55075	-1	-1	-1
3	4	2.68609	-2.40075	576	613.312	-1
3	4	2.83609	-2.40075	2934	2968.62	-1
3	4	2.98609	-2.40075	3644	3784.44	-1
3	4	3.13609	-2.40075	4563	4601.78	-1
3	4	3.28609	-2.40075	4650	4688.97	-1
3	4	3.43609	-2.40075	4926	4959.81	-1
3	4	3.58609	-2.40075	-1	-1	-1
3	4	3.73609	-2.40075	-1	-1	-1
3	4	2.68609	-2.25075	394	540.656	-1
3	4	2.83609	-2.25075	658	691.094	-1
3	4	2.98609	-2.25075	-1	-1	-1
3	4	3.13609	-2.25075	4685	4750.28	-1
3	4	3.28609	-2.25075	4752	4795.53	-1
3	4	3.43609	-2.25075	-1	-1	-1
3	4	3.58609	-2.25075	-1	-1	-1
3	4	3.73609	-2.25075	-1	-1	-1
3	4	2.68609	-2.10075	1647	1699.53	-1
3	4	2.83609	-2.10075	735	764.844	-1
3	4	2.98609	-2.10075	-1	-1	-1
3	4	3.13609	-2.10075	-1	-1	-1
3	4	3.28609	-2.10075	-1	-1	-1
3	4	3.43609	-2.10075	-1	-1	-1
3	4	3.58609	-2.10075	-1	-1	-1
3	4	3.73609	-2.10075	-1	-1	-1
3	4	2.68609	-1.95075	516	661.094	-1
3	4	2.83609	-1.95075	4636	4665.53	-1
3	4	2.98609	-1.95075	-1	-1	-1
3	4	3.13609	-1.95075	-1	-1	-1
3	4	3.28609	-1.95075	-1	-1	-1
3	4	3.43609	-1.95075	-1	-1	-1
3	4	3.58609	-1.95075	-1	-1	-1
3	4	3.73609	-1.95075	-1	-1	-1
3	4	2.68609	-1.80075	1456	1594.16	-1
3	4	2.83609	-1.80075	4698	4747.5	-1
3	4	2.98609	-1.80075	-1	-1	-1
3	4	3.13609	-1.80075	-1	-1	-1
3	4	3.28609	-1.80075	-1	-1	-1
3	4	3.43609	-1.80075	-1	-1	-1
3	4	3.58609	-1.80075	-1	-1	-1
3	4	3.73609	-1.80075	-1	-1	-1
3	4	2.68609	-1.65075	-1	-1	-1
3	4	2.83609	-1.65075	-1	-1	-1
3	4	2.98609	-1.65075	4999	5028.28	-1
3	4	3.13609	-1.65075	-1	-1	-1
3	4	3.28609	-1.65075	-1	-1	-1
3	4	3.43609	-1.65075	3961	4093.25	-1
3	4	3.58609	-1.65075	924	958.25	-1
3	4	3.73609	-1.65075	760	872.125	-1
4	4	-4.73152	6.91701	1111	1226.59	-1
4	4	-4.58152	6.91701	901	1000.53	-1
4	4	-4.43152	6.91701	591	692.438	-1
4	4	-4.28152	6.91701	751	817.969	-1
4	4	-4.13152	6.91701	912	981.125	-1
4	4	-3.98152	6.91701	1100	1163.91	-1
4	4	-3.83152	6.91701	1230	1299.5	-1
4	4	-3.68152	6.91701	-1	-1	-1
4	4	-4.73152	7.06701	2407	2474.75	-1
4	4	-4.58152	7.06701	2643	2708.81	-1
4	4	-4.43152	7.06701	-1	-1	-1
4	4	-4.28152	7.06701	1045	1136.53	-1
4	4	-4.13152	7.06701	1085	1169.12	-1
4	4	-3.98152	7.06701	1355	1414.41	-1
4	4	-3.83152	7.06701	-1	-1	-1
4	4	-3.68152	7.06701	-1	-1	-1
4	4	-4.73152	7.21701	-1	-1	-1
4	4	-4.58152	7.21701	-1	-1	-1
4	4	-4.43152	7.21701	-1	-1	-1
4	4	-4.28152	7.21701	-1	-1	-1
4	4	-4.13152	7.21701	-1	-1	-1
4	4	-3.98152	7.21701	-1	-1	-1
4	4	-3.83152	7.21701	-1	-1	-1
4	4	-3.68152	7.21701	-1	-1	-1
4	4	-4.73152	7.36701	-1	-1	-1
4	4	-4.58152	7.36701	-1	-1	-1
4	4	-4.43152	7.36701	-1	-1	-1
4	4	-4.28152	7.36701	-1	-1	-1
4	4	-4.13152	7.36701	-1	-1	-1
4	4	-3.98152	7.36701	-1	-1	-1
4	4	-3.83152	7.36701	-1	-1	-1
4	4	-3.68152	7.36701	-1	-1	-1
4	4	-4.73152	7.51701	-1	-1	-1
4	4	-4.58152	7.51701	-1	-1	-1
4	4	-4.43152	7.51701	-1	-1	-1
4	4	-4.28152	7.51701	-1	-1	-1
4	4	-4.13152	7.51701	-1	-1	-1
4	4	-3.98152	7.51701	-1	-1	-1
4	4	-3.83152	7.51701	-1	-1	-1
4	4	-3.68152	7.51701	-1	-1	-1
4	4	-4.73152	7.66701	-1	-1	-1
4	4	-4.58152	7.66701	-1	-1	-1
4	4	-4.43152	7.66701	-1	-1	-1
4	4	-4.28152	7.66701	-1	-1	-1
4	4	-4.13152	7.66701	-1	-1	-1
4	4	-3.98152	7.66701	-1	-1	-1
4	4	-3.83152	7.66701	-1	-1	-1
4	4	-3.68152	7.66701	-1	-1	-1
4	4	-4.73152	7.81701	-1	-1	-1
4	4	-4.58152	7.81701	-1	-1	-1
4	4	-4.43152	7.81701	-1	-1	-1
4	4	-4.28152	7.81701	-1	-1	-1
4	4	-4.13152	7.81701	-1	-1	-1
4	4	-3.98152	7.81701	-1	-1	-1
4	4	-3.83152	7.81701	-1	-1	-1
4	4	-3.68152	7.81701	-1	-1	-1
4	4	-4.73152	7.96701	-1	-1	-1
4	4	-4.58152	7.96701	-1	-1	-1
4	4	-4.43152	7.96701	-1	-1	-1
4	4	-4.28152	7.96701	-1	-1	-1
4	4	-4.13152	7.96701	-1	-1	-1
4	4	-3.98152	7.96701	-1	-1	-1
4	4	-3.83152	7.96701	-1	-1	-1
4	4	-3.68152	7.96701	-1	-1	-1
5	4	-6.13037	4.75187	-1	-1	-1
5	4	-5.98037	4.75187	3139	3265.72	-1
5	4	-5.83037	4.75187	1183	1240.72	-1
5	4	-5.68037	4.75187	1294	1351.91	-1
5	4	-5.53037	4.75187	-1	-1	-1
5	4	-5.38037	4.75187	4068	4214.94	-1
5	4	-5.23037	4.75187	3078	3209.78	-1
5	4	-5.08037	4.75187	2940	3075.16	-1
5	4	-6.13037	4.90187	-1	-1	-1
5	4	-5.98037	4.90187	-1	-1	-1
5	4	-5.83037	4.90187	-1	-1	-1
5	4	-5.68037	4.90187	1437	1493.81	-1
5	4	-5.53037	4.90187	-1	-1	-1
5	4	-5.38037	4.90187	-1	-1	-1
5	4	-5.23037	4.90187	4492	4645.72	-1
5	4	-5.08037	4.90187	-1	-1	-1
5	4	-6.13037	5.05187	-1	-1	-1
5	4	-5.98037	5.05187	-1	-1	-1
5	4	-5.83037	5.05187	-1	-1	-1
5	4	-5.68037	5.05187	-1	-1	-1
5	4	-5.53037	5.05187	-1	-1	-1
5	4	-5.38037	5.05187	-1	-1	-1
5	4	-5.23037	5.05187	-1	-1	-1
5	4	-5.08037	5.05187	-1	-1	-1
5	4	-6.13037	5.20187	-1	-1	-1
5	4	-5.98037	5.20187	-1	-1	-1
5	4	-5.83037	5.20187	-1	-1	-1
5	4	-5.68037	5.20187	-1	-1	-1
5	4	-5.53037	5.20187	-1	-1	-1
5	4	-5.38037	5.20187	-1	-1	-1
5	4	-5.23037	5.20187	-1	-1	-1
5	4	-5.08037	5.20187	1616	1763.03	-1
5	4	-6.13037	5.35187	-1	-1	-1
5	4	-5.98037	5.35187	-1	-1	-1
5	4	-5.83037	5.35187	-1	-1	-1
5	4	-5.68037	5.35187	-1	-1	-1
5	4	-5.53037	5.35187	-1	-1	-1
5	4	-5.38037	5.35187	-1	-1	-1
5	4	-5.23037	5.35187	-1	-1	-1
5	4	-5.08037	5.35187	2756	2814.16	-1
5	4	-6.13037	5.50187	-1	-1	-1
5	4	-5.98037	5.50187	-1	-1	-1
5	4	-5.83037	5.50187	-1	-1	-1
5	4	-5.68037	5.50187	-1	-1	-1
5	4	-5.53037	5.50187	-1	-1	-1
5	4	-5.38037	5.50187	-1	-1	-1
5	4	-5.23037	5.50187	3985	4054.31	-1
5	4	-5.08037	5.50187	2722	2859.62	-1
5	4	-6.13037	5.65187	-1	-1	-1
5	4	-5.98037	5.65187	-1	-1	-1
5	4	-5.83037	5.65187	-1	-1	-1
5	4	-5.68037	5.65187	-1	-1	-1
5	4	-5.53037	5.65187	-1	-1	-1
5	4	-5.38037	5.65187	-1	-1	-1
5	4	-5.23037	5.65187	4108	4167.84	-1
5	4	-5.08037	5.65187	3759	3896.22	-1
5	4	-6.13037	5.80187	-1	-1	-1
5	4	-5.98037	5.80187	-1	-1	-1
5	4	-5.83037	5.80187	-1	-1	-1
5	4	-5.68037	5.80187	-1	-1	-1
5	4	-5.53037	5.80187	-1	-1	-1
5	4	-5.38037	5.80187	-1	-1	-1
5	4	-5.23037	5.80187	-1	-1	-1
5	4	-5.08037	5.80187	2090	2221.94	-1
6	16	-0.930494	-5.9755	-1	-1	-1
6	16	-0.780494	-5.9755	-1	-1	-1
6	16	-0.630494	-5.9755	-1	-1	-1
6	16	-0.480494	-5.9755	-1	-1	-1
6	16	-0.930494	-5.8255	-1	-1	-1
6	16	-0.780494	-5.8255	-1	-1	-1
6	16	-0.630494	-5.8255	-1	-1	-1
6	16	-0.480494	-5.8255	-1	-1	-1
6	16	-0.930494	-5.6755	-1	-1	-1
6	16	-0.780494	-5.6755	-1	-1	-1
6	16	-0.630494	-5.6755	-1	-1	-1
6	16	-0.480494	-5.6755	-1	-1	-1
6	16	-0.930494	-5.5255	-1	-1	-1
6	16	-0.780494	-5.5255	-1	-1	-1
6	16	-0.630494	-5.5255	-1	-1	-1
6	16	-0.480494	-5.5255	-1	-1	-1
7	16	-4.54669	2.23629	-1	-1	-1
7	16	-4.39669	2.23629	5231	5364.44	-1
7	16	-4.24669	2.23629	2324	2452.22	-1
7	16	-4.09669	2.23629	1987	2038.69	-1
7	16	-4.54669	2.38629	-1	-1	-1
7	16	-4.39669	2.38629	-1	-1	-1
7	16	-4.24669	2.38629	2015	2055.44	-1
7	16	-4.09669	2.38629	1908	1948.62	-1
7	16	-4.54669	2.53629	-1	-1	-1
7	16	-4.39669	2.53629	-1	-1	-1
7	16	-4.24669	2.53629	-1	-1	-1
7	16	-4.09669	2.53629	1813	1858.97	-1
7	16	-4.54669	2.68629	-1	-1	-1
7	16	-4.39669	2.68629	-1	-1	-1
7	16	-4.24669	2.68629	-1	-1	-1
7	16	-4.09669	2.68629	-1	-1	-1
8	16	0.472624	-6.3926	-1	-1	-1
8	16	0.622624	-6.3926	-1	-1	-1
8	16	0.772624	-6.3926	-1	-1	-1
8	16	0.922624	-6.3926	-1	-1	-1
8	16	0.472624	-6.2426	-1	-1	-1
8	16	0.622624	-6.2426	-1	-1	-1
8	16	0.772624	-6.2426	-1	-1	-1
8	16	0.922624	-6.2426	-1	-1	-1
8	16	0.472624	-6.0926	-1	-1	-1
8	16	0.622624	-6.0926	-1	-1	-1
8	16	0.772624	-6.0926	-1	-1	-1
8	16	0.922624	-6.0926	-1	-1	-1
8	16	0.472624	-5.9426	-1	-1	-1
8	16	0.622624	-5.9426	-1	-1	-1
8	16	0.772624	-5.9426	-1	-1	-1
8	16	0.922624	-5.9426	-1	-1	-1
9	16	-6.30124	-1.97182	-1	-1	-1
9	16	-6.15124	-1.97182	-1	-1	-1
9	16	-6.00124	-1.97182	-1	-1	-1
9	16	-5.85124	-1.97182	938	992.188	-1
9	16	-6.30124	-1.82182	-1	-1	-1
9	16	-6.15124	-1.82182	-1	-1	-1
9	16	-6.00124	-1.82182	-1	-1	-1
9	16	-5.85124	-1.82182	-1	-1	-1
9	16	-6.30124	-1.67182	-1	-1	-1
9	16	-6.15124	-1.67182	-1	-1	-1
9	16	-6.00124	-1.67182	-1	-1	-1
9	16	-5.85124	-1.67182	-1	-1	-1
9	16	-6.30124	-1.52182	-1	-1	-1
9	16	-6.15124	-1.52182	-1	-1	-1
9	16	-6.00124	-1.52182	-1	-1	-1
9	16	-5.85124	-1.52182	-1	-1	-1
10	16	8.53406	-0.0151769	-1	-1	-1
10	16	8.68406	-0.0151769	-1	-1	-1
10	16	8.83406	-0.0151769	-1	-1	-1
10	16	8.98406	-0.0151769	-1	-1	-1
10	16	8.53406	0.134823	-1	-1	-1
10	16	8.68406	0.134823	-1	-1	-1
10	16	8.83406	0.134823	-1	-1	-1
10	16	8.98406	0.134823	-1	-1	-1
10	16	8.53406	0.284823	-1	-1	-1
10	16	8.68406	0.284823	-1	-1	-1
10	16	8.83406	0.284823	-1	-1	-1
10	16	8.98406	0.284823	-1	-1	-1
10	16	8.53406	0.434823	-1	-1	-1
10	16	8.68406	0.434823	-1	-1	-1
10	16	8.83406	0.434823	-1	-1	-1
10	16	8.98406	0.434823	4886	4952.09	-1
11	16	-6.70595	3.87993	-1	-1	-1
11	16	-6.55595	3.87993	-1	-1	-1
11	16	-6.40595	3.87993	-1	-1	-1
11	16	-6.25595	3.87993	-1	-1	-1
11	16	-6.70595	4.02993	-1	-1	-1
11	16	-6.55595	4.02993	-1	-1	-1
11	16	-6.40595	4.02993	-1	-1	-1
11	16	-6.25595	4.02993	-1	-1	-1
11	16	-6.70595	4.17993	-1	-1	-1
11	16	-6.55595	4.17993	-1	-1	-1
11	16	-6.40595	4.17993	-1	-1	-1
11	16	-6.25595	4.17993	-1	-1	-1
11	16	-6.70595	4.32993	-1	-1	-1
11	16	-6.55595	4.32993	-1	-1	-1
11	16	-6.40595	4.32993	-1	-1	-1
11	16	-6.25595	4.32993	-1	-1	-1
12	16	-8.11913	5.02266	-1	-1	-1
12	16	-7.96913	5.02266	-1	-1	-1
12	16	-7.81913	5.02266	-1	-1	-1
12	16	-7.66913	5.02266	-1	-1	-1
12	16	-8.11913	5.17266	-1	-1	-1
12	16	-7.96913	5.17266	-1	-1	-1
12	16	-7.81913	5.17266	-1	-1	-1
12	16	-7.66913	5.17266	-1	-1	-1
12	16	-8.11913	5.32266	-1	-1	-1
12	16	-7.96913	5.32266	-1	-1	-1
12	16	-7.81913	5.32266	-1	-1	-1
12	16	-7.66913	5.32266	-1	-1	-1
12	16	-8.11913	5.47266	-1	-1	-1
12	16	-7.96913	5.47266	-1	-1	-1
12	16	-7.81913	5.47266	-1	-1	-1
12	16	-7.66913	5.47266	-1	-1	-1
13	16	-1.75034	9.09565	1757	1840.31	-1
13	16	-1.60034	9.09565	-1	-1	-1
13	16	-1.45034	9.09565	-1	-1	-1
13	16	-1.30034	9.09565	-1	-1	-1
13	16	-1.75034	9.24565	-1	-1	-1
13	16	-1.60034	9.24565	-1	-1	-1
13	16	-1.45034	9.24565	-1	-1	-1
13	16	-1.30034	9.24565	-1	-1	-1
13	16	-1.75034	9.39565	-1	-1	-1
13	16	-1.60034	9.39565	-1	-1	-1
13	16	-1.45034	9.39565	-1	-1	-1
13	16	-1.30034	9.39565	-1	-1	-1
13	16	-1.75034	9.54565	-1	-1	-1
13	16	-1.60034	9.54565	-1	-1	-1
13	16	-1.45034	9.54565	-1	-1	-1
13	16	-1.30034	9.54565	-1	-1	-1
14	16	6.00361	0.52271	3898	3996.06	-1
14	16	6.15361	0.52271	4198	4300.75	-1
14	16	6.30361	0.52271	2836	2934.41	-1
14	16	6.45361	0.52271	-1	-1	-1
14	16	6.00361	0.67271	4036	4082.31	-1
14	16	6.15361	0.67271	-1	-1	-1
14	16	6.30361	0.67271	-1	-1	-1
14	16	6.45361	0.67271	-1	-1	-1
14	16	6.00361	0.82271	2443	2541.06	-1
14	16	6.15361	0.82271	5240	5285.91	-1
14	16	6.30361	0.82271	-1	-1	-1
14	16	6.45361	0.82271	-1	-1	-1
14	16	6.00361	0.97271	5085	5130.69	-1
14	16	6.15361	0.97271	-1	-1	-1
14	16	6.30361	0.97271	-1	-1	-1
14	16	6.45361	0.97271	-1	-1	-1
15	16	-3.43676	7.37158	-1	-1	-1
15	16	-3.28676	7.37158	-1	-1	-1
15	16	-3.13676	7.37158	422	487.938	-1
15	16	-2.98676	7.37158	540	601.781	-1
15	16	-3.43676	7.52158	-1	-1	-1
15	16	-3.28676	7.52158	-1	-1	-1
15	16	-3.13676	7.52158	-1	-1	-1
15	16	-2.98676	7.52158	668	732.156	-1
15	16	-3.43676	7.67158	-1	-1	-1
15	16	-3.28676	7.67158	-1	-1	-1
15	16	-3.13676	7.67158	-1	-1	-1
15	16	-2.98676	7.67158	-1	-1	-1
15	16	-3.43676	7.82158	-1	-1	-1
15	16	-3.28676	7.82158	-1	-1	-1
15	16	-3.13676	7.82158	-1	-1	-1
15	16	-2.98676	7.82158	-1	-1	-1
16	16	-4.68467	-8.6866	-1	-1	-1
16	16	-4.53467	-8.6866	-1	-1	-1
16	16	-4.38467	-8.6866	-1	-1	-1
16	16	-4.23467	-8.6866	-1	-1	-1
16	16	-4.68467	-8.5366	-1	-1	-1
16	16	-4.53467	-8.5366	-1	-1	-1
16	16	-4.38467	-8.5366	-1	-1	-1
16	16	-4.23467	-8.5366	-1	-1	-1
16	16	-4.68467	-8.3866	-1	-1	-1
16	16	-4.53467	-8.3866	-1	-1	-1
16	16	-4.38467	-8.3866	-1	-1	-1
16	16	-4.23467	-8.3866	-1	-1	-1
16	16	-4.68467	-8.2366	2618	2726	-1
16	16	-4.53467	-8.2366	2791	2866.72	-1
16	16	-4.38467	-8.2366	-1	-1	-1
16	16	-4.23467	-8.2366	-1	-1	-1
17	16	4.61129	-2.52352	-1	-1	-1
17	16	4.76129	-2.52352	-1	-1	-1
17	16	4.91129	-2.52352	-1	-1	-1
17	16	5.06129	-2.52352	-1	-1	-1
17	16	4.61129	-2.37352	-1	-1	-1
17	16	4.76129	-2.37352	-1	-1	-1
17	16	4.91129	-2.37352	-1	-1	-1
17	16	5.06129	-2.37352	-1	-1	-1
17	16	4.61129	-2.22352	1915	1959.22	-1
17	16	4.76129	-2.22352	-1	-1	-1
17	16	4.91129	-2.22352	-1	-1	-1
17	16	5.06129	-2.22352	-1	-1	-1
17	16	4.61129	-2.07352	1714	1839	-1
17	16	4.76129	-2.07352	1899	1964.47	-1
17	16	4.91129	-2.07352	113	155.812	-1
17	16	5.06129	-2.07352	230	294.969	-1
18	16	-9.64764	0.842989	-1	-1	-1
18	16	-9.49764	0.842989	4066	4153.25	-1
18	16	-9.34764	0.842989	3920	3984.62	-1
18	16	-9.19764	0.842989	4075	4163.94	-1
18	16	-9.64764	0.992989	5048	5123.5	-1
18	16	-9.49764	0.992989	4485	4557.88	-1
18	16	-9.34764	0.992989	4623	4688.84	-1
18	16	-9.19764	0.992989	4784	4872.16	-1
18	16	-9.64764	1.14299	5149	5240.31	-1
18	16	-9.49764	1.14299	4764	4869.62	-1
18	16	-9.34764	1.14299	4955	5062.5	-1
18	16	-9.19764	1.14299	5165	5241.38	-1
18	16	-9.64764	1.29299	-1	-1	-1
18	16	-9.49764	1.29299	-1	-1	-1
18	16	-9.34764	1.29299	5306	-1	-1
18	16	-9.19764	1.29299	-1	-1	-1
19	16	5.40263	6.85683	-1	-1	-1
19	16	5.55263	6.85683	-1	-1	-1
19	16	5.70263	6.85683	-1	-1	-1
19	16	5.85263	6.85683	-1	-1	-1
19	16	5.40263	7.00683	-1	-1	-1
19	16	5.55263	7.00683	-1	-1	-1
19	16	5.70263	7.00683	-1	-1	-1
19	16	5.85263	7.00683	-1	-1	-1
19	16	5.40263	7.15683	-1	-1	-1
19	16	5.55263	7.15683	-1	-1	-1
19	16	5.70263	7.15683	-1	-1	-1
19	16	5.85263	7.15683	-1	-1	-1
19	16	5.40263	7.30683	-1	-1	-1
19	16	5.55263	7.30683	-1	-1	-1
19	16	5.70263	7.30683	-1	-1	-1
19	16	5.85263	7.30683	-1	-1	-1
20	16	-6.97796	-5.17243	-1	-1	-1
20	16	-6.82796	-5.17243	-1	-1	-1
20	16	-6.67796	-5.17243	-1	-1	-1
20	16	-6.52796	-5.17243	-1	-1	-1
20	16	-6.97796	-5.02243	-1	-1	-1
20	16	-6.82796	-5.02243	-1	-1	-1
20	16	-6.67796	-5.02243	-1	-1	-1
20	16	-6.52796	-5.02243	-1	-1	-1
20	16	-6.97796	-4.87243	-1	-1	-1
20	16	-6.82796	-4.87243	-1	-1	-1
20	16	-6.67796	-4.87243	-1	-1	-1
20	16	-6.52796	-4.87243	4711	4840.5	-1
20	16	-6.97796	-4.72243	-1	-1	-1
20	16	-6.82796	-4.72243	-1	-1	-1
20	16	-6.67796	-4.72243	-1	-1	-1
20	16	-6.52796	-4.72243	-1	-1	-1
21	16	5.54333	-2.13793	2610	2665.25	-1
21	16	5.69333	-2.13793	4071	4172.78	-1
21	16	5.84333	-2.13793	-1	-1	-1
21	16	5.99333	-2.13793	-1	-1	-1
21	16	5.54333	-1.98793	2454	2564.28	-1
21	16	5.69333	-1.98793	4255	4305.47	-1
21	16	5.84333	-1.98793	-1	-1	-1
21	16	5.99333	-1.98793	-1	-1	-1
21	16	5.54333	-1.83793	498	608.625	-1
21	16	5.69333	-1.83793	-1	-1	-1
21	16	5.84333	-1.83793	-1	-1	-1
21	16	5.99333	-1.83793	-1	-1	-1
21	16	5.54333	-1.68793	-1	-1	-1
21	16	5.69333	-1.68793	-1	-1	-1
21	16	5.84333	-1.68793	-1	-1	-1
21	16	5.99333	-1.68793	-1	-1	-1
0	256	1.76347	-7.38371	-1	-1	-1
0	256	-6.81168	-1.26231	-1	-1	-1
0	256	-4.17002	3.80574	2354	2398.72	-1
0	256	2.37868	2.66311	477	655.094	-1
0	256	-8.0817	-3.78603	-1	-1	-1
0	256	-3.85977	-0.828201	2222	2338.91	-1
0	256	-1.22722	-4.99072	4843	4887.5	-1
0	256	7.49568	-3.75634	-1	-1	-1
0	256	6.35563	7.09083	-1	-1	-1
0	256	2.3746	-6.35864	2710	2814.69	-1
0	256	-8.41925	3.57914	-1	-1	-1
0	256	-5.83715	-1.3624	2002	2049.28	-1
0	256	-3.35572	3.65206	58	99.9375	-1
0	256	2.86269	4.13043	1958	2096.81	-1
0	256	-1.82347	6.4949	-1	-1	-1
0	256	-3.16555	-4.79471	3872	3999.78	-1
0	256	-2.08423	-2.2545	367	394.031	-1
0	256	-8.31299	-2.97561	-1	-1	-1
0	256	4.33388	6.18827	-1	-1	-1
0	256	3.17154	-4.44841	-1	-1	-1
0	256	-6.06494	-3.21173	914	1037.47	-1
0	256	7.97954	-2.74844	-1	-1	-1
0	256	-2.98174	6.49149	-1	-1	-1
0	256	-4.59742	-7.01597	3986	4093.34	-1
0	256	3.29126	2.16817	66	196.281	-1
0	256	-0.484996	5.13194	4598	4638.31	-1
0	256	-7.4252	4.53963	-1	-1	-1
0	256	8.82495	-1.3742	-1	-1	-1
0	256	1.04924	2.58658	4112	4241.5	-1
0	256	5.62227	-7.70014	-1	-1	-1
0	256	-0.714468	-9.57373	-1	-1	-1
0	256	-3.32428	-6.63828	-1	-1	-1
0	256	1.80391	2.6884	662	810.406	-1
0	256	8.19548	-5.67157	-1	-1	-1
0	256	-4.60024	0.700379	687	832.562	-1
0	256	3.56481	-3.45624	-1	-1	-1
0	256	-7.91481	-1.91577	-1	-1	-1
0	256	-6.80603	-2.03307	-1	-1	-1
0	256	2.73844	-1.37682	2185	2324.38	-1
0	256	-7.06115	2.59464	-1	-1	-1
0	256	-0.492117	8.70514	-1	-1	-1
0	256	-8.08772	0.651879	-1	-1	-1
0	256	3.35697	4.15207	2237	2387.72	-1
0	256	-4.17207	-7.74158	-1	-1	-1
0	256	-3.60614	4.57519	-1	-1	-1
0	256	3.26486	-0.629133	292	332.219	-1
0	256	-3.87338	6.40447	2959	3072.28	-1
0	256	7.41755	5.30852	-1	-1	-1
0	256	6.76241	7.20711	-1	-1	-1
0	256	-7.86029	3.51843	1608	1696.16	-1
0	256	2.88244	-8.47754	-1	-1	-1
0	256	-8.74449	-0.817352	179	245.875	-1
0	256	2.30803	-7.4244	-1	-1	-1
0	256	-1.03231	7.80204	2345	2409.25	-1
0	256	1.39267	3.3029	-1	-1	-1
0	256	-4.56316	1.01062	3918	4032.12	-1
0	256	4.44185	-6.06573	4979	5056.12	-1
0	256	-7.44555	5.47165	-1	-1	-1
0	256	6.00076	4.49249	-1	-1	-1
0	256	-7.43459	0.85727	-1	-1	-1
0	256	3.17807	1.39876	358	483.125	-1
0	256	4.79747	3.98911	1481	1607.34	-1
0	256	-2.25705	-5.82697	-1	-1	-1
0	256	2.56547	-3.23621	-1	-1	-1
0	256	1.16523	-7.14809	-1	-1	-1
0	256	-6.48439	-2.19367	-1	-1	-1
0	256	-5.49078	7.33203	251	374.625	-1
0	256	-7.08185	-1.57195	-1	-1	-1
0	256	-8.9144	2.56696	5152	5241.03	-1
0	256	-5.32959	8.10965	-1	-1	-1
0	256	-5.73664	1.13297	-1	-1	-1
0	256	-3.16977	-3.3926	2630	2794.47	-1
0	256	3.74984	6.80908	-1	-1	-1
0	256	5.69804	-6.56901	-1	-1	-1
0	256	-4.83597	5.65774	474	549.125	-1
0	256	-1.78805	7.9887	788	849.25	-1
0	256	-7.23927	4.34839	-1	-1	-1
0	256	9.22705	-2.74706	-1	-1	-1
0	256	8.11116	5.64766	-1	-1	-1
0	256	-0.192505	5.59722	4632	4740.22	-1
0	256	1.69679	-6.70543	-1	-1	-1
0	256	4.92165	-0.369671	4406	4511.47	-1
0	256	4.01884	7.81744	-1	-1	-1
0	256	1.92028	-8.37202	-1	-1	-1
0	256	2.99759	3.21728	1654	1812.81	-1
0	256	-0.201138	8.53421	-1	-1	-1
0	256	1.6303	5.97986	-1	-1	-1
0	256	-4.24848	-1.59022	59	99.9062	-1
0	256	2.66828	7.80378	-1	-1	-1
0	256	-4.29549	-3.39832	-1	-1	-1
0	256	5.71326	2.64542	965	1076.84	-1
0	256	-6.3305	4.11173	-1	-1	-1
0	256	5.4005	1.39929	3892	4002.5	-1
0	256	2.13115	-8.34506	-1	-1	-1
0	256	8.98421	-3.9128	-1	-1	-1
0	256	-8.22951	2.88936	-1	-1	-1
0	256	-4.99001	-0.35235	1250	1362.5	-1
0	256	5.15183	-3.52231	-1	-1	-1
0	256	-7.5377	5.81242	-1	-1	-1
0	256	-1.48863	-5.64085	-1	-1	-1
0	256	2.4477	8.78584	-1	-1	-1
0	256	-2.667	1.88958	238	398.906	-1
0	256	2.35499	-0.354826	670	698	-1
0	256	1.48449	-6.37941	-1	-1	-1
0	256	4.20692	4.2416	-1	-1	-1
0	256	-7.18528	-6.09646	-1	-1	-1
0	256	2.88134	9.42359	-1	-1	-1
0	256	2.47406	9.518	-1	-1	-1
0	256	-3.35028	-3.46399	4460	4548.97	-1
0	256	1.63152	-3.79139	889	922.812	-1
0	256	3.88575	-7.97967	1821	1925.06	-1
0	256	-4.22159	-3.69215	146	225.906	-1
0	256	-3.03703	-1.04997	218	346.188	-1
0	256	-9.14066	-2.50387	3806	3872.38	-1
0	256	-5.97947	-3.80524	-1	-1	-1
0	256	8.42865	4.53517	-1	-1	-1
0	256	1.62675	-5.06666	-1	-1	-1
0	256	0.746986	4.41499	684	719.812	-1
0	256	4.32188	-2.77711	-1	-1	-1
0	256	4.27324	-6.36132	-1	-1	-1
0	256	-5.04481	0.0347312	-1	-1	-1
0	256	3.36871	7.51612	-1	-1	-1
0	256	-3.71284	-0.663185	-1	-1	-1
0	256	-3.48217	-0.489897	1244	1371.81	-1
0	256	7.61142	-1.20129	-1	-1	-1
0	256	7.25208	6.01018	-1	-1	-1
0	256	7.70974	6.25817	-1	-1	-1
0	256	7.67783	-3.61699	-1	-1	-1
0	256	-4.86686	0.20158	1796	1848.94	-1
0	256	-5.51869	4.60758	-1	-1	-1
0	256	-5.9958	6.84316	-1	-1	-1
0	256	7.75391	3.09144	-1	-1	-1
0	256	-4.99928	-5.52745	4468	4525.5	-1
0	256	-5.57035	-3.35142	2075	2122.44	-1
0	256	-8.91315	3.74028	-1	-1	-1
0	256	3.61457	-6.74022	-1	-1	-1
0	256	-3.04087	-8.60045	-1	-1	-1
0	256	-6.92344	2.47354	-1	-1	-1
0	256	4.87592	1.90853	418	533.656	-1
0	256	7.465	-1.08797	2955	3067.38	-1
0	256	-4.81363	0.999742	-1	-1	-1
0	256	6.80145	-3.46376	-1	-1	-1
0	256	1.53325	6.03722	-1	-1	-1
0	256	-8.15482	3.23054	-1	-1	-1
0	256	0.837152	-7.46504	-1	-1	-1
0	256	4.33096	0.0133576	3853	3887.84	-1
0	256	-3.54521	7.4898	-1	-1	-1
0	256	3.54026	1.06984	2341	2458.16	-1
0	256	6.28745	-6.704	-1	-1	-1
0	256	5.93267	3.42704	-1	-1	-1
0	256	-2.7421	5.34263	1383	1500.25	-1
0	256	3.68006	7.07329	-1	-1	-1
0	256	2.81527	-7.50997	-1	-1	-1
0	256	7.40898	2.8717	-1	-1	-1
0	256	7.47044	-4.68232	-1	-1	-1
0	256	-1.08973	-8.81865	-1	-1	-1
0	256	-8.50168	-2.56542	-1	-1	-1
0	256	-3.16915	6.90089	-1	-1	-1
0	256	-7.89346	3.8227	-1	-1	-1
0	256	-6.95334	-5.43574	-1	-1	-1
0	256	5.51112	4.63967	2263	2394.91	-1
0	256	4.20197	3.14328	145	275.156	-1
0	256	-8.81552	-4.55371	-1	-1	-1
0	256	-3.67844	-2.26079	1668	1795	-1
0	256	-5.43448	3.69224	743	869.781	-1
0	256	2.31711	-5.31757	2278	2322.59	-1
0	256	4.10018	-4.19514	-1	-1	-1
0	256	5.29447	-8.19879	-1	-1	-1
0	256	-7.55479	4.13321	-1	-1	-1
0	256	-4.51575	-3.79484	-1	-1	-1
0	256	-5.43821	2.12862	3812	3932.34	-1
0	256	7.27885	-5.69801	-1	-1	-1
0	256	6.66604	-1.43649	-1	-1	-1
0	256	4.32132	-8.87263	-1	-1	-1
0	256	-7.207	0.445168	-1	-1	-1
0	256	-6.89189	7.02695	-1	-1	-1
0	256	4.49613	-0.917984	5163	5277.62	-1
0	256	-1.99607	2.41731	153	315	-1
0	256	-8.46484	1.82802	-1	-1	-1
0	256	-3.84407	-5.19153	317	460.625	-1
0	256	-4.49226	8.66966	-1	-1	-1
0	256	-2.86349	-6.48384	4787	4897	-1
0	256	-5.05693	-6.07339	2238	2371.62	-1
0	256	-4.24443	0.557028	254	368.375	-1
0	256	8.28708	-1.01312	-1	-1	-1
0	256	1.83317	6.51068	-1	-1	-1
0	256	-6.49185	-3.78946	3396	3456.41	-1
0	256	3.07361	-8.39051	-1	-1	-1
0	256	-6.16878	3.55775	-1	-1	-1
0	256	2.7563	-3.22573	2077	2214.59	-1
0	256	0.907426	3.02361	132	263.5	-1
0	256	-9.48364	-0.298547	4794	4883.34	-1
0	256	-8.76705	4.61893	4907	4992.62	-1
0	256	2.62689	-4.40991	-1	-1	-1
0	256	-4.11559	-4.61409	3788	3935.81	-1
0	256	1.505	-9.23179	-1	-1	-1
0	256	-1.92587	4.74947	1478	1600.75	-1
0	256	-0.656814	-9.18233	-1	-1	-1
0	256	-8.41882	-9.18566	-1	-1	-1
0	256	-5.56061	3.67706	-1	-1	-1
0	256	-8.47102	-3.90808	-1	-1	-1
0	256	2.85278	-9.08214	-1	-1	-1
0	256	3.24929	-5.75165	-1	-1	-1
0	256	-3.95359	-4.26694	4452	4594.81	-1
0	256	-7.53395	0.129463	-1	-1	-1
0	256	7.54051	-2.64921	-1	-1	-1
0	256	3.88349	-2.54258	-1	-1	-1
0	256	1.01721	6.47145	-1	-1	-1
0	256	-8.16329	-1.35627	-1	-1	-1
0	256	-2.38046	-9.04101	-1	-1	-1
0	256	1.38219	9.3251	-1	-1	-1
0	256	-6.42134	-1.23413	-1	-1	-1
0	256	9.16384	-2.3865	-1	-1	-1
0	256	-3.55466	-0.0814985	1734	1764.59	-1
0	256	8.96674	-0.648031	426	492.562	-1
0	256	-3.20908	1.48213	286	412.344	-1
0	256	7.3401	-2.16447	-1	-1	-1
0	256	-3.24802	6.30845	-1	-1	-1
0	256	1.89286	2.34737	47	77.7812	-1
0	256	-2.16546	7.80219	-1	-1	-1
0	256	5.72442	-1.52874	1267	1373.72	-1
0	256	-7.78598	7.81741	-1	-1	-1
0	256	0.0890583	-9.10985	-1	-1	-1
0	256	-9.5882	-9.28604	-1	-1	-1
0	256	1.44749	-9.68922	-1	-1	-1
0	256	8.73476	-0.327222	-1	-1	-1
0	256	6.41003	6.92145	-1	-1	-1
0	256	-7.2648	1.19992	1338	1428.34	-1
0	256	3.45876	0.193316	2466	2585.09	-1
0	256	2.83349	1.61685	2370	2401.66	-1
0	256	1.03122	8.70562	5179	5273.72	-1
0	256	-2.81291	-7.45432	-1	-1	-1
0	256	0.437525	-8.60706	-1	-1	-1
0	256	1.19204	-3.38052	1714	1850.03	-1
0	256	7.08774	4.387	-1	-1	-1
0	256	-4.38305	-4.34344	-1	-1	-1
0	256	5.49759	-4.13806	-1	-1	-1
0	256	-2.37942	-7.42499	-1	-1	-1
0	256	1.12301	-3.87905	-1	-1	-1
0	256	-7.79063	-5.9699	-1	-1	-1
0	256	4.85856	-4.63337	3878	4020.06	-1
0	256	2.60373	3.28756	416	451.312	-1
0	256	-3.2022	-7.46393	-1	-1	-1
0	256	8.13397	-3.73132	-1	-1	-1
0	256	0.953111	5.09517	4293	4402.53	-1
0	256	7.40008	-6.70202	-1	-1	-1
0	256	5.80741	2.00026	-1	-1	-1
0	256	1.28905	-4.08552	-1	-1	-1
0	256	-3.2338	-8.19616	-1	-1	-1
0	256	-3.60155	6.06217	1860	1977.75	-1
0	256	-4.71191	-1.95878	47	111.062	-1
0	256	1.20463	-4.65145	-1	-1	-1
0	256	-2.17997	6.15424	-1	-1	-1
0	256	-6.71739	-5.92468	-1	-1	-1
0	256	4.95295	-5.53475	-1	-1	-1
0	256	6.35765	-4.8865	-1	-1	-1
