Pile ID	Distribution Type	X-Position	Y-Position	Pickup Time	Drop Off Time	Ant ID
1	1	-2.69188	3.84063	460	598.812	-1
1	1	-2.54188	3.84063	3260	3300.69	-1
1	1	-2.39188	3.84063	1230	1360.56	-1
1	1	-2.24188	3.84063	1644	1773.78	-1
1	1	-2.09188	3.84063	182	220.031	-1
1	1	-1.94188	3.84063	88	122.125	-1
1	1	-1.79188	3.84063	46	83.0625	-1
1	1	-1.64188	3.84063	2519	2553.34	-1
1	1	-1.49188	3.84063	4319	4354.78	-1
1	1	-1.34188	3.84063	-1	-1	-1
1	1	-1.19188	3.84063	1253	1297.53	-1
1	1	-1.04188	3.84063	1330	1363.44	-1
1	1	-0.891881	3.84063	1008	1051.88	-1
1	1	-0.741881	3.84063	698	822.406	-1
1	1	-0.591881	3.84063	853	890.188	-1
1	1	-0.441881	3.84063	3641	3764.38	-1
1	1	-2.69188	3.99063	4365	4406.53	-1
1	1	-2.54188	3.99063	4275	4398.19	-1
1	1	-2.39188	3.99063	3185	3225.91	-1
1	1	-2.24188	3.99063	2668	2711.88	-1
1	1	-2.09188	3.99063	2756	2792.06	-1
1	1	-1.94188	3.99063	1660	1786.84	-1
1	1	-1.79188	3.99063	4504	4543.41	-1
1	1	-1.64188	3.99063	4393	4430.03	-1
1	1	-1.49188	3.99063	4480	4563.22	-1
1	1	-1.34188	3.99063	-1	-1	-1
1	1	-1.19188	3.99063	2668	2711.59	-1
1	1	-1.04188	3.99063	1228	1271	-1
1	1	-0.891881	3.99063	1074	1150.5	-1
1	1	-0.741881	3.99063	921	970.219	-1
1	1	-0.591881	3.99063	972	1010.78	-1
1	1	-0.441881	3.99063	1042	1090.44	-1
1	1	-2.69188	4.14063	5380	-1	-1
1	1	-2.54188	4.14063	4462	4507.91	-1
1	1	-2.39188	4.14063	4434	4480.16	-1
1	1	-2.24188	4.14063	-1	-1	-1
1	1	-2.09188	4.14063	-1	-1	-1
1	1	-1.94188	4.14063	-1	-1	-1
1	1	-1.79188	4.14063	-1	-1	-1
1	1	-1.64188	4.14063	4606	4651.44	-1
1	1	-1.49188	4.14063	-1	-1	-1
1	1	-1.34188	4.14063	-1	-1	-1
1	1	-1.19188	4.14063	-1	-1	-1
1	1	-1.04188	4.14063	-1	-1	-1
1	1	-0.891881	4.14063	1102	1151.38	-1
1	1	-0.741881	4.14063	959	1034.94	-1
1	1	-0.591881	4.14063	1053	1096.28	-1
1	1	-0.441881	4.14063	1159	1194.72	-1
1	1	-2.69188	4.29063	-1	-1	-1
1	1	-2.54188	4.29063	-1	-1	-1
1	1	-2.39188	4.29063	-1	-1	-1
1	1	-2.24188	4.29063	-1	-1	-1
1	1	-2.09188	4.29063	-1	-1	-1
1	1	-1.94188	4.29063	-1	-1	-1
1	1	-1.79188	4.29063	-1	-1	-1
1	1	-1.64188	4.29063	-1	-1	-1
1	1	-1.49188	4.29063	-1	-1	-1
1	1	-1.34188	4.29063	-1	-1	-1
1	1	-1.19188	4.29063	-1	-1	-1
1	1	-1.04188	4.29063	-1	-1	-1
1	1	-0.891881	4.29063	1257	1303.53	-1
1	1	-0.741881	4.29063	1154	1210	-1
1	1	-0.591881	4.29063	1371	1416.62	-1
1	1	-0.441881	4.29063	4886	4921	-1
1	1	-2.69188	4.44063	-1	-1	-1
1	1	-2.54188	4.44063	-1	-1	-1
1	1	-2.39188	4.44063	-1	-1	-1
1	1	-2.24188	4.44063	-1	-1	-1
1	1	-2.09188	4.44063	-1	-1	-1
1	1	-1.94188	4.44063	-1	-1	-1
1	1	-1.79188	4.44063	-1	-1	-1
1	1	-1.64188	4.44063	-1	-1	-1
1	1	-1.49188	4.44063	-1	-1	-1
1	1	-1.34188	4.44063	-1	-1	-1
1	1	-1.19188	4.44063	-1	-1	-1
1	1	-1.04188	4.44063	-1	-1	-1
1	1	-0.891881	4.44063	-1	-1	-1
1	1	-0.741881	4.44063	1343	1406.94	-1
1	1	-0.591881	4.44063	-1	-1	-1
1	1	-0.441881	4.44063	-1	-1	-1
1	1	-2.69188	4.59063	-1	-1	-1
1	1	-2.54188	4.59063	-1	-1	-1
1	1	-2.39188	4.59063	-1	-1	-1
1	1	-2.24188	4.59063	-1	-1	-1
1	1	-2.09188	4.59063	-1	-1	-1
1	1	-1.94188	4.59063	-1	-1	-1
1	1	-1.79188	4.59063	-1	-1	-1
1	1	-1.64188	4.59063	-1	-1	-1
1	1	-1.49188	4.59063	-1	-1	-1
1	1	-1.34188	4.59063	-1	-1	-1
1	1	-1.19188	4.59063	-1	-1	-1
1	1	-1.04188	4.59063	-1	-1	-1
1	1	-0.891881	4.59063	-1	-1	-1
1	1	-0.741881	4.59063	-1	-1	-1
1	1	-0.591881	4.59063	-1	-1	-1
1	1	-0.441881	4.59063	-1	-1	-1
1	1	-2.69188	4.74063	-1	-1	-1
1	1	-2.54188	4.74063	-1	-1	-1
1	1	-2.39188	4.74063	-1	-1	-1
1	1	-2.24188	4.74063	-1	-1	-1
1	1	-2.09188	4.74063	-1	-1	-1
1	1	-1.94188	4.74063	-1	-1	-1
1	1	-1.79188	4.74063	-1	-1	-1
1	1	-1.64188	4.74063	-1	-1	-1
1	1	-1.49188	4.74063	-1	-1	-1
1	1	-1.34188	4.74063	-1	-1	-1
1	1	-1.19188	4.74063	-1	-1	-1
1	1	-1.04188	4.74063	-1	-1	-1
1	1	-0.891881	4.74063	-1	-1	-1
1	1	-0.741881	4.74063	-1	-1	-1
1	1	-0.591881	4.74063	-1	-1	-1
1	1	-0.441881	4.74063	-1	-1	-1
1	1	-2.69188	4.89063	-1	-1	-1
1	1	-2.54188	4.89063	-1	-1	-1
1	1	-2.39188	4.89063	-1	-1	-1
1	1	-2.24188	4.89063	-1	-1	-1
1	1	-2.09188	4.89063	-1	-1	-1
1	1	-1.94188	4.89063	-1	-1	-1
1	1	-1.79188	4.89063	-1	-1	-1
1	1	-1.64188	4.89063	-1	-1	-1
1	1	-1.49188	4.89063	-1	-1	-1
1	1	-1.34188	4.89063	-1	-1	-1
1	1	-1.19188	4.89063	-1	-1	-1
1	1	-1.04188	4.89063	-1	-1	-1
1	1	-0.891881	4.89063	-1	-1	-1
1	1	-0.741881	4.89063	-1	-1	-1
1	1	-0.591881	4.89063	-1	-1	-1
1	1	-0.441881	4.89063	-1	-1	-1
1	1	-2.69188	5.04063	-1	-1	-1
1	1	-2.54188	5.04063	-1	-1	-1
1	1	-2.39188	5.04063	-1	-1	-1
1	1	-2.24188	5.04063	-1	-1	-1
1	1	-2.09188	5.04063	-1	-1	-1
1	1	-1.94188	5.04063	-1	-1	-1
1	1	-1.79188	5.04063	-1	-1	-1
1	1	-1.64188	5.04063	-1	-1	-1
1	1	-1.49188	5.04063	-1	-1	-1
1	1	-1.34188	5.04063	-1	-1	-1
1	1	-1.19188	5.04063	-1	-1	-1
1	1	-1.04188	5.04063	-1	-1	-1
1	1	-0.891881	5.04063	-1	-1	-1
1	1	-0.741881	5.04063	-1	-1	-1
1	1	-0.591881	5.04063	-1	-1	-1
1	1	-0.441881	5.04063	-1	-1	-1
1	1	-2.69188	5.19063	-1	-1	-1
1	1	-2.54188	5.19063	-1	-1	-1
1	1	-2.39188	5.19063	-1	-1	-1
1	1	-2.24188	5.19063	-1	-1	-1
1	1	-2.09188	5.19063	-1	-1	-1
1	1	-1.94188	5.19063	-1	-1	-1
1	1	-1.79188	5.19063	-1	-1	-1
1	1	-1.64188	5.19063	-1	-1	-1
1	1	-1.49188	5.19063	-1	-1	-1
1	1	-1.34188	5.19063	-1	-1	-1
1	1	-1.19188	5.19063	-1	-1	-1
1	1	-1.04188	5.19063	-1	-1	-1
1	1	-0.891881	5.19063	-1	-1	-1
1	1	-0.741881	5.19063	-1	-1	-1
1	1	-0.591881	5.19063	-1	-1	-1
1	1	-0.441881	5.19063	-1	-1	-1
1	1	-2.69188	5.34063	-1	-1	-1
1	1	-2.54188	5.34063	-1	-1	-1
1	1	-2.39188	5.34063	-1	-1	-1
1	1	-2.24188	5.34063	-1	-1	-1
1	1	-2.09188	5.34063	-1	-1	-1
1	1	-1.94188	5.34063	-1	-1	-1
1	1	-1.79188	5.34063	-1	-1	-1
1	1	-1.64188	5.34063	-1	-1	-1
1	1	-1.49188	5.34063	-1	-1	-1
1	1	-1.34188	5.34063	-1	-1	-1
1	1	-1.19188	5.34063	-1	-1	-1
1	1	-1.04188	5.34063	-1	-1	-1
1	1	-0.891881	5.34063	-1	-1	-1
1	1	-0.741881	5.34063	-1	-1	-1
1	1	-0.591881	5.34063	-1	-1	-1
1	1	-0.441881	5.34063	-1	-1	-1
1	1	-2.69188	5.49063	-1	-1	-1
1	1	-2.54188	5.49063	-1	-1	-1
1	1	-2.39188	5.49063	-1	-1	-1
1	1	-2.24188	5.49063	-1	-1	-1
1	1	-2.09188	5.49063	-1	-1	-1
1	1	-1.94188	5.49063	-1	-1	-1
1	1	-1.79188	5.49063	-1	-1	-1
1	1	-1.64188	5.49063	-1	-1	-1
1	1	-1.49188	5.49063	-1	-1	-1
1	1	-1.34188	5.49063	-1	-1	-1
1	1	-1.19188	5.49063	-1	-1	-1
1	1	-1.04188	5.49063	-1	-1	-1
1	1	-0.891881	5.49063	-1	-1	-1
1	1	-0.741881	5.49063	-1	-1	-1
1	1	-0.591881	5.49063	-1	-1	-1
1	1	-0.441881	5.49063	-1	-1	-1
1	1	-2.69188	5.64063	-1	-1	-1
1	1	-2.54188	5.64063	-1	-1	-1
1	1	-2.39188	5.64063	-1	-1	-1
1	1	-2.24188	5.64063	-1	-1	-1
1	1	-2.09188	5.64063	-1	-1	-1
1	1	-1.94188	5.64063	-1	-1	-1
1	1	-1.79188	5.64063	-1	-1	-1
1	1	-1.64188	5.64063	-1	-1	-1
1	1	-1.49188	5.64063	-1	-1	-1
1	1	-1.34188	5.64063	-1	-1	-1
1	1	-1.19188	5.64063	-1	-1	-1
1	1	-1.04188	5.64063	-1	-1	-1
1	1	-0.891881	5.64063	-1	-1	-1
1	1	-0.741881	5.64063	-1	-1	-1
1	1	-0.591881	5.64063	-1	-1	-1
1	1	-0.441881	5.64063	-1	-1	-1
1	1	-2.69188	5.79063	-1	-1	-1
1	1	-2.54188	5.79063	-1	-1	-1
1	1	-2.39188	5.79063	-1	-1	-1
1	1	-2.24188	5.79063	-1	-1	-1
1	1	-2.09188	5.79063	-1	-1	-1
1	1	-1.94188	5.79063	-1	-1	-1
1	1	-1.79188	5.79063	-1	-1	-1
1	1	-1.64188	5.79063	-1	-1	-1
1	1	-1.49188	5.79063	-1	-1	-1
1	1	-1.34188	5.79063	-1	-1	-1
1	1	-1.19188	5.79063	-1	-1	-1
1	1	-1.04188	5.79063	-1	-1	-1
1	1	-0.891881	5.79063	-1	-1	-1
1	1	-0.741881	5.79063	-1	-1	-1
1	1	-0.591881	5.79063	-1	-1	-1
1	1	-0.441881	5.79063	-1	-1	-1
1	1	-2.69188	5.94063	-1	-1	-1
1	1	-2.54188	5.94063	-1	-1	-1
1	1	-2.39188	5.94063	-1	-1	-1
1	1	-2.24188	5.94063	-1	-1	-1
1	1	-2.09188	5.94063	-1	-1	-1
1	1	-1.94188	5.94063	-1	-1	-1
1	1	-1.79188	5.94063	-1	-1	-1
1	1	-1.64188	5.94063	-1	-1	-1
1	1	-1.49188	5.94063	-1	-1	-1
1	1	-1.34188	5.94063	-1	-1	-1
1	1	-1.19188	5.94063	-1	-1	-1
1	1	-1.04188	5.94063	-1	-1	-1
1	1	-0.891881	5.94063	-1	-1	-1
1	1	-0.741881	5.94063	-1	-1	-1
1	1	-0.591881	5.94063	-1	-1	-1
1	1	-0.441881	5.94063	-1	-1	-1
1	1	-2.69188	6.09063	3544	3593.56	-1
1	1	-2.54188	6.09063	-1	-1	-1
1	1	-2.39188	6.09063	-1	-1	-1
1	1	-2.24188	6.09063	-1	-1	-1
1	1	-2.09188	6.09063	-1	-1	-1
1	1	-1.94188	6.09063	-1	-1	-1
1	1	-1.79188	6.09063	-1	-1	-1
1	1	-1.64188	6.09063	-1	-1	-1
1	1	-1.49188	6.09063	-1	-1	-1
1	1	-1.34188	6.09063	-1	-1	-1
1	1	-1.19188	6.09063	-1	-1	-1
1	1	-1.04188	6.09063	-1	-1	-1
1	1	-0.891881	6.09063	-1	-1	-1
1	1	-0.741881	6.09063	-1	-1	-1
1	1	-0.591881	6.09063	-1	-1	-1
1	1	-0.441881	6.09063	-1	-1	-1
2	4	4.89056	5.6898	-1	-1	-1
2	4	5.04056	5.6898	-1	-1	-1
2	4	5.19056	5.6898	-1	-1	-1
2	4	5.34056	5.6898	-1	-1	-1
2	4	5.49056	5.6898	5097	5224.88	-1
2	4	5.64056	5.6898	5281	5344.06	-1
2	4	5.79056	5.6898	-1	-1	-1
2	4	5.94056	5.6898	-1	-1	-1
2	4	4.89056	5.8398	-1	-1	-1
2	4	5.04056	5.8398	-1	-1	-1
2	4	5.19056	5.8398	-1	-1	-1
2	4	5.34056	5.8398	-1	-1	-1
2	4	5.49056	5.8398	-1	-1	-1
2	4	5.64056	5.8398	-1	-1	-1
2	4	5.79056	5.8398	-1	-1	-1
2	4	5.94056	5.8398	-1	-1	-1
2	4	4.89056	5.9898	-1	-1	-1
2	4	5.04056	5.9898	-1	-1	-1
2	4	5.19056	5.9898	-1	-1	-1
2	4	5.34056	5.9898	-1	-1	-1
2	4	5.49056	5.9898	-1	-1	-1
2	4	5.64056	5.9898	-1	-1	-1
2	4	5.79056	5.9898	-1	-1	-1
2	4	5.94056	5.9898	-1	-1	-1
2	4	4.89056	6.1398	-1	-1	-1
2	4	5.04056	6.1398	-1	-1	-1
2	4	5.19056	6.1398	-1	-1	-1
2	4	5.34056	6.1398	-1	-1	-1
2	4	5.49056	6.1398	-1	-1	-1
2	4	5.64056	6.1398	-1	-1	-1
2	4	5.79056	6.1398	-1	-1	-1
2	4	5.94056	6.1398	-1	-1	-1
2	4	4.89056	6.2898	-1	-1	-1
2	4	5.04056	6.2898	-1	-1	-1
2	4	5.19056	6.2898	-1	-1	-1
2	4	5.34056	6.2898	-1	-1	-1
2	4	5.49056	6.2898	-1	-1	-1
2	4	5.64056	6.2898	-1	-1	-1
2	4	5.79056	6.2898	-1	-1	-1
2	4	5.94056	6.2898	-1	-1	-1
2	4	4.89056	6.4398	-1	-1	-1
2	4	5.04056	6.4398	-1	-1	-1
2	4	5.19056	6.4398	-1	-1	-1
2	4	5.34056	6.4398	-1	-1	-1
2	4	5.49056	6.4398	-1	-1	-1
2	4	5.64056	6.4398	-1	-1	-1
2	4	5.79056	6.4398	-1	-1	-1
2	4	5.94056	6.4398	-1	-1	-1
2	4	4.89056	6.5898	-1	-1	-1
2	4	5.04056	6.5898	-1	-1	-1
2	4	5.19056	6.5898	-1	-1	-1
2	4	5.34056	6.5898	-1	-1	-1
2	4	5.49056	6.5898	-1	-1	-1
2	4	5.64056	6.5898	-1	-1	-1
2	4	5.79056	6.5898	-1	-1	-1
2	4	5.94056	6.5898	-1	-1	-1
2	4	4.89056	6.7398	-1	-1	-1
2	4	5.04056	6.7398	-1	-1	-1
2	4	5.19056	6.7398	-1	-1	-1
2	4	5.34056	6.7398	-1	-1	-1
2	4	5.49056	6.7398	-1	-1	-1
2	4	5.64056	6.7398	-1	-1	-1
2	4	5.79056	6.7398	-1	-1	-1
2	4	5.94056	6.7398	-1	-1	-1
3	4	-7.79569	-1.39561	-1	-1	-1
3	4	-7.64569	-1.39561	-1	-1	-1
3	4	-7.49569	-1.39561	-1	-1	-1
3	4	-7.34569	-1.39561	-1	-1	-1
3	4	-7.19569	-1.39561	-1	-1	-1
3	4	-7.04569	-1.39561	-1	-1	-1
3	4	-6.89569	-1.39561	4663	4770.53	-1
3	4	-6.74569	-1.39561	4280	4393.97	-1
3	4	-7.79569	-1.24561	-1	-1	-1
3	4	-7.64569	-1.24561	-1	-1	-1
3	4	-7.49569	-1.24561	-1	-1	-1
3	4	-7.34569	-1.24561	-1	-1	-1
3	4	-7.19569	-1.24561	-1	-1	-1
3	4	-7.04569	-1.24561	3376	3427.88	-1
3	4	-6.89569	-1.24561	3244	3297.22	-1
3	4	-6.74569	-1.24561	2846	2903.78	-1
3	4	-7.79569	-1.09561	-1	-1	-1
3	4	-7.64569	-1.09561	-1	-1	-1
3	4	-7.49569	-1.09561	-1	-1	-1
3	4	-7.34569	-1.09561	-1	-1	-1
3	4	-7.19569	-1.09561	-1	-1	-1
3	4	-7.04569	-1.09561	3086	3192.75	-1
3	4	-6.89569	-1.09561	2623	2697.47	-1
3	4	-6.74569	-1.09561	2456	2509.28	-1
3	4	-7.79569	-0.945608	-1	-1	-1
3	4	-7.64569	-0.945608	-1	-1	-1
3	4	-7.49569	-0.945608	-1	-1	-1
3	4	-7.34569	-0.945608	-1	-1	-1
3	4	-7.19569	-0.945608	-1	-1	-1
3	4	-7.04569	-0.945608	2800	2873.72	-1
3	4	-6.89569	-0.945608	2588	2644.72	-1
3	4	-6.74569	-0.945608	2562	2644.31	-1
3	4	-7.79569	-0.795608	-1	-1	-1
3	4	-7.64569	-0.795608	-1	-1	-1
3	4	-7.49569	-0.795608	-1	-1	-1
3	4	-7.34569	-0.795608	-1	-1	-1
3	4	-7.19569	-0.795608	-1	-1	-1
3	4	-7.04569	-0.795608	-1	-1	-1
3	4	-6.89569	-0.795608	2980	3035.09	-1
3	4	-6.74569	-0.795608	2708	2775.12	-1
3	4	-7.79569	-0.645608	-1	-1	-1
3	4	-7.64569	-0.645608	-1	-1	-1
3	4	-7.49569	-0.645608	-1	-1	-1
3	4	-7.34569	-0.645608	-1	-1	-1
3	4	-7.19569	-0.645608	-1	-1	-1
3	4	-7.04569	-0.645608	-1	-1	-1
3	4	-6.89569	-0.645608	-1	-1	-1
3	4	-6.74569	-0.645608	-1	-1	-1
3	4	-7.79569	-0.495608	-1	-1	-1
3	4	-7.64569	-0.495608	-1	-1	-1
3	4	-7.49569	-0.495608	-1	-1	-1
3	4	-7.34569	-0.495608	-1	-1	-1
3	4	-7.19569	-0.495608	-1	-1	-1
3	4	-7.04569	-0.495608	-1	-1	-1
3	4	-6.89569	-0.495608	-1	-1	-1
3	4	-6.74569	-0.495608	-1	-1	-1
3	4	-7.79569	-0.345608	-1	-1	-1
3	4	-7.64569	-0.345608	-1	-1	-1
3	4	-7.49569	-0.345608	-1	-1	-1
3	4	-7.34569	-0.345608	-1	-1	-1
3	4	-7.19569	-0.345608	-1	-1	-1
3	4	-7.04569	-0.345608	-1	-1	-1
3	4	-6.89569	-0.345608	-1	-1	-1
3	4	-6.74569	-0.345608	3959	4012.84	-1
4	4	5.73884	-5.52629	4061	4193.5	-1
4	4	5.88884	-5.52629	-1	-1	-1
4	4	6.03884	-5.52629	-1	-1	-1
4	4	6.18884	-5.52629	-1	-1	-1
4	4	6.33884	-5.52629	-1	-1	-1
4	4	6.48884	-5.52629	-1	-1	-1
4	4	6.63884	-5.52629	-1	-1	-1
4	4	6.78884	-5.52629	-1	-1	-1
4	4	5.73884	-5.37629	-1	-1	-1
4	4	5.88884	-5.37629	-1	-1	-1
4	4	6.03884	-5.37629	-1	-1	-1
4	4	6.18884	-5.37629	-1	-1	-1
4	4	6.33884	-5.37629	-1	-1	-1
4	4	6.48884	-5.37629	-1	-1	-1
4	4	6.63884	-5.37629	-1	-1	-1
4	4	6.78884	-5.37629	-1	-1	-1
4	4	5.73884	-5.22629	-1	-1	-1
4	4	5.88884	-5.22629	-1	-1	-1
4	4	6.03884	-5.22629	-1	-1	-1
4	4	6.18884	-5.22629	-1	-1	-1
4	4	6.33884	-5.22629	-1	-1	-1
4	4	6.48884	-5.22629	-1	-1	-1
4	4	6.63884	-5.22629	-1	-1	-1
4	4	6.78884	-5.22629	-1	-1	-1
4	4	5.73884	-5.07629	-1	-1	-1
4	4	5.88884	-5.07629	-1	-1	-1
4	4	6.03884	-5.07629	-1	-1	-1
4	4	6.18884	-5.07629	-1	-1	-1
4	4	6.33884	-5.07629	-1	-1	-1
4	4	6.48884	-5.07629	-1	-1	-1
4	4	6.63884	-5.07629	-1	-1	-1
4	4	6.78884	-5.07629	-1	-1	-1
4	4	5.73884	-4.92629	-1	-1	-1
4	4	5.88884	-4.92629	-1	-1	-1
4	4	6.03884	-4.92629	-1	-1	-1
4	4	6.18884	-4.92629	-1	-1	-1
4	4	6.33884	-4.92629	-1	-1	-1
4	4	6.48884	-4.92629	-1	-1	-1
4	4	6.63884	-4.92629	-1	-1	-1
4	4	6.78884	-4.92629	-1	-1	-1
4	4	5.73884	-4.77629	1526	1646.62	-1
4	4	5.88884	-4.77629	-1	-1	-1
4	4	6.03884	-4.77629	-1	-1	-1
4	4	6.18884	-4.77629	-1	-1	-1
4	4	6.33884	-4.77629	-1	-1	-1
4	4	6.48884	-4.77629	-1	-1	-1
4	4	6.63884	-4.77629	-1	-1	-1
4	4	6.78884	-4.77629	-1	-1	-1
4	4	5.73884	-4.62629	-1	-1	-1
4	4	5.88884	-4.62629	-1	-1	-1
4	4	6.03884	-4.62629	-1	-1	-1
4	4	6.18884	-4.62629	-1	-1	-1
4	4	6.33884	-4.62629	-1	-1	-1
4	4	6.48884	-4.62629	-1	-1	-1
4	4	6.63884	-4.62629	-1	-1	-1
4	4	6.78884	-4.62629	-1	-1	-1
4	4	5.73884	-4.47629	-1	-1	-1
4	4	5.88884	-4.47629	-1	-1	-1
4	4	6.03884	-4.47629	-1	-1	-1
4	4	6.18884	-4.47629	-1	-1	-1
4	4	6.33884	-4.47629	-1	-1	-1
4	4	6.48884	-4.47629	-1	-1	-1
4	4	6.63884	-4.47629	-1	-1	-1
4	4	6.78884	-4.47629	-1	-1	-1
5	4	-1.51786	-3.78933	615	657.969	-1
5	4	-1.36786	-3.78933	641	675.688	-1
5	4	-1.21786	-3.78933	4259	4290.56	-1
5	4	-1.06786	-3.78933	3728	3768.12	-1
5	4	-0.917858	-3.78933	-1	-1	-1
5	4	-0.767858	-3.78933	-1	-1	-1
5	4	-0.617858	-3.78933	2480	2517.78	-1
5	4	-0.467858	-3.78933	-1	-1	-1
5	4	-1.51786	-3.63933	526	560.281	-1
5	4	-1.36786	-3.63933	614	651.875	-1
5	4	-1.21786	-3.63933	3602	3680.22	-1
5	4	-1.06786	-3.63933	3532	3565.34	-1
5	4	-0.917858	-3.63933	2454	2508.31	-1
5	4	-0.767858	-3.63933	2340	2390.44	-1
5	4	-0.617858	-3.63933	2330	2396.91	-1
5	4	-0.467858	-3.63933	94	223.562	-1
5	4	-1.51786	-3.48933	415	450.375	-1
5	4	-1.36786	-3.48933	-1	-1	-1
5	4	-1.21786	-3.48933	3421	3466.81	-1
5	4	-1.06786	-3.48933	3245	3375.84	-1
5	4	-0.917858	-3.48933	2247	2305.59	-1
5	4	-0.767858	-3.48933	2208	2243.59	-1
5	4	-0.617858	-3.48933	2297	2341.97	-1
5	4	-0.467858	-3.48933	2484	2515.12	-1
5	4	-1.51786	-3.33933	-1	-1	-1
5	4	-1.36786	-3.33933	-1	-1	-1
5	4	-1.21786	-3.33933	3633	3671.44	-1
5	4	-1.06786	-3.33933	2340	2382.88	-1
5	4	-0.917858	-3.33933	2134	2165.69	-1
5	4	-0.767858	-3.33933	2085	2123.78	-1
5	4	-0.617858	-3.33933	2227	2264.22	-1
5	4	-0.467858	-3.33933	2406	2473.09	-1
5	4	-1.51786	-3.18933	-1	-1	-1
5	4	-1.36786	-3.18933	2745	2779	-1
5	4	-1.21786	-3.18933	2813	2841.44	-1
5	4	-1.06786	-3.18933	2474	2508.31	-1
5	4	-0.917858	-3.18933	1998	2030.66	-1
5	4	-0.767858	-3.18933	1878	1905.31	-1
5	4	-0.617858	-3.18933	2361	2390.78	-1
5	4	-0.467858	-3.18933	3807	3839.78	-1
5	4	-1.51786	-3.03933	-1	-1	-1
5	4	-1.36786	-3.03933	1382	1520.66	-1
5	4	-1.21786	-3.03933	2867	2896.22	-1
5	4	-1.06786	-3.03933	2937	2964.41	-1
5	4	-0.917858	-3.03933	1945	1990.44	-1
5	4	-0.767858	-3.03933	1811	1841.88	-1
5	4	-0.617858	-3.03933	2055	2085.28	-1
5	4	-0.467858	-3.03933	3733	3759.97	-1
5	4	-1.51786	-2.88933	1580	1611.03	-1
5	4	-1.36786	-2.88933	614	654.031	-1
5	4	-1.21786	-2.88933	553	583.844	-1
5	4	-1.06786	-2.88933	1827	1859.12	-1
5	4	-0.917858	-2.88933	1729	1783.25	-1
5	4	-0.767858	-2.88933	1511	1639.72	-1
5	4	-0.617858	-2.88933	1736	1765.97	-1
5	4	-0.467858	-2.88933	3376	3503.19	-1
5	4	-1.51786	-2.73933	541	596.656	-1
5	4	-1.36786	-2.73933	273	405.875	-1
5	4	-1.21786	-2.73933	438	469.781	-1
5	4	-1.06786	-2.73933	510	581.969	-1
5	4	-0.917858	-2.73933	1663	1687.22	-1
5	4	-0.767858	-2.73933	1364	1489.94	-1
5	4	-0.617858	-2.73933	765	792.25	-1
5	4	-0.467858	-2.73933	1606	1631.44	-1
6	16	-1.85264	8.96991	-1	-1	-1
6	16	-1.70264	8.96991	-1	-1	-1
6	16	-1.55264	8.96991	-1	-1	-1
6	16	-1.40264	8.96991	-1	-1	-1
6	16	-1.85264	9.11991	-1	-1	-1
6	16	-1.70264	9.11991	-1	-1	-1
6	16	-1.55264	9.11991	-1	-1	-1
6	16	-1.40264	9.11991	-1	-1	-1
6	16	-1.85264	9.26991	-1	-1	-1
6	16	-1.70264	9.26991	-1	-1	-1
6	16	-1.55264	9.26991	-1	-1	-1
6	16	-1.40264	9.26991	-1	-1	-1
6	16	-1.85264	9.41991	-1	-1	-1
6	16	-1.70264	9.41991	-1	-1	-1
6	16	-1.55264	9.41991	-1	-1	-1
6	16	-1.40264	9.41991	-1	-1	-1
7	16	3.01813	8.71986	-1	-1	-1
7	16	3.16813	8.71986	-1	-1	-1
7	16	3.31813	8.71986	-1	-1	-1
7	16	3.46813	8.71986	-1	-1	-1
7	16	3.01813	8.86986	-1	-1	-1
7	16	3.16813	8.86986	-1	-1	-1
7	16	3.31813	8.86986	-1	-1	-1
7	16	3.46813	8.86986	-1	-1	-1
7	16	3.01813	9.01986	-1	-1	-1
7	16	3.16813	9.01986	-1	-1	-1
7	16	3.31813	9.01986	-1	-1	-1
7	16	3.46813	9.01986	-1	-1	-1
7	16	3.01813	9.16986	-1	-1	-1
7	16	3.16813	9.16986	-1	-1	-1
7	16	3.31813	9.16986	-1	-1	-1
7	16	3.46813	9.16986	-1	-1	-1
8	16	2.35793	1.91863	91	252.469	-1
8	16	2.50793	1.91863	324	359.188	-1
8	16	2.65793	1.91863	310	457.969	-1
8	16	2.80793	1.91863	2727	2856.47	-1
8	16	2.35793	2.06863	215	258.062	-1
8	16	2.50793	2.06863	3285	3444.28	-1
8	16	2.65793	2.06863	4527	4675.47	-1
8	16	2.80793	2.06863	5183	5319.59	-1
8	16	2.35793	2.21863	329	369.156	-1
8	16	2.50793	2.21863	895	1053.72	-1
8	16	2.65793	2.21863	4152	4186.38	-1
8	16	2.80793	2.21863	4238	4342.19	-1
8	16	2.35793	2.36863	1561	1589.97	-1
8	16	2.50793	2.36863	3569	3598	-1
8	16	2.65793	2.36863	3981	4125.81	-1
8	16	2.80793	2.36863	4325	4361.81	-1
9	16	-7.728	0.786503	-1	-1	-1
9	16	-7.578	0.786503	-1	-1	-1
9	16	-7.428	0.786503	-1	-1	-1
9	16	-7.278	0.786503	-1	-1	-1
9	16	-7.728	0.936503	-1	-1	-1
9	16	-7.578	0.936503	-1	-1	-1
9	16	-7.428	0.936503	-1	-1	-1
9	16	-7.278	0.936503	-1	-1	-1
9	16	-7.728	1.0865	-1	-1	-1
9	16	-7.578	1.0865	-1	-1	-1
9	16	-7.428	1.0865	-1	-1	-1
9	16	-7.278	1.0865	-1	-1	-1
9	16	-7.728	1.2365	-1	-1	-1
9	16	-7.578	1.2365	-1	-1	-1
9	16	-7.428	1.2365	-1	-1	-1
9	16	-7.278	1.2365	-1	-1	-1
10	16	6.80398	0.446946	-1	-1	-1
10	16	6.95398	0.446946	-1	-1	-1
10	16	7.10398	0.446946	-1	-1	-1
10	16	7.25398	0.446946	-1	-1	-1
10	16	6.80398	0.596946	-1	-1	-1
10	16	6.95398	0.596946	-1	-1	-1
10	16	7.10398	0.596946	-1	-1	-1
10	16	7.25398	0.596946	-1	-1	-1
10	16	6.80398	0.746946	-1	-1	-1
10	16	6.95398	0.746946	-1	-1	-1
10	16	7.10398	0.746946	-1	-1	-1
10	16	7.25398	0.746946	-1	-1	-1
10	16	6.80398	0.896946	-1	-1	-1
10	16	6.95398	0.896946	-1	-1	-1
10	16	7.10398	0.896946	-1	-1	-1
10	16	7.25398	0.896946	-1	-1	-1
11	16	8.26601	5.41501	-1	-1	-1
11	16	8.41601	5.41501	-1	-1	-1
11	16	8.56601	5.41501	-1	-1	-1
11	16	8.71601	5.41501	-1	-1	-1
11	16	8.26601	5.56501	-1	-1	-1
11	16	8.41601	5.56501	-1	-1	-1
11	16	8.56601	5.56501	-1	-1	-1
11	16	8.71601	5.56501	-1	-1	-1
11	16	8.26601	5.71501	-1	-1	-1
11	16	8.41601	5.71501	-1	-1	-1
11	16	8.56601	5.71501	-1	-1	-1
11	16	8.71601	5.71501	-1	-1	-1
11	16	8.26601	5.86501	-1	-1	-1
11	16	8.41601	5.86501	-1	-1	-1
11	16	8.56601	5.86501	-1	-1	-1
11	16	8.71601	5.86501	-1	-1	-1
12	16	7.59821	3.26578	-1	-1	-1
12	16	7.74821	3.26578	-1	-1	-1
12	16	7.89821	3.26578	4613	4682.34	-1
12	16	8.04821	3.26578	4602	4671.5	-1
12	16	7.59821	3.41578	-1	-1	-1
12	16	7.74821	3.41578	-1	-1	-1
12	16	7.89821	3.41578	-1	-1	-1
12	16	8.04821	3.41578	-1	-1	-1
12	16	7.59821	3.56578	1393	1454.75	-1
12	16	7.74821	3.56578	-1	-1	-1
12	16	7.89821	3.56578	-1	-1	-1
12	16	8.04821	3.56578	-1	-1	-1
12	16	7.59821	3.71578	1230	1335	-1
12	16	7.74821	3.71578	-1	-1	-1
12	16	7.89821	3.71578	-1	-1	-1
12	16	8.04821	3.71578	-1	-1	-1
13	16	-2.6082	-3.02356	3889	4052.94	-1
13	16	-2.4582	-3.02356	2290	2371.22	-1
13	16	-2.3082	-3.02356	2216	2258.09	-1
13	16	-2.1582	-3.02356	3346	3384.28	-1
13	16	-2.6082	-2.87356	3557	3589.78	-1
13	16	-2.4582	-2.87356	2095	2131.72	-1
13	16	-2.3082	-2.87356	2116	2159.69	-1
13	16	-2.1582	-2.87356	2309	2346.97	-1
13	16	-2.6082	-2.72356	2002	2067.34	-1
13	16	-2.4582	-2.72356	1877	1935.16	-1
13	16	-2.3082	-2.72356	1810	1929.28	-1
13	16	-2.1582	-2.72356	2220	2252.12	-1
13	16	-2.6082	-2.57356	-1	-1	-1
13	16	-2.4582	-2.57356	1774	1837.53	-1
13	16	-2.3082	-2.57356	1558	1730.47	-1
13	16	-2.1582	-2.57356	1041	1197.28	-1
14	16	0.895288	2.79182	2800	2845.44	-1
14	16	1.04529	2.79182	3521	3548.53	-1
14	16	1.19529	2.79182	138	265.125	-1
14	16	1.34529	2.79182	1924	2056.88	-1
14	16	0.895288	2.94182	2730	2756.69	-1
14	16	1.04529	2.94182	4163	4284.78	-1
14	16	1.19529	2.94182	4970	5001.03	-1
14	16	1.34529	2.94182	5109	5157.66	-1
14	16	0.895288	3.09182	5185	5215.06	-1
14	16	1.04529	3.09182	4892	4920.28	-1
14	16	1.19529	3.09182	5022	5061.78	-1
14	16	1.34529	3.09182	5151	5194.84	-1
14	16	0.895288	3.24182	5246	5273.62	-1
14	16	1.04529	3.24182	5089	5127.97	-1
14	16	1.19529	3.24182	-1	-1	-1
14	16	1.34529	3.24182	-1	-1	-1
15	16	8.8633	3.80045	-1	-1	-1
15	16	9.0133	3.80045	-1	-1	-1
15	16	9.1633	3.80045	-1	-1	-1
15	16	9.3133	3.80045	-1	-1	-1
15	16	8.8633	3.95045	-1	-1	-1
15	16	9.0133	3.95045	-1	-1	-1
15	16	9.1633	3.95045	-1	-1	-1
15	16	9.3133	3.95045	-1	-1	-1
15	16	8.8633	4.10045	-1	-1	-1
15	16	9.0133	4.10045	-1	-1	-1
15	16	9.1633	4.10045	-1	-1	-1
15	16	9.3133	4.10045	-1	-1	-1
15	16	8.8633	4.25045	-1	-1	-1
15	16	9.0133	4.25045	-1	-1	-1
15	16	9.1633	4.25045	-1	-1	-1
15	16	9.3133	4.25045	-1	-1	-1
16	16	-8.59412	-3.23223	3061	3125	-1
16	16	-8.44412	-3.23223	-1	-1	-1
16	16	-8.29412	-3.23223	-1	-1	-1
16	16	-8.14412	-3.23223	3926	3991.84	-1
16	16	-8.59412	-3.08223	-1	-1	-1
16	16	-8.44412	-3.08223	-1	-1	-1
16	16	-8.29412	-3.08223	-1	-1	-1
16	16	-8.14412	-3.08223	-1	-1	-1
16	16	-8.59412	-2.93223	-1	-1	-1
16	16	-8.44412	-2.93223	-1	-1	-1
16	16	-8.29412	-2.93223	-1	-1	-1
16	16	-8.14412	-2.93223	-1	-1	-1
16	16	-8.59412	-2.78223	-1	-1	-1
16	16	-8.44412	-2.78223	-1	-1	-1
16	16	-8.29412	-2.78223	-1	-1	-1
16	16	-8.14412	-2.78223	-1	-1	-1
17	16	-4.30097	0.210951	-1	-1	-1
17	16	-4.15097	0.210951	-1	-1	-1
17	16	-4.00097	0.210951	-1	-1	-1
17	16	-3.85097	0.210951	5319	-1	-1
17	16	-4.30097	0.360951	-1	-1	-1
17	16	-4.15097	0.360951	-1	-1	-1
17	16	-4.00097	0.360951	-1	-1	-1
17	16	-3.85097	0.360951	2664	2699.56	-1
17	16	-4.30097	0.510951	-1	-1	-1
17	16	-4.15097	0.510951	5341	-1	-1
17	16	-4.00097	0.510951	4727	4852.69	-1
17	16	-3.85097	0.510951	4389	4508.22	-1
17	16	-4.30097	0.660951	-1	-1	-1
17	16	-4.15097	0.660951	-1	-1	-1
17	16	-4.00097	0.660951	4637	4689.5	-1
17	16	-3.85097	0.660951	4552	4582.56	-1
18	16	-9.54576	2.73254	1641	1709.69	-1
18	16	-9.39576	2.73254	-1	-1	-1
18	16	-9.24576	2.73254	-1	-1	-1
18	16	-9.09576	2.73254	-1	-1	-1
18	16	-9.54576	2.88254	-1	-1	-1
18	16	-9.39576	2.88254	-1	-1	-1
18	16	-9.24576	2.88254	-1	-1	-1
18	16	-9.09576	2.88254	3660	3737.19	-1
18	16	-9.54576	3.03254	-1	-1	-1
18	16	-9.39576	3.03254	-1	-1	-1
18	16	-9.24576	3.03254	-1	-1	-1
18	16	-9.09576	3.03254	-1	-1	-1
18	16	-9.54576	3.18254	-1	-1	-1
18	16	-9.39576	3.18254	-1	-1	-1
18	16	-9.24576	3.18254	-1	-1	-1
18	16	-9.09576	3.18254	-1	-1	-1
19	16	2.72659	-6.05263	3548	3609.66	-1
19	16	2.87659	-6.05263	4720	4845.81	-1
19	16	3.02659	-6.05263	4435	4554	-1
19	16	3.17659	-6.05263	4769	4862.5	-1
19	16	2.72659	-5.90263	3383	3431.12	-1
19	16	2.87659	-5.90263	4621	4689.62	-1
19	16	3.02659	-5.90263	4601	4657.84	-1
19	16	3.17659	-5.90263	4859	4911.53	-1
19	16	2.72659	-5.75263	3242	3299.84	-1
19	16	2.87659	-5.75263	3067	3150.5	-1
19	16	3.02659	-5.75263	3216	3276.78	-1
19	16	3.17659	-5.75263	-1	-1	-1
19	16	2.72659	-5.60263	2869	2992.72	-1
19	16	2.87659	-5.60263	3039	3100.19	-1
19	16	3.02659	-5.60263	3203	3260.97	-1
19	16	3.17659	-5.60263	5094	5153.88	-1
20	16	4.88525	-4.01026	502	550.781	-1
20	16	5.03525	-4.01026	-1	-1	-1
20	16	5.18525	-4.01026	-1	-1	-1
20	16	5.33525	-4.01026	-1	-1	-1
20	16	4.88525	-3.86026	-1	-1	-1
20	16	5.03525	-3.86026	-1	-1	-1
20	16	5.18525	-3.86026	4970	5019.09	-1
20	16	5.33525	-3.86026	-1	-1	-1
20	16	4.88525	-3.71026	2272	2406.34	-1
20	16	5.03525	-3.71026	3228	3347.78	-1
20	16	5.18525	-3.71026	3511	3631.25	-1
20	16	5.33525	-3.71026	5072	5126.97	-1
20	16	4.88525	-3.56026	1401	1530.5	-1
20	16	5.03525	-3.56026	687	733.781	-1
20	16	5.18525	-3.56026	5173	5303.03	-1
20	16	5.33525	-3.56026	5356	-1	-1
21	16	4.25613	2.54826	117	236.75	-1
21	16	4.40613	2.54826	1774	1816.34	-1
21	16	4.55613	2.54826	1864	1911.03	-1
21	16	4.70613	2.54826	-1	-1	-1
21	16	4.25613	2.69826	4204	4333.62	-1
21	16	4.40613	2.69826	1855	1901.88	-1
21	16	4.55613	2.69826	4379	4503.53	-1
21	16	4.70613	2.69826	-1	-1	-1
21	16	4.25613	2.84826	-1	-1	-1
21	16	4.40613	2.84826	-1	-1	-1
21	16	4.55613	2.84826	-1	-1	-1
21	16	4.70613	2.84826	-1	-1	-1
21	16	4.25613	2.99826	-1	-1	-1
21	16	4.40613	2.99826	-1	-1	-1
21	16	4.55613	2.99826	-1	-1	-1
21	16	4.70613	2.99826	-1	-1	-1
0	256	8.65092	-3.061	-1	-1	-1
0	256	8.90276	2.19103	-1	-1	-1
0	256	-7.33303	0.527634	989	1065.53	-1
0	256	6.66192	-1.69634	-1	-1	-1
0	256	1.62887	-7.00636	-1	-1	-1
0	256	2.44663	8.98037	-1	-1	-1
0	256	-4.83534	2.86528	3421	3464.94	-1
0	256	-3.4571	-5.00295	1693	1744.25	-1
0	256	0.151811	-9.42908	-1	-1	-1
0	256	-5.08586	4.39757	-1	-1	-1
0	256	-8.1375	-0.642688	-1	-1	-1
0	256	-4.89672	0.261213	-1	-1	-1
0	256	-1.70902	-4.94221	-1	-1	-1
0	256	-7.51173	6.30661	-1	-1	-1
0	256	-2.89399	-6.49594	-1	-1	-1
0	256	2.31761	5.80628	-1	-1	-1
0	256	-9.35915	3.3989	-1	-1	-1
0	256	-3.09003	8.28684	-1	-1	-1
0	256	-4.69454	-3.62845	-1	-1	-1
0	256	-4.05497	-6.83093	-1	-1	-1
0	256	-3.37399	0.87	366	479.344	-1
0	256	-2.06891	-6.8034	-1	-1	-1
0	256	5.55316	-5.12699	-1	-1	-1
0	256	2.12581	6.54974	3476	3527.41	-1
0	256	-5.73784	3.96276	308	365.25	-1
0	256	-3.36586	-1.60955	2891	2922.62	-1
0	256	-7.2027	-6.49596	-1	-1	-1
0	256	-3.30964	-8.75559	-1	-1	-1
0	256	-4.33204	-4.87862	4408	4553.34	-1
0	256	7.10779	1.2683	3128	3220.62	-1
0	256	0.332623	3.24119	-1	-1	-1
0	256	-7.79256	2.74695	-1	-1	-1
0	256	2.09075	-5.37522	-1	-1	-1
0	256	7.42279	-0.482711	-1	-1	-1
0	256	5.08107	-0.49073	1416	1524.59	-1
0	256	-7.81426	5.72527	-1	-1	-1
0	256	3.17747	0.326803	-1	-1	-1
0	256	-0.864612	8.14721	-1	-1	-1
0	256	-4.7145	4.49418	2215	2271.59	-1
0	256	-0.204385	8.4245	-1	-1	-1
0	256	4.86896	3.5268	-1	-1	-1
0	256	0.974991	4.76965	1286	1400.41	-1
0	256	-2.81331	7.90203	-1	-1	-1
0	256	-6.53225	-4.9828	-1	-1	-1
0	256	-1.71053	9.5987	-1	-1	-1
0	256	-6.76921	4.85668	1499	1618.78	-1
0	256	7.12764	-0.380927	-1	-1	-1
0	256	1.19812	-9.60049	-1	-1	-1
0	256	4.09322	1.32423	2750	2863	-1
0	256	-3.567	6.08997	-1	-1	-1
0	256	-1.27039	-8.41671	-1	-1	-1
0	256	-6.52615	-7.12101	-1	-1	-1
0	256	-3.00091	2.2296	3297	3328.06	-1
0	256	1.64534	7.69572	-1	-1	-1
0	256	8.70912	8.6944	-1	-1	-1
0	256	-2.59342	-6.85218	-1	-1	-1
0	256	-3.36395	-8.92847	-1	-1	-1
0	256	-5.68665	-5.55155	-1	-1	-1
0	256	-0.469609	-8.14945	-1	-1	-1
0	256	6.79623	-3.81317	-1	-1	-1
0	256	2.95809	2.84694	40	76.4375	-1
0	256	-8.21569	-5.07754	-1	-1	-1
0	256	-4.40769	-0.219996	251	366.531	-1
0	256	-5.1815	7.2632	5177	5291.78	-1
0	256	1.32525	4.91575	-1	-1	-1
0	256	1.35476	-5.15955	1116	1221.09	-1
0	256	4.13444	-2.65782	1337	1379.91	-1
0	256	-3.01604	-8.61013	-1	-1	-1
0	256	1.6549	-5.62331	4454	4499.97	-1
0	256	-1.19128	-5.00835	-1	-1	-1
0	256	-7.57219	8.62498	-1	-1	-1
0	256	-1.39872	8.66298	-1	-1	-1
0	256	6.76447	2.36404	-1	-1	-1
0	256	2.85579	3.75949	3491	3535.81	-1
0	256	-5.43958	-3.9873	-1	-1	-1
0	256	3.50601	8.58698	-1	-1	-1
0	256	2.29922	5.56194	-1	-1	-1
0	256	-0.204482	3.42786	154	286.344	-1
0	256	-2.78399	-8.54402	-1	-1	-1
0	256	-6.1228	-3.04971	2671	2721.72	-1
0	256	9.032	2.29767	-1	-1	-1
0	256	9.01288	0.713715	-1	-1	-1
0	256	-4.18831	6.3266	-1	-1	-1
0	256	1.88909	-3.02004	1809	1960.62	-1
0	256	-2.40096	6.87677	-1	-1	-1
0	256	-5.36583	-8.22423	-1	-1	-1
0	256	4.78936	6.04119	-1	-1	-1
0	256	-7.90597	-2.77557	3913	4009.47	-1
0	256	-9.63885	1.16299	-1	-1	-1
0	256	7.52593	-2.71246	-1	-1	-1
0	256	1.4429	-3.08275	240	364.125	-1
0	256	3.9644	6.60805	-1	-1	-1
0	256	-4.48348	5.90099	-1	-1	-1
0	256	-4.60334	3.69761	4811	4955.94	-1
0	256	0.26181	-5.1164	2642	2754.88	-1
0	256	-4.92856	-0.249518	1076	1114.5	-1
0	256	1.00592	7.89536	-1	-1	-1
0	256	3.68342	-4.67326	1601	1730.94	-1
0	256	2.1918	5.95136	819	945.469	-1
0	256	2.56462	-9.56422	-1	-1	-1
0	256	-4.84268	-5.86477	-1	-1	-1
0	256	-6.92878	-6.40217	3564	3692.88	-1
0	256	-5.44798	-7.3084	-1	-1	-1
0	256	3.19589	3.81071	-1	-1	-1
0	256	-6.41253	3.98188	447	555.312	-1
0	256	-8.70735	-2.84715	-1	-1	-1
0	256	-3.61807	-5.26169	-1	-1	-1
0	256	-2.50076	-5.46079	-1	-1	-1
0	256	8.25735	-2.66242	-1	-1	-1
0	256	7.76538	6.03796	-1	-1	-1
0	256	-4.74026	8.76703	-1	-1	-1
0	256	5.61381	1.58834	928	1030.56	-1
0	256	1.27627	-7.59107	3761	3856.94	-1
0	256	3.641	-4.07744	-1	-1	-1
0	256	-5.87312	6.68538	-1	-1	-1
0	256	2.3297	9.42392	-1	-1	-1
0	256	7.65344	1.49836	647	738.938	-1
0	256	-1.76695	6.62892	-1	-1	-1
0	256	-7.70079	-5.44618	-1	-1	-1
0	256	-3.2296	3.75797	103	249.25	-1
0	256	0.25471	3.4496	2578	2610.91	-1
0	256	-2.30392	-4.59831	-1	-1	-1
0	256	-0.917231	-4.03086	-1	-1	-1
0	256	-8.23363	-1.55966	-1	-1	-1
0	256	9.0212	-2.53489	-1	-1	-1
0	256	-3.25097	-5.64633	-1	-1	-1
0	256	0.696834	-4.92626	50	91.6562	-1
0	256	-2.63189	-4.77422	3365	3484.16	-1
0	256	5.63623	7.42143	-1	-1	-1
0	256	-7.58352	-3.20691	-1	-1	-1
0	256	0.154961	-6.16923	-1	-1	-1
0	256	-6.7804	-2.74643	5266	5329.88	-1
0	256	5.49793	-5.96954	-1	-1	-1
0	256	1.18899	-7.99247	-1	-1	-1
0	256	-1.81203	1.82504	38	65.4688	-1
0	256	5.87311	-8.00384	868	943.031	-1
0	256	0.282505	1.96103	952	1085.66	-1
0	256	7.43796	5.56825	-1	-1	-1
0	256	-1.43351	3.49332	1535	1567.16	-1
0	256	3.83748	0.154535	-1	-1	-1
0	256	5.70108	-7.08031	-1	-1	-1
0	256	8.84275	-2.66228	-1	-1	-1
0	256	3.1095	-2.85724	-1	-1	-1
0	256	8.1213	0.264674	-1	-1	-1
0	256	-2.36776	2.45362	3101	3262.22	-1
0	256	-4.98684	-7.82935	-1	-1	-1
0	256	-3.79465	1.78898	443	560.438	-1
0	256	2.07025	7.03123	-1	-1	-1
0	256	8.21309	2.02503	-1	-1	-1
0	256	6.27144	1.0599	793	890.188	-1
0	256	-7.78601	1.7023	-1	-1	-1
0	256	-0.28712	-4.21837	-1	-1	-1
0	256	-0.920604	8.86658	-1	-1	-1
0	256	7.81358	-2.29796	4047	4141.12	-1
0	256	-6.18024	-2.06606	71	119.344	-1
0	256	-0.275334	0.811128	15	40.6875	-1
0	256	-6.54082	2.14582	3408	3458.75	-1
0	256	6.6356	8.70143	-1	-1	-1
0	256	7.77143	-3.25289	-1	-1	-1
0	256	-5.30728	-8.83116	-1	-1	-1
0	256	8.23615	6.32273	-1	-1	-1
0	256	8.59348	1.22451	-1	-1	-1
0	256	-3.67077	5.86835	-1	-1	-1
0	256	-4.97659	7.9734	-1	-1	-1
0	256	-7.32436	2.83168	-1	-1	-1
0	256	-3.73651	-9.00264	-1	-1	-1
0	256	2.58229	-8.16586	421	523.781	-1
0	256	-8.78868	1.23477	-1	-1	-1
0	256	-7.20819	-4.63486	5337	-1	-1
0	256	7.87494	-0.499359	-1	-1	-1
0	256	-6.37925	5.72813	-1	-1	-1
0	256	2.81262	4.90613	-1	-1	-1
0	256	-3.64001	-5.77827	4067	4122.44	-1
0	256	0.598268	4.97674	3771	3811.06	-1
0	256	3.49622	5.14923	380	429.812	-1
0	256	6.98869	-2.59384	-1	-1	-1
0	256	6.55856	-3.57252	-1	-1	-1
0	256	5.24826	8.02748	3026	3135.59	-1
0	256	0.338071	6.96745	-1	-1	-1
0	256	7.12381	-3.47537	-1	-1	-1
0	256	3.61793	-8.38691	2480	2545.47	-1
0	256	-3.12885	0.565757	855	882.562	-1
0	256	-3.11245	7.44547	-1	-1	-1
0	256	-1.51697	-7.68561	-1	-1	-1
0	256	6.11971	5.16565	-1	-1	-1
0	256	-3.2732	-6.09165	-1	-1	-1
0	256	-2.87425	4.66201	-1	-1	-1
0	256	-0.182242	-7.24358	2911	3013.75	-1
0	256	-2.84748	-5.43544	-1	-1	-1
0	256	-5.08707	5.82398	3979	4039.88	-1
0	256	-2.64207	-4.60742	3017	3143.75	-1
0	256	-0.223212	4.19249	-1	-1	-1
0	256	5.37989	-0.314327	-1	-1	-1
0	256	-8.65642	2.153	3931	3994.47	-1
0	256	4.76369	5.37272	-1	-1	-1
0	256	-7.55445	3.62829	-1	-1	-1
0	256	-7.20591	3.64824	-1	-1	-1
0	256	-4.03939	-5.34035	-1	-1	-1
0	256	4.45012	-4.90409	-1	-1	-1
0	256	-9.07113	1.12488	-1	-1	-1
0	256	-4.89498	3.87698	-1	-1	-1
0	256	5.74906	-0.925342	2125	2230.06	-1
0	256	8.00401	3.13877	4420	4518.5	-1
0	256	8.08299	-3.44313	-1	-1	-1
0	256	6.70657	-2.44374	3504	3614.56	-1
0	256	-4.54569	-5.96591	-1	-1	-1
0	256	4.28848	-2.78126	844	977.438	-1
0	256	-5.67772	-2.50273	71	117.188	-1
0	256	-1.4102	-9.55776	-1	-1	-1
0	256	1.5039	3.14008	5361	5389.91	-1
0	256	-5.82497	2.71467	-1	-1	-1
0	256	5.32342	-7.57451	4752	4873.5	-1
0	256	5.13495	-1.69271	1850	1968.66	-1
0	256	0.99029	-7.15896	-1	-1	-1
0	256	4.26138	2.19241	790	919.594	-1
0	256	2.73276	8.92017	-1	-1	-1
0	256	1.76423	-7.09098	-1	-1	-1
0	256	-8.59608	1.29658	-1	-1	-1
0	256	-8.09907	-5.33844	-1	-1	-1
0	256	0.146358	4.36628	-1	-1	-1
0	256	-1.8222	-7.2073	-1	-1	-1
0	256	1.69266	4.23637	3859	3897.47	-1
0	256	-7.76217	5.9098	-1	-1	-1
0	256	-7.99081	2.34758	-1	-1	-1
0	256	-0.493395	6.65464	-1	-1	-1
0	256	-2.9796	-1.96019	2756	2885.56	-1
0	256	-1.93439	-8.41428	-1	-1	-1
0	256	-4.06461	4.89283	59	109.625	-1
0	256	6.71356	6.51781	-1	-1	-1
0	256	1.46762	7.02057	-1	-1	-1
0	256	-0.413336	-9.14405	-1	-1	-1
0	256	-7.15701	3.52139	2323	2380.81	-1
0	256	-8.24429	-5.49825	-1	-1	-1
0	256	0.734162	5.81623	-1	-1	-1
0	256	4.99802	3.83868	-1	-1	-1
0	256	-3.77991	2.03485	4319	4454.25	-1
0	256	6.75097	3.73845	-1	-1	-1
0	256	-4.1974	5.50358	2481	2601.69	-1
0	256	-3.67676	-3.40127	2668	2712.94	-1
0	256	1.52792	-2.63846	41	68.0625	-1
0	256	2.50237	-9.37596	-1	-1	-1
0	256	-5.4019	1.22132	2282	2415	-1
0	256	1.29936	-6.90324	1425	1476.38	-1
0	256	-8.11408	-2.62651	-1	-1	-1
0	256	-6.54659	1.24805	-1	-1	-1
0	256	5.09088	4.46026	-1	-1	-1
0	256	5.33027	-3.08257	4075	4201.94	-1
0	256	4.37257	-5.86061	4100	4235.91	-1
0	256	-7.0542	5.46099	3667	3777.38	-1
0	256	2.76569	-1.40282	4329	4359.28	-1
0	256	-6.4143	-6.91633	-1	-1	-1
0	256	3.87596	2.74373	-1	-1	-1
0	256	-4.07378	6.42331	-1	-1	-1
0	256	2.69185	-4.24701	2790	2926.38	-1
0	256	8.92759	1.39424	-1	-1	-1
0	256	-5.80334	-6.97122	-1	-1	-1
