Pile ID	Distribution Type	X-Position	Y-Position	Pickup Time	Drop Off Time	Ant ID
1	1	-1.89296	5.23822	1261	1369.25	-1
1	1	-1.74296	5.23822	1570	1686.28	-1
1	1	-1.59296	5.23822	1035	1077.69	-1
1	1	-1.44296	5.23822	-1	-1	-1
1	1	-1.29296	5.23822	-1	-1	-1
1	1	-1.14296	5.23822	-1	-1	-1
1	1	-0.992961	5.23822	-1	-1	-1
1	1	-0.842961	5.23822	4705	4748.56	-1
1	1	-0.692961	5.23822	4787	4832.34	-1
1	1	-0.542961	5.23822	1703	1755.91	-1
1	1	-0.392961	5.23822	1307	1435.97	-1
1	1	-0.242961	5.23822	1327	1446.19	-1
1	1	-0.0929606	5.23822	1505	1565.28	-1
1	1	0.0570394	5.23822	1565	1647.25	-1
1	1	0.207039	5.23822	1831	1878.91	-1
1	1	0.357039	5.23822	-1	-1	-1
1	1	-1.89296	5.38822	-1	-1	-1
1	1	-1.74296	5.38822	-1	-1	-1
1	1	-1.59296	5.38822	-1	-1	-1
1	1	-1.44296	5.38822	-1	-1	-1
1	1	-1.29296	5.38822	-1	-1	-1
1	1	-1.14296	5.38822	-1	-1	-1
1	1	-0.992961	5.38822	-1	-1	-1
1	1	-0.842961	5.38822	-1	-1	-1
1	1	-0.692961	5.38822	1780	1840.19	-1
1	1	-0.542961	5.38822	1658	1709.44	-1
1	1	-0.392961	5.38822	1527	1592.31	-1
1	1	-0.242961	5.38822	1379	1432.06	-1
1	1	-0.0929606	5.38822	1536	1634.22	-1
1	1	0.0570394	5.38822	1980	2035.59	-1
1	1	0.207039	5.38822	3555	3614.44	-1
1	1	0.357039	5.38822	-1	-1	-1
1	1	-1.89296	5.53822	-1	-1	-1
1	1	-1.74296	5.53822	-1	-1	-1
1	1	-1.59296	5.53822	-1	-1	-1
1	1	-1.44296	5.53822	-1	-1	-1
1	1	-1.29296	5.53822	-1	-1	-1
1	1	-1.14296	5.53822	-1	-1	-1
1	1	-0.992961	5.53822	-1	-1	-1
1	1	-0.842961	5.53822	-1	-1	-1
1	1	-0.692961	5.53822	1929	1983.16	-1
1	1	-0.542961	5.53822	1794	1859.28	-1
1	1	-0.392961	5.53822	1692	1745.25	-1
1	1	-0.242961	5.53822	1492	1559.53	-1
1	1	-0.0929606	5.53822	1640	1690.62	-1
1	1	0.0570394	5.53822	1880	1927.59	-1
1	1	0.207039	5.53822	3378	3424.91	-1
1	1	0.357039	5.53822	3596	3643.84	-1
1	1	-1.89296	5.68822	-1	-1	-1
1	1	-1.74296	5.68822	-1	-1	-1
1	1	-1.59296	5.68822	-1	-1	-1
1	1	-1.44296	5.68822	-1	-1	-1
1	1	-1.29296	5.68822	-1	-1	-1
1	1	-1.14296	5.68822	-1	-1	-1
1	1	-0.992961	5.68822	-1	-1	-1
1	1	-0.842961	5.68822	-1	-1	-1
1	1	-0.692961	5.68822	-1	-1	-1
1	1	-0.542961	5.68822	1946	2011.47	-1
1	1	-0.392961	5.68822	1837	1924.44	-1
1	1	-0.242961	5.68822	2017	2059.22	-1
1	1	-0.0929606	5.68822	2160	2206.28	-1
1	1	0.0570394	5.68822	2050	2100.84	-1
1	1	0.207039	5.68822	3467	3516.12	-1
1	1	0.357039	5.68822	-1	-1	-1
1	1	-1.89296	5.83822	-1	-1	-1
1	1	-1.74296	5.83822	-1	-1	-1
1	1	-1.59296	5.83822	-1	-1	-1
1	1	-1.44296	5.83822	-1	-1	-1
1	1	-1.29296	5.83822	-1	-1	-1
1	1	-1.14296	5.83822	-1	-1	-1
1	1	-0.992961	5.83822	-1	-1	-1
1	1	-0.842961	5.83822	-1	-1	-1
1	1	-0.692961	5.83822	-1	-1	-1
1	1	-0.542961	5.83822	-1	-1	-1
1	1	-0.392961	5.83822	-1	-1	-1
1	1	-0.242961	5.83822	-1	-1	-1
1	1	-0.0929606	5.83822	-1	-1	-1
1	1	0.0570394	5.83822	3489	3550.69	-1
1	1	0.207039	5.83822	3702	3745.06	-1
1	1	0.357039	5.83822	-1	-1	-1
1	1	-1.89296	5.98822	-1	-1	-1
1	1	-1.74296	5.98822	-1	-1	-1
1	1	-1.59296	5.98822	-1	-1	-1
1	1	-1.44296	5.98822	-1	-1	-1
1	1	-1.29296	5.98822	-1	-1	-1
1	1	-1.14296	5.98822	-1	-1	-1
1	1	-0.992961	5.98822	-1	-1	-1
1	1	-0.842961	5.98822	-1	-1	-1
1	1	-0.692961	5.98822	-1	-1	-1
1	1	-0.542961	5.98822	-1	-1	-1
1	1	-0.392961	5.98822	-1	-1	-1
1	1	-0.242961	5.98822	-1	-1	-1
1	1	-0.0929606	5.98822	-1	-1	-1
1	1	0.0570394	5.98822	-1	-1	-1
1	1	0.207039	5.98822	-1	-1	-1
1	1	0.357039	5.98822	-1	-1	-1
1	1	-1.89296	6.13822	-1	-1	-1
1	1	-1.74296	6.13822	-1	-1	-1
1	1	-1.59296	6.13822	-1	-1	-1
1	1	-1.44296	6.13822	-1	-1	-1
1	1	-1.29296	6.13822	-1	-1	-1
1	1	-1.14296	6.13822	-1	-1	-1
1	1	-0.992961	6.13822	-1	-1	-1
1	1	-0.842961	6.13822	-1	-1	-1
1	1	-0.692961	6.13822	-1	-1	-1
1	1	-0.542961	6.13822	-1	-1	-1
1	1	-0.392961	6.13822	-1	-1	-1
1	1	-0.242961	6.13822	-1	-1	-1
1	1	-0.0929606	6.13822	-1	-1	-1
1	1	0.0570394	6.13822	-1	-1	-1
1	1	0.207039	6.13822	-1	-1	-1
1	1	0.357039	6.13822	-1	-1	-1
1	1	-1.89296	6.28822	-1	-1	-1
1	1	-1.74296	6.28822	-1	-1	-1
1	1	-1.59296	6.28822	-1	-1	-1
1	1	-1.44296	6.28822	-1	-1	-1
1	1	-1.29296	6.28822	-1	-1	-1
1	1	-1.14296	6.28822	-1	-1	-1
1	1	-0.992961	6.28822	-1	-1	-1
1	1	-0.842961	6.28822	-1	-1	-1
1	1	-0.692961	6.28822	-1	-1	-1
1	1	-0.542961	6.28822	-1	-1	-1
1	1	-0.392961	6.28822	-1	-1	-1
1	1	-0.242961	6.28822	-1	-1	-1
1	1	-0.0929606	6.28822	-1	-1	-1
1	1	0.0570394	6.28822	-1	-1	-1
1	1	0.207039	6.28822	-1	-1	-1
1	1	0.357039	6.28822	-1	-1	-1
1	1	-1.89296	6.43822	-1	-1	-1
1	1	-1.74296	6.43822	-1	-1	-1
1	1	-1.59296	6.43822	-1	-1	-1
1	1	-1.44296	6.43822	-1	-1	-1
1	1	-1.29296	6.43822	-1	-1	-1
1	1	-1.14296	6.43822	-1	-1	-1
1	1	-0.992961	6.43822	-1	-1	-1
1	1	-0.842961	6.43822	-1	-1	-1
1	1	-0.692961	6.43822	-1	-1	-1
1	1	-0.542961	6.43822	-1	-1	-1
1	1	-0.392961	6.43822	-1	-1	-1
1	1	-0.242961	6.43822	-1	-1	-1
1	1	-0.0929606	6.43822	-1	-1	-1
1	1	0.0570394	6.43822	-1	-1	-1
1	1	0.207039	6.43822	-1	-1	-1
1	1	0.357039	6.43822	-1	-1	-1
1	1	-1.89296	6.58822	-1	-1	-1
1	1	-1.74296	6.58822	-1	-1	-1
1	1	-1.59296	6.58822	-1	-1	-1
1	1	-1.44296	6.58822	-1	-1	-1
1	1	-1.29296	6.58822	-1	-1	-1
1	1	-1.14296	6.58822	-1	-1	-1
1	1	-0.992961	6.58822	-1	-1	-1
1	1	-0.842961	6.58822	-1	-1	-1
1	1	-0.692961	6.58822	-1	-1	-1
1	1	-0.542961	6.58822	-1	-1	-1
1	1	-0.392961	6.58822	-1	-1	-1
1	1	-0.242961	6.58822	-1	-1	-1
1	1	-0.0929606	6.58822	-1	-1	-1
1	1	0.0570394	6.58822	-1	-1	-1
1	1	0.207039	6.58822	-1	-1	-1
1	1	0.357039	6.58822	-1	-1	-1
1	1	-1.89296	6.73822	-1	-1	-1
1	1	-1.74296	6.73822	-1	-1	-1
1	1	-1.59296	6.73822	-1	-1	-1
1	1	-1.44296	6.73822	-1	-1	-1
1	1	-1.29296	6.73822	-1	-1	-1
1	1	-1.14296	6.73822	-1	-1	-1
1	1	-0.992961	6.73822	-1	-1	-1
1	1	-0.842961	6.73822	-1	-1	-1
1	1	-0.692961	6.73822	-1	-1	-1
1	1	-0.542961	6.73822	-1	-1	-1
1	1	-0.392961	6.73822	-1	-1	-1
1	1	-0.242961	6.73822	-1	-1	-1
1	1	-0.0929606	6.73822	-1	-1	-1
1	1	0.0570394	6.73822	-1	-1	-1
1	1	0.207039	6.73822	-1	-1	-1
1	1	0.357039	6.73822	-1	-1	-1
1	1	-1.89296	6.88822	-1	-1	-1
1	1	-1.74296	6.88822	-1	-1	-1
1	1	-1.59296	6.88822	-1	-1	-1
1	1	-1.44296	6.88822	-1	-1	-1
1	1	-1.29296	6.88822	-1	-1	-1
1	1	-1.14296	6.88822	-1	-1	-1
1	1	-0.992961	6.88822	-1	-1	-1
1	1	-0.842961	6.88822	-1	-1	-1
1	1	-0.692961	6.88822	-1	-1	-1
1	1	-0.542961	6.88822	-1	-1	-1
1	1	-0.392961	6.88822	-1	-1	-1
1	1	-0.242961	6.88822	-1	-1	-1
1	1	-0.0929606	6.88822	-1	-1	-1
1	1	0.0570394	6.88822	-1	-1	-1
1	1	0.207039	6.88822	-1	-1	-1
1	1	0.357039	6.88822	-1	-1	-1
1	1	-1.89296	7.03822	-1	-1	-1
1	1	-1.74296	7.03822	-1	-1	-1
1	1	-1.59296	7.03822	-1	-1	-1
1	1	-1.44296	7.03822	-1	-1	-1
1	1	-1.29296	7.03822	-1	-1	-1
1	1	-1.14296	7.03822	-1	-1	-1
1	1	-0.992961	7.03822	-1	-1	-1
1	1	-0.842961	7.03822	-1	-1	-1
1	1	-0.692961	7.03822	-1	-1	-1
1	1	-0.542961	7.03822	-1	-1	-1
1	1	-0.392961	7.03822	-1	-1	-1
1	1	-0.242961	7.03822	-1	-1	-1
1	1	-0.0929606	7.03822	-1	-1	-1
1	1	0.0570394	7.03822	-1	-1	-1
1	1	0.207039	7.03822	-1	-1	-1
1	1	0.357039	7.03822	-1	-1	-1
1	1	-1.89296	7.18822	-1	-1	-1
1	1	-1.74296	7.18822	-1	-1	-1
1	1	-1.59296	7.18822	-1	-1	-1
1	1	-1.44296	7.18822	-1	-1	-1
1	1	-1.29296	7.18822	-1	-1	-1
1	1	-1.14296	7.18822	-1	-1	-1
1	1	-0.992961	7.18822	-1	-1	-1
1	1	-0.842961	7.18822	-1	-1	-1
1	1	-0.692961	7.18822	-1	-1	-1
1	1	-0.542961	7.18822	-1	-1	-1
1	1	-0.392961	7.18822	-1	-1	-1
1	1	-0.242961	7.18822	-1	-1	-1
1	1	-0.0929606	7.18822	-1	-1	-1
1	1	0.0570394	7.18822	-1	-1	-1
1	1	0.207039	7.18822	-1	-1	-1
1	1	0.357039	7.18822	-1	-1	-1
1	1	-1.89296	7.33822	-1	-1	-1
1	1	-1.74296	7.33822	-1	-1	-1
1	1	-1.59296	7.33822	-1	-1	-1
1	1	-1.44296	7.33822	-1	-1	-1
1	1	-1.29296	7.33822	-1	-1	-1
1	1	-1.14296	7.33822	-1	-1	-1
1	1	-0.992961	7.33822	-1	-1	-1
1	1	-0.842961	7.33822	-1	-1	-1
1	1	-0.692961	7.33822	-1	-1	-1
1	1	-0.542961	7.33822	-1	-1	-1
1	1	-0.392961	7.33822	-1	-1	-1
1	1	-0.242961	7.33822	-1	-1	-1
1	1	-0.0929606	7.33822	-1	-1	-1
1	1	0.0570394	7.33822	-1	-1	-1
1	1	0.207039	7.33822	-1	-1	-1
1	1	0.357039	7.33822	-1	-1	-1
1	1	-1.89296	7.48822	-1	-1	-1
1	1	-1.74296	7.48822	-1	-1	-1
1	1	-1.59296	7.48822	-1	-1	-1
1	1	-1.44296	7.48822	-1	-1	-1
1	1	-1.29296	7.48822	-1	-1	-1
1	1	-1.14296	7.48822	-1	-1	-1
1	1	-0.992961	7.48822	-1	-1	-1
1	1	-0.842961	7.48822	-1	-1	-1
1	1	-0.692961	7.48822	-1	-1	-1
1	1	-0.542961	7.48822	-1	-1	-1
1	1	-0.392961	7.48822	-1	-1	-1
1	1	-0.242961	7.48822	-1	-1	-1
1	1	-0.0929606	7.48822	-1	-1	-1
1	1	0.0570394	7.48822	-1	-1	-1
1	1	0.207039	7.48822	-1	-1	-1
1	1	0.357039	7.48822	-1	-1	-1
2	4	6.07105	6.41818	316	452.719	-1
2	4	6.22105	6.41818	-1	-1	-1
2	4	6.37105	6.41818	-1	-1	-1
2	4	6.52105	6.41818	-1	-1	-1
2	4	6.67105	6.41818	-1	-1	-1
2	4	6.82105	6.41818	-1	-1	-1
2	4	6.97105	6.41818	-1	-1	-1
2	4	7.12105	6.41818	-1	-1	-1
2	4	6.07105	6.56818	849	915.438	-1
2	4	6.22105	6.56818	-1	-1	-1
2	4	6.37105	6.56818	-1	-1	-1
2	4	6.52105	6.56818	-1	-1	-1
2	4	6.67105	6.56818	-1	-1	-1
2	4	6.82105	6.56818	-1	-1	-1
2	4	6.97105	6.56818	-1	-1	-1
2	4	7.12105	6.56818	-1	-1	-1
2	4	6.07105	6.71818	-1	-1	-1
2	4	6.22105	6.71818	-1	-1	-1
2	4	6.37105	6.71818	-1	-1	-1
2	4	6.52105	6.71818	-1	-1	-1
2	4	6.67105	6.71818	-1	-1	-1
2	4	6.82105	6.71818	-1	-1	-1
2	4	6.97105	6.71818	-1	-1	-1
2	4	7.12105	6.71818	-1	-1	-1
2	4	6.07105	6.86818	-1	-1	-1
2	4	6.22105	6.86818	-1	-1	-1
2	4	6.37105	6.86818	-1	-1	-1
2	4	6.52105	6.86818	-1	-1	-1
2	4	6.67105	6.86818	-1	-1	-1
2	4	6.82105	6.86818	-1	-1	-1
2	4	6.97105	6.86818	-1	-1	-1
2	4	7.12105	6.86818	-1	-1	-1
2	4	6.07105	7.01818	-1	-1	-1
2	4	6.22105	7.01818	-1	-1	-1
2	4	6.37105	7.01818	-1	-1	-1
2	4	6.52105	7.01818	-1	-1	-1
2	4	6.67105	7.01818	-1	-1	-1
2	4	6.82105	7.01818	-1	-1	-1
2	4	6.97105	7.01818	-1	-1	-1
2	4	7.12105	7.01818	-1	-1	-1
2	4	6.07105	7.16818	-1	-1	-1
2	4	6.22105	7.16818	-1	-1	-1
2	4	6.37105	7.16818	-1	-1	-1
2	4	6.52105	7.16818	-1	-1	-1
2	4	6.67105	7.16818	-1	-1	-1
2	4	6.82105	7.16818	-1	-1	-1
2	4	6.97105	7.16818	-1	-1	-1
2	4	7.12105	7.16818	-1	-1	-1
2	4	6.07105	7.31818	602	670.25	-1
2	4	6.22105	7.31818	-1	-1	-1
2	4	6.37105	7.31818	-1	-1	-1
2	4	6.52105	7.31818	-1	-1	-1
2	4	6.67105	7.31818	-1	-1	-1
2	4	6.82105	7.31818	-1	-1	-1
2	4	6.97105	7.31818	-1	-1	-1
2	4	7.12105	7.31818	-1	-1	-1
2	4	6.07105	7.46818	-1	-1	-1
2	4	6.22105	7.46818	-1	-1	-1
2	4	6.37105	7.46818	-1	-1	-1
2	4	6.52105	7.46818	-1	-1	-1
2	4	6.67105	7.46818	-1	-1	-1
2	4	6.82105	7.46818	-1	-1	-1
2	4	6.97105	7.46818	-1	-1	-1
2	4	7.12105	7.46818	-1	-1	-1
3	4	-1.56928	-9.39279	-1	-1	-1
3	4	-1.41928	-9.39279	-1	-1	-1
3	4	-1.26928	-9.39279	-1	-1	-1
3	4	-1.11928	-9.39279	-1	-1	-1
3	4	-0.969278	-9.39279	-1	-1	-1
3	4	-0.819278	-9.39279	-1	-1	-1
3	4	-0.669278	-9.39279	-1	-1	-1
3	4	-0.519278	-9.39279	-1	-1	-1
3	4	-1.56928	-9.24279	-1	-1	-1
3	4	-1.41928	-9.24279	-1	-1	-1
3	4	-1.26928	-9.24279	-1	-1	-1
3	4	-1.11928	-9.24279	-1	-1	-1
3	4	-0.969278	-9.24279	-1	-1	-1
3	4	-0.819278	-9.24279	-1	-1	-1
3	4	-0.669278	-9.24279	-1	-1	-1
3	4	-0.519278	-9.24279	-1	-1	-1
3	4	-1.56928	-9.09279	-1	-1	-1
3	4	-1.41928	-9.09279	-1	-1	-1
3	4	-1.26928	-9.09279	-1	-1	-1
3	4	-1.11928	-9.09279	-1	-1	-1
3	4	-0.969278	-9.09279	-1	-1	-1
3	4	-0.819278	-9.09279	-1	-1	-1
3	4	-0.669278	-9.09279	-1	-1	-1
3	4	-0.519278	-9.09279	-1	-1	-1
3	4	-1.56928	-8.94279	-1	-1	-1
3	4	-1.41928	-8.94279	-1	-1	-1
3	4	-1.26928	-8.94279	-1	-1	-1
3	4	-1.11928	-8.94279	-1	-1	-1
3	4	-0.969278	-8.94279	-1	-1	-1
3	4	-0.819278	-8.94279	-1	-1	-1
3	4	-0.669278	-8.94279	-1	-1	-1
3	4	-0.519278	-8.94279	-1	-1	-1
3	4	-1.56928	-8.79279	-1	-1	-1
3	4	-1.41928	-8.79279	-1	-1	-1
3	4	-1.26928	-8.79279	-1	-1	-1
3	4	-1.11928	-8.79279	-1	-1	-1
3	4	-0.969278	-8.79279	-1	-1	-1
3	4	-0.819278	-8.79279	-1	-1	-1
3	4	-0.669278	-8.79279	-1	-1	-1
3	4	-0.519278	-8.79279	-1	-1	-1
3	4	-1.56928	-8.64279	-1	-1	-1
3	4	-1.41928	-8.64279	-1	-1	-1
3	4	-1.26928	-8.64279	-1	-1	-1
3	4	-1.11928	-8.64279	-1	-1	-1
3	4	-0.969278	-8.64279	-1	-1	-1
3	4	-0.819278	-8.64279	-1	-1	-1
3	4	-0.669278	-8.64279	-1	-1	-1
3	4	-0.519278	-8.64279	-1	-1	-1
3	4	-1.56928	-8.49279	-1	-1	-1
3	4	-1.41928	-8.49279	-1	-1	-1
3	4	-1.26928	-8.49279	-1	-1	-1
3	4	-1.11928	-8.49279	-1	-1	-1
3	4	-0.969278	-8.49279	-1	-1	-1
3	4	-0.819278	-8.49279	-1	-1	-1
3	4	-0.669278	-8.49279	-1	-1	-1
3	4	-0.519278	-8.49279	-1	-1	-1
3	4	-1.56928	-8.34279	-1	-1	-1
3	4	-1.41928	-8.34279	-1	-1	-1
3	4	-1.26928	-8.34279	-1	-1	-1
3	4	-1.11928	-8.34279	-1	-1	-1
3	4	-0.969278	-8.34279	-1	-1	-1
3	4	-0.819278	-8.34279	5385	-1	-1
3	4	-0.669278	-8.34279	-1	-1	-1
3	4	-0.519278	-8.34279	4973	5035.47	-1
4	4	0.615521	7.17036	-1	-1	-1
4	4	0.765521	7.17036	-1	-1	-1
4	4	0.915521	7.17036	4239	4295.22	-1
4	4	1.06552	7.17036	4089	4149.19	-1
4	4	1.21552	7.17036	3895	3947.34	-1
4	4	1.36552	7.17036	3755	3846.5	-1
4	4	1.51552	7.17036	-1	-1	-1
4	4	1.66552	7.17036	-1	-1	-1
4	4	0.615521	7.32036	-1	-1	-1
4	4	0.765521	7.32036	-1	-1	-1
4	4	0.915521	7.32036	-1	-1	-1
4	4	1.06552	7.32036	-1	-1	-1
4	4	1.21552	7.32036	4204	4265.19	-1
4	4	1.36552	7.32036	-1	-1	-1
4	4	1.51552	7.32036	-1	-1	-1
4	4	1.66552	7.32036	-1	-1	-1
4	4	0.615521	7.47036	-1	-1	-1
4	4	0.765521	7.47036	-1	-1	-1
4	4	0.915521	7.47036	-1	-1	-1
4	4	1.06552	7.47036	-1	-1	-1
4	4	1.21552	7.47036	-1	-1	-1
4	4	1.36552	7.47036	-1	-1	-1
4	4	1.51552	7.47036	-1	-1	-1
4	4	1.66552	7.47036	-1	-1	-1
4	4	0.615521	7.62036	-1	-1	-1
4	4	0.765521	7.62036	-1	-1	-1
4	4	0.915521	7.62036	-1	-1	-1
4	4	1.06552	7.62036	-1	-1	-1
4	4	1.21552	7.62036	-1	-1	-1
4	4	1.36552	7.62036	-1	-1	-1
4	4	1.51552	7.62036	-1	-1	-1
4	4	1.66552	7.62036	-1	-1	-1
4	4	0.615521	7.77036	-1	-1	-1
4	4	0.765521	7.77036	-1	-1	-1
4	4	0.915521	7.77036	-1	-1	-1
4	4	1.06552	7.77036	-1	-1	-1
4	4	1.21552	7.77036	-1	-1	-1
4	4	1.36552	7.77036	-1	-1	-1
4	4	1.51552	7.77036	-1	-1	-1
4	4	1.66552	7.77036	-1	-1	-1
4	4	0.615521	7.92036	-1	-1	-1
4	4	0.765521	7.92036	-1	-1	-1
4	4	0.915521	7.92036	-1	-1	-1
4	4	1.06552	7.92036	-1	-1	-1
4	4	1.21552	7.92036	-1	-1	-1
4	4	1.36552	7.92036	-1	-1	-1
4	4	1.51552	7.92036	-1	-1	-1
4	4	1.66552	7.92036	-1	-1	-1
4	4	0.615521	8.07036	-1	-1	-1
4	4	0.765521	8.07036	-1	-1	-1
4	4	0.915521	8.07036	-1	-1	-1
4	4	1.06552	8.07036	-1	-1	-1
4	4	1.21552	8.07036	-1	-1	-1
4	4	1.36552	8.07036	-1	-1	-1
4	4	1.51552	8.07036	-1	-1	-1
4	4	1.66552	8.07036	-1	-1	-1
4	4	0.615521	8.22036	-1	-1	-1
4	4	0.765521	8.22036	-1	-1	-1
4	4	0.915521	8.22036	-1	-1	-1
4	4	1.06552	8.22036	-1	-1	-1
4	4	1.21552	8.22036	-1	-1	-1
4	4	1.36552	8.22036	-1	-1	-1
4	4	1.51552	8.22036	-1	-1	-1
4	4	1.66552	8.22036	-1	-1	-1
5	4	-5.3849	2.77411	-1	-1	-1
5	4	-5.2349	2.77411	4306	4419.38	-1
5	4	-5.0849	2.77411	4475	4540.97	-1
5	4	-4.9349	2.77411	-1	-1	-1
5	4	-4.7849	2.77411	124	248.656	-1
5	4	-4.6349	2.77411	-1	-1	-1
5	4	-4.4849	2.77411	-1	-1	-1
5	4	-4.3349	2.77411	-1	-1	-1
5	4	-5.3849	2.92411	-1	-1	-1
5	4	-5.2349	2.92411	-1	-1	-1
5	4	-5.0849	2.92411	-1	-1	-1
5	4	-4.9349	2.92411	-1	-1	-1
5	4	-4.7849	2.92411	-1	-1	-1
5	4	-4.6349	2.92411	-1	-1	-1
5	4	-4.4849	2.92411	-1	-1	-1
5	4	-4.3349	2.92411	-1	-1	-1
5	4	-5.3849	3.07411	-1	-1	-1
5	4	-5.2349	3.07411	-1	-1	-1
5	4	-5.0849	3.07411	-1	-1	-1
5	4	-4.9349	3.07411	-1	-1	-1
5	4	-4.7849	3.07411	-1	-1	-1
5	4	-4.6349	3.07411	-1	-1	-1
5	4	-4.4849	3.07411	-1	-1	-1
5	4	-4.3349	3.07411	-1	-1	-1
5	4	-5.3849	3.22411	-1	-1	-1
5	4	-5.2349	3.22411	-1	-1	-1
5	4	-5.0849	3.22411	-1	-1	-1
5	4	-4.9349	3.22411	-1	-1	-1
5	4	-4.7849	3.22411	-1	-1	-1
5	4	-4.6349	3.22411	-1	-1	-1
5	4	-4.4849	3.22411	-1	-1	-1
5	4	-4.3349	3.22411	4896	4949.28	-1
5	4	-5.3849	3.37411	-1	-1	-1
5	4	-5.2349	3.37411	-1	-1	-1
5	4	-5.0849	3.37411	-1	-1	-1
5	4	-4.9349	3.37411	-1	-1	-1
5	4	-4.7849	3.37411	-1	-1	-1
5	4	-4.6349	3.37411	-1	-1	-1
5	4	-4.4849	3.37411	-1	-1	-1
5	4	-4.3349	3.37411	4764	4809.25	-1
5	4	-5.3849	3.52411	-1	-1	-1
5	4	-5.2349	3.52411	-1	-1	-1
5	4	-5.0849	3.52411	-1	-1	-1
5	4	-4.9349	3.52411	-1	-1	-1
5	4	-4.7849	3.52411	-1	-1	-1
5	4	-4.6349	3.52411	-1	-1	-1
5	4	-4.4849	3.52411	4914	4959.78	-1
5	4	-4.3349	3.52411	4874	4925.19	-1
5	4	-5.3849	3.67411	-1	-1	-1
5	4	-5.2349	3.67411	-1	-1	-1
5	4	-5.0849	3.67411	-1	-1	-1
5	4	-4.9349	3.67411	-1	-1	-1
5	4	-4.7849	3.67411	-1	-1	-1
5	4	-4.6349	3.67411	-1	-1	-1
5	4	-4.4849	3.67411	-1	-1	-1
5	4	-4.3349	3.67411	5124	5168.34	-1
5	4	-5.3849	3.82411	-1	-1	-1
5	4	-5.2349	3.82411	-1	-1	-1
5	4	-5.0849	3.82411	-1	-1	-1
5	4	-4.9349	3.82411	-1	-1	-1
5	4	-4.7849	3.82411	-1	-1	-1
5	4	-4.6349	3.82411	-1	-1	-1
5	4	-4.4849	3.82411	-1	-1	-1
5	4	-4.3349	3.82411	-1	-1	-1
6	16	-0.954855	-2.96097	-1	-1	-1
6	16	-0.804855	-2.96097	-1	-1	-1
6	16	-0.654855	-2.96097	920	1056.5	-1
6	16	-0.504855	-2.96097	2167	2204.41	-1
6	16	-0.954855	-2.81097	3153	3180.12	-1
6	16	-0.804855	-2.81097	3030	3098.84	-1
6	16	-0.654855	-2.81097	1866	1997.81	-1
6	16	-0.504855	-2.81097	806	936.125	-1
6	16	-0.954855	-2.66097	1116	1247.16	-1
6	16	-0.804855	-2.66097	706	831.938	-1
6	16	-0.654855	-2.66097	182	210.75	-1
6	16	-0.504855	-2.66097	101	130.094	-1
6	16	-0.954855	-2.51097	1269	1293.25	-1
6	16	-0.804855	-2.51097	351	476.094	-1
6	16	-0.654855	-2.51097	144	205.875	-1
6	16	-0.504855	-2.51097	29	56.125	-1
7	16	-4.34004	8.50495	-1	-1	-1
7	16	-4.19004	8.50495	-1	-1	-1
7	16	-4.04004	8.50495	-1	-1	-1
7	16	-3.89004	8.50495	-1	-1	-1
7	16	-4.34004	8.65495	-1	-1	-1
7	16	-4.19004	8.65495	-1	-1	-1
7	16	-4.04004	8.65495	-1	-1	-1
7	16	-3.89004	8.65495	-1	-1	-1
7	16	-4.34004	8.80495	-1	-1	-1
7	16	-4.19004	8.80495	-1	-1	-1
7	16	-4.04004	8.80495	-1	-1	-1
7	16	-3.89004	8.80495	-1	-1	-1
7	16	-4.34004	8.95495	-1	-1	-1
7	16	-4.19004	8.95495	-1	-1	-1
7	16	-4.04004	8.95495	-1	-1	-1
7	16	-3.89004	8.95495	-1	-1	-1
8	16	-2.32589	3.83955	-1	-1	-1
8	16	-2.17589	3.83955	-1	-1	-1
8	16	-2.02589	3.83955	4929	5059.69	-1
8	16	-1.87589	3.83955	1235	1354.66	-1
8	16	-2.32589	3.98955	-1	-1	-1
8	16	-2.17589	3.98955	-1	-1	-1
8	16	-2.02589	3.98955	5220	5341	-1
8	16	-1.87589	3.98955	3074	3109.69	-1
8	16	-2.32589	4.13955	-1	-1	-1
8	16	-2.17589	4.13955	-1	-1	-1
8	16	-2.02589	4.13955	5361	5398.28	-1
8	16	-1.87589	4.13955	2860	2985.69	-1
8	16	-2.32589	4.28955	-1	-1	-1
8	16	-2.17589	4.28955	-1	-1	-1
8	16	-2.02589	4.28955	-1	-1	-1
8	16	-1.87589	4.28955	-1	-1	-1
9	16	-9.13695	3.50389	-1	-1	-1
9	16	-8.98695	3.50389	-1	-1	-1
9	16	-8.83695	3.50389	-1	-1	-1
9	16	-8.68695	3.50389	-1	-1	-1
9	16	-9.13695	3.65389	4669	4741.72	-1
9	16	-8.98695	3.65389	-1	-1	-1
9	16	-8.83695	3.65389	-1	-1	-1
9	16	-8.68695	3.65389	-1	-1	-1
9	16	-9.13695	3.80389	4816	4885.09	-1
9	16	-8.98695	3.80389	-1	-1	-1
9	16	-8.83695	3.80389	-1	-1	-1
9	16	-8.68695	3.80389	-1	-1	-1
9	16	-9.13695	3.95389	-1	-1	-1
9	16	-8.98695	3.95389	-1	-1	-1
9	16	-8.83695	3.95389	-1	-1	-1
9	16	-8.68695	3.95389	-1	-1	-1
10	16	0.932119	3.15611	1186	1314.97	-1
10	16	1.08212	3.15611	889	1023.69	-1
10	16	1.23212	3.15611	1050	1080.75	-1
10	16	1.38212	3.15611	2640	2697.22	-1
10	16	0.932119	3.30611	4019	4048.12	-1
10	16	1.08212	3.30611	1122	1168.16	-1
10	16	1.23212	3.30611	1193	1228.09	-1
10	16	1.38212	3.30611	1301	1333.56	-1
10	16	0.932119	3.45611	2116	2146.41	-1
10	16	1.08212	3.45611	2607	2657.31	-1
10	16	1.23212	3.45611	2431	2562.28	-1
10	16	1.38212	3.45611	-1	-1	-1
10	16	0.932119	3.60611	2184	2228.16	-1
10	16	1.08212	3.60611	2736	2770.47	-1
10	16	1.23212	3.60611	3404	3515.53	-1
10	16	1.38212	3.60611	-1	-1	-1
11	16	-6.54616	-2.60843	-1	-1	-1
11	16	-6.39616	-2.60843	-1	-1	-1
11	16	-6.24616	-2.60843	-1	-1	-1
11	16	-6.09616	-2.60843	3346	3407.97	-1
11	16	-6.54616	-2.45843	-1	-1	-1
11	16	-6.39616	-2.45843	-1	-1	-1
11	16	-6.24616	-2.45843	3433	3510.69	-1
11	16	-6.09616	-2.45843	3147	3243.53	-1
11	16	-6.54616	-2.30843	-1	-1	-1
11	16	-6.39616	-2.30843	-1	-1	-1
11	16	-6.24616	-2.30843	3556	3605	-1
11	16	-6.09616	-2.30843	3288	3349.88	-1
11	16	-6.54616	-2.15843	-1	-1	-1
11	16	-6.39616	-2.15843	-1	-1	-1
11	16	-6.24616	-2.15843	3705	3754.03	-1
11	16	-6.09616	-2.15843	3326	3416.41	-1
12	16	-4.84678	7.13734	-1	-1	-1
12	16	-4.69678	7.13734	-1	-1	-1
12	16	-4.54678	7.13734	-1	-1	-1
12	16	-4.39678	7.13734	-1	-1	-1
12	16	-4.84678	7.28734	-1	-1	-1
12	16	-4.69678	7.28734	-1	-1	-1
12	16	-4.54678	7.28734	-1	-1	-1
12	16	-4.39678	7.28734	-1	-1	-1
12	16	-4.84678	7.43734	-1	-1	-1
12	16	-4.69678	7.43734	-1	-1	-1
12	16	-4.54678	7.43734	-1	-1	-1
12	16	-4.39678	7.43734	-1	-1	-1
12	16	-4.84678	7.58734	-1	-1	-1
12	16	-4.69678	7.58734	-1	-1	-1
12	16	-4.54678	7.58734	-1	-1	-1
12	16	-4.39678	7.58734	-1	-1	-1
13	16	4.39369	-2.79084	-1	-1	-1
13	16	4.54369	-2.79084	3832	3895.25	-1
13	16	4.69369	-2.79084	3717	3767.16	-1
13	16	4.84369	-2.79084	-1	-1	-1
13	16	4.39369	-2.64084	-1	-1	-1
13	16	4.54369	-2.64084	-1	-1	-1
13	16	4.69369	-2.64084	-1	-1	-1
13	16	4.84369	-2.64084	-1	-1	-1
13	16	4.39369	-2.49084	-1	-1	-1
13	16	4.54369	-2.49084	-1	-1	-1
13	16	4.69369	-2.49084	-1	-1	-1
13	16	4.84369	-2.49084	-1	-1	-1
13	16	4.39369	-2.34084	-1	-1	-1
13	16	4.54369	-2.34084	-1	-1	-1
13	16	4.69369	-2.34084	-1	-1	-1
13	16	4.84369	-2.34084	-1	-1	-1
14	16	-2.22417	2.34248	313	343.938	-1
14	16	-2.07417	2.34248	238	285.531	-1
14	16	-1.92417	2.34248	185	212	-1
14	16	-1.77417	2.34248	234	266.781	-1
14	16	-2.22417	2.49248	4219	4382.97	-1
14	16	-2.07417	2.49248	2319	2479.47	-1
14	16	-1.92417	2.49248	2527	2569.53	-1
14	16	-1.77417	2.49248	460	613.906	-1
14	16	-2.22417	2.64248	4413	4443.19	-1
14	16	-2.07417	2.64248	4469	4500.62	-1
14	16	-1.92417	2.64248	3217	3358.75	-1
14	16	-1.77417	2.64248	652	687.281	-1
14	16	-2.22417	2.79248	-1	-1	-1
14	16	-2.07417	2.79248	-1	-1	-1
14	16	-1.92417	2.79248	-1	-1	-1
14	16	-1.77417	2.79248	2005	2036.69	-1
15	16	-1.51066	-8.11028	-1	-1	-1
15	16	-1.36066	-8.11028	-1	-1	-1
15	16	-1.21066	-8.11028	-1	-1	-1
15	16	-1.06066	-8.11028	-1	-1	-1
15	16	-1.51066	-7.96028	-1	-1	-1
15	16	-1.36066	-7.96028	-1	-1	-1
15	16	-1.21066	-7.96028	-1	-1	-1
15	16	-1.06066	-7.96028	-1	-1	-1
15	16	-1.51066	-7.81028	-1	-1	-1
15	16	-1.36066	-7.81028	-1	-1	-1
15	16	-1.21066	-7.81028	-1	-1	-1
15	16	-1.06066	-7.81028	2758	2831.97	-1
15	16	-1.51066	-7.66028	-1	-1	-1
15	16	-1.36066	-7.66028	-1	-1	-1
15	16	-1.21066	-7.66028	5367	-1	-1
15	16	-1.06066	-7.66028	2596	2697.81	-1
16	16	-5.53945	6.70769	-1	-1	-1
16	16	-5.38945	6.70769	-1	-1	-1
16	16	-5.23945	6.70769	-1	-1	-1
16	16	-5.08945	6.70769	-1	-1	-1
16	16	-5.53945	6.85769	-1	-1	-1
16	16	-5.38945	6.85769	-1	-1	-1
16	16	-5.23945	6.85769	-1	-1	-1
16	16	-5.08945	6.85769	-1	-1	-1
16	16	-5.53945	7.00769	-1	-1	-1
16	16	-5.38945	7.00769	-1	-1	-1
16	16	-5.23945	7.00769	-1	-1	-1
16	16	-5.08945	7.00769	-1	-1	-1
16	16	-5.53945	7.15769	-1	-1	-1
16	16	-5.38945	7.15769	-1	-1	-1
16	16	-5.23945	7.15769	-1	-1	-1
16	16	-5.08945	7.15769	-1	-1	-1
17	16	2.95558	0.88579	2749	2777.69	-1
17	16	3.10558	0.88579	4072	4189.69	-1
17	16	3.25558	0.88579	4605	4673.78	-1
17	16	3.40558	0.88579	4500	4530.19	-1
17	16	2.95558	1.03579	2541	2568.09	-1
17	16	3.10558	1.03579	3217	3251.81	-1
17	16	3.25558	1.03579	-1	-1	-1
17	16	3.40558	1.03579	4570	4608.62	-1
17	16	2.95558	1.18579	2670	2701.22	-1
17	16	3.10558	1.18579	-1	-1	-1
17	16	3.25558	1.18579	-1	-1	-1
17	16	3.40558	1.18579	-1	-1	-1
17	16	2.95558	1.33579	-1	-1	-1
17	16	3.10558	1.33579	-1	-1	-1
17	16	3.25558	1.33579	2655	2691.66	-1
17	16	3.40558	1.33579	-1	-1	-1
18	16	0.0500435	3.20683	33	63.8125	-1
18	16	0.200043	3.20683	88	115.812	-1
18	16	0.350043	3.20683	-1	-1	-1
18	16	0.500043	3.20683	318	346.156	-1
18	16	0.0500435	3.35683	-1	-1	-1
18	16	0.200043	3.35683	-1	-1	-1
18	16	0.350043	3.35683	-1	-1	-1
18	16	0.500043	3.35683	388	504.375	-1
18	16	0.0500435	3.50683	-1	-1	-1
18	16	0.200043	3.50683	-1	-1	-1
18	16	0.350043	3.50683	-1	-1	-1
18	16	0.500043	3.50683	544	574.719	-1
18	16	0.0500435	3.65683	-1	-1	-1
18	16	0.200043	3.65683	-1	-1	-1
18	16	0.350043	3.65683	-1	-1	-1
18	16	0.500043	3.65683	613	643.125	-1
19	16	3.60088	-8.7893	2759	2852.56	-1
19	16	3.75088	-8.7893	3378	3449.56	-1
19	16	3.90088	-8.7893	3134	3204.31	-1
19	16	4.05088	-8.7893	-1	-1	-1
19	16	3.60088	-8.6393	2430	2529.69	-1
19	16	3.75088	-8.6393	2808	2910	-1
19	16	3.90088	-8.6393	2980	3057.25	-1
19	16	4.05088	-8.6393	-1	-1	-1
19	16	3.60088	-8.4893	2600	2672.09	-1
19	16	3.75088	-8.4893	2820	2894.75	-1
19	16	3.90088	-8.4893	-1	-1	-1
19	16	4.05088	-8.4893	-1	-1	-1
19	16	3.60088	-8.3393	-1	-1	-1
19	16	3.75088	-8.3393	-1	-1	-1
19	16	3.90088	-8.3393	-1	-1	-1
19	16	4.05088	-8.3393	-1	-1	-1
20	16	4.37721	-1.8277	1950	2073.25	-1
20	16	4.52721	-1.8277	3365	3484.66	-1
20	16	4.67721	-1.8277	3855	3923.69	-1
20	16	4.82721	-1.8277	4029	4082.78	-1
20	16	4.37721	-1.6777	1004	1122.75	-1
20	16	4.52721	-1.6777	3763	3871.16	-1
20	16	4.67721	-1.6777	3963	4012.47	-1
20	16	4.82721	-1.6777	4129	4172.22	-1
20	16	4.37721	-1.5277	1162	1223.84	-1
20	16	4.52721	-1.5277	1424	1540.97	-1
20	16	4.67721	-1.5277	-1	-1	-1
20	16	4.82721	-1.5277	-1	-1	-1
20	16	4.37721	-1.3777	3963	4010.03	-1
20	16	4.52721	-1.3777	4344	4460.16	-1
20	16	4.67721	-1.3777	80	118.906	-1
20	16	4.82721	-1.3777	3208	3320.62	-1
21	16	-3.29215	2.31616	2944	3091.69	-1
21	16	-3.14215	2.31616	1790	1824.91	-1
21	16	-2.99215	2.31616	928	959.094	-1
21	16	-2.84215	2.31616	626	786.438	-1
21	16	-3.29215	2.46616	-1	-1	-1
21	16	-3.14215	2.46616	2509	2666.66	-1
21	16	-2.99215	2.46616	2363	2401.59	-1
21	16	-2.84215	2.46616	1665	1695.72	-1
21	16	-3.29215	2.61616	-1	-1	-1
21	16	-3.14215	2.61616	-1	-1	-1
21	16	-2.99215	2.61616	-1	-1	-1
21	16	-2.84215	2.61616	1734	1791.78	-1
21	16	-3.29215	2.76616	-1	-1	-1
21	16	-3.14215	2.76616	-1	-1	-1
21	16	-2.99215	2.76616	1742	1781.25	-1
21	16	-2.84215	2.76616	1586	1619.03	-1
0	256	-0.37514	-7.30729	3378	3436.56	-1
0	256	-1.25482	-9.63368	-1	-1	-1
0	256	-6.50723	-7.09682	2367	2499.38	-1
0	256	4.5735	-7.1645	-1	-1	-1
0	256	7.31954	2.28092	-1	-1	-1
0	256	-0.224412	-8.62093	-1	-1	-1
0	256	4.53772	-8.48857	-1	-1	-1
0	256	-4.32109	-8.00646	-1	-1	-1
0	256	2.95885	8.56051	-1	-1	-1
0	256	6.49716	-5.40642	-1	-1	-1
0	256	-2.90784	4.00665	-1	-1	-1
0	256	5.41026	6.83172	-1	-1	-1
0	256	8.54661	1.41359	-1	-1	-1
0	256	-3.44438	4.0503	5286	-1	-1
0	256	-3.69424	-1.65775	1103	1236.28	-1
0	256	-8.25573	-0.983278	-1	-1	-1
0	256	-3.16483	9.19367	-1	-1	-1
0	256	-0.64692	-4.23925	405	439.75	-1
0	256	4.7015	0.490304	399	515.375	-1
0	256	8.324	6.33737	262	356.25	-1
0	256	-4.67137	-1.32024	-1	-1	-1
0	256	2.34939	-4.25008	-1	-1	-1
0	256	1.63364	9.46319	-1	-1	-1
0	256	-6.51686	2.3682	-1	-1	-1
0	256	9.37732	-2.70656	-1	-1	-1
0	256	-2.51348	8.51706	-1	-1	-1
0	256	4.64113	7.85648	-1	-1	-1
0	256	5.83376	2.0146	-1	-1	-1
0	256	-4.00775	-6.84398	-1	-1	-1
0	256	-2.58329	3.80035	-1	-1	-1
0	256	2.39662	9.10033	-1	-1	-1
0	256	8.19544	-4.6461	-1	-1	-1
0	256	2.46955	-3.06677	615	758.219	-1
0	256	-6.86768	6.00174	-1	-1	-1
0	256	-1.68491	9.50659	-1	-1	-1
0	256	-3.94137	5.07526	-1	-1	-1
0	256	-3.80775	5.42329	-1	-1	-1
0	256	-3.88741	5.32245	3084	3213.12	-1
0	256	-8.2261	0.398408	-1	-1	-1
0	256	-6.68992	3.20829	-1	-1	-1
0	256	3.48709	-2.36473	3829	3974.25	-1
0	256	3.16395	-2.0172	1678	1820.09	-1
0	256	-3.96445	-4.46583	428	591.875	-1
0	256	4.01532	8.45512	-1	-1	-1
0	256	-4.62557	2.31005	3602	3649.19	-1
0	256	5.28158	-0.308223	5137	5316.06	-1
0	256	3.72799	1.06676	-1	-1	-1
0	256	6.33348	-0.0167813	-1	-1	-1
0	256	0.329473	-5.58983	-1	-1	-1
0	256	-6.17183	-0.468813	-1	-1	-1
0	256	-4.7118	0.719813	2320	2368.59	-1
0	256	-1.74799	4.51679	192	308.438	-1
0	256	-2.01035	8.34989	-1	-1	-1
0	256	6.8857	-4.3282	-1	-1	-1
0	256	2.07371	2.4583	693	865.531	-1
0	256	3.29246	5.70101	-1	-1	-1
0	256	-8.34204	4.38007	2464	2569.72	-1
0	256	6.61825	5.38678	2528	2646.5	-1
0	256	1.90158	-9.30733	3559	3651.59	-1
0	256	-4.3773	-8.18214	-1	-1	-1
0	256	-7.73605	-2.39453	2291	2348.06	-1
0	256	3.02079	-9.42057	-1	-1	-1
0	256	3.95882	-1.02258	572	681.938	-1
0	256	-1.05876	4.63227	976	1096.03	-1
0	256	-3.01129	-6.14592	-1	-1	-1
0	256	9.38082	-1.79472	-1	-1	-1
0	256	1.773	-3.73339	43	75.7812	-1
0	256	-2.26357	4.7631	-1	-1	-1
0	256	-3.0612	-4.08072	3055	3211.75	-1
0	256	-2.85552	4.92556	-1	-1	-1
0	256	3.99655	-2.34091	2893	3021.34	-1
0	256	5.95516	-7.00881	-1	-1	-1
0	256	9.57019	1.78943	-1	-1	-1
0	256	-3.61179	3.67435	608	654.906	-1
0	256	-0.329072	-5.60524	-1	-1	-1
0	256	3.94912	0.910599	53	87.4062	-1
0	256	4.96809	5.67486	-1	-1	-1
0	256	6.81671	4.49695	-1	-1	-1
0	256	3.50483	-7.50683	-1	-1	-1
0	256	-2.80744	3.21906	-1	-1	-1
0	256	-1.86737	-7.98103	-1	-1	-1
0	256	3.6243	5.66793	5256	5306.91	-1
0	256	4.09767	4.7879	2132	2265.84	-1
0	256	4.26847	-5.5778	-1	-1	-1
0	256	3.82705	-2.19795	69	104.438	-1
0	256	-0.655154	-9.66532	-1	-1	-1
0	256	-0.758707	4.5874	42	83.4688	-1
0	256	-2.9407	6.65869	-1	-1	-1
0	256	1.78435	-3.57583	121	157.969	-1
0	256	0.489156	7.04695	-1	-1	-1
0	256	1.96022	7.31915	-1	-1	-1
0	256	-2.71647	-8.67252	-1	-1	-1
0	256	3.19283	1.90432	49	79.5	-1
0	256	3.16605	4.75065	514	655.938	-1
0	256	4.93477	7.68599	-1	-1	-1
0	256	-3.11886	-5.44348	-1	-1	-1
0	256	2.69101	-1.36349	1536	1566.41	-1
0	256	7.53893	-3.57074	-1	-1	-1
0	256	0.489831	-4.54999	-1	-1	-1
0	256	6.7425	-5.98131	-1	-1	-1
0	256	6.89284	2.29607	-1	-1	-1
0	256	2.19119	8.53392	-1	-1	-1
0	256	4.5184	-3.24017	3884	3985.44	-1
0	256	-2.81398	2.99286	-1	-1	-1
0	256	8.10777	3.77648	3584	3653.78	-1
0	256	2.13748	-9.50305	1419	1509.47	-1
0	256	9.45558	-4.49703	-1	-1	-1
0	256	0.0431889	-7.09508	4195	4296.03	-1
0	256	2.41728	8.51739	-1	-1	-1
0	256	0.518689	-8.07332	-1	-1	-1
0	256	4.6373	-6.67769	-1	-1	-1
0	256	-0.195695	-7.42705	-1	-1	-1
0	256	5.28805	-8.12371	-1	-1	-1
0	256	2.58426	5.82794	-1	-1	-1
0	256	-7.96031	4.14074	-1	-1	-1
0	256	3.76651	-1.83056	1098	1134.62	-1
0	256	9.5629	-1.37363	-1	-1	-1
0	256	7.69174	6.34826	3471	3572.62	-1
0	256	4.36937	-6.52775	-1	-1	-1
0	256	-6.00533	3.53593	-1	-1	-1
0	256	6.80634	3.61587	-1	-1	-1
0	256	-2.41731	2.1615	712	739.844	-1
0	256	-8.40873	9.3577	-1	-1	-1
0	256	8.35745	2.57683	-1	-1	-1
0	256	5.78442	-2.16575	-1	-1	-1
0	256	4.39623	-7.88814	-1	-1	-1
0	256	-0.256879	-8.99649	1501	1577	-1
0	256	1.57059	6.50044	536	645.469	-1
0	256	2.61631	-4.72053	-1	-1	-1
0	256	-1.53565	-3.22187	2620	2759.03	-1
0	256	5.45997	7.69781	-1	-1	-1
0	256	2.96916	5.69126	4703	4821.78	-1
0	256	3.26564	5.52214	-1	-1	-1
0	256	3.19582	-0.379297	1855	1886	-1
0	256	4.84047	-4.78208	1061	1204.03	-1
0	256	-2.52314	6.77984	-1	-1	-1
0	256	6.87732	-2.0032	-1	-1	-1
0	256	6.39072	-4.9271	4727	4849.78	-1
0	256	-6.28877	7.55181	3937	4015.12	-1
0	256	-5.74187	-1.50113	-1	-1	-1
0	256	5.55998	3.39803	2272	2391.12	-1
0	256	-1.80888	-4.29625	3003	3041.66	-1
0	256	8.72162	-0.978806	-1	-1	-1
0	256	-3.41788	0.65829	493	521.406	-1
0	256	6.29258	-1.98303	-1	-1	-1
0	256	-6.7806	1.9396	-1	-1	-1
0	256	3.42838	-2.94735	1399	1549.31	-1
0	256	0.168685	-4.47976	3134	3169.66	-1
0	256	4.37151	3.90505	4426	4483	-1
0	256	1.76498	-4.55206	369	492.531	-1
0	256	-5.65987	2.79271	-1	-1	-1
0	256	-2.59586	8.05371	4415	4487.12	-1
0	256	5.5735	-6.73323	4908	5028.66	-1
0	256	0.899037	4.846	-1	-1	-1
0	256	7.34324	-1.60317	875	970.906	-1
0	256	-0.880798	-3.98635	2963	3091.38	-1
0	256	-9.76816	1.64154	2934	3008.66	-1
0	256	7.41469	2.8367	-1	-1	-1
0	256	-1.20145	3.80811	4001	4126.84	-1
0	256	-2.19984	2.14429	357	388.562	-1
0	256	6.35207	-7.33993	-1	-1	-1
0	256	0.782065	-9.66068	2111	2186.16	-1
0	256	-3.57465	2.48389	-1	-1	-1
0	256	-6.16829	-1.41209	3163	3267.81	-1
0	256	8.05352	3.51818	4304	4366.62	-1
0	256	6.83464	-1.20577	2953	3005.5	-1
0	256	-1.82781	7.88139	-1	-1	-1
0	256	-6.82456	-1.91853	-1	-1	-1
0	256	-0.980706	4.90081	-1	-1	-1
0	256	-5.57953	-2.39161	-1	-1	-1
0	256	4.21589	5.65004	4055	4194.56	-1
0	256	-2.64583	-7.30354	-1	-1	-1
0	256	7.14271	5.99318	-1	-1	-1
0	256	8.27768	5.31226	-1	-1	-1
0	256	-4.93612	5.3052	4272	4414.41	-1
0	256	-5.48303	-1.21708	932	1038.59	-1
0	256	0.431103	-8.75167	-1	-1	-1
0	256	-3.38716	7.33647	-1	-1	-1
0	256	3.7627	-6.13862	4534	4655	-1
0	256	5.16135	8.42936	-1	-1	-1
0	256	-2.9562	1.51674	1109	1259.94	-1
0	256	-2.78589	-4.52077	551	671.438	-1
0	256	7.29072	-0.593804	4695	4791.62	-1
0	256	0.167077	-9.80121	-1	-1	-1
0	256	2.06429	8.15408	-1	-1	-1
0	256	-5.21423	-1.58771	-1	-1	-1
0	256	-4.83829	-6.32571	5071	5202.69	-1
0	256	7.73021	2.39157	-1	-1	-1
0	256	-5.85623	-6.70667	-1	-1	-1
0	256	-6.30604	-3.04925	703	799.906	-1
0	256	6.69709	-1.07038	-1	-1	-1
0	256	-0.294698	9.56842	-1	-1	-1
0	256	5.68244	-2.17851	-1	-1	-1
0	256	-8.55913	2.56056	2314	2406.78	-1
0	256	-7.21304	5.18395	-1	-1	-1
0	256	-7.25385	0.0796739	-1	-1	-1
0	256	-0.768411	9.24337	-1	-1	-1
0	256	-3.26283	-4.27629	2232	2277.19	-1
0	256	5.92281	4.00158	1010	1126.94	-1
0	256	-7.13269	-5.27807	861	964.688	-1
0	256	-0.0388049	-3.91959	2715	2746.97	-1
0	256	5.58798	7.50176	-1	-1	-1
0	256	0.0701195	-4.42674	2794	2915.28	-1
0	256	-3.34492	8.30407	-1	-1	-1
0	256	1.41377	8.9843	-1	-1	-1
0	256	4.48421	-8.8096	-1	-1	-1
0	256	-7.70621	-4.9119	4079	4178.22	-1
0	256	8.1398	-5.07755	-1	-1	-1
0	256	8.2549	2.88465	-1	-1	-1
0	256	5.31232	0.1166	-1	-1	-1
0	256	5.07106	-2.88411	-1	-1	-1
0	256	-8.47	-4.95679	-1	-1	-1
0	256	1.87933	9.03775	-1	-1	-1
0	256	2.10872	3.3264	-1	-1	-1
0	256	-3.53779	-4.49637	692	824.5	-1
0	256	9.39384	0.124483	-1	-1	-1
0	256	5.97408	5.36349	-1	-1	-1
0	256	-3.6205	-8.72461	-1	-1	-1
0	256	-8.36179	4.00346	2439	2504.12	-1
0	256	2.23824	8.41363	-1	-1	-1
0	256	3.57133	-9.32185	5094	5189.69	-1
0	256	-3.5515	2.70291	-1	-1	-1
0	256	9.09697	-0.859729	-1	-1	-1
0	256	5.79907	-5.23078	-1	-1	-1
0	256	-3.0446	-5.01858	1725	1841.25	-1
0	256	2.93058	-4.73385	209	342.875	-1
0	256	3.29798	-5.38614	-1	-1	-1
0	256	9.44894	-1.51951	-1	-1	-1
0	256	9.10676	2.9709	-1	-1	-1
0	256	-5.29883	5.96735	-1	-1	-1
0	256	-5.38345	5.49032	-1	-1	-1
0	256	4.71759	-7.50184	-1	-1	-1
0	256	-8.25572	-1.67262	5037	5126.56	-1
0	256	-5.5407	-1.30522	1727	1844.03	-1
0	256	1.49995	0.513457	118	257.188	-1
0	256	7.2219	1.92863	-1	-1	-1
0	256	-5.76372	-7.78906	-1	-1	-1
0	256	-0.438247	4.99554	1587	1653.25	-1
0	256	-7.14803	-2.99582	1969	2027.12	-1
0	256	2.40673	-7.49097	-1	-1	-1
0	256	7.64917	-2.01548	4627	4722.09	-1
0	256	7.52053	-4.55118	-1	-1	-1
0	256	6.88236	-3.80227	-1	-1	-1
0	256	4.98302	2.47896	-1	-1	-1
0	256	7.98569	5.07145	3383	3484.47	-1
0	256	5.23597	-3.10705	2209	2255.12	-1
0	256	6.80591	0.241506	2056	2163.28	-1
0	256	-8.58456	-4.96499	-1	-1	-1
0	256	0.704398	-3.59812	2001	2126.25	-1
0	256	-2.83298	8.89297	-1	-1	-1
0	256	-4.98812	4.44963	-1	-1	-1
0	256	7.3747	3.64012	-1	-1	-1
0	256	-7.24758	2.74468	-1	-1	-1
0	256	4.9104	-5.82342	4731	4857.97	-1
0	256	-9.73436	-1.99739	-1	-1	-1
0	256	-4.07624	4.19482	-1	-1	-1
