Pile ID	Distribution Type	X-Position	Y-Position	Pickup Time	Drop Off Time	Ant ID
1	1	-8.64966	-2.66826	5090	5163.03	-1
1	1	-8.49966	-2.66826	-1	-1	-1
1	1	-8.34966	-2.66826	-1	-1	-1
1	1	-8.19966	-2.66826	-1	-1	-1
1	1	-8.04966	-2.66826	-1	-1	-1
1	1	-7.89966	-2.66826	-1	-1	-1
1	1	-7.74966	-2.66826	-1	-1	-1
1	1	-7.59966	-2.66826	-1	-1	-1
1	1	-7.44966	-2.66826	-1	-1	-1
1	1	-7.29966	-2.66826	-1	-1	-1
1	1	-7.14966	-2.66826	-1	-1	-1
1	1	-6.99966	-2.66826	-1	-1	-1
1	1	-6.84966	-2.66826	-1	-1	-1
1	1	-6.69966	-2.66826	-1	-1	-1
1	1	-6.54966	-2.66826	-1	-1	-1
1	1	-6.39966	-2.66826	151	276.812	-1
1	1	-8.64966	-2.51826	-1	-1	-1
1	1	-8.49966	-2.51826	-1	-1	-1
1	1	-8.34966	-2.51826	-1	-1	-1
1	1	-8.19966	-2.51826	-1	-1	-1
1	1	-8.04966	-2.51826	-1	-1	-1
1	1	-7.89966	-2.51826	-1	-1	-1
1	1	-7.74966	-2.51826	-1	-1	-1
1	1	-7.59966	-2.51826	-1	-1	-1
1	1	-7.44966	-2.51826	-1	-1	-1
1	1	-7.29966	-2.51826	-1	-1	-1
1	1	-7.14966	-2.51826	-1	-1	-1
1	1	-6.99966	-2.51826	-1	-1	-1
1	1	-6.84966	-2.51826	-1	-1	-1
1	1	-6.69966	-2.51826	-1	-1	-1
1	1	-6.54966	-2.51826	-1	-1	-1
1	1	-6.39966	-2.51826	1027	1081.62	-1
1	1	-8.64966	-2.36826	-1	-1	-1
1	1	-8.49966	-2.36826	-1	-1	-1
1	1	-8.34966	-2.36826	-1	-1	-1
1	1	-8.19966	-2.36826	-1	-1	-1
1	1	-8.04966	-2.36826	-1	-1	-1
1	1	-7.89966	-2.36826	-1	-1	-1
1	1	-7.74966	-2.36826	-1	-1	-1
1	1	-7.59966	-2.36826	-1	-1	-1
1	1	-7.44966	-2.36826	-1	-1	-1
1	1	-7.29966	-2.36826	-1	-1	-1
1	1	-7.14966	-2.36826	-1	-1	-1
1	1	-6.99966	-2.36826	-1	-1	-1
1	1	-6.84966	-2.36826	-1	-1	-1
1	1	-6.69966	-2.36826	-1	-1	-1
1	1	-6.54966	-2.36826	-1	-1	-1
1	1	-6.39966	-2.36826	-1	-1	-1
1	1	-8.64966	-2.21826	-1	-1	-1
1	1	-8.49966	-2.21826	-1	-1	-1
1	1	-8.34966	-2.21826	-1	-1	-1
1	1	-8.19966	-2.21826	-1	-1	-1
1	1	-8.04966	-2.21826	-1	-1	-1
1	1	-7.89966	-2.21826	-1	-1	-1
1	1	-7.74966	-2.21826	-1	-1	-1
1	1	-7.59966	-2.21826	-1	-1	-1
1	1	-7.44966	-2.21826	-1	-1	-1
1	1	-7.29966	-2.21826	-1	-1	-1
1	1	-7.14966	-2.21826	-1	-1	-1
1	1	-6.99966	-2.21826	-1	-1	-1
1	1	-6.84966	-2.21826	-1	-1	-1
1	1	-6.69966	-2.21826	-1	-1	-1
1	1	-6.54966	-2.21826	-1	-1	-1
1	1	-6.39966	-2.21826	-1	-1	-1
1	1	-8.64966	-2.06826	-1	-1	-1
1	1	-8.49966	-2.06826	-1	-1	-1
1	1	-8.34966	-2.06826	-1	-1	-1
1	1	-8.19966	-2.06826	-1	-1	-1
1	1	-8.04966	-2.06826	-1	-1	-1
1	1	-7.89966	-2.06826	-1	-1	-1
1	1	-7.74966	-2.06826	-1	-1	-1
1	1	-7.59966	-2.06826	-1	-1	-1
1	1	-7.44966	-2.06826	-1	-1	-1
1	1	-7.29966	-2.06826	-1	-1	-1
1	1	-7.14966	-2.06826	-1	-1	-1
1	1	-6.99966	-2.06826	-1	-1	-1
1	1	-6.84966	-2.06826	-1	-1	-1
1	1	-6.69966	-2.06826	-1	-1	-1
1	1	-6.54966	-2.06826	-1	-1	-1
1	1	-6.39966	-2.06826	2658	2766.25	-1
1	1	-8.64966	-1.91826	-1	-1	-1
1	1	-8.49966	-1.91826	-1	-1	-1
1	1	-8.34966	-1.91826	-1	-1	-1
1	1	-8.19966	-1.91826	-1	-1	-1
1	1	-8.04966	-1.91826	-1	-1	-1
1	1	-7.89966	-1.91826	-1	-1	-1
1	1	-7.74966	-1.91826	-1	-1	-1
1	1	-7.59966	-1.91826	-1	-1	-1
1	1	-7.44966	-1.91826	-1	-1	-1
1	1	-7.29966	-1.91826	-1	-1	-1
1	1	-7.14966	-1.91826	-1	-1	-1
1	1	-6.99966	-1.91826	-1	-1	-1
1	1	-6.84966	-1.91826	-1	-1	-1
1	1	-6.69966	-1.91826	-1	-1	-1
1	1	-6.54966	-1.91826	-1	-1	-1
1	1	-6.39966	-1.91826	2833	2880.97	-1
1	1	-8.64966	-1.76826	-1	-1	-1
1	1	-8.49966	-1.76826	-1	-1	-1
1	1	-8.34966	-1.76826	-1	-1	-1
1	1	-8.19966	-1.76826	-1	-1	-1
1	1	-8.04966	-1.76826	-1	-1	-1
1	1	-7.89966	-1.76826	-1	-1	-1
1	1	-7.74966	-1.76826	-1	-1	-1
1	1	-7.59966	-1.76826	-1	-1	-1
1	1	-7.44966	-1.76826	-1	-1	-1
1	1	-7.29966	-1.76826	-1	-1	-1
1	1	-7.14966	-1.76826	-1	-1	-1
1	1	-6.99966	-1.76826	-1	-1	-1
1	1	-6.84966	-1.76826	-1	-1	-1
1	1	-6.69966	-1.76826	-1	-1	-1
1	1	-6.54966	-1.76826	-1	-1	-1
1	1	-6.39966	-1.76826	-1	-1	-1
1	1	-8.64966	-1.61826	-1	-1	-1
1	1	-8.49966	-1.61826	-1	-1	-1
1	1	-8.34966	-1.61826	-1	-1	-1
1	1	-8.19966	-1.61826	-1	-1	-1
1	1	-8.04966	-1.61826	-1	-1	-1
1	1	-7.89966	-1.61826	-1	-1	-1
1	1	-7.74966	-1.61826	-1	-1	-1
1	1	-7.59966	-1.61826	-1	-1	-1
1	1	-7.44966	-1.61826	-1	-1	-1
1	1	-7.29966	-1.61826	-1	-1	-1
1	1	-7.14966	-1.61826	-1	-1	-1
1	1	-6.99966	-1.61826	-1	-1	-1
1	1	-6.84966	-1.61826	-1	-1	-1
1	1	-6.69966	-1.61826	-1	-1	-1
1	1	-6.54966	-1.61826	-1	-1	-1
1	1	-6.39966	-1.61826	-1	-1	-1
1	1	-8.64966	-1.46826	-1	-1	-1
1	1	-8.49966	-1.46826	-1	-1	-1
1	1	-8.34966	-1.46826	-1	-1	-1
1	1	-8.19966	-1.46826	-1	-1	-1
1	1	-8.04966	-1.46826	-1	-1	-1
1	1	-7.89966	-1.46826	-1	-1	-1
1	1	-7.74966	-1.46826	-1	-1	-1
1	1	-7.59966	-1.46826	-1	-1	-1
1	1	-7.44966	-1.46826	-1	-1	-1
1	1	-7.29966	-1.46826	-1	-1	-1
1	1	-7.14966	-1.46826	-1	-1	-1
1	1	-6.99966	-1.46826	-1	-1	-1
1	1	-6.84966	-1.46826	-1	-1	-1
1	1	-6.69966	-1.46826	-1	-1	-1
1	1	-6.54966	-1.46826	-1	-1	-1
1	1	-6.39966	-1.46826	-1	-1	-1
1	1	-8.64966	-1.31826	-1	-1	-1
1	1	-8.49966	-1.31826	-1	-1	-1
1	1	-8.34966	-1.31826	-1	-1	-1
1	1	-8.19966	-1.31826	-1	-1	-1
1	1	-8.04966	-1.31826	-1	-1	-1
1	1	-7.89966	-1.31826	-1	-1	-1
1	1	-7.74966	-1.31826	-1	-1	-1
1	1	-7.59966	-1.31826	-1	-1	-1
1	1	-7.44966	-1.31826	-1	-1	-1
1	1	-7.29966	-1.31826	-1	-1	-1
1	1	-7.14966	-1.31826	-1	-1	-1
1	1	-6.99966	-1.31826	-1	-1	-1
1	1	-6.84966	-1.31826	-1	-1	-1
1	1	-6.69966	-1.31826	-1	-1	-1
1	1	-6.54966	-1.31826	-1	-1	-1
1	1	-6.39966	-1.31826	-1	-1	-1
1	1	-8.64966	-1.16826	-1	-1	-1
1	1	-8.49966	-1.16826	-1	-1	-1
1	1	-8.34966	-1.16826	-1	-1	-1
1	1	-8.19966	-1.16826	-1	-1	-1
1	1	-8.04966	-1.16826	-1	-1	-1
1	1	-7.89966	-1.16826	-1	-1	-1
1	1	-7.74966	-1.16826	-1	-1	-1
1	1	-7.59966	-1.16826	-1	-1	-1
1	1	-7.44966	-1.16826	-1	-1	-1
1	1	-7.29966	-1.16826	-1	-1	-1
1	1	-7.14966	-1.16826	-1	-1	-1
1	1	-6.99966	-1.16826	-1	-1	-1
1	1	-6.84966	-1.16826	-1	-1	-1
1	1	-6.69966	-1.16826	-1	-1	-1
1	1	-6.54966	-1.16826	-1	-1	-1
1	1	-6.39966	-1.16826	-1	-1	-1
1	1	-8.64966	-1.01826	-1	-1	-1
1	1	-8.49966	-1.01826	-1	-1	-1
1	1	-8.34966	-1.01826	-1	-1	-1
1	1	-8.19966	-1.01826	-1	-1	-1
1	1	-8.04966	-1.01826	-1	-1	-1
1	1	-7.89966	-1.01826	-1	-1	-1
1	1	-7.74966	-1.01826	-1	-1	-1
1	1	-7.59966	-1.01826	-1	-1	-1
1	1	-7.44966	-1.01826	-1	-1	-1
1	1	-7.29966	-1.01826	-1	-1	-1
1	1	-7.14966	-1.01826	-1	-1	-1
1	1	-6.99966	-1.01826	-1	-1	-1
1	1	-6.84966	-1.01826	-1	-1	-1
1	1	-6.69966	-1.01826	-1	-1	-1
1	1	-6.54966	-1.01826	-1	-1	-1
1	1	-6.39966	-1.01826	-1	-1	-1
1	1	-8.64966	-0.868262	-1	-1	-1
1	1	-8.49966	-0.868262	-1	-1	-1
1	1	-8.34966	-0.868262	-1	-1	-1
1	1	-8.19966	-0.868262	-1	-1	-1
1	1	-8.04966	-0.868262	-1	-1	-1
1	1	-7.89966	-0.868262	-1	-1	-1
1	1	-7.74966	-0.868262	-1	-1	-1
1	1	-7.59966	-0.868262	-1	-1	-1
1	1	-7.44966	-0.868262	-1	-1	-1
1	1	-7.29966	-0.868262	-1	-1	-1
1	1	-7.14966	-0.868262	-1	-1	-1
1	1	-6.99966	-0.868262	-1	-1	-1
1	1	-6.84966	-0.868262	-1	-1	-1
1	1	-6.69966	-0.868262	-1	-1	-1
1	1	-6.54966	-0.868262	-1	-1	-1
1	1	-6.39966	-0.868262	-1	-1	-1
1	1	-8.64966	-0.718262	-1	-1	-1
1	1	-8.49966	-0.718262	-1	-1	-1
1	1	-8.34966	-0.718262	-1	-1	-1
1	1	-8.19966	-0.718262	-1	-1	-1
1	1	-8.04966	-0.718262	-1	-1	-1
1	1	-7.89966	-0.718262	-1	-1	-1
1	1	-7.74966	-0.718262	-1	-1	-1
1	1	-7.59966	-0.718262	-1	-1	-1
1	1	-7.44966	-0.718262	-1	-1	-1
1	1	-7.29966	-0.718262	-1	-1	-1
1	1	-7.14966	-0.718262	-1	-1	-1
1	1	-6.99966	-0.718262	-1	-1	-1
1	1	-6.84966	-0.718262	-1	-1	-1
1	1	-6.69966	-0.718262	-1	-1	-1
1	1	-6.54966	-0.718262	-1	-1	-1
1	1	-6.39966	-0.718262	-1	-1	-1
1	1	-8.64966	-0.568262	-1	-1	-1
1	1	-8.49966	-0.568262	-1	-1	-1
1	1	-8.34966	-0.568262	-1	-1	-1
1	1	-8.19966	-0.568262	-1	-1	-1
1	1	-8.04966	-0.568262	-1	-1	-1
1	1	-7.89966	-0.568262	-1	-1	-1
1	1	-7.74966	-0.568262	-1	-1	-1
1	1	-7.59966	-0.568262	-1	-1	-1
1	1	-7.44966	-0.568262	-1	-1	-1
1	1	-7.29966	-0.568262	-1	-1	-1
1	1	-7.14966	-0.568262	-1	-1	-1
1	1	-6.99966	-0.568262	-1	-1	-1
1	1	-6.84966	-0.568262	-1	-1	-1
1	1	-6.69966	-0.568262	-1	-1	-1
1	1	-6.54966	-0.568262	-1	-1	-1
1	1	-6.39966	-0.568262	1940	2051.16	-1
1	1	-8.64966	-0.418262	-1	-1	-1
1	1	-8.49966	-0.418262	-1	-1	-1
1	1	-8.34966	-0.418262	-1	-1	-1
1	1	-8.19966	-0.418262	-1	-1	-1
1	1	-8.04966	-0.418262	-1	-1	-1
1	1	-7.89966	-0.418262	-1	-1	-1
1	1	-7.74966	-0.418262	-1	-1	-1
1	1	-7.59966	-0.418262	-1	-1	-1
1	1	-7.44966	-0.418262	-1	-1	-1
1	1	-7.29966	-0.418262	-1	-1	-1
1	1	-7.14966	-0.418262	-1	-1	-1
1	1	-6.99966	-0.418262	-1	-1	-1
1	1	-6.84966	-0.418262	-1	-1	-1
1	1	-6.69966	-0.418262	-1	-1	-1
1	1	-6.54966	-0.418262	5342	-1	-1
1	1	-6.39966	-0.418262	2097	2168.16	-1
2	4	-0.82052	-8.64921	-1	-1	-1
2	4	-0.67052	-8.64921	-1	-1	-1
2	4	-0.52052	-8.64921	-1	-1	-1
2	4	-0.37052	-8.64921	-1	-1	-1
2	4	-0.22052	-8.64921	-1	-1	-1
2	4	-0.0705198	-8.64921	-1	-1	-1
2	4	0.0794802	-8.64921	-1	-1	-1
2	4	0.22948	-8.64921	-1	-1	-1
2	4	-0.82052	-8.49921	-1	-1	-1
2	4	-0.67052	-8.49921	-1	-1	-1
2	4	-0.52052	-8.49921	-1	-1	-1
2	4	-0.37052	-8.49921	-1	-1	-1
2	4	-0.22052	-8.49921	-1	-1	-1
2	4	-0.0705198	-8.49921	-1	-1	-1
2	4	0.0794802	-8.49921	-1	-1	-1
2	4	0.22948	-8.49921	-1	-1	-1
2	4	-0.82052	-8.34921	-1	-1	-1
2	4	-0.67052	-8.34921	-1	-1	-1
2	4	-0.52052	-8.34921	-1	-1	-1
2	4	-0.37052	-8.34921	-1	-1	-1
2	4	-0.22052	-8.34921	-1	-1	-1
2	4	-0.0705198	-8.34921	-1	-1	-1
2	4	0.0794802	-8.34921	-1	-1	-1
2	4	0.22948	-8.34921	2119	2183.22	-1
2	4	-0.82052	-8.19921	-1	-1	-1
2	4	-0.67052	-8.19921	-1	-1	-1
2	4	-0.52052	-8.19921	-1	-1	-1
2	4	-0.37052	-8.19921	-1	-1	-1
2	4	-0.22052	-8.19921	-1	-1	-1
2	4	-0.0705198	-8.19921	-1	-1	-1
2	4	0.0794802	-8.19921	-1	-1	-1
2	4	0.22948	-8.19921	-1	-1	-1
2	4	-0.82052	-8.04921	-1	-1	-1
2	4	-0.67052	-8.04921	-1	-1	-1
2	4	-0.52052	-8.04921	-1	-1	-1
2	4	-0.37052	-8.04921	-1	-1	-1
2	4	-0.22052	-8.04921	-1	-1	-1
2	4	-0.0705198	-8.04921	-1	-1	-1
2	4	0.0794802	-8.04921	-1	-1	-1
2	4	0.22948	-8.04921	-1	-1	-1
2	4	-0.82052	-7.89921	-1	-1	-1
2	4	-0.67052	-7.89921	-1	-1	-1
2	4	-0.52052	-7.89921	-1	-1	-1
2	4	-0.37052	-7.89921	-1	-1	-1
2	4	-0.22052	-7.89921	-1	-1	-1
2	4	-0.0705198	-7.89921	-1	-1	-1
2	4	0.0794802	-7.89921	-1	-1	-1
2	4	0.22948	-7.89921	-1	-1	-1
2	4	-0.82052	-7.74921	3461	3561.72	-1
2	4	-0.67052	-7.74921	-1	-1	-1
2	4	-0.52052	-7.74921	-1	-1	-1
2	4	-0.37052	-7.74921	-1	-1	-1
2	4	-0.22052	-7.74921	-1	-1	-1
2	4	-0.0705198	-7.74921	-1	-1	-1
2	4	0.0794802	-7.74921	3259	3316.94	-1
2	4	0.22948	-7.74921	-1	-1	-1
2	4	-0.82052	-7.59921	1319	1401.97	-1
2	4	-0.67052	-7.59921	1455	1517.34	-1
2	4	-0.52052	-7.59921	1703	1800.56	-1
2	4	-0.37052	-7.59921	-1	-1	-1
2	4	-0.22052	-7.59921	-1	-1	-1
2	4	-0.0705198	-7.59921	3254	3329.97	-1
2	4	0.0794802	-7.59921	3061	3158.25	-1
2	4	0.22948	-7.59921	3225	3287.88	-1
3	4	-0.247666	6.19753	-1	-1	-1
3	4	-0.0976656	6.19753	-1	-1	-1
3	4	0.0523344	6.19753	-1	-1	-1
3	4	0.202334	6.19753	-1	-1	-1
3	4	0.352334	6.19753	-1	-1	-1
3	4	0.502334	6.19753	-1	-1	-1
3	4	0.652334	6.19753	-1	-1	-1
3	4	0.802334	6.19753	-1	-1	-1
3	4	-0.247666	6.34753	-1	-1	-1
3	4	-0.0976656	6.34753	-1	-1	-1
3	4	0.0523344	6.34753	-1	-1	-1
3	4	0.202334	6.34753	-1	-1	-1
3	4	0.352334	6.34753	-1	-1	-1
3	4	0.502334	6.34753	-1	-1	-1
3	4	0.652334	6.34753	-1	-1	-1
3	4	0.802334	6.34753	-1	-1	-1
3	4	-0.247666	6.49753	-1	-1	-1
3	4	-0.0976656	6.49753	-1	-1	-1
3	4	0.0523344	6.49753	-1	-1	-1
3	4	0.202334	6.49753	-1	-1	-1
3	4	0.352334	6.49753	-1	-1	-1
3	4	0.502334	6.49753	-1	-1	-1
3	4	0.652334	6.49753	-1	-1	-1
3	4	0.802334	6.49753	-1	-1	-1
3	4	-0.247666	6.64753	-1	-1	-1
3	4	-0.0976656	6.64753	-1	-1	-1
3	4	0.0523344	6.64753	-1	-1	-1
3	4	0.202334	6.64753	-1	-1	-1
3	4	0.352334	6.64753	-1	-1	-1
3	4	0.502334	6.64753	-1	-1	-1
3	4	0.652334	6.64753	-1	-1	-1
3	4	0.802334	6.64753	-1	-1	-1
3	4	-0.247666	6.79753	-1	-1	-1
3	4	-0.0976656	6.79753	-1	-1	-1
3	4	0.0523344	6.79753	-1	-1	-1
3	4	0.202334	6.79753	-1	-1	-1
3	4	0.352334	6.79753	-1	-1	-1
3	4	0.502334	6.79753	-1	-1	-1
3	4	0.652334	6.79753	-1	-1	-1
3	4	0.802334	6.79753	-1	-1	-1
3	4	-0.247666	6.94753	-1	-1	-1
3	4	-0.0976656	6.94753	-1	-1	-1
3	4	0.0523344	6.94753	-1	-1	-1
3	4	0.202334	6.94753	-1	-1	-1
3	4	0.352334	6.94753	-1	-1	-1
3	4	0.502334	6.94753	-1	-1	-1
3	4	0.652334	6.94753	-1	-1	-1
3	4	0.802334	6.94753	-1	-1	-1
3	4	-0.247666	7.09753	-1	-1	-1
3	4	-0.0976656	7.09753	-1	-1	-1
3	4	0.0523344	7.09753	-1	-1	-1
3	4	0.202334	7.09753	-1	-1	-1
3	4	0.352334	7.09753	-1	-1	-1
3	4	0.502334	7.09753	-1	-1	-1
3	4	0.652334	7.09753	-1	-1	-1
3	4	0.802334	7.09753	-1	-1	-1
3	4	-0.247666	7.24753	-1	-1	-1
3	4	-0.0976656	7.24753	-1	-1	-1
3	4	0.0523344	7.24753	-1	-1	-1
3	4	0.202334	7.24753	-1	-1	-1
3	4	0.352334	7.24753	-1	-1	-1
3	4	0.502334	7.24753	-1	-1	-1
3	4	0.652334	7.24753	-1	-1	-1
3	4	0.802334	7.24753	-1	-1	-1
4	4	-0.119754	5.00756	889	976.812	-1
4	4	0.030246	5.00756	784	849.5	-1
4	4	0.180246	5.00756	694	732.625	-1
4	4	0.330246	5.00756	807	854.906	-1
4	4	0.480246	5.00756	1879	1996.62	-1
4	4	0.630246	5.00756	1580	1693.38	-1
4	4	0.780246	5.00756	2271	2382.56	-1
4	4	0.930246	5.00756	-1	-1	-1
4	4	-0.119754	5.15756	4477	4601.72	-1
4	4	0.030246	5.15756	1056	1103.5	-1
4	4	0.180246	5.15756	936	996.844	-1
4	4	0.330246	5.15756	2466	2508.16	-1
4	4	0.480246	5.15756	4340	4386.47	-1
4	4	0.630246	5.15756	4186	4239.47	-1
4	4	0.780246	5.15756	4318	4367.47	-1
4	4	0.930246	5.15756	4665	4707.75	-1
4	4	-0.119754	5.30756	-1	-1	-1
4	4	0.030246	5.30756	-1	-1	-1
4	4	0.180246	5.30756	2369	2412.03	-1
4	4	0.330246	5.30756	4713	4758.16	-1
4	4	0.480246	5.30756	4652	4704.78	-1
4	4	0.630246	5.30756	4395	4455.94	-1
4	4	0.780246	5.30756	4449	4514.69	-1
4	4	0.930246	5.30756	4799	4842.25	-1
4	4	-0.119754	5.45756	-1	-1	-1
4	4	0.030246	5.45756	-1	-1	-1
4	4	0.180246	5.45756	-1	-1	-1
4	4	0.330246	5.45756	4925	4987.22	-1
4	4	0.480246	5.45756	4805	4847.91	-1
4	4	0.630246	5.45756	4568	4631.28	-1
4	4	0.780246	5.45756	4597	4653.84	-1
4	4	0.930246	5.45756	-1	-1	-1
4	4	-0.119754	5.60756	-1	-1	-1
4	4	0.030246	5.60756	-1	-1	-1
4	4	0.180246	5.60756	-1	-1	-1
4	4	0.330246	5.60756	-1	-1	-1
4	4	0.480246	5.60756	4911	4967.38	-1
4	4	0.630246	5.60756	-1	-1	-1
4	4	0.780246	5.60756	-1	-1	-1
4	4	0.930246	5.60756	-1	-1	-1
4	4	-0.119754	5.75756	-1	-1	-1
4	4	0.030246	5.75756	-1	-1	-1
4	4	0.180246	5.75756	-1	-1	-1
4	4	0.330246	5.75756	-1	-1	-1
4	4	0.480246	5.75756	-1	-1	-1
4	4	0.630246	5.75756	-1	-1	-1
4	4	0.780246	5.75756	-1	-1	-1
4	4	0.930246	5.75756	-1	-1	-1
4	4	-0.119754	5.90756	-1	-1	-1
4	4	0.030246	5.90756	-1	-1	-1
4	4	0.180246	5.90756	-1	-1	-1
4	4	0.330246	5.90756	-1	-1	-1
4	4	0.480246	5.90756	-1	-1	-1
4	4	0.630246	5.90756	-1	-1	-1
4	4	0.780246	5.90756	-1	-1	-1
4	4	0.930246	5.90756	-1	-1	-1
4	4	-0.119754	6.05756	-1	-1	-1
4	4	0.030246	6.05756	-1	-1	-1
4	4	0.180246	6.05756	-1	-1	-1
4	4	0.330246	6.05756	-1	-1	-1
4	4	0.480246	6.05756	-1	-1	-1
4	4	0.630246	6.05756	-1	-1	-1
4	4	0.780246	6.05756	-1	-1	-1
4	4	0.930246	6.05756	-1	-1	-1
5	4	-4.74314	-7.56329	-1	-1	-1
5	4	-4.59314	-7.56329	-1	-1	-1
5	4	-4.44314	-7.56329	-1	-1	-1
5	4	-4.29314	-7.56329	-1	-1	-1
5	4	-4.14314	-7.56329	-1	-1	-1
5	4	-3.99314	-7.56329	-1	-1	-1
5	4	-3.84314	-7.56329	-1	-1	-1
5	4	-3.69314	-7.56329	-1	-1	-1
5	4	-4.74314	-7.41329	-1	-1	-1
5	4	-4.59314	-7.41329	-1	-1	-1
5	4	-4.44314	-7.41329	-1	-1	-1
5	4	-4.29314	-7.41329	-1	-1	-1
5	4	-4.14314	-7.41329	-1	-1	-1
5	4	-3.99314	-7.41329	-1	-1	-1
5	4	-3.84314	-7.41329	-1	-1	-1
5	4	-3.69314	-7.41329	-1	-1	-1
5	4	-4.74314	-7.26329	-1	-1	-1
5	4	-4.59314	-7.26329	-1	-1	-1
5	4	-4.44314	-7.26329	-1	-1	-1
5	4	-4.29314	-7.26329	-1	-1	-1
5	4	-4.14314	-7.26329	-1	-1	-1
5	4	-3.99314	-7.26329	-1	-1	-1
5	4	-3.84314	-7.26329	-1	-1	-1
5	4	-3.69314	-7.26329	5264	5326.84	-1
5	4	-4.74314	-7.11329	-1	-1	-1
5	4	-4.59314	-7.11329	-1	-1	-1
5	4	-4.44314	-7.11329	-1	-1	-1
5	4	-4.29314	-7.11329	-1	-1	-1
5	4	-4.14314	-7.11329	-1	-1	-1
5	4	-3.99314	-7.11329	-1	-1	-1
5	4	-3.84314	-7.11329	-1	-1	-1
5	4	-3.69314	-7.11329	5105	5204.62	-1
5	4	-4.74314	-6.96329	-1	-1	-1
5	4	-4.59314	-6.96329	-1	-1	-1
5	4	-4.44314	-6.96329	-1	-1	-1
5	4	-4.29314	-6.96329	-1	-1	-1
5	4	-4.14314	-6.96329	-1	-1	-1
5	4	-3.99314	-6.96329	-1	-1	-1
5	4	-3.84314	-6.96329	-1	-1	-1
5	4	-3.69314	-6.96329	-1	-1	-1
5	4	-4.74314	-6.81329	1203	1273.12	-1
5	4	-4.59314	-6.81329	1116	1198.34	-1
5	4	-4.44314	-6.81329	985	1049.75	-1
5	4	-4.29314	-6.81329	863	928.344	-1
5	4	-4.14314	-6.81329	-1	-1	-1
5	4	-3.99314	-6.81329	-1	-1	-1
5	4	-3.84314	-6.81329	-1	-1	-1
5	4	-3.69314	-6.81329	-1	-1	-1
5	4	-4.74314	-6.66329	-1	-1	-1
5	4	-4.59314	-6.66329	613	681.031	-1
5	4	-4.44314	-6.66329	535	604	-1
5	4	-4.29314	-6.66329	740	804.812	-1
5	4	-4.14314	-6.66329	1404	1465.31	-1
5	4	-3.99314	-6.66329	-1	-1	-1
5	4	-3.84314	-6.66329	-1	-1	-1
5	4	-3.69314	-6.66329	-1	-1	-1
5	4	-4.74314	-6.51329	1553	1668.72	-1
5	4	-4.59314	-6.51329	386	452.25	-1
5	4	-4.44314	-6.51329	119	246.75	-1
5	4	-4.29314	-6.51329	368	434.562	-1
5	4	-4.14314	-6.51329	732	792.344	-1
5	4	-3.99314	-6.51329	1071	1208	-1
5	4	-3.84314	-6.51329	830	889.594	-1
5	4	-3.69314	-6.51329	621	746.531	-1
6	16	-2.40003	-8.04789	-1	-1	-1
6	16	-2.25003	-8.04789	-1	-1	-1
6	16	-2.10003	-8.04789	-1	-1	-1
6	16	-1.95003	-8.04789	-1	-1	-1
6	16	-2.40003	-7.89789	-1	-1	-1
6	16	-2.25003	-7.89789	-1	-1	-1
6	16	-2.10003	-7.89789	-1	-1	-1
6	16	-1.95003	-7.89789	-1	-1	-1
6	16	-2.40003	-7.74789	-1	-1	-1
6	16	-2.25003	-7.74789	-1	-1	-1
6	16	-2.10003	-7.74789	-1	-1	-1
6	16	-1.95003	-7.74789	-1	-1	-1
6	16	-2.40003	-7.59789	-1	-1	-1
6	16	-2.25003	-7.59789	-1	-1	-1
6	16	-2.10003	-7.59789	-1	-1	-1
6	16	-1.95003	-7.59789	-1	-1	-1
7	16	-6.62083	-8.37099	-1	-1	-1
7	16	-6.47083	-8.37099	-1	-1	-1
7	16	-6.32083	-8.37099	-1	-1	-1
7	16	-6.17083	-8.37099	-1	-1	-1
7	16	-6.62083	-8.22099	-1	-1	-1
7	16	-6.47083	-8.22099	-1	-1	-1
7	16	-6.32083	-8.22099	-1	-1	-1
7	16	-6.17083	-8.22099	2755	2834.88	-1
7	16	-6.62083	-8.07099	-1	-1	-1
7	16	-6.47083	-8.07099	-1	-1	-1
7	16	-6.32083	-8.07099	-1	-1	-1
7	16	-6.17083	-8.07099	2943	3021.41	-1
7	16	-6.62083	-7.92099	-1	-1	-1
7	16	-6.47083	-7.92099	-1	-1	-1
7	16	-6.32083	-7.92099	-1	-1	-1
7	16	-6.17083	-7.92099	-1	-1	-1
8	16	-6.28625	-7.2738	-1	-1	-1
8	16	-6.13625	-7.2738	-1	-1	-1
8	16	-5.98625	-7.2738	-1	-1	-1
8	16	-5.83625	-7.2738	-1	-1	-1
8	16	-6.28625	-7.1238	-1	-1	-1
8	16	-6.13625	-7.1238	-1	-1	-1
8	16	-5.98625	-7.1238	-1	-1	-1
8	16	-5.83625	-7.1238	-1	-1	-1
8	16	-6.28625	-6.9738	-1	-1	-1
8	16	-6.13625	-6.9738	-1	-1	-1
8	16	-5.98625	-6.9738	-1	-1	-1
8	16	-5.83625	-6.9738	-1	-1	-1
8	16	-6.28625	-6.8238	-1	-1	-1
8	16	-6.13625	-6.8238	-1	-1	-1
8	16	-5.98625	-6.8238	-1	-1	-1
8	16	-5.83625	-6.8238	-1	-1	-1
9	16	-6.98122	7.87157	4182	4273.69	-1
9	16	-6.83122	7.87157	3893	3999.88	-1
9	16	-6.68122	7.87157	1905	1987.53	-1
9	16	-6.53122	7.87157	1724	1833.25	-1
9	16	-6.98122	8.02157	4108	4199.31	-1
9	16	-6.83122	8.02157	3832	3945.19	-1
9	16	-6.68122	8.02157	3641	3748.56	-1
9	16	-6.53122	8.02157	3111	3218.28	-1
9	16	-6.98122	8.17157	3997	4087.47	-1
9	16	-6.83122	8.17157	4152	4234.28	-1
9	16	-6.68122	8.17157	4050	4146.66	-1
9	16	-6.53122	8.17157	-1	-1	-1
9	16	-6.98122	8.32157	3793	3873.94	-1
9	16	-6.83122	8.32157	4297	4380.09	-1
9	16	-6.68122	8.32157	-1	-1	-1
9	16	-6.53122	8.32157	-1	-1	-1
10	16	6.48307	-3.26167	-1	-1	-1
10	16	6.63307	-3.26167	-1	-1	-1
10	16	6.78307	-3.26167	-1	-1	-1
10	16	6.93307	-3.26167	-1	-1	-1
10	16	6.48307	-3.11167	3862	3919.25	-1
10	16	6.63307	-3.11167	-1	-1	-1
10	16	6.78307	-3.11167	-1	-1	-1
10	16	6.93307	-3.11167	-1	-1	-1
10	16	6.48307	-2.96167	5320	-1	-1
10	16	6.63307	-2.96167	-1	-1	-1
10	16	6.78307	-2.96167	-1	-1	-1
10	16	6.93307	-2.96167	-1	-1	-1
10	16	6.48307	-2.81167	-1	-1	-1
10	16	6.63307	-2.81167	-1	-1	-1
10	16	6.78307	-2.81167	-1	-1	-1
10	16	6.93307	-2.81167	-1	-1	-1
11	16	-6.91878	2.02128	-1	-1	-1
11	16	-6.76878	2.02128	-1	-1	-1
11	16	-6.61878	2.02128	-1	-1	-1
11	16	-6.46878	2.02128	5350	5399.16	-1
11	16	-6.91878	2.17128	-1	-1	-1
11	16	-6.76878	2.17128	-1	-1	-1
11	16	-6.61878	2.17128	-1	-1	-1
11	16	-6.46878	2.17128	5088	5147.03	-1
11	16	-6.91878	2.32128	-1	-1	-1
11	16	-6.76878	2.32128	-1	-1	-1
11	16	-6.61878	2.32128	5046	5102.22	-1
11	16	-6.46878	2.32128	4845	4940.41	-1
11	16	-6.91878	2.47128	-1	-1	-1
11	16	-6.76878	2.47128	-1	-1	-1
11	16	-6.61878	2.47128	5198	5263.06	-1
11	16	-6.46878	2.47128	4988	5052.62	-1
12	16	-5.52242	-5.17975	-1	-1	-1
12	16	-5.37242	-5.17975	-1	-1	-1
12	16	-5.22242	-5.17975	-1	-1	-1
12	16	-5.07242	-5.17975	-1	-1	-1
12	16	-5.52242	-5.02975	-1	-1	-1
12	16	-5.37242	-5.02975	-1	-1	-1
12	16	-5.22242	-5.02975	-1	-1	-1
12	16	-5.07242	-5.02975	-1	-1	-1
12	16	-5.52242	-4.87975	-1	-1	-1
12	16	-5.37242	-4.87975	-1	-1	-1
12	16	-5.22242	-4.87975	-1	-1	-1
12	16	-5.07242	-4.87975	-1	-1	-1
12	16	-5.52242	-4.72975	-1	-1	-1
12	16	-5.37242	-4.72975	-1	-1	-1
12	16	-5.22242	-4.72975	4229	4398.03	-1
12	16	-5.07242	-4.72975	4127	4261	-1
13	16	-6.42713	4.6568	-1	-1	-1
13	16	-6.27713	4.6568	-1	-1	-1
13	16	-6.12713	4.6568	-1	-1	-1
13	16	-5.97713	4.6568	3887	3957.56	-1
13	16	-6.42713	4.8068	-1	-1	-1
13	16	-6.27713	4.8068	-1	-1	-1
13	16	-6.12713	4.8068	-1	-1	-1
13	16	-5.97713	4.8068	-1	-1	-1
13	16	-6.42713	4.9568	-1	-1	-1
13	16	-6.27713	4.9568	-1	-1	-1
13	16	-6.12713	4.9568	-1	-1	-1
13	16	-5.97713	4.9568	-1	-1	-1
13	16	-6.42713	5.1068	-1	-1	-1
13	16	-6.27713	5.1068	-1	-1	-1
13	16	-6.12713	5.1068	-1	-1	-1
13	16	-5.97713	5.1068	-1	-1	-1
14	16	6.82746	4.11371	-1	-1	-1
14	16	6.97746	4.11371	-1	-1	-1
14	16	7.12746	4.11371	-1	-1	-1
14	16	7.27746	4.11371	-1	-1	-1
14	16	6.82746	4.26371	-1	-1	-1
14	16	6.97746	4.26371	-1	-1	-1
14	16	7.12746	4.26371	-1	-1	-1
14	16	7.27746	4.26371	-1	-1	-1
14	16	6.82746	4.41371	-1	-1	-1
14	16	6.97746	4.41371	-1	-1	-1
14	16	7.12746	4.41371	-1	-1	-1
14	16	7.27746	4.41371	-1	-1	-1
14	16	6.82746	4.56371	-1	-1	-1
14	16	6.97746	4.56371	-1	-1	-1
14	16	7.12746	4.56371	-1	-1	-1
14	16	7.27746	4.56371	-1	-1	-1
15	16	0.695701	8.8491	-1	-1	-1
15	16	0.845701	8.8491	-1	-1	-1
15	16	0.995701	8.8491	-1	-1	-1
15	16	1.1457	8.8491	-1	-1	-1
15	16	0.695701	8.9991	-1	-1	-1
15	16	0.845701	8.9991	-1	-1	-1
15	16	0.995701	8.9991	-1	-1	-1
15	16	1.1457	8.9991	-1	-1	-1
15	16	0.695701	9.1491	-1	-1	-1
15	16	0.845701	9.1491	-1	-1	-1
15	16	0.995701	9.1491	-1	-1	-1
15	16	1.1457	9.1491	343	416.594	-1
15	16	0.695701	9.2991	-1	-1	-1
15	16	0.845701	9.2991	-1	-1	-1
15	16	0.995701	9.2991	-1	-1	-1
15	16	1.1457	9.2991	-1	-1	-1
16	16	-3.42095	6.25948	-1	-1	-1
16	16	-3.27095	6.25948	-1	-1	-1
16	16	-3.12095	6.25948	-1	-1	-1
16	16	-2.97095	6.25948	4926	5040.16	-1
16	16	-3.42095	6.40948	-1	-1	-1
16	16	-3.27095	6.40948	-1	-1	-1
16	16	-3.12095	6.40948	-1	-1	-1
16	16	-2.97095	6.40948	-1	-1	-1
16	16	-3.42095	6.55948	-1	-1	-1
16	16	-3.27095	6.55948	-1	-1	-1
16	16	-3.12095	6.55948	-1	-1	-1
16	16	-2.97095	6.55948	-1	-1	-1
16	16	-3.42095	6.70948	-1	-1	-1
16	16	-3.27095	6.70948	-1	-1	-1
16	16	-3.12095	6.70948	-1	-1	-1
16	16	-2.97095	6.70948	-1	-1	-1
17	16	2.1424	-7.08567	5059	5167.38	-1
17	16	2.2924	-7.08567	-1	-1	-1
17	16	2.4424	-7.08567	702	761.562	-1
17	16	2.5924	-7.08567	842	901.031	-1
17	16	2.1424	-6.93567	-1	-1	-1
17	16	2.2924	-6.93567	-1	-1	-1
17	16	2.4424	-6.93567	-1	-1	-1
17	16	2.5924	-6.93567	-1	-1	-1
17	16	2.1424	-6.78567	-1	-1	-1
17	16	2.2924	-6.78567	-1	-1	-1
17	16	2.4424	-6.78567	-1	-1	-1
17	16	2.5924	-6.78567	-1	-1	-1
17	16	2.1424	-6.63567	-1	-1	-1
17	16	2.2924	-6.63567	-1	-1	-1
17	16	2.4424	-6.63567	-1	-1	-1
17	16	2.5924	-6.63567	-1	-1	-1
18	16	8.94239	-1.31771	-1	-1	-1
18	16	9.09239	-1.31771	-1	-1	-1
18	16	9.24239	-1.31771	-1	-1	-1
18	16	9.39239	-1.31771	-1	-1	-1
18	16	8.94239	-1.16771	4956	5019.97	-1
18	16	9.09239	-1.16771	-1	-1	-1
18	16	9.24239	-1.16771	-1	-1	-1
18	16	9.39239	-1.16771	-1	-1	-1
18	16	8.94239	-1.01771	722	810.094	-1
18	16	9.09239	-1.01771	5127	5196.09	-1
18	16	9.24239	-1.01771	-1	-1	-1
18	16	9.39239	-1.01771	-1	-1	-1
18	16	8.94239	-0.867707	4799	4863.06	-1
18	16	9.09239	-0.867707	2664	2734.22	-1
18	16	9.24239	-0.867707	-1	-1	-1
18	16	9.39239	-0.867707	-1	-1	-1
19	16	2.66301	2.94363	1551	1698.41	-1
19	16	2.81301	2.94363	1406	1441.12	-1
19	16	2.96301	2.94363	857	1015.06	-1
19	16	3.11301	2.94363	1169	1320.94	-1
19	16	2.66301	3.09363	1610	1651.34	-1
19	16	2.81301	3.09363	2146	2197.34	-1
19	16	2.96301	3.09363	1940	2108.22	-1
19	16	3.11301	3.09363	1660	1805.44	-1
19	16	2.66301	3.24363	2287	2341.94	-1
19	16	2.81301	3.24363	2352	2394.47	-1
19	16	2.96301	3.24363	2252	2329.78	-1
19	16	3.11301	3.24363	2188	2235.59	-1
19	16	2.66301	3.39363	998	1134.12	-1
19	16	2.81301	3.39363	2589	2737.81	-1
19	16	2.96301	3.39363	2562	2711.81	-1
19	16	3.11301	3.39363	3061	3201.41	-1
20	16	-3.98106	-1.08005	-1	-1	-1
20	16	-3.83106	-1.08005	-1	-1	-1
20	16	-3.68106	-1.08005	-1	-1	-1
20	16	-3.53106	-1.08005	4398	4439.03	-1
20	16	-3.98106	-0.930051	-1	-1	-1
20	16	-3.83106	-0.930051	-1	-1	-1
20	16	-3.68106	-0.930051	-1	-1	-1
20	16	-3.53106	-0.930051	-1	-1	-1
20	16	-3.98106	-0.780051	-1	-1	-1
20	16	-3.83106	-0.780051	-1	-1	-1
20	16	-3.68106	-0.780051	-1	-1	-1
20	16	-3.53106	-0.780051	483	513.406	-1
20	16	-3.98106	-0.630051	-1	-1	-1
20	16	-3.83106	-0.630051	4659	4691.28	-1
20	16	-3.68106	-0.630051	4405	4524.38	-1
20	16	-3.53106	-0.630051	557	585.938	-1
21	16	7.06962	-3.39912	-1	-1	-1
21	16	7.21962	-3.39912	-1	-1	-1
21	16	7.36962	-3.39912	-1	-1	-1
21	16	7.51962	-3.39912	-1	-1	-1
21	16	7.06962	-3.24912	-1	-1	-1
21	16	7.21962	-3.24912	-1	-1	-1
21	16	7.36962	-3.24912	-1	-1	-1
21	16	7.51962	-3.24912	-1	-1	-1
21	16	7.06962	-3.09912	-1	-1	-1
21	16	7.21962	-3.09912	-1	-1	-1
21	16	7.36962	-3.09912	-1	-1	-1
21	16	7.51962	-3.09912	-1	-1	-1
21	16	7.06962	-2.94912	-1	-1	-1
21	16	7.21962	-2.94912	-1	-1	-1
21	16	7.36962	-2.94912	-1	-1	-1
21	16	7.51962	-2.94912	-1	-1	-1
0	256	-1.94624	-2.58981	345	451.875	-1
0	256	-2.75575	-8.63423	-1	-1	-1
0	256	-5.65351	4.3094	2898	3043.34	-1
0	256	7.68535	5.22889	-1	-1	-1
0	256	3.70057	1.87595	-1	-1	-1
0	256	-3.07495	-9.45714	-1	-1	-1
0	256	7.4296	6.23172	1965	2074.97	-1
0	256	-5.52464	4.90107	3478	3550.62	-1
0	256	8.3359	-1.6676	-1	-1	-1
0	256	7.67606	1.33081	-1	-1	-1
0	256	-0.315228	7.40858	-1	-1	-1
0	256	6.78951	5.97578	-1	-1	-1
0	256	3.67915	5.28366	3460	3507.5	-1
0	256	3.72775	0.638701	2739	2851.66	-1
0	256	-1.16151	6.02197	1884	1931.19	-1
0	256	6.48745	-7.42884	2766	2899.78	-1
0	256	-1.4871	2.91092	299	442.375	-1
0	256	4.98893	0.746136	-1	-1	-1
0	256	6.90492	0.471111	-1	-1	-1
0	256	-1.75827	5.07151	-1	-1	-1
0	256	-4.42645	7.00182	-1	-1	-1
0	256	-8.1176	1.70739	1437	1528.44	-1
0	256	6.58823	-1.78829	-1	-1	-1
0	256	-5.59301	3.52892	2030	2145.25	-1
0	256	1.58662	-9.66811	-1	-1	-1
0	256	-1.98496	-4.47094	3135	3209.5	-1
0	256	4.27753	-6.91388	1616	1677.16	-1
0	256	9.22786	-0.355881	-1	-1	-1
0	256	6.83866	-2.43332	1128	1233.78	-1
0	256	-4.67378	5.97101	428	554.125	-1
0	256	3.70726	8.00948	-1	-1	-1
0	256	5.03948	-6.92927	-1	-1	-1
0	256	-8.06626	2.67605	-1	-1	-1
0	256	5.74251	7.28304	4194	4260.34	-1
0	256	5.2792	8.09863	689	799.344	-1
0	256	-4.63521	-4.28315	3528	3669.59	-1
0	256	3.98004	2.64127	825	961.594	-1
0	256	4.80369	2.96409	3678	3797.5	-1
0	256	-9.18854	-2.09287	-1	-1	-1
0	256	-0.980428	-5.8795	130	232.719	-1
0	256	7.43753	0.131497	-1	-1	-1
0	256	5.79841	8.05098	-1	-1	-1
0	256	2.1178	5.10817	-1	-1	-1
0	256	0.998498	-4.60824	58	104.844	-1
0	256	3.50911	4.84213	-1	-1	-1
0	256	1.41674	-4.78981	4728	4852.81	-1
0	256	8.85529	1.42378	-1	-1	-1
0	256	-2.7389	2.36692	1569	1724.31	-1
0	256	-4.02801	-2.74615	-1	-1	-1
0	256	-4.25978	-5.48286	-1	-1	-1
0	256	2.54097	-5.36271	1841	1886.94	-1
0	256	-5.13119	5.35075	-1	-1	-1
0	256	4.62839	7.77824	-1	-1	-1
0	256	-8.73802	2.17464	2550	2613.75	-1
0	256	-4.70517	8.70948	-1	-1	-1
0	256	4.17129	4.64561	-1	-1	-1
0	256	4.28782	-8.1599	1431	1529	-1
0	256	-5.09984	-0.321744	837	945.906	-1
0	256	7.24551	-2.58721	-1	-1	-1
0	256	3.36554	4.4197	-1	-1	-1
0	256	4.95526	-4.05974	2442	2494.38	-1
0	256	-4.86638	-1.30998	-1	-1	-1
0	256	7.0382	-3.49713	-1	-1	-1
0	256	2.21504	-5.03934	-1	-1	-1
0	256	-3.03328	6.97991	-1	-1	-1
0	256	-0.749992	-7.05264	720	829.031	-1
0	256	6.60438	-5.5113	-1	-1	-1
0	256	7.03517	6.36046	-1	-1	-1
0	256	-6.36079	1.51129	-1	-1	-1
0	256	0.79975	3.08102	102	129.312	-1
0	256	5.41388	6.77871	-1	-1	-1
0	256	8.71852	0.497719	-1	-1	-1
0	256	-1.08566	-4.17226	5089	5214.06	-1
0	256	-6.74286	0.947681	1690	1787.94	-1
0	256	-0.38672	-9.68078	3832	3901.97	-1
0	256	-4.87779	0.875347	46	84.6875	-1
0	256	2.53375	-6.06992	-1	-1	-1
0	256	8.69194	-4.43063	-1	-1	-1
0	256	8.20072	-5.32957	-1	-1	-1
0	256	-3.63617	0.314771	492	539.812	-1
0	256	4.97384	8.65024	-1	-1	-1
0	256	1.01122	7.56934	-1	-1	-1
0	256	-6.63482	-0.237234	-1	-1	-1
0	256	-0.774939	5.32416	2079	2123.84	-1
0	256	-0.527152	7.54262	-1	-1	-1
0	256	5.45124	0.790053	3869	3911.53	-1
0	256	-8.363	-4.84734	-1	-1	-1
0	256	5.50494	-5.32449	-1	-1	-1
0	256	2.28635	7.50323	-1	-1	-1
0	256	-9.73611	2.58892	2961	3030.06	-1
0	256	-7.53944	6.18418	-1	-1	-1
0	256	-3.76376	-6.0839	611	739.125	-1
0	256	-1.98593	-8.71034	-1	-1	-1
0	256	-1.60939	-9.77979	3311	3393.59	-1
0	256	-2.73061	-6.64229	4739	4847	-1
0	256	-8.419	-4.16892	1796	1893.69	-1
0	256	1.89503	4.56088	-1	-1	-1
0	256	-4.06906	5.93885	2743	2801.09	-1
0	256	-4.17572	3.35785	-1	-1	-1
0	256	-5.11313	7.17766	-1	-1	-1
0	256	-3.04578	-3.91141	2417	2549.69	-1
0	256	3.49387	-3.18298	2199	2356.47	-1
0	256	3.17217	-1.86987	121	152.25	-1
0	256	-5.79684	-5.83109	-1	-1	-1
0	256	2.72773	-1.86886	30	62.1875	-1
0	256	6.71849	8.77464	-1	-1	-1
0	256	-7.40028	-4.54805	-1	-1	-1
0	256	6.43703	-6.99758	-1	-1	-1
0	256	0.744179	7.60502	-1	-1	-1
0	256	0.302911	-5.49212	-1	-1	-1
0	256	3.02377	7.19025	-1	-1	-1
0	256	-1.63335	3.56709	2012	2045.31	-1
0	256	6.49627	0.392319	-1	-1	-1
0	256	-8.90891	-3.48317	-1	-1	-1
0	256	-5.06357	-5.43852	-1	-1	-1
0	256	-3.71277	-3.84305	-1	-1	-1
0	256	7.34514	1.5469	-1	-1	-1
0	256	2.44692	7.09027	2619	2717.38	-1
0	256	-5.34229	-0.146391	1784	1825.03	-1
0	256	-2.44974	-4.70413	4761	4897.53	-1
0	256	1.02199	6.34993	-1	-1	-1
0	256	-2.00666	3.71074	3783	3817.16	-1
0	256	-0.531571	-2.96383	2776	2804.12	-1
0	256	-1.22099	3.41242	2530	2560.75	-1
0	256	2.93198	2.43703	254	295.531	-1
0	256	-5.26214	-6.14323	-1	-1	-1
0	256	0.86721	-5.8549	-1	-1	-1
0	256	1.55066	7.84864	-1	-1	-1
0	256	-9.50133	-0.352119	2204	2284.88	-1
0	256	-9.22737	-9.40362	-1	-1	-1
0	256	4.00718	-4.89261	-1	-1	-1
0	256	1.86117	-2.56066	355	507.469	-1
0	256	-9.07327	-3.81097	-1	-1	-1
0	256	2.80552	3.69967	3569	3704.41	-1
0	256	7.16425	-6.41335	-1	-1	-1
0	256	3.00915	-7.78595	2864	2929.31	-1
0	256	5.09225	-6.77621	-1	-1	-1
0	256	2.12126	9.18984	-1	-1	-1
0	256	-2.07362	6.33738	3589	3642	-1
0	256	8.26786	3.57978	1175	1263.91	-1
0	256	8.08423	-0.51936	2952	3042.44	-1
0	256	6.53035	-5.35864	-1	-1	-1
0	256	5.67636	0.324075	2062	2161.25	-1
0	256	-6.23259	-7.7267	-1	-1	-1
0	256	3.36454	-5.62882	-1	-1	-1
0	256	0.667505	-5.21083	4662	4769.81	-1
0	256	3.42047	8.64552	-1	-1	-1
0	256	4.01413	6.88579	2370	2486.12	-1
0	256	3.06536	-7.23271	-1	-1	-1
0	256	6.42648	-1.72236	-1	-1	-1
0	256	-1.18737	-3.46582	160	287.938	-1
0	256	9.28145	-3.52606	-1	-1	-1
0	256	-3.49855	9.06944	-1	-1	-1
0	256	7.48106	-0.653869	2983	3077.09	-1
0	256	2.94598	9.39099	-1	-1	-1
0	256	-4.09662	1.05723	-1	-1	-1
0	256	7.08253	-6.66877	-1	-1	-1
0	256	1.61583	3.1099	37	68.4688	-1
0	256	3.12239	-2.81711	225	378.531	-1
0	256	-1.92343	-6.9771	575	627.219	-1
0	256	4.00491	-3.93126	81	123.531	-1
0	256	-4.5947	-5.76	-1	-1	-1
0	256	3.87089	-5.1232	2839	2960.25	-1
0	256	5.67688	-5.18398	2878	3011.53	-1
0	256	-5.34043	7.51832	-1	-1	-1
0	256	-9.09521	1.72807	-1	-1	-1
0	256	-4.08379	-4.26228	5208	5366.12	-1
0	256	7.36456	3.87548	-1	-1	-1
0	256	-1.97556	7.40116	-1	-1	-1
0	256	5.21931	0.0981813	5031	5138.94	-1
0	256	2.05216	-4.35938	2989	3029.28	-1
0	256	7.41247	1.91582	-1	-1	-1
0	256	2.47255	6.72965	2197	2306.72	-1
0	256	1.73546	-5.58369	-1	-1	-1
0	256	5.71926	-1.79758	3132	3244.66	-1
0	256	9.62992	-1.17979	-1	-1	-1
0	256	-3.31315	1.90558	344	375.219	-1
0	256	-2.13098	-9.69446	-1	-1	-1
0	256	-1.32286	7.25819	-1	-1	-1
0	256	5.95722	-7.12395	-1	-1	-1
0	256	2.57194	6.92008	-1	-1	-1
0	256	-5.44305	-1.13774	613	658.812	-1
0	256	7.28144	0.70187	-1	-1	-1
0	256	-4.39434	6.29773	2841	2954.56	-1
0	256	6.07406	-4.93362	-1	-1	-1
0	256	-3.20799	5.9125	3588	3708.72	-1
0	256	2.40932	8.19515	-1	-1	-1
0	256	-2.59639	9.42589	-1	-1	-1
0	256	3.81741	2.17113	1496	1626.16	-1
0	256	1.65593	7.35762	71	134.031	-1
0	256	5.94155	-2.20012	770	821.094	-1
0	256	6.46855	-6.3681	-1	-1	-1
0	256	-7.80756	8.26129	-1	-1	-1
0	256	2.05334	3.86711	699	754.25	-1
0	256	-9.16907	-0.496748	-1	-1	-1
0	256	-3.1764	-3.32827	4658	4695.84	-1
0	256	7.53322	-5.38528	3862	3985.28	-1
0	256	0.16539	-3.04031	150	280.281	-1
0	256	-6.74085	4.07762	-1	-1	-1
0	256	6.43106	-3.93932	3645	3752.75	-1
0	256	-0.846651	3.60019	4952	5067.44	-1
0	256	7.49651	1.81868	2575	2630.59	-1
0	256	7.24747	3.61975	-1	-1	-1
0	256	-2.0331	5.16552	4822	4879.84	-1
0	256	-2.69258	-2.50718	1371	1538.81	-1
0	256	-1.1786	-3.82253	312	447.281	-1
0	256	-1.883	2.34441	2899	2929.41	-1
0	256	6.72615	-3.42259	-1	-1	-1
0	256	-6.79388	-4.42693	-1	-1	-1
0	256	1.35646	-8.34224	-1	-1	-1
0	256	-1.69629	3.65772	2663	2790.56	-1
0	256	7.8232	-2.35411	-1	-1	-1
0	256	5.47759	-1.76536	2447	2568.97	-1
0	256	8.40668	-2.25032	-1	-1	-1
0	256	-4.87775	-2.859	-1	-1	-1
0	256	4.78679	8.09959	-1	-1	-1
0	256	6.17867	-6.4213	1341	1478.28	-1
0	256	-6.32796	-5.74988	-1	-1	-1
0	256	-3.92509	1.34678	262	389.188	-1
0	256	-2.2919	-3.80776	182	321.344	-1
0	256	2.02704	3.40138	61	188.844	-1
0	256	6.32898	3.53824	-1	-1	-1
0	256	8.85253	1.15693	5315	5378.75	-1
0	256	-0.8685	8.23108	2433	2494.06	-1
0	256	7.41606	1.43122	-1	-1	-1
0	256	-3.91424	4.55314	993	1126.91	-1
0	256	3.37427	-5.50052	3490	3543.69	-1
0	256	6.26301	-5.6225	4471	4599.03	-1
0	256	6.86772	-5.11863	344	459.281	-1
0	256	-6.72405	0.34032	1909	1962.09	-1
0	256	-8.22877	2.2305	-1	-1	-1
0	256	-5.71117	-7.67923	-1	-1	-1
0	256	6.71862	-6.98784	4210	4322.22	-1
0	256	-5.21508	-6.38002	-1	-1	-1
0	256	8.15596	5.44947	-1	-1	-1
0	256	-1.47316	-8.34973	1649	1716.94	-1
0	256	-6.18484	-4.84708	1076	1141.09	-1
0	256	-9.29383	2.55321	213	281.094	-1
0	256	2.88623	-4.53104	161	283.562	-1
0	256	4.53896	0.61508	495	531.688	-1
0	256	-2.51689	1.88171	53	84.5	-1
0	256	-4.29894	-7.71614	-1	-1	-1
0	256	1.81066	-5.18023	4309	4442.72	-1
0	256	2.01148	-3.78228	56	93.8438	-1
0	256	1.54974	2.94323	108	244.75	-1
0	256	3.52328	-9.29705	-1	-1	-1
0	256	4.94418	-5.57679	1313	1435.5	-1
0	256	8.43564	-4.23238	-1	-1	-1
0	256	-4.21623	4.45029	1790	1933.44	-1
0	256	6.21165	3.2383	-1	-1	-1
0	256	-2.00323	3.46707	5264	5300.03	-1
0	256	-6.37906	-4.93631	2612	2744.09	-1
0	256	-8.83371	-1.25987	-1	-1	-1
0	256	-3.42587	2.77085	5394	-1	-1
0	256	7.41754	5.27647	3178	3289.12	-1
0	256	-4.84136	-4.91045	-1	-1	-1
