Pile ID	Distribution Type	X-Position	Y-Position	Pickup Time	Drop Off Time	Ant ID
1	1	3.64439	0.186021	3092	3128.06	-1
1	1	3.79439	0.186021	4219	4250.25	-1
1	1	3.94439	0.186021	5098	5211.16	-1
1	1	4.09439	0.186021	-1	-1	-1
1	1	4.24439	0.186021	-1	-1	-1
1	1	4.39439	0.186021	-1	-1	-1
1	1	4.54439	0.186021	-1	-1	-1
1	1	4.69439	0.186021	-1	-1	-1
1	1	4.84439	0.186021	-1	-1	-1
1	1	4.99439	0.186021	-1	-1	-1
1	1	5.14439	0.186021	-1	-1	-1
1	1	5.29439	0.186021	-1	-1	-1
1	1	5.44439	0.186021	-1	-1	-1
1	1	5.59439	0.186021	-1	-1	-1
1	1	5.74439	0.186021	-1	-1	-1
1	1	5.89439	0.186021	-1	-1	-1
1	1	3.64439	0.336021	2966	3018.06	-1
1	1	3.79439	0.336021	3049	3107.53	-1
1	1	3.94439	0.336021	4687	4801.03	-1
1	1	4.09439	0.336021	-1	-1	-1
1	1	4.24439	0.336021	-1	-1	-1
1	1	4.39439	0.336021	-1	-1	-1
1	1	4.54439	0.336021	-1	-1	-1
1	1	4.69439	0.336021	-1	-1	-1
1	1	4.84439	0.336021	-1	-1	-1
1	1	4.99439	0.336021	-1	-1	-1
1	1	5.14439	0.336021	-1	-1	-1
1	1	5.29439	0.336021	-1	-1	-1
1	1	5.44439	0.336021	-1	-1	-1
1	1	5.59439	0.336021	-1	-1	-1
1	1	5.74439	0.336021	-1	-1	-1
1	1	5.89439	0.336021	-1	-1	-1
1	1	3.64439	0.486021	2914	2944.72	-1
1	1	3.79439	0.486021	3075	3135.97	-1
1	1	3.94439	0.486021	4831	4864.19	-1
1	1	4.09439	0.486021	-1	-1	-1
1	1	4.24439	0.486021	-1	-1	-1
1	1	4.39439	0.486021	-1	-1	-1
1	1	4.54439	0.486021	-1	-1	-1
1	1	4.69439	0.486021	-1	-1	-1
1	1	4.84439	0.486021	-1	-1	-1
1	1	4.99439	0.486021	-1	-1	-1
1	1	5.14439	0.486021	-1	-1	-1
1	1	5.29439	0.486021	-1	-1	-1
1	1	5.44439	0.486021	-1	-1	-1
1	1	5.59439	0.486021	-1	-1	-1
1	1	5.74439	0.486021	-1	-1	-1
1	1	5.89439	0.486021	-1	-1	-1
1	1	3.64439	0.636021	3014	3082.34	-1
1	1	3.79439	0.636021	3240	3273.34	-1
1	1	3.94439	0.636021	4359	4395.59	-1
1	1	4.09439	0.636021	-1	-1	-1
1	1	4.24439	0.636021	-1	-1	-1
1	1	4.39439	0.636021	-1	-1	-1
1	1	4.54439	0.636021	-1	-1	-1
1	1	4.69439	0.636021	-1	-1	-1
1	1	4.84439	0.636021	-1	-1	-1
1	1	4.99439	0.636021	-1	-1	-1
1	1	5.14439	0.636021	-1	-1	-1
1	1	5.29439	0.636021	-1	-1	-1
1	1	5.44439	0.636021	-1	-1	-1
1	1	5.59439	0.636021	-1	-1	-1
1	1	5.74439	0.636021	-1	-1	-1
1	1	5.89439	0.636021	-1	-1	-1
1	1	3.64439	0.786021	1532	1648.91	-1
1	1	3.79439	0.786021	3333	3368.16	-1
1	1	3.94439	0.786021	4287	4322.81	-1
1	1	4.09439	0.786021	-1	-1	-1
1	1	4.24439	0.786021	-1	-1	-1
1	1	4.39439	0.786021	-1	-1	-1
1	1	4.54439	0.786021	-1	-1	-1
1	1	4.69439	0.786021	-1	-1	-1
1	1	4.84439	0.786021	-1	-1	-1
1	1	4.99439	0.786021	-1	-1	-1
1	1	5.14439	0.786021	-1	-1	-1
1	1	5.29439	0.786021	-1	-1	-1
1	1	5.44439	0.786021	-1	-1	-1
1	1	5.59439	0.786021	-1	-1	-1
1	1	5.74439	0.786021	-1	-1	-1
1	1	5.89439	0.786021	-1	-1	-1
1	1	3.64439	0.936021	996	1122.34	-1
1	1	3.79439	0.936021	4203	4237.62	-1
1	1	3.94439	0.936021	-1	-1	-1
1	1	4.09439	0.936021	-1	-1	-1
1	1	4.24439	0.936021	-1	-1	-1
1	1	4.39439	0.936021	-1	-1	-1
1	1	4.54439	0.936021	-1	-1	-1
1	1	4.69439	0.936021	-1	-1	-1
1	1	4.84439	0.936021	-1	-1	-1
1	1	4.99439	0.936021	-1	-1	-1
1	1	5.14439	0.936021	-1	-1	-1
1	1	5.29439	0.936021	-1	-1	-1
1	1	5.44439	0.936021	-1	-1	-1
1	1	5.59439	0.936021	-1	-1	-1
1	1	5.74439	0.936021	-1	-1	-1
1	1	5.89439	0.936021	-1	-1	-1
1	1	3.64439	1.08602	1568	1604.22	-1
1	1	3.79439	1.08602	-1	-1	-1
1	1	3.94439	1.08602	-1	-1	-1
1	1	4.09439	1.08602	-1	-1	-1
1	1	4.24439	1.08602	-1	-1	-1
1	1	4.39439	1.08602	-1	-1	-1
1	1	4.54439	1.08602	-1	-1	-1
1	1	4.69439	1.08602	-1	-1	-1
1	1	4.84439	1.08602	-1	-1	-1
1	1	4.99439	1.08602	-1	-1	-1
1	1	5.14439	1.08602	-1	-1	-1
1	1	5.29439	1.08602	-1	-1	-1
1	1	5.44439	1.08602	-1	-1	-1
1	1	5.59439	1.08602	-1	-1	-1
1	1	5.74439	1.08602	-1	-1	-1
1	1	5.89439	1.08602	-1	-1	-1
1	1	3.64439	1.23602	1433	1467.78	-1
1	1	3.79439	1.23602	1656	1707.38	-1
1	1	3.94439	1.23602	3801	3834.78	-1
1	1	4.09439	1.23602	5277	5358.22	-1
1	1	4.24439	1.23602	-1	-1	-1
1	1	4.39439	1.23602	-1	-1	-1
1	1	4.54439	1.23602	-1	-1	-1
1	1	4.69439	1.23602	-1	-1	-1
1	1	4.84439	1.23602	-1	-1	-1
1	1	4.99439	1.23602	-1	-1	-1
1	1	5.14439	1.23602	-1	-1	-1
1	1	5.29439	1.23602	-1	-1	-1
1	1	5.44439	1.23602	-1	-1	-1
1	1	5.59439	1.23602	-1	-1	-1
1	1	5.74439	1.23602	-1	-1	-1
1	1	5.89439	1.23602	-1	-1	-1
1	1	3.64439	1.38602	534	662.125	-1
1	1	3.79439	1.38602	2263	2378.34	-1
1	1	3.94439	1.38602	2411	2447.91	-1
1	1	4.09439	1.38602	5116	5220.12	-1
1	1	4.24439	1.38602	5116	5228.84	-1
1	1	4.39439	1.38602	-1	-1	-1
1	1	4.54439	1.38602	-1	-1	-1
1	1	4.69439	1.38602	-1	-1	-1
1	1	4.84439	1.38602	-1	-1	-1
1	1	4.99439	1.38602	-1	-1	-1
1	1	5.14439	1.38602	-1	-1	-1
1	1	5.29439	1.38602	-1	-1	-1
1	1	5.44439	1.38602	-1	-1	-1
1	1	5.59439	1.38602	-1	-1	-1
1	1	5.74439	1.38602	-1	-1	-1
1	1	5.89439	1.38602	-1	-1	-1
1	1	3.64439	1.53602	1563	1596.31	-1
1	1	3.79439	1.53602	1744	1803.75	-1
1	1	3.94439	1.53602	2049	2089.81	-1
1	1	4.09439	1.53602	4401	4520.62	-1
1	1	4.24439	1.53602	-1	-1	-1
1	1	4.39439	1.53602	-1	-1	-1
1	1	4.54439	1.53602	-1	-1	-1
1	1	4.69439	1.53602	-1	-1	-1
1	1	4.84439	1.53602	-1	-1	-1
1	1	4.99439	1.53602	-1	-1	-1
1	1	5.14439	1.53602	-1	-1	-1
1	1	5.29439	1.53602	-1	-1	-1
1	1	5.44439	1.53602	-1	-1	-1
1	1	5.59439	1.53602	-1	-1	-1
1	1	5.74439	1.53602	-1	-1	-1
1	1	5.89439	1.53602	-1	-1	-1
1	1	3.64439	1.68602	1539	1659.88	-1
1	1	3.79439	1.68602	1798	1846.25	-1
1	1	3.94439	1.68602	1914	1974.88	-1
1	1	4.09439	1.68602	2200	2234.75	-1
1	1	4.24439	1.68602	4805	4845.31	-1
1	1	4.39439	1.68602	-1	-1	-1
1	1	4.54439	1.68602	-1	-1	-1
1	1	4.69439	1.68602	-1	-1	-1
1	1	4.84439	1.68602	-1	-1	-1
1	1	4.99439	1.68602	-1	-1	-1
1	1	5.14439	1.68602	-1	-1	-1
1	1	5.29439	1.68602	-1	-1	-1
1	1	5.44439	1.68602	-1	-1	-1
1	1	5.59439	1.68602	-1	-1	-1
1	1	5.74439	1.68602	-1	-1	-1
1	1	5.89439	1.68602	-1	-1	-1
1	1	3.64439	1.83602	1702	1751.31	-1
1	1	3.79439	1.83602	1866	1917.09	-1
1	1	3.94439	1.83602	1979	2060.56	-1
1	1	4.09439	1.83602	4694	4729.69	-1
1	1	4.24439	1.83602	4878	4967.72	-1
1	1	4.39439	1.83602	-1	-1	-1
1	1	4.54439	1.83602	-1	-1	-1
1	1	4.69439	1.83602	-1	-1	-1
1	1	4.84439	1.83602	-1	-1	-1
1	1	4.99439	1.83602	-1	-1	-1
1	1	5.14439	1.83602	-1	-1	-1
1	1	5.29439	1.83602	-1	-1	-1
1	1	5.44439	1.83602	-1	-1	-1
1	1	5.59439	1.83602	-1	-1	-1
1	1	5.74439	1.83602	-1	-1	-1
1	1	5.89439	1.83602	-1	-1	-1
1	1	3.64439	1.98602	2040	2078.81	-1
1	1	3.79439	1.98602	2107	2167.88	-1
1	1	3.94439	1.98602	2067	2117.38	-1
1	1	4.09439	1.98602	4775	4815.16	-1
1	1	4.24439	1.98602	-1	-1	-1
1	1	4.39439	1.98602	-1	-1	-1
1	1	4.54439	1.98602	-1	-1	-1
1	1	4.69439	1.98602	-1	-1	-1
1	1	4.84439	1.98602	-1	-1	-1
1	1	4.99439	1.98602	-1	-1	-1
1	1	5.14439	1.98602	-1	-1	-1
1	1	5.29439	1.98602	-1	-1	-1
1	1	5.44439	1.98602	-1	-1	-1
1	1	5.59439	1.98602	-1	-1	-1
1	1	5.74439	1.98602	-1	-1	-1
1	1	5.89439	1.98602	-1	-1	-1
1	1	3.64439	2.13602	3692	3736.84	-1
1	1	3.79439	2.13602	3483	3611.03	-1
1	1	3.94439	2.13602	3654	3700.91	-1
1	1	4.09439	2.13602	-1	-1	-1
1	1	4.24439	2.13602	-1	-1	-1
1	1	4.39439	2.13602	-1	-1	-1
1	1	4.54439	2.13602	-1	-1	-1
1	1	4.69439	2.13602	-1	-1	-1
1	1	4.84439	2.13602	-1	-1	-1
1	1	4.99439	2.13602	-1	-1	-1
1	1	5.14439	2.13602	-1	-1	-1
1	1	5.29439	2.13602	-1	-1	-1
1	1	5.44439	2.13602	-1	-1	-1
1	1	5.59439	2.13602	-1	-1	-1
1	1	5.74439	2.13602	-1	-1	-1
1	1	5.89439	2.13602	-1	-1	-1
1	1	3.64439	2.28602	-1	-1	-1
1	1	3.79439	2.28602	-1	-1	-1
1	1	3.94439	2.28602	-1	-1	-1
1	1	4.09439	2.28602	-1	-1	-1
1	1	4.24439	2.28602	-1	-1	-1
1	1	4.39439	2.28602	-1	-1	-1
1	1	4.54439	2.28602	-1	-1	-1
1	1	4.69439	2.28602	-1	-1	-1
1	1	4.84439	2.28602	-1	-1	-1
1	1	4.99439	2.28602	-1	-1	-1
1	1	5.14439	2.28602	-1	-1	-1
1	1	5.29439	2.28602	-1	-1	-1
1	1	5.44439	2.28602	-1	-1	-1
1	1	5.59439	2.28602	-1	-1	-1
1	1	5.74439	2.28602	-1	-1	-1
1	1	5.89439	2.28602	-1	-1	-1
1	1	3.64439	2.43602	-1	-1	-1
1	1	3.79439	2.43602	-1	-1	-1
1	1	3.94439	2.43602	3614	3658.62	-1
1	1	4.09439	2.43602	3712	3760.31	-1
1	1	4.24439	2.43602	-1	-1	-1
1	1	4.39439	2.43602	-1	-1	-1
1	1	4.54439	2.43602	-1	-1	-1
1	1	4.69439	2.43602	-1	-1	-1
1	1	4.84439	2.43602	-1	-1	-1
1	1	4.99439	2.43602	-1	-1	-1
1	1	5.14439	2.43602	-1	-1	-1
1	1	5.29439	2.43602	-1	-1	-1
1	1	5.44439	2.43602	-1	-1	-1
1	1	5.59439	2.43602	-1	-1	-1
1	1	5.74439	2.43602	-1	-1	-1
1	1	5.89439	2.43602	-1	-1	-1
2	4	-5.91024	8.0097	-1	-1	-1
2	4	-5.76024	8.0097	-1	-1	-1
2	4	-5.61024	8.0097	-1	-1	-1
2	4	-5.46024	8.0097	-1	-1	-1
2	4	-5.31024	8.0097	4854	4962.88	-1
2	4	-5.16024	8.0097	5029	5112.09	-1
2	4	-5.01024	8.0097	-1	-1	-1
2	4	-4.86024	8.0097	-1	-1	-1
2	4	-5.91024	8.1597	-1	-1	-1
2	4	-5.76024	8.1597	-1	-1	-1
2	4	-5.61024	8.1597	-1	-1	-1
2	4	-5.46024	8.1597	-1	-1	-1
2	4	-5.31024	8.1597	-1	-1	-1
2	4	-5.16024	8.1597	-1	-1	-1
2	4	-5.01024	8.1597	-1	-1	-1
2	4	-4.86024	8.1597	-1	-1	-1
2	4	-5.91024	8.3097	-1	-1	-1
2	4	-5.76024	8.3097	-1	-1	-1
2	4	-5.61024	8.3097	-1	-1	-1
2	4	-5.46024	8.3097	-1	-1	-1
2	4	-5.31024	8.3097	-1	-1	-1
2	4	-5.16024	8.3097	-1	-1	-1
2	4	-5.01024	8.3097	-1	-1	-1
2	4	-4.86024	8.3097	-1	-1	-1
2	4	-5.91024	8.4597	-1	-1	-1
2	4	-5.76024	8.4597	-1	-1	-1
2	4	-5.61024	8.4597	-1	-1	-1
2	4	-5.46024	8.4597	-1	-1	-1
2	4	-5.31024	8.4597	-1	-1	-1
2	4	-5.16024	8.4597	-1	-1	-1
2	4	-5.01024	8.4597	-1	-1	-1
2	4	-4.86024	8.4597	-1	-1	-1
2	4	-5.91024	8.6097	-1	-1	-1
2	4	-5.76024	8.6097	-1	-1	-1
2	4	-5.61024	8.6097	-1	-1	-1
2	4	-5.46024	8.6097	-1	-1	-1
2	4	-5.31024	8.6097	-1	-1	-1
2	4	-5.16024	8.6097	-1	-1	-1
2	4	-5.01024	8.6097	-1	-1	-1
2	4	-4.86024	8.6097	-1	-1	-1
2	4	-5.91024	8.7597	-1	-1	-1
2	4	-5.76024	8.7597	-1	-1	-1
2	4	-5.61024	8.7597	-1	-1	-1
2	4	-5.46024	8.7597	-1	-1	-1
2	4	-5.31024	8.7597	-1	-1	-1
2	4	-5.16024	8.7597	-1	-1	-1
2	4	-5.01024	8.7597	-1	-1	-1
2	4	-4.86024	8.7597	-1	-1	-1
2	4	-5.91024	8.9097	-1	-1	-1
2	4	-5.76024	8.9097	-1	-1	-1
2	4	-5.61024	8.9097	-1	-1	-1
2	4	-5.46024	8.9097	-1	-1	-1
2	4	-5.31024	8.9097	-1	-1	-1
2	4	-5.16024	8.9097	-1	-1	-1
2	4	-5.01024	8.9097	-1	-1	-1
2	4	-4.86024	8.9097	-1	-1	-1
2	4	-5.91024	9.0597	-1	-1	-1
2	4	-5.76024	9.0597	-1	-1	-1
2	4	-5.61024	9.0597	-1	-1	-1
2	4	-5.46024	9.0597	-1	-1	-1
2	4	-5.31024	9.0597	2738	2818.25	-1
2	4	-5.16024	9.0597	-1	-1	-1
2	4	-5.01024	9.0597	-1	-1	-1
2	4	-4.86024	9.0597	-1	-1	-1
3	4	4.58102	-5.47929	3957	4040.19	-1
3	4	4.73102	-5.47929	-1	-1	-1
3	4	4.88102	-5.47929	-1	-1	-1
3	4	5.03102	-5.47929	-1	-1	-1
3	4	5.18102	-5.47929	-1	-1	-1
3	4	5.33102	-5.47929	-1	-1	-1
3	4	5.48102	-5.47929	-1	-1	-1
3	4	5.63102	-5.47929	-1	-1	-1
3	4	4.58102	-5.32929	3884	4011.81	-1
3	4	4.73102	-5.32929	-1	-1	-1
3	4	4.88102	-5.32929	-1	-1	-1
3	4	5.03102	-5.32929	-1	-1	-1
3	4	5.18102	-5.32929	-1	-1	-1
3	4	5.33102	-5.32929	-1	-1	-1
3	4	5.48102	-5.32929	-1	-1	-1
3	4	5.63102	-5.32929	-1	-1	-1
3	4	4.58102	-5.17929	4066	4129.41	-1
3	4	4.73102	-5.17929	-1	-1	-1
3	4	4.88102	-5.17929	-1	-1	-1
3	4	5.03102	-5.17929	-1	-1	-1
3	4	5.18102	-5.17929	-1	-1	-1
3	4	5.33102	-5.17929	-1	-1	-1
3	4	5.48102	-5.17929	-1	-1	-1
3	4	5.63102	-5.17929	-1	-1	-1
3	4	4.58102	-5.02929	-1	-1	-1
3	4	4.73102	-5.02929	-1	-1	-1
3	4	4.88102	-5.02929	-1	-1	-1
3	4	5.03102	-5.02929	-1	-1	-1
3	4	5.18102	-5.02929	-1	-1	-1
3	4	5.33102	-5.02929	-1	-1	-1
3	4	5.48102	-5.02929	-1	-1	-1
3	4	5.63102	-5.02929	-1	-1	-1
3	4	4.58102	-4.87929	-1	-1	-1
3	4	4.73102	-4.87929	-1	-1	-1
3	4	4.88102	-4.87929	-1	-1	-1
3	4	5.03102	-4.87929	-1	-1	-1
3	4	5.18102	-4.87929	-1	-1	-1
3	4	5.33102	-4.87929	-1	-1	-1
3	4	5.48102	-4.87929	-1	-1	-1
3	4	5.63102	-4.87929	-1	-1	-1
3	4	4.58102	-4.72929	-1	-1	-1
3	4	4.73102	-4.72929	-1	-1	-1
3	4	4.88102	-4.72929	-1	-1	-1
3	4	5.03102	-4.72929	-1	-1	-1
3	4	5.18102	-4.72929	-1	-1	-1
3	4	5.33102	-4.72929	-1	-1	-1
3	4	5.48102	-4.72929	-1	-1	-1
3	4	5.63102	-4.72929	-1	-1	-1
3	4	4.58102	-4.57929	-1	-1	-1
3	4	4.73102	-4.57929	-1	-1	-1
3	4	4.88102	-4.57929	-1	-1	-1
3	4	5.03102	-4.57929	-1	-1	-1
3	4	5.18102	-4.57929	-1	-1	-1
3	4	5.33102	-4.57929	-1	-1	-1
3	4	5.48102	-4.57929	-1	-1	-1
3	4	5.63102	-4.57929	-1	-1	-1
3	4	4.58102	-4.42929	-1	-1	-1
3	4	4.73102	-4.42929	-1	-1	-1
3	4	4.88102	-4.42929	-1	-1	-1
3	4	5.03102	-4.42929	-1	-1	-1
3	4	5.18102	-4.42929	-1	-1	-1
3	4	5.33102	-4.42929	-1	-1	-1
3	4	5.48102	-4.42929	-1	-1	-1
3	4	5.63102	-4.42929	-1	-1	-1
4	4	-1.21717	7.5381	5201	5272.78	-1
4	4	-1.06717	7.5381	4818	4918.44	-1
4	4	-0.917172	7.5381	5181	5255.62	-1
4	4	-0.767172	7.5381	5280	5339.75	-1
4	4	-0.617172	7.5381	-1	-1	-1
4	4	-0.467172	7.5381	-1	-1	-1
4	4	-0.317172	7.5381	-1	-1	-1
4	4	-0.167172	7.5381	-1	-1	-1
4	4	-1.21717	7.6881	-1	-1	-1
4	4	-1.06717	7.6881	4997	5094.53	-1
4	4	-0.917172	7.6881	5157	5216.88	-1
4	4	-0.767172	7.6881	-1	-1	-1
4	4	-0.617172	7.6881	-1	-1	-1
4	4	-0.467172	7.6881	-1	-1	-1
4	4	-0.317172	7.6881	-1	-1	-1
4	4	-0.167172	7.6881	-1	-1	-1
4	4	-1.21717	7.8381	-1	-1	-1
4	4	-1.06717	7.8381	5286	5346.94	-1
4	4	-0.917172	7.8381	-1	-1	-1
4	4	-0.767172	7.8381	-1	-1	-1
4	4	-0.617172	7.8381	-1	-1	-1
4	4	-0.467172	7.8381	-1	-1	-1
4	4	-0.317172	7.8381	-1	-1	-1
4	4	-0.167172	7.8381	-1	-1	-1
4	4	-1.21717	7.9881	-1	-1	-1
4	4	-1.06717	7.9881	-1	-1	-1
4	4	-0.917172	7.9881	-1	-1	-1
4	4	-0.767172	7.9881	-1	-1	-1
4	4	-0.617172	7.9881	-1	-1	-1
4	4	-0.467172	7.9881	-1	-1	-1
4	4	-0.317172	7.9881	-1	-1	-1
4	4	-0.167172	7.9881	-1	-1	-1
4	4	-1.21717	8.1381	-1	-1	-1
4	4	-1.06717	8.1381	-1	-1	-1
4	4	-0.917172	8.1381	-1	-1	-1
4	4	-0.767172	8.1381	-1	-1	-1
4	4	-0.617172	8.1381	-1	-1	-1
4	4	-0.467172	8.1381	-1	-1	-1
4	4	-0.317172	8.1381	-1	-1	-1
4	4	-0.167172	8.1381	-1	-1	-1
4	4	-1.21717	8.2881	-1	-1	-1
4	4	-1.06717	8.2881	-1	-1	-1
4	4	-0.917172	8.2881	-1	-1	-1
4	4	-0.767172	8.2881	-1	-1	-1
4	4	-0.617172	8.2881	-1	-1	-1
4	4	-0.467172	8.2881	-1	-1	-1
4	4	-0.317172	8.2881	-1	-1	-1
4	4	-0.167172	8.2881	-1	-1	-1
4	4	-1.21717	8.4381	-1	-1	-1
4	4	-1.06717	8.4381	-1	-1	-1
4	4	-0.917172	8.4381	-1	-1	-1
4	4	-0.767172	8.4381	-1	-1	-1
4	4	-0.617172	8.4381	-1	-1	-1
4	4	-0.467172	8.4381	-1	-1	-1
4	4	-0.317172	8.4381	-1	-1	-1
4	4	-0.167172	8.4381	-1	-1	-1
4	4	-1.21717	8.5881	-1	-1	-1
4	4	-1.06717	8.5881	-1	-1	-1
4	4	-0.917172	8.5881	-1	-1	-1
4	4	-0.767172	8.5881	-1	-1	-1
4	4	-0.617172	8.5881	-1	-1	-1
4	4	-0.467172	8.5881	-1	-1	-1
4	4	-0.317172	8.5881	-1	-1	-1
4	4	-0.167172	8.5881	-1	-1	-1
5	4	6.0435	5.07431	-1	-1	-1
5	4	6.1935	5.07431	-1	-1	-1
5	4	6.3435	5.07431	-1	-1	-1
5	4	6.4935	5.07431	-1	-1	-1
5	4	6.6435	5.07431	-1	-1	-1
5	4	6.7935	5.07431	-1	-1	-1
5	4	6.9435	5.07431	-1	-1	-1
5	4	7.0935	5.07431	-1	-1	-1
5	4	6.0435	5.22431	-1	-1	-1
5	4	6.1935	5.22431	-1	-1	-1
5	4	6.3435	5.22431	-1	-1	-1
5	4	6.4935	5.22431	-1	-1	-1
5	4	6.6435	5.22431	-1	-1	-1
5	4	6.7935	5.22431	-1	-1	-1
5	4	6.9435	5.22431	-1	-1	-1
5	4	7.0935	5.22431	-1	-1	-1
5	4	6.0435	5.37431	-1	-1	-1
5	4	6.1935	5.37431	-1	-1	-1
5	4	6.3435	5.37431	-1	-1	-1
5	4	6.4935	5.37431	-1	-1	-1
5	4	6.6435	5.37431	-1	-1	-1
5	4	6.7935	5.37431	-1	-1	-1
5	4	6.9435	5.37431	-1	-1	-1
5	4	7.0935	5.37431	-1	-1	-1
5	4	6.0435	5.52431	-1	-1	-1
5	4	6.1935	5.52431	-1	-1	-1
5	4	6.3435	5.52431	-1	-1	-1
5	4	6.4935	5.52431	-1	-1	-1
5	4	6.6435	5.52431	-1	-1	-1
5	4	6.7935	5.52431	-1	-1	-1
5	4	6.9435	5.52431	-1	-1	-1
5	4	7.0935	5.52431	-1	-1	-1
5	4	6.0435	5.67431	-1	-1	-1
5	4	6.1935	5.67431	-1	-1	-1
5	4	6.3435	5.67431	-1	-1	-1
5	4	6.4935	5.67431	-1	-1	-1
5	4	6.6435	5.67431	-1	-1	-1
5	4	6.7935	5.67431	-1	-1	-1
5	4	6.9435	5.67431	-1	-1	-1
5	4	7.0935	5.67431	-1	-1	-1
5	4	6.0435	5.82431	-1	-1	-1
5	4	6.1935	5.82431	-1	-1	-1
5	4	6.3435	5.82431	-1	-1	-1
5	4	6.4935	5.82431	-1	-1	-1
5	4	6.6435	5.82431	-1	-1	-1
5	4	6.7935	5.82431	-1	-1	-1
5	4	6.9435	5.82431	-1	-1	-1
5	4	7.0935	5.82431	-1	-1	-1
5	4	6.0435	5.97431	-1	-1	-1
5	4	6.1935	5.97431	-1	-1	-1
5	4	6.3435	5.97431	-1	-1	-1
5	4	6.4935	5.97431	-1	-1	-1
5	4	6.6435	5.97431	-1	-1	-1
5	4	6.7935	5.97431	-1	-1	-1
5	4	6.9435	5.97431	-1	-1	-1
5	4	7.0935	5.97431	-1	-1	-1
5	4	6.0435	6.12431	-1	-1	-1
5	4	6.1935	6.12431	-1	-1	-1
5	4	6.3435	6.12431	-1	-1	-1
5	4	6.4935	6.12431	-1	-1	-1
5	4	6.6435	6.12431	-1	-1	-1
5	4	6.7935	6.12431	-1	-1	-1
5	4	6.9435	6.12431	-1	-1	-1
5	4	7.0935	6.12431	-1	-1	-1
6	16	-2.70632	7.14018	-1	-1	-1
6	16	-2.55632	7.14018	-1	-1	-1
6	16	-2.40632	7.14018	4639	4708.09	-1
6	16	-2.25632	7.14018	422	522.438	-1
6	16	-2.70632	7.29018	-1	-1	-1
6	16	-2.55632	7.29018	4830	4890.94	-1
6	16	-2.40632	7.29018	4654	4770.78	-1
6	16	-2.25632	7.29018	4480	4584.72	-1
6	16	-2.70632	7.44018	-1	-1	-1
6	16	-2.55632	7.44018	5072	5136.5	-1
6	16	-2.40632	7.44018	4960	5019.44	-1
6	16	-2.25632	7.44018	4838	4939.31	-1
6	16	-2.70632	7.59018	-1	-1	-1
6	16	-2.55632	7.59018	5198	5279.09	-1
6	16	-2.40632	7.59018	5222	5284.41	-1
6	16	-2.25632	7.59018	-1	-1	-1
7	16	-3.26818	5.55226	-1	-1	-1
7	16	-3.11818	5.55226	1163	1279.59	-1
7	16	-2.96818	5.55226	1349	1399.53	-1
7	16	-2.81818	5.55226	1458	1506.97	-1
7	16	-3.26818	5.70226	-1	-1	-1
7	16	-3.11818	5.70226	-1	-1	-1
7	16	-2.96818	5.70226	-1	-1	-1
7	16	-2.81818	5.70226	-1	-1	-1
7	16	-3.26818	5.85226	-1	-1	-1
7	16	-3.11818	5.85226	-1	-1	-1
7	16	-2.96818	5.85226	-1	-1	-1
7	16	-2.81818	5.85226	1186	1249.09	-1
7	16	-3.26818	6.00226	-1	-1	-1
7	16	-3.11818	6.00226	-1	-1	-1
7	16	-2.96818	6.00226	-1	-1	-1
7	16	-2.81818	6.00226	-1	-1	-1
8	16	-3.51728	3.10845	1857	1897.69	-1
8	16	-3.36728	3.10845	1292	1338.47	-1
8	16	-3.21728	3.10845	984	1136.16	-1
8	16	-3.06728	3.10845	339	496.562	-1
8	16	-3.51728	3.25845	3745	3897.5	-1
8	16	-3.36728	3.25845	1375	1428.06	-1
8	16	-3.21728	3.25845	1197	1238.5	-1
8	16	-3.06728	3.25845	1177	1259.78	-1
8	16	-3.51728	3.40845	-1	-1	-1
8	16	-3.36728	3.40845	4611	4652.12	-1
8	16	-3.21728	3.40845	1368	1423.94	-1
8	16	-3.06728	3.40845	1261	1300.31	-1
8	16	-3.51728	3.55845	-1	-1	-1
8	16	-3.36728	3.55845	5201	5365.72	-1
8	16	-3.21728	3.55845	1457	1506.44	-1
8	16	-3.06728	3.55845	1316	1380.62	-1
9	16	-5.36848	4.41278	-1	-1	-1
9	16	-5.21848	4.41278	-1	-1	-1
9	16	-5.06848	4.41278	-1	-1	-1
9	16	-4.91848	4.41278	4173	4225.72	-1
9	16	-5.36848	4.56278	-1	-1	-1
9	16	-5.21848	4.56278	-1	-1	-1
9	16	-5.06848	4.56278	-1	-1	-1
9	16	-4.91848	4.56278	-1	-1	-1
9	16	-5.36848	4.71278	-1	-1	-1
9	16	-5.21848	4.71278	-1	-1	-1
9	16	-5.06848	4.71278	-1	-1	-1
9	16	-4.91848	4.71278	-1	-1	-1
9	16	-5.36848	4.86278	-1	-1	-1
9	16	-5.21848	4.86278	-1	-1	-1
9	16	-5.06848	4.86278	-1	-1	-1
9	16	-4.91848	4.86278	-1	-1	-1
10	16	1.9057	-3.89169	-1	-1	-1
10	16	2.0557	-3.89169	-1	-1	-1
10	16	2.2057	-3.89169	-1	-1	-1
10	16	2.3557	-3.89169	-1	-1	-1
10	16	1.9057	-3.74169	3733	3768.47	-1
10	16	2.0557	-3.74169	3591	3641.69	-1
10	16	2.2057	-3.74169	3833	3876.19	-1
10	16	2.3557	-3.74169	4099	4136.62	-1
10	16	1.9057	-3.59169	3545	3601.34	-1
10	16	2.0557	-3.59169	3373	3505.5	-1
10	16	2.2057	-3.59169	3673	3726.38	-1
10	16	2.3557	-3.59169	3948	3981.84	-1
10	16	1.9057	-3.44169	294	359.719	-1
10	16	2.0557	-3.44169	1977	2114.56	-1
10	16	2.2057	-3.44169	2963	2995.78	-1
10	16	2.3557	-3.44169	1416	1449.44	-1
11	16	7.87651	1.41527	-1	-1	-1
11	16	8.02651	1.41527	-1	-1	-1
11	16	8.17651	1.41527	-1	-1	-1
11	16	8.32651	1.41527	-1	-1	-1
11	16	7.87651	1.56527	-1	-1	-1
11	16	8.02651	1.56527	-1	-1	-1
11	16	8.17651	1.56527	-1	-1	-1
11	16	8.32651	1.56527	-1	-1	-1
11	16	7.87651	1.71527	-1	-1	-1
11	16	8.02651	1.71527	-1	-1	-1
11	16	8.17651	1.71527	-1	-1	-1
11	16	8.32651	1.71527	-1	-1	-1
11	16	7.87651	1.86527	-1	-1	-1
11	16	8.02651	1.86527	-1	-1	-1
11	16	8.17651	1.86527	-1	-1	-1
11	16	8.32651	1.86527	-1	-1	-1
12	16	-3.45819	7.89362	-1	-1	-1
12	16	-3.30819	7.89362	-1	-1	-1
12	16	-3.15819	7.89362	-1	-1	-1
12	16	-3.00819	7.89362	-1	-1	-1
12	16	-3.45819	8.04362	-1	-1	-1
12	16	-3.30819	8.04362	-1	-1	-1
12	16	-3.15819	8.04362	-1	-1	-1
12	16	-3.00819	8.04362	-1	-1	-1
12	16	-3.45819	8.19362	-1	-1	-1
12	16	-3.30819	8.19362	-1	-1	-1
12	16	-3.15819	8.19362	-1	-1	-1
12	16	-3.00819	8.19362	-1	-1	-1
12	16	-3.45819	8.34362	-1	-1	-1
12	16	-3.30819	8.34362	-1	-1	-1
12	16	-3.15819	8.34362	-1	-1	-1
12	16	-3.00819	8.34362	-1	-1	-1
13	16	4.18904	7.57905	3715	3780.97	-1
13	16	4.33904	7.57905	-1	-1	-1
13	16	4.48904	7.57905	-1	-1	-1
13	16	4.63904	7.57905	-1	-1	-1
13	16	4.18904	7.72905	3465	3568.03	-1
13	16	4.33904	7.72905	-1	-1	-1
13	16	4.48904	7.72905	-1	-1	-1
13	16	4.63904	7.72905	-1	-1	-1
13	16	4.18904	7.87905	-1	-1	-1
13	16	4.33904	7.87905	-1	-1	-1
13	16	4.48904	7.87905	-1	-1	-1
13	16	4.63904	7.87905	-1	-1	-1
13	16	4.18904	8.02905	-1	-1	-1
13	16	4.33904	8.02905	-1	-1	-1
13	16	4.48904	8.02905	-1	-1	-1
13	16	4.63904	8.02905	-1	-1	-1
14	16	4.86236	3.29607	-1	-1	-1
14	16	5.01236	3.29607	-1	-1	-1
14	16	5.16236	3.29607	-1	-1	-1
14	16	5.31236	3.29607	-1	-1	-1
14	16	4.86236	3.44607	-1	-1	-1
14	16	5.01236	3.44607	-1	-1	-1
14	16	5.16236	3.44607	-1	-1	-1
14	16	5.31236	3.44607	-1	-1	-1
14	16	4.86236	3.59607	1605	1663.19	-1
14	16	5.01236	3.59607	-1	-1	-1
14	16	5.16236	3.59607	-1	-1	-1
14	16	5.31236	3.59607	-1	-1	-1
14	16	4.86236	3.74607	1507	1557.56	-1
14	16	5.01236	3.74607	-1	-1	-1
14	16	5.16236	3.74607	-1	-1	-1
14	16	5.31236	3.74607	-1	-1	-1
15	16	2.74285	-1.69984	474	500.969	-1
15	16	2.89285	-1.69984	2654	2686.25	-1
15	16	3.04285	-1.69984	3805	3839.12	-1
15	16	3.19285	-1.69984	4018	4160.41	-1
15	16	2.74285	-1.54984	418	449.062	-1
15	16	2.89285	-1.54984	3419	3447.5	-1
15	16	3.04285	-1.54984	2699	2821.81	-1
15	16	3.19285	-1.54984	4427	4558.41	-1
15	16	2.74285	-1.39984	602	739.469	-1
15	16	2.89285	-1.39984	1558	1584.78	-1
15	16	3.04285	-1.39984	2469	2497.25	-1
15	16	3.19285	-1.39984	2538	2567.53	-1
15	16	2.74285	-1.24984	360	394.688	-1
15	16	2.89285	-1.24984	1608	1643.16	-1
15	16	3.04285	-1.24984	2147	2299.34	-1
15	16	3.19285	-1.24984	-1	-1	-1
16	16	5.02528	-3.66619	-1	-1	-1
16	16	5.17528	-3.66619	-1	-1	-1
16	16	5.32528	-3.66619	-1	-1	-1
16	16	5.47528	-3.66619	-1	-1	-1
16	16	5.02528	-3.51619	-1	-1	-1
16	16	5.17528	-3.51619	-1	-1	-1
16	16	5.32528	-3.51619	-1	-1	-1
16	16	5.47528	-3.51619	-1	-1	-1
16	16	5.02528	-3.36619	-1	-1	-1
16	16	5.17528	-3.36619	-1	-1	-1
16	16	5.32528	-3.36619	-1	-1	-1
16	16	5.47528	-3.36619	-1	-1	-1
16	16	5.02528	-3.21619	-1	-1	-1
16	16	5.17528	-3.21619	-1	-1	-1
16	16	5.32528	-3.21619	-1	-1	-1
16	16	5.47528	-3.21619	-1	-1	-1
17	16	2.84308	2.26411	259	305.688	-1
17	16	2.99308	2.26411	85	230.75	-1
17	16	3.14308	2.26411	1315	1351.25	-1
17	16	3.29308	2.26411	-1	-1	-1
17	16	2.84308	2.41411	336	393.781	-1
17	16	2.99308	2.41411	304	354.906	-1
17	16	3.14308	2.41411	1043	1191.62	-1
17	16	3.29308	2.41411	-1	-1	-1
17	16	2.84308	2.56411	1690	1721.53	-1
17	16	2.99308	2.56411	1237	1272.44	-1
17	16	3.14308	2.56411	1254	1308.72	-1
17	16	3.29308	2.56411	1343	1387.84	-1
17	16	2.84308	2.71411	-1	-1	-1
17	16	2.99308	2.71411	2393	2425.78	-1
17	16	3.14308	2.71411	1340	1384.16	-1
17	16	3.29308	2.71411	-1	-1	-1
18	16	6.30681	1.6458	-1	-1	-1
18	16	6.45681	1.6458	-1	-1	-1
18	16	6.60681	1.6458	-1	-1	-1
18	16	6.75681	1.6458	-1	-1	-1
18	16	6.30681	1.7958	-1	-1	-1
18	16	6.45681	1.7958	-1	-1	-1
18	16	6.60681	1.7958	-1	-1	-1
18	16	6.75681	1.7958	-1	-1	-1
18	16	6.30681	1.9458	-1	-1	-1
18	16	6.45681	1.9458	-1	-1	-1
18	16	6.60681	1.9458	-1	-1	-1
18	16	6.75681	1.9458	-1	-1	-1
18	16	6.30681	2.0958	-1	-1	-1
18	16	6.45681	2.0958	-1	-1	-1
18	16	6.60681	2.0958	-1	-1	-1
18	16	6.75681	2.0958	-1	-1	-1
19	16	1.41012	6.71585	-1	-1	-1
19	16	1.56012	6.71585	-1	-1	-1
19	16	1.71012	6.71585	-1	-1	-1
19	16	1.86012	6.71585	3783	3876.38	-1
19	16	1.41012	6.86585	-1	-1	-1
19	16	1.56012	6.86585	-1	-1	-1
19	16	1.71012	6.86585	-1	-1	-1
19	16	1.86012	6.86585	-1	-1	-1
19	16	1.41012	7.01585	-1	-1	-1
19	16	1.56012	7.01585	-1	-1	-1
19	16	1.71012	7.01585	-1	-1	-1
19	16	1.86012	7.01585	-1	-1	-1
19	16	1.41012	7.16585	-1	-1	-1
19	16	1.56012	7.16585	-1	-1	-1
19	16	1.71012	7.16585	-1	-1	-1
19	16	1.86012	7.16585	-1	-1	-1
20	16	-1.79816	6.92696	-1	-1	-1
20	16	-1.64816	6.92696	-1	-1	-1
20	16	-1.49816	6.92696	2906	3004.66	-1
20	16	-1.34816	6.92696	-1	-1	-1
20	16	-1.79816	7.07696	-1	-1	-1
20	16	-1.64816	7.07696	-1	-1	-1
20	16	-1.49816	7.07696	-1	-1	-1
20	16	-1.34816	7.07696	-1	-1	-1
20	16	-1.79816	7.22696	-1	-1	-1
20	16	-1.64816	7.22696	-1	-1	-1
20	16	-1.49816	7.22696	-1	-1	-1
20	16	-1.34816	7.22696	-1	-1	-1
20	16	-1.79816	7.37696	-1	-1	-1
20	16	-1.64816	7.37696	-1	-1	-1
20	16	-1.49816	7.37696	-1	-1	-1
20	16	-1.34816	7.37696	-1	-1	-1
21	16	4.02101	4.87262	741	885.969	-1
21	16	4.17101	4.87262	931	983.938	-1
21	16	4.32101	4.87262	3186	3241.69	-1
21	16	4.47101	4.87262	2919	3069.06	-1
21	16	4.02101	5.02262	1388	1436.97	-1
21	16	4.17101	5.02262	1622	1712.12	-1
21	16	4.32101	5.02262	-1	-1	-1
21	16	4.47101	5.02262	-1	-1	-1
21	16	4.02101	5.17262	1295	1343.53	-1
21	16	4.17101	5.17262	1500	1566.66	-1
21	16	4.32101	5.17262	-1	-1	-1
21	16	4.47101	5.17262	-1	-1	-1
21	16	4.02101	5.32262	1620	1696.75	-1
21	16	4.17101	5.32262	-1	-1	-1
21	16	4.32101	5.32262	-1	-1	-1
21	16	4.47101	5.32262	-1	-1	-1
0	256	0.514492	7.95978	729	824.562	-1
0	256	-4.55862	-0.456511	2109	2237.78	-1
0	256	8.54965	0.88309	-1	-1	-1
0	256	9.50262	0.578325	-1	-1	-1
0	256	-8.58607	-4.57474	3982	4052.31	-1
0	256	1.32306	5.25763	150	194.688	-1
0	256	7.695	5.47702	-1	-1	-1
0	256	-0.784421	-9.65428	4437	4513.38	-1
0	256	4.37578	3.2175	-1	-1	-1
0	256	2.56282	-4.17931	-1	-1	-1
0	256	5.31891	-4.00154	-1	-1	-1
0	256	4.518	-0.912226	1832	1948.22	-1
0	256	-5.37662	1.48257	1188	1230.38	-1
0	256	-0.930052	9.02048	-1	-1	-1
0	256	-2.94115	6.50958	4124	4179.62	-1
0	256	-2.42873	9.06823	-1	-1	-1
0	256	-5.2541	-4.81094	2565	2716.25	-1
0	256	6.85806	3.63941	-1	-1	-1
0	256	-1.6071	2.93045	111	253.344	-1
0	256	6.05546	2.6487	-1	-1	-1
0	256	7.99043	0.353061	-1	-1	-1
0	256	4.14423	-4.12533	-1	-1	-1
0	256	-7.23892	0.743575	4667	4766.19	-1
0	256	5.30472	8.40488	-1	-1	-1
0	256	2.14791	-6.73759	-1	-1	-1
0	256	0.937866	7.26445	2632	2731.41	-1
0	256	-2.85635	-4.41605	395	439.156	-1
0	256	-4.8359	-3.04859	71	119.812	-1
0	256	-6.43621	3.10574	3261	3377.06	-1
0	256	-7.01292	3.37515	-1	-1	-1
0	256	-2.50822	-6.38001	-1	-1	-1
0	256	-4.72652	6.77182	494	610.969	-1
0	256	6.4372	3.60063	-1	-1	-1
0	256	-9.10845	-2.5633	-1	-1	-1
0	256	3.00558	-1.97641	1035	1176.97	-1
0	256	2.50893	4.61054	794	924	-1
0	256	0.058503	7.02617	-1	-1	-1
0	256	9.41558	-2.48873	-1	-1	-1
0	256	3.94141	7.90716	3680	3758.88	-1
0	256	-4.29784	-1.92227	2579	2694.5	-1
0	256	-3.01889	-8.62497	2448	2517.31	-1
0	256	-9.48782	-6.70239	4308	4400.5	-1
0	256	-2.2213	4.79978	-1	-1	-1
0	256	-8.7457	-0.293122	-1	-1	-1
0	256	-0.0272197	-5.36654	4402	4455.38	-1
0	256	-3.03346	-7.10603	-1	-1	-1
0	256	-0.616246	7.09555	4485	4591.5	-1
0	256	-4.18421	-2.17953	-1	-1	-1
0	256	8.51912	-3.40606	-1	-1	-1
0	256	3.55961	7.40683	-1	-1	-1
0	256	1.70619	-3.44911	3840	3890.12	-1
0	256	-1.18005	2.83476	2600	2639.53	-1
0	256	-2.51706	-3.86369	102	235.094	-1
0	256	5.48896	-2.93652	-1	-1	-1
0	256	3.50474	-2.56372	-1	-1	-1
0	256	8.85131	-3.22307	4447	4544.91	-1
0	256	4.06451	4.63365	76	225.656	-1
0	256	-1.91764	5.47622	152	261.156	-1
0	256	7.44201	5.8499	-1	-1	-1
0	256	-0.312841	7.0476	607	721.938	-1
0	256	-3.58514	-3.81455	261	405.219	-1
0	256	-8.82754	1.47246	-1	-1	-1
0	256	-9.04206	2.23023	4306	4385.97	-1
0	256	7.36602	-0.823844	-1	-1	-1
0	256	-7.18843	-3.11587	-1	-1	-1
0	256	6.28366	-7.26238	-1	-1	-1
0	256	7.18685	-2.14852	1255	1313.66	-1
0	256	1.18725	6.78463	-1	-1	-1
0	256	0.856623	-5.22323	429	540.406	-1
0	256	-1.00558	-9.36081	3368	3457.69	-1
0	256	-4.9718	2.23525	-1	-1	-1
0	256	5.56872	-8.01753	-1	-1	-1
0	256	-7.15653	2.74751	2661	2751.5	-1
0	256	-8.49757	4.21011	-1	-1	-1
0	256	8.53047	-1.90889	-1	-1	-1
0	256	-6.30796	7.72898	-1	-1	-1
0	256	4.62237	-8.31552	-1	-1	-1
0	256	-2.34845	2.12157	383	414.781	-1
0	256	-7.21013	4.17568	-1	-1	-1
0	256	1.38722	8.90092	2812	2893.12	-1
0	256	-5.28153	-7.46281	2663	2769.12	-1
0	256	-5.53052	4.37773	-1	-1	-1
0	256	-2.22814	-9.71679	111	192.688	-1
0	256	0.930687	7.42937	-1	-1	-1
0	256	8.14636	-5.17955	-1	-1	-1
0	256	-0.130088	0.347543	6	30.4688	-1
0	256	4.58855	-3.03103	-1	-1	-1
0	256	8.00277	7.84429	-1	-1	-1
0	256	-3.04167	-5.97782	-1	-1	-1
0	256	-0.351274	9.4913	-1	-1	-1
0	256	0.0221166	-3.63732	65	103.219	-1
0	256	0.136529	5.97487	-1	-1	-1
0	256	3.27247	-4.46268	54	97	-1
0	256	-8.10201	-3.8204	3561	3646.81	-1
0	256	9.47076	-0.36928	624	697.344	-1
0	256	8.60806	-0.326945	-1	-1	-1
0	256	5.92735	5.45409	-1	-1	-1
0	256	9.00262	-1.16906	-1	-1	-1
0	256	7.46744	-4.71936	-1	-1	-1
0	256	-1.82244	2.89202	200	342.375	-1
0	256	1.43634	6.40076	775	824.219	-1
0	256	2.37757	7.23929	891	995.5	-1
0	256	-7.32958	1.92852	-1	-1	-1
0	256	6.92538	-6.51711	3969	4052.72	-1
0	256	-9.09066	-1.65609	3901	3969.25	-1
0	256	-1.90771	-9.20494	-1	-1	-1
0	256	-9.00493	-0.0109685	4339	4436.88	-1
0	256	-0.880001	-6.04549	133	185.812	-1
0	256	5.24723	5.9474	-1	-1	-1
0	256	-3.14849	4.23085	137	276.562	-1
0	256	5.88253	-5.51438	-1	-1	-1
0	256	1.22848	-9.12767	-1	-1	-1
0	256	6.52678	4.2456	-1	-1	-1
0	256	-7.71828	1.91968	-1	-1	-1
0	256	-3.09019	-8.90602	1478	1549.06	-1
0	256	-9.38208	-0.839986	509	578.062	-1
0	256	-3.47717	9.24211	2174	2247.97	-1
0	256	-7.26043	-6.58644	4854	4977.59	-1
0	256	-6.94022	0.802862	-1	-1	-1
0	256	5.75836	-8.16163	-1	-1	-1
0	256	1.01226	-2.84222	430	567.688	-1
0	256	4.20353	-3.90175	-1	-1	-1
0	256	-5.45148	-2.99376	2248	2294.34	-1
0	256	6.46431	4.54513	-1	-1	-1
0	256	2.88462	6.36353	-1	-1	-1
0	256	-7.57622	2.86099	-1	-1	-1
0	256	-2.5473	-5.30518	-1	-1	-1
0	256	3.35448	0.997217	898	927.188	-1
0	256	-4.8512	2.79552	5091	5207.25	-1
0	256	-2.55252	8.99599	-1	-1	-1
0	256	3.36855	1.92899	681	816.469	-1
0	256	3.69083	-9.0257	-1	-1	-1
0	256	-2.63959	-6.92142	2967	3028.47	-1
0	256	-7.89461	-3.56303	3014	3074.56	-1
0	256	-7.76147	-5.24428	-1	-1	-1
0	256	-2.88214	-8.42555	-1	-1	-1
0	256	4.82492	5.59887	-1	-1	-1
0	256	1.97703	-9.39638	-1	-1	-1
0	256	5.301	-0.991453	-1	-1	-1
0	256	9.29039	-0.50768	-1	-1	-1
0	256	-8.13432	-3.41224	-1	-1	-1
0	256	1.51474	-6.18346	-1	-1	-1
0	256	0.788286	0.118165	654	784.969	-1
0	256	8.14628	-5.05257	-1	-1	-1
0	256	7.73344	-0.497595	-1	-1	-1
0	256	-3.24948	0.96588	1054	1184.75	-1
0	256	-8.15279	-1.46335	-1	-1	-1
0	256	6.95766	1.39073	-1	-1	-1
0	256	-6.18683	5.7265	-1	-1	-1
0	256	-4.65043	5.31379	2838	2903.59	-1
0	256	-8.06204	-6.63875	3557	3636	-1
0	256	-3.16551	-0.630175	240	368.219	-1
0	256	-4.19825	1.2766	1822	1935.12	-1
0	256	8.34304	-3.41545	-1	-1	-1
0	256	-2.05313	4.05108	3454	3585.16	-1
0	256	-7.84873	2.29793	-1	-1	-1
0	256	5.67898	0.101702	-1	-1	-1
0	256	1.60306	-3.72314	768	892.125	-1
0	256	0.527607	7.52492	-1	-1	-1
0	256	4.36483	-3.74584	-1	-1	-1
0	256	3.31102	-7.97014	3491	3552.56	-1
0	256	3.97466	-2.56702	3029	3168.41	-1
0	256	-4.39728	6.79951	2309	2420.25	-1
0	256	-7.14712	-4.36254	4833	4958.59	-1
0	256	2.83702	4.19377	-1	-1	-1
0	256	-2.51967	2.43874	648	816.594	-1
0	256	8.5641	4.08822	-1	-1	-1
0	256	3.95345	3.28084	-1	-1	-1
0	256	6.52511	4.42045	-1	-1	-1
0	256	-7.12118	6.0736	-1	-1	-1
0	256	5.2117	5.67322	-1	-1	-1
0	256	-8.02164	0.858407	-1	-1	-1
0	256	3.36637	0.0830926	525	645.188	-1
0	256	-3.26335	-4.03697	634	677.5	-1
0	256	-9.30531	0.147285	5171	5238.56	-1
0	256	-1.73885	0.547222	203	332.719	-1
0	256	-6.58678	4.47996	-1	-1	-1
0	256	1.58195	8.44047	-1	-1	-1
0	256	-5.84471	1.09056	4101	4207.03	-1
0	256	-3.57292	1.99116	3887	4016.94	-1
0	256	-1.96467	5.60791	2680	2795.16	-1
0	256	-3.5164	-2.45436	439	476.438	-1
0	256	2.59831	3.64706	392	536.625	-1
0	256	-2.95782	-2.20607	4284	4314.97	-1
0	256	-3.27582	-5.10153	-1	-1	-1
0	256	-9.37368	2.39286	-1	-1	-1
0	256	-5.12086	-1.5199	1019	1143.44	-1
0	256	-4.99124	2.6464	5024	5069.44	-1
0	256	-7.15757	0.407689	2212	2310.84	-1
0	256	-7.34553	3.17929	-1	-1	-1
0	256	6.32913	-2.73469	-1	-1	-1
0	256	2.34713	-1.64805	872	1008.56	-1
0	256	6.45136	-6.9279	-1	-1	-1
0	256	-0.468754	7.38432	-1	-1	-1
0	256	-6.07326	7.13456	3423	3540.28	-1
0	256	8.45951	-0.281242	2206	2266.88	-1
0	256	-2.1606	-8.72508	-1	-1	-1
0	256	-9.12791	2.43912	-1	-1	-1
0	256	2.19671	-7.70709	-1	-1	-1
0	256	0.153046	8.85216	-1	-1	-1
0	256	4.68543	2.65834	-1	-1	-1
0	256	-6.73626	-4.69796	-1	-1	-1
0	256	1.98557	2.60873	2451	2612.53	-1
0	256	7.02458	-0.225791	-1	-1	-1
0	256	-5.36983	2.33563	-1	-1	-1
0	256	-2.14985	-5.1842	-1	-1	-1
0	256	-3.5828	6.55622	-1	-1	-1
0	256	-9.64623	2.21997	636	707.062	-1
0	256	7.4959	3.42954	-1	-1	-1
0	256	-7.75543	6.10249	-1	-1	-1
0	256	-3.19194	-8.11822	-1	-1	-1
0	256	-3.76122	-2.23638	933	1052.44	-1
0	256	4.48216	0.0869853	-1	-1	-1
0	256	3.63887	-8.65477	4295	4395.31	-1
0	256	-4.71729	7.13442	3311	3415.47	-1
0	256	2.31853	3.57314	1537	1677.06	-1
0	256	-8.80367	-1.90546	-1	-1	-1
0	256	5.20044	7.95782	-1	-1	-1
0	256	1.41046	-5.97993	-1	-1	-1
0	256	-5.55857	0.386515	2390	2436.78	-1
0	256	-3.10469	-9.04847	-1	-1	-1
0	256	-1.78987	-7.8408	4350	4442.97	-1
0	256	-4.50005	3.76166	159	306.531	-1
0	256	-8.07779	-1.86651	-1	-1	-1
0	256	4.18822	6.49489	-1	-1	-1
0	256	8.38762	-3.71676	-1	-1	-1
0	256	4.53012	-1.09236	3409	3526.75	-1
0	256	-0.0897324	5.92535	579	689.594	-1
0	256	5.40547	4.74976	-1	-1	-1
0	256	4.60771	-3.35522	-1	-1	-1
0	256	1.97559	-8.41655	-1	-1	-1
0	256	-7.66323	-5.48055	-1	-1	-1
0	256	-2.77895	9.53239	1044	1129.03	-1
0	256	-6.68161	1.23023	-1	-1	-1
0	256	7.14191	-5.2936	-1	-1	-1
0	256	5.55854	-0.274611	648	757.594	-1
0	256	2.52567	2.57786	40	76.625	-1
0	256	-9.37228	1.56031	-1	-1	-1
0	256	4.39488	8.20684	-1	-1	-1
0	256	5.55842	-6.95424	2746	2864.41	-1
0	256	-6.60711	6.27843	-1	-1	-1
0	256	7.80813	-5.10515	2264	2331.44	-1
0	256	5.21394	-0.0162301	2023	2069.06	-1
0	256	-1.42101	-3.20295	54	88.9688	-1
0	256	-2.41997	2.39048	92	267.781	-1
0	256	6.25418	-3.20665	-1	-1	-1
0	256	3.25172	7.50041	-1	-1	-1
0	256	3.68032	-0.0837228	4043	4161.88	-1
0	256	-4.85053	0.897531	-1	-1	-1
0	256	0.577747	6.62645	-1	-1	-1
0	256	-3.3955	-6.49861	-1	-1	-1
0	256	-4.22456	-4.82981	2484	2618.31	-1
0	256	4.52269	-6.46768	-1	-1	-1
0	256	-0.345571	2.35228	434	559.5	-1
0	256	1.11764	6.19726	-1	-1	-1
0	256	5.44486	-6.89234	879	955.969	-1
