Pile ID	Distribution Type	X-Position	Y-Position	Pickup Time	Drop Off Time	Ant ID
1	1	5.28924	3.10098	587	703.344	-1
1	1	5.43924	3.10098	-1	-1	-1
1	1	5.58924	3.10098	-1	-1	-1
1	1	5.73924	3.10098	-1	-1	-1
1	1	5.88924	3.10098	-1	-1	-1
1	1	6.03924	3.10098	-1	-1	-1
1	1	6.18924	3.10098	4171	4285.22	-1
1	1	6.33924	3.10098	4990	5098.12	-1
1	1	6.48924	3.10098	5155	5207.59	-1
1	1	6.63924	3.10098	-1	-1	-1
1	1	6.78924	3.10098	-1	-1	-1
1	1	6.93924	3.10098	-1	-1	-1
1	1	7.08924	3.10098	-1	-1	-1
1	1	7.23924	3.10098	-1	-1	-1
1	1	7.38924	3.10098	-1	-1	-1
1	1	7.53924	3.10098	-1	-1	-1
1	1	5.28924	3.25098	-1	-1	-1
1	1	5.43924	3.25098	-1	-1	-1
1	1	5.58924	3.25098	-1	-1	-1
1	1	5.73924	3.25098	-1	-1	-1
1	1	5.88924	3.25098	-1	-1	-1
1	1	6.03924	3.25098	-1	-1	-1
1	1	6.18924	3.25098	-1	-1	-1
1	1	6.33924	3.25098	-1	-1	-1
1	1	6.48924	3.25098	-1	-1	-1
1	1	6.63924	3.25098	-1	-1	-1
1	1	6.78924	3.25098	-1	-1	-1
1	1	6.93924	3.25098	-1	-1	-1
1	1	7.08924	3.25098	-1	-1	-1
1	1	7.23924	3.25098	-1	-1	-1
1	1	7.38924	3.25098	-1	-1	-1
1	1	7.53924	3.25098	-1	-1	-1
1	1	5.28924	3.40098	3387	3437.56	-1
1	1	5.43924	3.40098	-1	-1	-1
1	1	5.58924	3.40098	-1	-1	-1
1	1	5.73924	3.40098	-1	-1	-1
1	1	5.88924	3.40098	-1	-1	-1
1	1	6.03924	3.40098	-1	-1	-1
1	1	6.18924	3.40098	-1	-1	-1
1	1	6.33924	3.40098	-1	-1	-1
1	1	6.48924	3.40098	-1	-1	-1
1	1	6.63924	3.40098	-1	-1	-1
1	1	6.78924	3.40098	-1	-1	-1
1	1	6.93924	3.40098	-1	-1	-1
1	1	7.08924	3.40098	-1	-1	-1
1	1	7.23924	3.40098	-1	-1	-1
1	1	7.38924	3.40098	-1	-1	-1
1	1	7.53924	3.40098	-1	-1	-1
1	1	5.28924	3.55098	3217	3341.84	-1
1	1	5.43924	3.55098	-1	-1	-1
1	1	5.58924	3.55098	-1	-1	-1
1	1	5.73924	3.55098	-1	-1	-1
1	1	5.88924	3.55098	-1	-1	-1
1	1	6.03924	3.55098	-1	-1	-1
1	1	6.18924	3.55098	-1	-1	-1
1	1	6.33924	3.55098	-1	-1	-1
1	1	6.48924	3.55098	-1	-1	-1
1	1	6.63924	3.55098	-1	-1	-1
1	1	6.78924	3.55098	-1	-1	-1
1	1	6.93924	3.55098	-1	-1	-1
1	1	7.08924	3.55098	-1	-1	-1
1	1	7.23924	3.55098	-1	-1	-1
1	1	7.38924	3.55098	-1	-1	-1
1	1	7.53924	3.55098	-1	-1	-1
1	1	5.28924	3.70098	3545	3607.12	-1
1	1	5.43924	3.70098	5004	5133.66	-1
1	1	5.58924	3.70098	-1	-1	-1
1	1	5.73924	3.70098	4780	4832.5	-1
1	1	5.88924	3.70098	4672	4726.19	-1
1	1	6.03924	3.70098	-1	-1	-1
1	1	6.18924	3.70098	-1	-1	-1
1	1	6.33924	3.70098	-1	-1	-1
1	1	6.48924	3.70098	-1	-1	-1
1	1	6.63924	3.70098	-1	-1	-1
1	1	6.78924	3.70098	-1	-1	-1
1	1	6.93924	3.70098	-1	-1	-1
1	1	7.08924	3.70098	-1	-1	-1
1	1	7.23924	3.70098	-1	-1	-1
1	1	7.38924	3.70098	-1	-1	-1
1	1	7.53924	3.70098	-1	-1	-1
1	1	5.28924	3.85098	119	244.75	-1
1	1	5.43924	3.85098	-1	-1	-1
1	1	5.58924	3.85098	4337	4430.31	-1
1	1	5.73924	3.85098	4212	4271.5	-1
1	1	5.88924	3.85098	4253	4314.81	-1
1	1	6.03924	3.85098	4381	4465	-1
1	1	6.18924	3.85098	-1	-1	-1
1	1	6.33924	3.85098	-1	-1	-1
1	1	6.48924	3.85098	-1	-1	-1
1	1	6.63924	3.85098	-1	-1	-1
1	1	6.78924	3.85098	-1	-1	-1
1	1	6.93924	3.85098	-1	-1	-1
1	1	7.08924	3.85098	-1	-1	-1
1	1	7.23924	3.85098	-1	-1	-1
1	1	7.38924	3.85098	-1	-1	-1
1	1	7.53924	3.85098	-1	-1	-1
1	1	5.28924	4.00098	975	1108.97	-1
1	1	5.43924	4.00098	-1	-1	-1
1	1	5.58924	4.00098	4347	4423.66	-1
1	1	5.73924	4.00098	4100	4188.78	-1
1	1	5.88924	4.00098	4039	4124.5	-1
1	1	6.03924	4.00098	4423	4496.03	-1
1	1	6.18924	4.00098	-1	-1	-1
1	1	6.33924	4.00098	-1	-1	-1
1	1	6.48924	4.00098	-1	-1	-1
1	1	6.63924	4.00098	-1	-1	-1
1	1	6.78924	4.00098	-1	-1	-1
1	1	6.93924	4.00098	-1	-1	-1
1	1	7.08924	4.00098	-1	-1	-1
1	1	7.23924	4.00098	-1	-1	-1
1	1	7.38924	4.00098	-1	-1	-1
1	1	7.53924	4.00098	-1	-1	-1
1	1	5.28924	4.15098	84	231.188	-1
1	1	5.43924	4.15098	1030	1128.97	-1
1	1	5.58924	4.15098	4134	4204.03	-1
1	1	5.73924	4.15098	3898	3960.53	-1
1	1	5.88924	4.15098	3875	3943.28	-1
1	1	6.03924	4.15098	4017	4108.81	-1
1	1	6.18924	4.15098	-1	-1	-1
1	1	6.33924	4.15098	-1	-1	-1
1	1	6.48924	4.15098	-1	-1	-1
1	1	6.63924	4.15098	-1	-1	-1
1	1	6.78924	4.15098	-1	-1	-1
1	1	6.93924	4.15098	-1	-1	-1
1	1	7.08924	4.15098	-1	-1	-1
1	1	7.23924	4.15098	-1	-1	-1
1	1	7.38924	4.15098	-1	-1	-1
1	1	7.53924	4.15098	-1	-1	-1
1	1	5.28924	4.30098	285	342.062	-1
1	1	5.43924	4.30098	1176	1236.88	-1
1	1	5.58924	4.30098	4011	4080	-1
1	1	5.73924	4.30098	3780	3854.41	-1
1	1	5.88924	4.30098	3564	3679.56	-1
1	1	6.03924	4.30098	3974	4055.72	-1
1	1	6.18924	4.30098	-1	-1	-1
1	1	6.33924	4.30098	-1	-1	-1
1	1	6.48924	4.30098	-1	-1	-1
1	1	6.63924	4.30098	-1	-1	-1
1	1	6.78924	4.30098	-1	-1	-1
1	1	6.93924	4.30098	-1	-1	-1
1	1	7.08924	4.30098	-1	-1	-1
1	1	7.23924	4.30098	-1	-1	-1
1	1	7.38924	4.30098	-1	-1	-1
1	1	7.53924	4.30098	-1	-1	-1
1	1	5.28924	4.45098	1076	1204.38	-1
1	1	5.43924	4.45098	1305	1365.19	-1
1	1	5.58924	4.45098	3950	4030.31	-1
1	1	5.73924	4.45098	3744	3808.47	-1
1	1	5.88924	4.45098	3730	3787.72	-1
1	1	6.03924	4.45098	3925	4044	-1
1	1	6.18924	4.45098	4352	4426.06	-1
1	1	6.33924	4.45098	-1	-1	-1
1	1	6.48924	4.45098	-1	-1	-1
1	1	6.63924	4.45098	-1	-1	-1
1	1	6.78924	4.45098	-1	-1	-1
1	1	6.93924	4.45098	-1	-1	-1
1	1	7.08924	4.45098	-1	-1	-1
1	1	7.23924	4.45098	-1	-1	-1
1	1	7.38924	4.45098	-1	-1	-1
1	1	7.53924	4.45098	-1	-1	-1
1	1	5.28924	4.60098	1351	1410.66	-1
1	1	5.43924	4.60098	4703	4839.19	-1
1	1	5.58924	4.60098	4143	4224.5	-1
1	1	5.73924	4.60098	4040	4137.78	-1
1	1	5.88924	4.60098	3902	3988.47	-1
1	1	6.03924	4.60098	3960	4070.38	-1
1	1	6.18924	4.60098	-1	-1	-1
1	1	6.33924	4.60098	-1	-1	-1
1	1	6.48924	4.60098	-1	-1	-1
1	1	6.63924	4.60098	-1	-1	-1
1	1	6.78924	4.60098	-1	-1	-1
1	1	6.93924	4.60098	-1	-1	-1
1	1	7.08924	4.60098	-1	-1	-1
1	1	7.23924	4.60098	-1	-1	-1
1	1	7.38924	4.60098	-1	-1	-1
1	1	7.53924	4.60098	-1	-1	-1
1	1	5.28924	4.75098	-1	-1	-1
1	1	5.43924	4.75098	4330	4391.72	-1
1	1	5.58924	4.75098	4189	4248.25	-1
1	1	5.73924	4.75098	4304	4399.34	-1
1	1	5.88924	4.75098	4123	4195.44	-1
1	1	6.03924	4.75098	4167	4308.75	-1
1	1	6.18924	4.75098	-1	-1	-1
1	1	6.33924	4.75098	-1	-1	-1
1	1	6.48924	4.75098	-1	-1	-1
1	1	6.63924	4.75098	-1	-1	-1
1	1	6.78924	4.75098	-1	-1	-1
1	1	6.93924	4.75098	-1	-1	-1
1	1	7.08924	4.75098	-1	-1	-1
1	1	7.23924	4.75098	-1	-1	-1
1	1	7.38924	4.75098	-1	-1	-1
1	1	7.53924	4.75098	-1	-1	-1
1	1	5.28924	4.90098	4987	5125.5	-1
1	1	5.43924	4.90098	-1	-1	-1
1	1	5.58924	4.90098	-1	-1	-1
1	1	5.73924	4.90098	-1	-1	-1
1	1	5.88924	4.90098	-1	-1	-1
1	1	6.03924	4.90098	-1	-1	-1
1	1	6.18924	4.90098	-1	-1	-1
1	1	6.33924	4.90098	-1	-1	-1
1	1	6.48924	4.90098	-1	-1	-1
1	1	6.63924	4.90098	-1	-1	-1
1	1	6.78924	4.90098	-1	-1	-1
1	1	6.93924	4.90098	-1	-1	-1
1	1	7.08924	4.90098	-1	-1	-1
1	1	7.23924	4.90098	-1	-1	-1
1	1	7.38924	4.90098	-1	-1	-1
1	1	7.53924	4.90098	-1	-1	-1
1	1	5.28924	5.05098	2912	3049.66	-1
1	1	5.43924	5.05098	-1	-1	-1
1	1	5.58924	5.05098	-1	-1	-1
1	1	5.73924	5.05098	-1	-1	-1
1	1	5.88924	5.05098	-1	-1	-1
1	1	6.03924	5.05098	-1	-1	-1
1	1	6.18924	5.05098	-1	-1	-1
1	1	6.33924	5.05098	-1	-1	-1
1	1	6.48924	5.05098	-1	-1	-1
1	1	6.63924	5.05098	-1	-1	-1
1	1	6.78924	5.05098	-1	-1	-1
1	1	6.93924	5.05098	-1	-1	-1
1	1	7.08924	5.05098	-1	-1	-1
1	1	7.23924	5.05098	-1	-1	-1
1	1	7.38924	5.05098	-1	-1	-1
1	1	7.53924	5.05098	-1	-1	-1
1	1	5.28924	5.20098	-1	-1	-1
1	1	5.43924	5.20098	-1	-1	-1
1	1	5.58924	5.20098	-1	-1	-1
1	1	5.73924	5.20098	-1	-1	-1
1	1	5.88924	5.20098	-1	-1	-1
1	1	6.03924	5.20098	-1	-1	-1
1	1	6.18924	5.20098	-1	-1	-1
1	1	6.33924	5.20098	-1	-1	-1
1	1	6.48924	5.20098	-1	-1	-1
1	1	6.63924	5.20098	-1	-1	-1
1	1	6.78924	5.20098	-1	-1	-1
1	1	6.93924	5.20098	-1	-1	-1
1	1	7.08924	5.20098	-1	-1	-1
1	1	7.23924	5.20098	-1	-1	-1
1	1	7.38924	5.20098	-1	-1	-1
1	1	7.53924	5.20098	-1	-1	-1
1	1	5.28924	5.35098	-1	-1	-1
1	1	5.43924	5.35098	-1	-1	-1
1	1	5.58924	5.35098	-1	-1	-1
1	1	5.73924	5.35098	-1	-1	-1
1	1	5.88924	5.35098	-1	-1	-1
1	1	6.03924	5.35098	-1	-1	-1
1	1	6.18924	5.35098	-1	-1	-1
1	1	6.33924	5.35098	-1	-1	-1
1	1	6.48924	5.35098	-1	-1	-1
1	1	6.63924	5.35098	-1	-1	-1
1	1	6.78924	5.35098	-1	-1	-1
1	1	6.93924	5.35098	-1	-1	-1
1	1	7.08924	5.35098	-1	-1	-1
1	1	7.23924	5.35098	-1	-1	-1
1	1	7.38924	5.35098	-1	-1	-1
1	1	7.53924	5.35098	-1	-1	-1
2	4	-5.55753	-4.13434	-1	-1	-1
2	4	-5.40753	-4.13434	-1	-1	-1
2	4	-5.25753	-4.13434	-1	-1	-1
2	4	-5.10753	-4.13434	-1	-1	-1
2	4	-4.95753	-4.13434	-1	-1	-1
2	4	-4.80753	-4.13434	-1	-1	-1
2	4	-4.65753	-4.13434	-1	-1	-1
2	4	-4.50753	-4.13434	-1	-1	-1
2	4	-5.55753	-3.98434	-1	-1	-1
2	4	-5.40753	-3.98434	-1	-1	-1
2	4	-5.25753	-3.98434	-1	-1	-1
2	4	-5.10753	-3.98434	-1	-1	-1
2	4	-4.95753	-3.98434	-1	-1	-1
2	4	-4.80753	-3.98434	-1	-1	-1
2	4	-4.65753	-3.98434	-1	-1	-1
2	4	-4.50753	-3.98434	-1	-1	-1
2	4	-5.55753	-3.83434	-1	-1	-1
2	4	-5.40753	-3.83434	-1	-1	-1
2	4	-5.25753	-3.83434	-1	-1	-1
2	4	-5.10753	-3.83434	-1	-1	-1
2	4	-4.95753	-3.83434	-1	-1	-1
2	4	-4.80753	-3.83434	-1	-1	-1
2	4	-4.65753	-3.83434	-1	-1	-1
2	4	-4.50753	-3.83434	-1	-1	-1
2	4	-5.55753	-3.68434	-1	-1	-1
2	4	-5.40753	-3.68434	-1	-1	-1
2	4	-5.25753	-3.68434	-1	-1	-1
2	4	-5.10753	-3.68434	-1	-1	-1
2	4	-4.95753	-3.68434	3551	3615.5	-1
2	4	-4.80753	-3.68434	3257	3301.72	-1
2	4	-4.65753	-3.68434	3366	3423.75	-1
2	4	-4.50753	-3.68434	-1	-1	-1
2	4	-5.55753	-3.53434	-1	-1	-1
2	4	-5.40753	-3.53434	-1	-1	-1
2	4	-5.25753	-3.53434	-1	-1	-1
2	4	-5.10753	-3.53434	-1	-1	-1
2	4	-4.95753	-3.53434	3388	3436.62	-1
2	4	-4.80753	-3.53434	3080	3204.72	-1
2	4	-4.65753	-3.53434	864	921.906	-1
2	4	-4.50753	-3.53434	964	1010.34	-1
2	4	-5.55753	-3.38434	-1	-1	-1
2	4	-5.40753	-3.38434	-1	-1	-1
2	4	-5.25753	-3.38434	-1	-1	-1
2	4	-5.10753	-3.38434	4645	4784.72	-1
2	4	-4.95753	-3.38434	1697	1742.38	-1
2	4	-4.80753	-3.38434	1390	1533.41	-1
2	4	-4.65753	-3.38434	731	783.938	-1
2	4	-4.50753	-3.38434	612	655.219	-1
2	4	-5.55753	-3.23434	-1	-1	-1
2	4	-5.40753	-3.23434	-1	-1	-1
2	4	-5.25753	-3.23434	-1	-1	-1
2	4	-5.10753	-3.23434	-1	-1	-1
2	4	-4.95753	-3.23434	3720	3765.06	-1
2	4	-4.80753	-3.23434	1575	1638.97	-1
2	4	-4.65753	-3.23434	833	893.688	-1
2	4	-4.50753	-3.23434	696	740.094	-1
2	4	-5.55753	-3.08434	2580	2693.5	-1
2	4	-5.40753	-3.08434	-1	-1	-1
2	4	-5.25753	-3.08434	-1	-1	-1
2	4	-5.10753	-3.08434	-1	-1	-1
2	4	-4.95753	-3.08434	3192	3305.38	-1
2	4	-4.80753	-3.08434	-1	-1	-1
2	4	-4.65753	-3.08434	3669	3792.53	-1
2	4	-4.50753	-3.08434	786	831.906	-1
3	4	6.34882	-5.91001	2929	3065.91	-1
3	4	6.49882	-5.91001	-1	-1	-1
3	4	6.64882	-5.91001	-1	-1	-1
3	4	6.79882	-5.91001	-1	-1	-1
3	4	6.94882	-5.91001	-1	-1	-1
3	4	7.09882	-5.91001	-1	-1	-1
3	4	7.24882	-5.91001	-1	-1	-1
3	4	7.39882	-5.91001	-1	-1	-1
3	4	6.34882	-5.76001	-1	-1	-1
3	4	6.49882	-5.76001	-1	-1	-1
3	4	6.64882	-5.76001	-1	-1	-1
3	4	6.79882	-5.76001	-1	-1	-1
3	4	6.94882	-5.76001	-1	-1	-1
3	4	7.09882	-5.76001	-1	-1	-1
3	4	7.24882	-5.76001	-1	-1	-1
3	4	7.39882	-5.76001	-1	-1	-1
3	4	6.34882	-5.61001	-1	-1	-1
3	4	6.49882	-5.61001	-1	-1	-1
3	4	6.64882	-5.61001	-1	-1	-1
3	4	6.79882	-5.61001	-1	-1	-1
3	4	6.94882	-5.61001	-1	-1	-1
3	4	7.09882	-5.61001	-1	-1	-1
3	4	7.24882	-5.61001	-1	-1	-1
3	4	7.39882	-5.61001	-1	-1	-1
3	4	6.34882	-5.46001	-1	-1	-1
3	4	6.49882	-5.46001	-1	-1	-1
3	4	6.64882	-5.46001	-1	-1	-1
3	4	6.79882	-5.46001	-1	-1	-1
3	4	6.94882	-5.46001	-1	-1	-1
3	4	7.09882	-5.46001	-1	-1	-1
3	4	7.24882	-5.46001	-1	-1	-1
3	4	7.39882	-5.46001	-1	-1	-1
3	4	6.34882	-5.31001	-1	-1	-1
3	4	6.49882	-5.31001	-1	-1	-1
3	4	6.64882	-5.31001	-1	-1	-1
3	4	6.79882	-5.31001	-1	-1	-1
3	4	6.94882	-5.31001	-1	-1	-1
3	4	7.09882	-5.31001	-1	-1	-1
3	4	7.24882	-5.31001	-1	-1	-1
3	4	7.39882	-5.31001	-1	-1	-1
3	4	6.34882	-5.16001	1660	1784.47	-1
3	4	6.49882	-5.16001	-1	-1	-1
3	4	6.64882	-5.16001	-1	-1	-1
3	4	6.79882	-5.16001	-1	-1	-1
3	4	6.94882	-5.16001	-1	-1	-1
3	4	7.09882	-5.16001	-1	-1	-1
3	4	7.24882	-5.16001	-1	-1	-1
3	4	7.39882	-5.16001	-1	-1	-1
3	4	6.34882	-5.01001	1888	1946.12	-1
3	4	6.49882	-5.01001	-1	-1	-1
3	4	6.64882	-5.01001	-1	-1	-1
3	4	6.79882	-5.01001	-1	-1	-1
3	4	6.94882	-5.01001	-1	-1	-1
3	4	7.09882	-5.01001	-1	-1	-1
3	4	7.24882	-5.01001	-1	-1	-1
3	4	7.39882	-5.01001	-1	-1	-1
3	4	6.34882	-4.86001	-1	-1	-1
3	4	6.49882	-4.86001	-1	-1	-1
3	4	6.64882	-4.86001	-1	-1	-1
3	4	6.79882	-4.86001	-1	-1	-1
3	4	6.94882	-4.86001	-1	-1	-1
3	4	7.09882	-4.86001	-1	-1	-1
3	4	7.24882	-4.86001	-1	-1	-1
3	4	7.39882	-4.86001	1799	1895.72	-1
4	4	-7.62667	5.61747	-1	-1	-1
4	4	-7.47667	5.61747	-1	-1	-1
4	4	-7.32667	5.61747	-1	-1	-1
4	4	-7.17667	5.61747	-1	-1	-1
4	4	-7.02667	5.61747	-1	-1	-1
4	4	-6.87667	5.61747	-1	-1	-1
4	4	-6.72667	5.61747	-1	-1	-1
4	4	-6.57667	5.61747	-1	-1	-1
4	4	-7.62667	5.76747	-1	-1	-1
4	4	-7.47667	5.76747	-1	-1	-1
4	4	-7.32667	5.76747	-1	-1	-1
4	4	-7.17667	5.76747	-1	-1	-1
4	4	-7.02667	5.76747	-1	-1	-1
4	4	-6.87667	5.76747	-1	-1	-1
4	4	-6.72667	5.76747	-1	-1	-1
4	4	-6.57667	5.76747	5363	-1	-1
4	4	-7.62667	5.91747	-1	-1	-1
4	4	-7.47667	5.91747	-1	-1	-1
4	4	-7.32667	5.91747	-1	-1	-1
4	4	-7.17667	5.91747	-1	-1	-1
4	4	-7.02667	5.91747	-1	-1	-1
4	4	-6.87667	5.91747	-1	-1	-1
4	4	-6.72667	5.91747	-1	-1	-1
4	4	-6.57667	5.91747	5169	5290.88	-1
4	4	-7.62667	6.06747	-1	-1	-1
4	4	-7.47667	6.06747	-1	-1	-1
4	4	-7.32667	6.06747	-1	-1	-1
4	4	-7.17667	6.06747	-1	-1	-1
4	4	-7.02667	6.06747	-1	-1	-1
4	4	-6.87667	6.06747	-1	-1	-1
4	4	-6.72667	6.06747	-1	-1	-1
4	4	-6.57667	6.06747	5356	-1	-1
4	4	-7.62667	6.21747	-1	-1	-1
4	4	-7.47667	6.21747	-1	-1	-1
4	4	-7.32667	6.21747	-1	-1	-1
4	4	-7.17667	6.21747	-1	-1	-1
4	4	-7.02667	6.21747	-1	-1	-1
4	4	-6.87667	6.21747	-1	-1	-1
4	4	-6.72667	6.21747	-1	-1	-1
4	4	-6.57667	6.21747	-1	-1	-1
4	4	-7.62667	6.36747	-1	-1	-1
4	4	-7.47667	6.36747	-1	-1	-1
4	4	-7.32667	6.36747	-1	-1	-1
4	4	-7.17667	6.36747	-1	-1	-1
4	4	-7.02667	6.36747	-1	-1	-1
4	4	-6.87667	6.36747	-1	-1	-1
4	4	-6.72667	6.36747	-1	-1	-1
4	4	-6.57667	6.36747	-1	-1	-1
4	4	-7.62667	6.51747	-1	-1	-1
4	4	-7.47667	6.51747	-1	-1	-1
4	4	-7.32667	6.51747	-1	-1	-1
4	4	-7.17667	6.51747	-1	-1	-1
4	4	-7.02667	6.51747	-1	-1	-1
4	4	-6.87667	6.51747	-1	-1	-1
4	4	-6.72667	6.51747	-1	-1	-1
4	4	-6.57667	6.51747	-1	-1	-1
4	4	-7.62667	6.66747	-1	-1	-1
4	4	-7.47667	6.66747	-1	-1	-1
4	4	-7.32667	6.66747	-1	-1	-1
4	4	-7.17667	6.66747	-1	-1	-1
4	4	-7.02667	6.66747	-1	-1	-1
4	4	-6.87667	6.66747	-1	-1	-1
4	4	-6.72667	6.66747	-1	-1	-1
4	4	-6.57667	6.66747	-1	-1	-1
5	4	-5.54298	2.2887	-1	-1	-1
5	4	-5.39298	2.2887	622	665.406	-1
5	4	-5.24298	2.2887	-1	-1	-1
5	4	-5.09298	2.2887	-1	-1	-1
5	4	-4.94298	2.2887	-1	-1	-1
5	4	-4.79298	2.2887	-1	-1	-1
5	4	-4.64298	2.2887	3472	3514.88	-1
5	4	-4.49298	2.2887	379	432.25	-1
5	4	-5.54298	2.4387	-1	-1	-1
5	4	-5.39298	2.4387	-1	-1	-1
5	4	-5.24298	2.4387	-1	-1	-1
5	4	-5.09298	2.4387	-1	-1	-1
5	4	-4.94298	2.4387	-1	-1	-1
5	4	-4.79298	2.4387	-1	-1	-1
5	4	-4.64298	2.4387	-1	-1	-1
5	4	-4.49298	2.4387	1492	1610.78	-1
5	4	-5.54298	2.5887	-1	-1	-1
5	4	-5.39298	2.5887	-1	-1	-1
5	4	-5.24298	2.5887	-1	-1	-1
5	4	-5.09298	2.5887	-1	-1	-1
5	4	-4.94298	2.5887	-1	-1	-1
5	4	-4.79298	2.5887	-1	-1	-1
5	4	-4.64298	2.5887	-1	-1	-1
5	4	-4.49298	2.5887	187	234.906	-1
5	4	-5.54298	2.7387	-1	-1	-1
5	4	-5.39298	2.7387	-1	-1	-1
5	4	-5.24298	2.7387	-1	-1	-1
5	4	-5.09298	2.7387	-1	-1	-1
5	4	-4.94298	2.7387	-1	-1	-1
5	4	-4.79298	2.7387	-1	-1	-1
5	4	-4.64298	2.7387	287	357.375	-1
5	4	-4.49298	2.7387	58	100.938	-1
5	4	-5.54298	2.8887	-1	-1	-1
5	4	-5.39298	2.8887	-1	-1	-1
5	4	-5.24298	2.8887	-1	-1	-1
5	4	-5.09298	2.8887	-1	-1	-1
5	4	-4.94298	2.8887	-1	-1	-1
5	4	-4.79298	2.8887	-1	-1	-1
5	4	-4.64298	2.8887	337	436.969	-1
5	4	-4.49298	2.8887	147	202.656	-1
5	4	-5.54298	3.0387	-1	-1	-1
5	4	-5.39298	3.0387	-1	-1	-1
5	4	-5.24298	3.0387	-1	-1	-1
5	4	-5.09298	3.0387	-1	-1	-1
5	4	-4.94298	3.0387	-1	-1	-1
5	4	-4.79298	3.0387	-1	-1	-1
5	4	-4.64298	3.0387	-1	-1	-1
5	4	-4.49298	3.0387	3104	3148.78	-1
5	4	-5.54298	3.1887	-1	-1	-1
5	4	-5.39298	3.1887	-1	-1	-1
5	4	-5.24298	3.1887	-1	-1	-1
5	4	-5.09298	3.1887	-1	-1	-1
5	4	-4.94298	3.1887	-1	-1	-1
5	4	-4.79298	3.1887	-1	-1	-1
5	4	-4.64298	3.1887	-1	-1	-1
5	4	-4.49298	3.1887	-1	-1	-1
5	4	-5.54298	3.3387	-1	-1	-1
5	4	-5.39298	3.3387	-1	-1	-1
5	4	-5.24298	3.3387	-1	-1	-1
5	4	-5.09298	3.3387	-1	-1	-1
5	4	-4.94298	3.3387	-1	-1	-1
5	4	-4.79298	3.3387	-1	-1	-1
5	4	-4.64298	3.3387	-1	-1	-1
5	4	-4.49298	3.3387	-1	-1	-1
6	16	-8.30561	-0.581113	-1	-1	-1
6	16	-8.15561	-0.581113	-1	-1	-1
6	16	-8.00561	-0.581113	-1	-1	-1
6	16	-7.85561	-0.581113	88	145.375	-1
6	16	-8.30561	-0.431113	-1	-1	-1
6	16	-8.15561	-0.431113	-1	-1	-1
6	16	-8.00561	-0.431113	-1	-1	-1
6	16	-7.85561	-0.431113	-1	-1	-1
6	16	-8.30561	-0.281113	-1	-1	-1
6	16	-8.15561	-0.281113	-1	-1	-1
6	16	-8.00561	-0.281113	2063	2153.75	-1
6	16	-7.85561	-0.281113	1132	1227.81	-1
6	16	-8.30561	-0.131113	-1	-1	-1
6	16	-8.15561	-0.131113	-1	-1	-1
6	16	-8.00561	-0.131113	2659	2749.66	-1
6	16	-7.85561	-0.131113	1297	1352.53	-1
7	16	-5.63921	-0.958817	-1	-1	-1
7	16	-5.48921	-0.958817	-1	-1	-1
7	16	-5.33921	-0.958817	-1	-1	-1
7	16	-5.18921	-0.958817	432	524.531	-1
7	16	-5.63921	-0.808817	-1	-1	-1
7	16	-5.48921	-0.808817	-1	-1	-1
7	16	-5.33921	-0.808817	-1	-1	-1
7	16	-5.18921	-0.808817	776	884.438	-1
7	16	-5.63921	-0.658817	-1	-1	-1
7	16	-5.48921	-0.658817	-1	-1	-1
7	16	-5.33921	-0.658817	-1	-1	-1
7	16	-5.18921	-0.658817	5378	-1	-1
7	16	-5.63921	-0.508817	-1	-1	-1
7	16	-5.48921	-0.508817	-1	-1	-1
7	16	-5.33921	-0.508817	3308	3352.09	-1
7	16	-5.18921	-0.508817	3089	3205.41	-1
8	16	-1.03828	2.91058	-1	-1	-1
8	16	-0.888279	2.91058	2165	2192.62	-1
8	16	-0.738279	2.91058	2553	2676.22	-1
8	16	-0.588279	2.91058	588	711.719	-1
8	16	-1.03828	3.06058	33	61.0938	-1
8	16	-0.888279	3.06058	2701	2726.94	-1
8	16	-0.738279	3.06058	4574	4608.69	-1
8	16	-0.588279	3.06058	3326	3358.09	-1
8	16	-1.03828	3.21058	96	123.781	-1
8	16	-0.888279	3.21058	-1	-1	-1
8	16	-0.738279	3.21058	-1	-1	-1
8	16	-0.588279	3.21058	3645	3673.16	-1
8	16	-1.03828	3.36058	-1	-1	-1
8	16	-0.888279	3.36058	-1	-1	-1
8	16	-0.738279	3.36058	-1	-1	-1
8	16	-0.588279	3.36058	-1	-1	-1
9	16	-5.7568	-6.12523	-1	-1	-1
9	16	-5.6068	-6.12523	-1	-1	-1
9	16	-5.4568	-6.12523	-1	-1	-1
9	16	-5.3068	-6.12523	-1	-1	-1
9	16	-5.7568	-5.97523	-1	-1	-1
9	16	-5.6068	-5.97523	-1	-1	-1
9	16	-5.4568	-5.97523	-1	-1	-1
9	16	-5.3068	-5.97523	-1	-1	-1
9	16	-5.7568	-5.82523	-1	-1	-1
9	16	-5.6068	-5.82523	-1	-1	-1
9	16	-5.4568	-5.82523	-1	-1	-1
9	16	-5.3068	-5.82523	-1	-1	-1
9	16	-5.7568	-5.67523	-1	-1	-1
9	16	-5.6068	-5.67523	-1	-1	-1
9	16	-5.4568	-5.67523	-1	-1	-1
9	16	-5.3068	-5.67523	-1	-1	-1
10	16	-6.89952	1.0019	-1	-1	-1
10	16	-6.74952	1.0019	-1	-1	-1
10	16	-6.59952	1.0019	-1	-1	-1
10	16	-6.44952	1.0019	-1	-1	-1
10	16	-6.89952	1.1519	-1	-1	-1
10	16	-6.74952	1.1519	-1	-1	-1
10	16	-6.59952	1.1519	-1	-1	-1
10	16	-6.44952	1.1519	-1	-1	-1
10	16	-6.89952	1.3019	-1	-1	-1
10	16	-6.74952	1.3019	-1	-1	-1
10	16	-6.59952	1.3019	-1	-1	-1
10	16	-6.44952	1.3019	-1	-1	-1
10	16	-6.89952	1.4519	-1	-1	-1
10	16	-6.74952	1.4519	-1	-1	-1
10	16	-6.59952	1.4519	-1	-1	-1
10	16	-6.44952	1.4519	4435	4532.03	-1
11	16	1.42647	-7.09494	-1	-1	-1
11	16	1.57647	-7.09494	-1	-1	-1
11	16	1.72647	-7.09494	-1	-1	-1
11	16	1.87647	-7.09494	-1	-1	-1
11	16	1.42647	-6.94494	-1	-1	-1
11	16	1.57647	-6.94494	-1	-1	-1
11	16	1.72647	-6.94494	-1	-1	-1
11	16	1.87647	-6.94494	-1	-1	-1
11	16	1.42647	-6.79494	-1	-1	-1
11	16	1.57647	-6.79494	-1	-1	-1
11	16	1.72647	-6.79494	-1	-1	-1
11	16	1.87647	-6.79494	-1	-1	-1
11	16	1.42647	-6.64494	2481	2590.62	-1
11	16	1.57647	-6.64494	-1	-1	-1
11	16	1.72647	-6.64494	1069	1164.44	-1
11	16	1.87647	-6.64494	-1	-1	-1
12	16	-3.47752	0.766056	-1	-1	-1
12	16	-3.32752	0.766056	-1	-1	-1
12	16	-3.17752	0.766056	45	78.875	-1
12	16	-3.02752	0.766056	1196	1332.09	-1
12	16	-3.47752	0.916056	-1	-1	-1
12	16	-3.32752	0.916056	-1	-1	-1
12	16	-3.17752	0.916056	4584	4709.38	-1
12	16	-3.02752	0.916056	935	961.844	-1
12	16	-3.47752	1.06606	-1	-1	-1
12	16	-3.32752	1.06606	-1	-1	-1
12	16	-3.17752	1.06606	-1	-1	-1
12	16	-3.02752	1.06606	775	904.375	-1
12	16	-3.47752	1.21606	-1	-1	-1
12	16	-3.32752	1.21606	-1	-1	-1
12	16	-3.17752	1.21606	-1	-1	-1
12	16	-3.02752	1.21606	2592	2623.44	-1
13	16	2.18825	-9.23625	-1	-1	-1
13	16	2.33825	-9.23625	-1	-1	-1
13	16	2.48825	-9.23625	-1	-1	-1
13	16	2.63825	-9.23625	-1	-1	-1
13	16	2.18825	-9.08625	-1	-1	-1
13	16	2.33825	-9.08625	-1	-1	-1
13	16	2.48825	-9.08625	-1	-1	-1
13	16	2.63825	-9.08625	-1	-1	-1
13	16	2.18825	-8.93625	-1	-1	-1
13	16	2.33825	-8.93625	-1	-1	-1
13	16	2.48825	-8.93625	-1	-1	-1
13	16	2.63825	-8.93625	-1	-1	-1
13	16	2.18825	-8.78625	-1	-1	-1
13	16	2.33825	-8.78625	-1	-1	-1
13	16	2.48825	-8.78625	-1	-1	-1
13	16	2.63825	-8.78625	-1	-1	-1
14	16	5.25088	-7.89021	-1	-1	-1
14	16	5.40088	-7.89021	-1	-1	-1
14	16	5.55088	-7.89021	-1	-1	-1
14	16	5.70088	-7.89021	-1	-1	-1
14	16	5.25088	-7.74021	-1	-1	-1
14	16	5.40088	-7.74021	-1	-1	-1
14	16	5.55088	-7.74021	-1	-1	-1
14	16	5.70088	-7.74021	-1	-1	-1
14	16	5.25088	-7.59021	-1	-1	-1
14	16	5.40088	-7.59021	-1	-1	-1
14	16	5.55088	-7.59021	-1	-1	-1
14	16	5.70088	-7.59021	-1	-1	-1
14	16	5.25088	-7.44021	-1	-1	-1
14	16	5.40088	-7.44021	-1	-1	-1
14	16	5.55088	-7.44021	-1	-1	-1
14	16	5.70088	-7.44021	-1	-1	-1
15	16	4.79123	1.34822	5126	5229.31	-1
15	16	4.94123	1.34822	-1	-1	-1
15	16	5.09123	1.34822	-1	-1	-1
15	16	5.24123	1.34822	1029	1081.25	-1
15	16	4.79123	1.49822	-1	-1	-1
15	16	4.94123	1.49822	-1	-1	-1
15	16	5.09123	1.49822	-1	-1	-1
15	16	5.24123	1.49822	-1	-1	-1
15	16	4.79123	1.64822	-1	-1	-1
15	16	4.94123	1.64822	-1	-1	-1
15	16	5.09123	1.64822	-1	-1	-1
15	16	5.24123	1.64822	-1	-1	-1
15	16	4.79123	1.79822	-1	-1	-1
15	16	4.94123	1.79822	-1	-1	-1
15	16	5.09123	1.79822	-1	-1	-1
15	16	5.24123	1.79822	-1	-1	-1
16	16	-4.58949	7.6891	-1	-1	-1
16	16	-4.43949	7.6891	-1	-1	-1
16	16	-4.28949	7.6891	-1	-1	-1
16	16	-4.13949	7.6891	-1	-1	-1
16	16	-4.58949	7.8391	-1	-1	-1
16	16	-4.43949	7.8391	-1	-1	-1
16	16	-4.28949	7.8391	-1	-1	-1
16	16	-4.13949	7.8391	-1	-1	-1
16	16	-4.58949	7.9891	-1	-1	-1
16	16	-4.43949	7.9891	-1	-1	-1
16	16	-4.28949	7.9891	-1	-1	-1
16	16	-4.13949	7.9891	1000	1071.5	-1
16	16	-4.58949	8.1391	-1	-1	-1
16	16	-4.43949	8.1391	-1	-1	-1
16	16	-4.28949	8.1391	-1	-1	-1
16	16	-4.13949	8.1391	-1	-1	-1
17	16	8.66793	1.06544	1966	2036.19	-1
17	16	8.81793	1.06544	-1	-1	-1
17	16	8.96793	1.06544	-1	-1	-1
17	16	9.11793	1.06544	-1	-1	-1
17	16	8.66793	1.21544	1740	1802.72	-1
17	16	8.81793	1.21544	-1	-1	-1
17	16	8.96793	1.21544	-1	-1	-1
17	16	9.11793	1.21544	-1	-1	-1
17	16	8.66793	1.36544	1878	1961.53	-1
17	16	8.81793	1.36544	-1	-1	-1
17	16	8.96793	1.36544	-1	-1	-1
17	16	9.11793	1.36544	-1	-1	-1
17	16	8.66793	1.51544	2105	2174.97	-1
17	16	8.81793	1.51544	-1	-1	-1
17	16	8.96793	1.51544	-1	-1	-1
17	16	9.11793	1.51544	-1	-1	-1
18	16	-4.98754	-6.35029	5094	5155.69	-1
18	16	-4.83754	-6.35029	4952	5019.5	-1
18	16	-4.68754	-6.35029	4839	4914.91	-1
18	16	-4.53754	-6.35029	665	791.219	-1
18	16	-4.98754	-6.20029	4781	4875.78	-1
18	16	-4.83754	-6.20029	4559	4629.34	-1
18	16	-4.68754	-6.20029	4617	4691.72	-1
18	16	-4.53754	-6.20029	4889	4965.62	-1
18	16	-4.98754	-6.05029	4713	4781.16	-1
18	16	-4.83754	-6.05029	4359	4484.78	-1
18	16	-4.68754	-6.05029	4540	4620.53	-1
18	16	-4.53754	-6.05029	4739	4817.38	-1
18	16	-4.98754	-5.90029	4958	5018	-1
18	16	-4.83754	-5.90029	4698	4770.62	-1
18	16	-4.68754	-5.90029	4609	4674.81	-1
18	16	-4.53754	-5.90029	4846	4913.03	-1
19	16	-1.01343	7.72985	-1	-1	-1
19	16	-0.863425	7.72985	-1	-1	-1
19	16	-0.713425	7.72985	-1	-1	-1
19	16	-0.563425	7.72985	-1	-1	-1
19	16	-1.01343	7.87985	-1	-1	-1
19	16	-0.863425	7.87985	-1	-1	-1
19	16	-0.713425	7.87985	-1	-1	-1
19	16	-0.563425	7.87985	-1	-1	-1
19	16	-1.01343	8.02985	-1	-1	-1
19	16	-0.863425	8.02985	-1	-1	-1
19	16	-0.713425	8.02985	-1	-1	-1
19	16	-0.563425	8.02985	-1	-1	-1
19	16	-1.01343	8.17985	-1	-1	-1
19	16	-0.863425	8.17985	-1	-1	-1
19	16	-0.713425	8.17985	-1	-1	-1
19	16	-0.563425	8.17985	-1	-1	-1
20	16	-3.05081	2.79647	50	86.4688	-1
20	16	-2.90081	2.79647	188	359.969	-1
20	16	-2.75081	2.79647	398	432.938	-1
20	16	-2.60081	2.79647	57	89.7188	-1
20	16	-3.05081	2.94647	580	614.812	-1
20	16	-2.90081	2.94647	2271	2434.31	-1
20	16	-2.75081	2.94647	528	565.688	-1
20	16	-2.60081	2.94647	418	450.375	-1
20	16	-3.05081	3.09647	-1	-1	-1
20	16	-2.90081	3.09647	-1	-1	-1
20	16	-2.75081	3.09647	-1	-1	-1
20	16	-2.60081	3.09647	1482	1632.34	-1
20	16	-3.05081	3.24647	-1	-1	-1
20	16	-2.90081	3.24647	-1	-1	-1
20	16	-2.75081	3.24647	-1	-1	-1
20	16	-2.60081	3.24647	-1	-1	-1
21	16	1.89867	-4.83363	-1	-1	-1
21	16	2.04867	-4.83363	-1	-1	-1
21	16	2.19867	-4.83363	-1	-1	-1
21	16	2.34867	-4.83363	-1	-1	-1
21	16	1.89867	-4.68363	-1	-1	-1
21	16	2.04867	-4.68363	-1	-1	-1
21	16	2.19867	-4.68363	-1	-1	-1
21	16	2.34867	-4.68363	-1	-1	-1
21	16	1.89867	-4.53363	2734	2849.19	-1
21	16	2.04867	-4.53363	-1	-1	-1
21	16	2.19867	-4.53363	-1	-1	-1
21	16	2.34867	-4.53363	-1	-1	-1
21	16	1.89867	-4.38363	1084	1214.62	-1
21	16	2.04867	-4.38363	2543	2661.09	-1
21	16	2.19867	-4.38363	464	586.031	-1
21	16	2.34867	-4.38363	81	212.844	-1
0	256	7.29288	-2.59897	4741	4802.72	-1
0	256	2.65822	5.09545	1561	1690.12	-1
0	256	-7.25147	0.951867	-1	-1	-1
0	256	6.39871	-1.93935	-1	-1	-1
0	256	6.24911	-0.595134	1539	1640.56	-1
0	256	-3.9077	4.97088	-1	-1	-1
0	256	5.1675	6.0106	-1	-1	-1
0	256	7.85621	1.6356	-1	-1	-1
0	256	-8.5189	-4.27476	2011	2079.69	-1
0	256	4.24466	-4.49322	1330	1485.09	-1
0	256	-0.826951	-5.81013	788	836.219	-1
0	256	-7.24389	-2.44807	-1	-1	-1
0	256	-6.47867	0.867792	-1	-1	-1
0	256	0.231829	-7.07721	-1	-1	-1
0	256	0.405758	-4.08931	2690	2813.88	-1
0	256	5.84407	-4.48423	-1	-1	-1
0	256	-6.03012	-3.51127	-1	-1	-1
0	256	-0.965348	4.13712	-1	-1	-1
0	256	3.08341	7.68701	-1	-1	-1
0	256	1.15888	-3.82755	-1	-1	-1
0	256	0.417699	8.56662	-1	-1	-1
0	256	-3.46208	-1.98121	225	372.156	-1
0	256	8.44691	-2.61077	-1	-1	-1
0	256	-5.98668	-6.1074	4665	4732.59	-1
0	256	1.51678	-6.42746	2263	2377.31	-1
0	256	8.43655	-1.70471	-1	-1	-1
0	256	-1.00948	7.03162	-1	-1	-1
0	256	-1.01225	-7.84409	-1	-1	-1
0	256	1.64166	6.9578	887	976.562	-1
0	256	0.412586	-3.64647	2264	2389.41	-1
0	256	-9.25918	2.48298	1071	1140.19	-1
0	256	-6.5184	3.25388	-1	-1	-1
0	256	4.22072	6.74888	2745	2855.94	-1
0	256	4.98593	1.97366	2424	2538.81	-1
0	256	0.844565	-3.27765	389	417.281	-1
0	256	2.76187	-1.99125	369	401.656	-1
0	256	-6.72391	4.21694	1748	1819.16	-1
0	256	-9.75073	-0.711169	-1	-1	-1
0	256	4.50751	5.18372	2575	2701.03	-1
0	256	4.83229	3.28893	2942	3075.66	-1
0	256	-0.354641	8.41867	-1	-1	-1
0	256	-5.47736	-8.24186	-1	-1	-1
0	256	5.52634	-3.73934	4445	4493.84	-1
0	256	5.92656	-5.19835	-1	-1	-1
0	256	7.20518	1.53481	-1	-1	-1
0	256	-4.08717	-4.5504	3718	3867.06	-1
0	256	1.9583	9.1837	-1	-1	-1
0	256	3.91448	4.45324	1808	1852.72	-1
0	256	3.20297	3.68336	-1	-1	-1
0	256	7.60698	-4.94279	2094	2161.5	-1
0	256	5.56376	-2.4067	4955	5059	-1
0	256	-7.28285	-3.19302	-1	-1	-1
0	256	6.49777	1.3599	-1	-1	-1
0	256	3.58465	1.85659	1382	1427.69	-1
0	256	-2.55796	-3.98711	-1	-1	-1
0	256	6.02794	-4.49633	-1	-1	-1
0	256	6.22695	5.58375	-1	-1	-1
0	256	5.65226	-3.84898	-1	-1	-1
0	256	2.64628	-6.87283	-1	-1	-1
0	256	9.36506	-1.55937	-1	-1	-1
0	256	5.11265	-6.363	3313	3375.31	-1
0	256	-1.8156	-8.20087	-1	-1	-1
0	256	-5.75995	7.22817	-1	-1	-1
0	256	-3.51507	7.95321	1898	2000.62	-1
0	256	-0.186386	3.3483	-1	-1	-1
0	256	-1.59419	-7.92812	5298	5389.06	-1
0	256	-4.2911	2.82647	250	299.312	-1
0	256	-5.79561	4.30651	-1	-1	-1
0	256	-0.521659	5.54726	-1	-1	-1
0	256	0.597321	-7.21004	4728	4798.31	-1
0	256	7.96375	3.07859	-1	-1	-1
0	256	-6.94802	-3.36013	2674	2770.12	-1
0	256	-1.92756	4.8575	-1	-1	-1
0	256	1.61497	7.49761	-1	-1	-1
0	256	-1.20258	8.44529	-1	-1	-1
0	256	-6.79026	5.06479	-1	-1	-1
0	256	-1.25503	-3.2378	2517	2640.19	-1
0	256	0.138722	3.43369	41	73.875	-1
0	256	-4.09231	1.76687	-1	-1	-1
0	256	-8.74464	-3.17771	-1	-1	-1
0	256	-3.71889	0.717168	1788	1902.22	-1
0	256	-8.5174	2.15541	3616	3677.75	-1
0	256	6.48168	-2.95091	-1	-1	-1
0	256	-4.20066	-6.78866	-1	-1	-1
0	256	-4.06346	-3.73256	5253	5294.66	-1
0	256	-7.43556	-5.0882	-1	-1	-1
0	256	4.00003	2.68549	2485	2619.28	-1
0	256	4.96023	-2.98199	570	613.719	-1
0	256	-4.50107	6.09842	2803	2878.5	-1
0	256	-2.36643	-4.60046	463	581.531	-1
0	256	-5.71868	4.85303	-1	-1	-1
0	256	4.33055	-4.74676	2701	2749.41	-1
0	256	-0.350589	-6.02783	-1	-1	-1
0	256	2.06368	4.25679	2678	2717.25	-1
0	256	-0.111852	-9.39144	-1	-1	-1
0	256	-5.50279	5.70627	-1	-1	-1
0	256	6.84923	1.92707	-1	-1	-1
0	256	9.03301	2.63506	-1	-1	-1
0	256	0.425578	-1.20834	12	39.5	-1
0	256	2.24011	-9.54588	-1	-1	-1
0	256	-8.09697	-1.61261	-1	-1	-1
0	256	0.839178	-4.90496	2411	2530.16	-1
0	256	-0.816108	-9.36488	-1	-1	-1
0	256	1.16288	6.00058	607	653.625	-1
0	256	4.85897	-8.62828	948	1050.16	-1
0	256	-8.49738	-3.07624	-1	-1	-1
0	256	-7.74111	3.44551	-1	-1	-1
0	256	-3.12794	-3.0428	2376	2411.41	-1
0	256	6.14086	6.73968	3663	3729.72	-1
0	256	-0.224646	-8.46121	-1	-1	-1
0	256	-1.24513	-4.2507	3062	3182.5	-1
0	256	4.31868	-1.66332	2780	2821.84	-1
0	256	0.298198	-6.96291	5219	5323.75	-1
0	256	-3.627	6.58412	-1	-1	-1
0	256	8.32093	-4.05531	-1	-1	-1
0	256	1.10975	-8.40733	5054	5124.88	-1
0	256	-3.60021	-3.56459	-1	-1	-1
0	256	1.68975	-8.527	-1	-1	-1
0	256	-4.15007	4.09906	-1	-1	-1
0	256	5.04565	4.48892	2307	2442.84	-1
0	256	3.85895	-5.11517	1624	1769.38	-1
0	256	-3.28262	-2.98531	-1	-1	-1
0	256	3.72085	8.03767	-1	-1	-1
0	256	3.46108	6.48184	-1	-1	-1
0	256	-4.59038	-2.24486	1804	1916.78	-1
0	256	-5.99707	4.28551	-1	-1	-1
0	256	2.20153	7.97713	-1	-1	-1
0	256	0.594058	-4.78994	-1	-1	-1
0	256	-8.53278	4.51573	-1	-1	-1
0	256	2.70802	8.1369	2337	2437.88	-1
0	256	-0.645283	-6.47545	-1	-1	-1
0	256	1.13419	-6.97049	5034	5093.16	-1
0	256	2.64127	-5.95451	-1	-1	-1
0	256	2.86677	4.9486	3391	3503.53	-1
0	256	-5.45181	0.836579	4839	4944.16	-1
0	256	2.38514	3.48408	752	908.125	-1
0	256	0.0543297	-4.8456	2671	2708.78	-1
0	256	-4.09267	-6.26221	3520	3579.09	-1
0	256	-3.62068	-2.32629	1242	1276.25	-1
0	256	-6.61312	-1.35139	5194	5243.59	-1
0	256	1.75785	-5.7442	3007	3058.94	-1
0	256	5.64697	-4.42805	-1	-1	-1
0	256	0.42431	8.82273	-1	-1	-1
0	256	0.169815	-3.98297	767	892.312	-1
0	256	8.11249	-5.80443	-1	-1	-1
0	256	7.71803	5.63995	2300	2369.81	-1
0	256	-7.3056	-3.48262	-1	-1	-1
0	256	3.96194	0.841184	3294	3327.09	-1
0	256	5.34158	-1.44743	1064	1116.28	-1
0	256	-5.6677	-6.42932	-1	-1	-1
0	256	3.57021	-8.952	-1	-1	-1
0	256	-0.820834	3.89556	-1	-1	-1
0	256	7.76099	-2.71137	-1	-1	-1
0	256	-6.96163	1.90995	-1	-1	-1
0	256	-4.24996	-5.25735	1574	1716.84	-1
0	256	-2.76842	3.79777	2892	3032.59	-1
0	256	-5.19396	8.34263	-1	-1	-1
0	256	6.5395	-6.01353	3705	3834.62	-1
0	256	4.10895	-0.997534	612	653.25	-1
0	256	1.03883	-7.53843	-1	-1	-1
0	256	2.84559	-9.28832	-1	-1	-1
0	256	-3.02492	-8.76766	-1	-1	-1
0	256	3.4692	3.57168	1433	1580.88	-1
0	256	-7.79001	-1.95071	-1	-1	-1
0	256	5.42815	7.81492	2423	2492.94	-1
0	256	2.69402	-2.43593	881	1037.84	-1
0	256	-7.84978	1.81755	-1	-1	-1
0	256	-2.92551	0.702797	1327	1453	-1
0	256	2.10052	4.14348	-1	-1	-1
0	256	-5.14549	-2.17326	4461	4589.03	-1
0	256	-4.5739	-7.44553	-1	-1	-1
0	256	-8.04086	1.76994	-1	-1	-1
0	256	8.68444	4.56258	-1	-1	-1
0	256	0.668641	-9.48057	5312	5383.91	-1
0	256	-6.08439	2.20928	-1	-1	-1
0	256	-0.318937	-8.58319	-1	-1	-1
0	256	-6.8363	-3.84393	-1	-1	-1
0	256	4.46685	-2.14585	5372	-1	-1
0	256	1.4864	-3.44879	200	335.75	-1
0	256	8.3972	-3.26884	-1	-1	-1
0	256	2.61997	-5.02343	-1	-1	-1
0	256	3.06565	5.45287	4211	4259.25	-1
0	256	-2.68902	-7.54557	-1	-1	-1
0	256	3.51772	4.75716	-1	-1	-1
0	256	0.224826	9.23297	-1	-1	-1
0	256	-0.192274	-7.32163	-1	-1	-1
0	256	-2.75649	-8.73486	-1	-1	-1
0	256	4.2307	6.63184	2253	2313.09	-1
0	256	-0.106177	-8.53058	-1	-1	-1
0	256	5.95449	-7.42248	-1	-1	-1
0	256	1.90464	3.88783	3297	3428.03	-1
0	256	-2.90462	5.59631	4150	4285.78	-1
0	256	-1.00677	4.96172	-1	-1	-1
0	256	2.47892	8.1886	-1	-1	-1
0	256	4.5645	4.91534	-1	-1	-1
0	256	-8.94496	3.84275	-1	-1	-1
0	256	-8.15074	-3.02054	-1	-1	-1
0	256	7.68437	4.47071	-1	-1	-1
0	256	-4.31413	-7.84548	-1	-1	-1
0	256	-1.75955	7.4929	-1	-1	-1
0	256	-5.00881	6.01224	-1	-1	-1
0	256	-3.756	3.97345	-1	-1	-1
0	256	-0.282619	-5.6746	3899	3942.12	-1
0	256	2.47213	-4.76935	-1	-1	-1
0	256	-5.07096	7.34907	-1	-1	-1
0	256	1.44867	9.62671	-1	-1	-1
0	256	4.57581	3.04845	2940	3084.97	-1
0	256	-1.03888	-8.11566	3749	3811.25	-1
0	256	-5.02749	-8.32231	-1	-1	-1
0	256	6.93921	-1.82735	-1	-1	-1
0	256	0.687344	3.15456	1667	1794.19	-1
0	256	-5.7554	-1.1582	411	518.031	-1
0	256	4.24707	4.75488	5034	5082.5	-1
0	256	8.6799	3.04896	2444	2539.03	-1
0	256	0.643228	6.46272	2699	2803.81	-1
0	256	-3.17574	1.9859	-1	-1	-1
0	256	-0.575778	9.22407	-1	-1	-1
0	256	2.55589	-6.44037	-1	-1	-1
0	256	-9.33215	-2.75441	1356	1441.22	-1
0	256	-4.00035	1.16788	-1	-1	-1
0	256	3.89924	9.02171	-1	-1	-1
0	256	-7.62467	-5.15516	-1	-1	-1
0	256	-3.70809	-5.71838	1524	1580.19	-1
0	256	9.10531	-0.0483456	-1	-1	-1
0	256	-1.01375	7.5611	-1	-1	-1
0	256	0.407824	4.17283	1480	1533.75	-1
0	256	1.29276	5.85109	-1	-1	-1
0	256	1.81379	5.98215	-1	-1	-1
0	256	8.26488	1.52929	1965	2029.81	-1
0	256	-4.74312	5.18142	-1	-1	-1
0	256	0.898243	8.21792	-1	-1	-1
0	256	-5.70429	6.91808	-1	-1	-1
0	256	3.36597	4.95242	-1	-1	-1
0	256	0.536687	3.32552	2350	2470.47	-1
0	256	5.04097	-1.65436	3274	3383.38	-1
0	256	0.827625	1.59004	2832	2851.25	-1
0	256	-3.49306	2.8576	736	888.25	-1
0	256	4.96472	4.21518	701	846.5	-1
0	256	5.97054	-0.432708	5387	-1	-1
0	256	-3.90828	-8.74892	-1	-1	-1
0	256	4.76597	-8.75909	-1	-1	-1
0	256	-0.0676224	3.89356	-1	-1	-1
0	256	7.4081	-1.98155	-1	-1	-1
0	256	-6.80594	6.8398	-1	-1	-1
0	256	5.6087	-1.04765	627	740.656	-1
0	256	5.94823	0.668445	3492	3593.66	-1
0	256	-1.2581	3.60148	-1	-1	-1
0	256	-0.20926	-8.09405	-1	-1	-1
0	256	2.8498	-8.9379	-1	-1	-1
0	256	-0.736055	-3.30625	2300	2425.88	-1
0	256	0.867235	-4.01464	1541	1652.97	-1
0	256	4.25006	-0.6876	469	503.281	-1
0	256	-0.802046	-4.78485	-1	-1	-1
0	256	3.03267	-1.53803	3526	3647.78	-1
0	256	-0.476723	-5.18486	-1	-1	-1
0	256	-6.99287	5.40001	2266	2383.44	-1
