Pile ID	Distribution Type	X-Position	Y-Position	Pickup Time	Drop Off Time	Ant ID
1	1	3.39405	-7.48044	-1	-1	-1
1	1	3.54405	-7.48044	-1	-1	-1
1	1	3.69405	-7.48044	-1	-1	-1
1	1	3.84405	-7.48044	-1	-1	-1
1	1	3.99405	-7.48044	-1	-1	-1
1	1	4.14405	-7.48044	-1	-1	-1
1	1	4.29405	-7.48044	-1	-1	-1
1	1	4.44405	-7.48044	-1	-1	-1
1	1	4.59405	-7.48044	-1	-1	-1
1	1	4.74405	-7.48044	-1	-1	-1
1	1	4.89405	-7.48044	-1	-1	-1
1	1	5.04405	-7.48044	-1	-1	-1
1	1	5.19405	-7.48044	-1	-1	-1
1	1	5.34405	-7.48044	-1	-1	-1
1	1	5.49405	-7.48044	-1	-1	-1
1	1	5.64405	-7.48044	-1	-1	-1
1	1	3.39405	-7.33044	80	137.594	-1
1	1	3.54405	-7.33044	-1	-1	-1
1	1	3.69405	-7.33044	-1	-1	-1
1	1	3.84405	-7.33044	-1	-1	-1
1	1	3.99405	-7.33044	-1	-1	-1
1	1	4.14405	-7.33044	-1	-1	-1
1	1	4.29405	-7.33044	-1	-1	-1
1	1	4.44405	-7.33044	-1	-1	-1
1	1	4.59405	-7.33044	-1	-1	-1
1	1	4.74405	-7.33044	-1	-1	-1
1	1	4.89405	-7.33044	-1	-1	-1
1	1	5.04405	-7.33044	-1	-1	-1
1	1	5.19405	-7.33044	-1	-1	-1
1	1	5.34405	-7.33044	-1	-1	-1
1	1	5.49405	-7.33044	-1	-1	-1
1	1	5.64405	-7.33044	-1	-1	-1
1	1	3.39405	-7.18044	-1	-1	-1
1	1	3.54405	-7.18044	-1	-1	-1
1	1	3.69405	-7.18044	-1	-1	-1
1	1	3.84405	-7.18044	-1	-1	-1
1	1	3.99405	-7.18044	-1	-1	-1
1	1	4.14405	-7.18044	-1	-1	-1
1	1	4.29405	-7.18044	-1	-1	-1
1	1	4.44405	-7.18044	-1	-1	-1
1	1	4.59405	-7.18044	-1	-1	-1
1	1	4.74405	-7.18044	-1	-1	-1
1	1	4.89405	-7.18044	-1	-1	-1
1	1	5.04405	-7.18044	-1	-1	-1
1	1	5.19405	-7.18044	-1	-1	-1
1	1	5.34405	-7.18044	-1	-1	-1
1	1	5.49405	-7.18044	-1	-1	-1
1	1	5.64405	-7.18044	-1	-1	-1
1	1	3.39405	-7.03044	-1	-1	-1
1	1	3.54405	-7.03044	-1	-1	-1
1	1	3.69405	-7.03044	-1	-1	-1
1	1	3.84405	-7.03044	-1	-1	-1
1	1	3.99405	-7.03044	-1	-1	-1
1	1	4.14405	-7.03044	-1	-1	-1
1	1	4.29405	-7.03044	-1	-1	-1
1	1	4.44405	-7.03044	-1	-1	-1
1	1	4.59405	-7.03044	-1	-1	-1
1	1	4.74405	-7.03044	-1	-1	-1
1	1	4.89405	-7.03044	-1	-1	-1
1	1	5.04405	-7.03044	-1	-1	-1
1	1	5.19405	-7.03044	-1	-1	-1
1	1	5.34405	-7.03044	-1	-1	-1
1	1	5.49405	-7.03044	-1	-1	-1
1	1	5.64405	-7.03044	-1	-1	-1
1	1	3.39405	-6.88044	-1	-1	-1
1	1	3.54405	-6.88044	-1	-1	-1
1	1	3.69405	-6.88044	-1	-1	-1
1	1	3.84405	-6.88044	-1	-1	-1
1	1	3.99405	-6.88044	-1	-1	-1
1	1	4.14405	-6.88044	-1	-1	-1
1	1	4.29405	-6.88044	-1	-1	-1
1	1	4.44405	-6.88044	-1	-1	-1
1	1	4.59405	-6.88044	-1	-1	-1
1	1	4.74405	-6.88044	-1	-1	-1
1	1	4.89405	-6.88044	-1	-1	-1
1	1	5.04405	-6.88044	-1	-1	-1
1	1	5.19405	-6.88044	-1	-1	-1
1	1	5.34405	-6.88044	-1	-1	-1
1	1	5.49405	-6.88044	-1	-1	-1
1	1	5.64405	-6.88044	-1	-1	-1
1	1	3.39405	-6.73044	-1	-1	-1
1	1	3.54405	-6.73044	-1	-1	-1
1	1	3.69405	-6.73044	-1	-1	-1
1	1	3.84405	-6.73044	-1	-1	-1
1	1	3.99405	-6.73044	-1	-1	-1
1	1	4.14405	-6.73044	-1	-1	-1
1	1	4.29405	-6.73044	-1	-1	-1
1	1	4.44405	-6.73044	-1	-1	-1
1	1	4.59405	-6.73044	-1	-1	-1
1	1	4.74405	-6.73044	-1	-1	-1
1	1	4.89405	-6.73044	-1	-1	-1
1	1	5.04405	-6.73044	-1	-1	-1
1	1	5.19405	-6.73044	-1	-1	-1
1	1	5.34405	-6.73044	-1	-1	-1
1	1	5.49405	-6.73044	-1	-1	-1
1	1	5.64405	-6.73044	-1	-1	-1
1	1	3.39405	-6.58044	-1	-1	-1
1	1	3.54405	-6.58044	-1	-1	-1
1	1	3.69405	-6.58044	-1	-1	-1
1	1	3.84405	-6.58044	-1	-1	-1
1	1	3.99405	-6.58044	-1	-1	-1
1	1	4.14405	-6.58044	-1	-1	-1
1	1	4.29405	-6.58044	-1	-1	-1
1	1	4.44405	-6.58044	-1	-1	-1
1	1	4.59405	-6.58044	-1	-1	-1
1	1	4.74405	-6.58044	-1	-1	-1
1	1	4.89405	-6.58044	-1	-1	-1
1	1	5.04405	-6.58044	-1	-1	-1
1	1	5.19405	-6.58044	-1	-1	-1
1	1	5.34405	-6.58044	-1	-1	-1
1	1	5.49405	-6.58044	-1	-1	-1
1	1	5.64405	-6.58044	-1	-1	-1
1	1	3.39405	-6.43044	-1	-1	-1
1	1	3.54405	-6.43044	-1	-1	-1
1	1	3.69405	-6.43044	-1	-1	-1
1	1	3.84405	-6.43044	-1	-1	-1
1	1	3.99405	-6.43044	-1	-1	-1
1	1	4.14405	-6.43044	-1	-1	-1
1	1	4.29405	-6.43044	-1	-1	-1
1	1	4.44405	-6.43044	-1	-1	-1
1	1	4.59405	-6.43044	-1	-1	-1
1	1	4.74405	-6.43044	-1	-1	-1
1	1	4.89405	-6.43044	-1	-1	-1
1	1	5.04405	-6.43044	-1	-1	-1
1	1	5.19405	-6.43044	-1	-1	-1
1	1	5.34405	-6.43044	-1	-1	-1
1	1	5.49405	-6.43044	-1	-1	-1
1	1	5.64405	-6.43044	-1	-1	-1
1	1	3.39405	-6.28044	-1	-1	-1
1	1	3.54405	-6.28044	-1	-1	-1
1	1	3.69405	-6.28044	-1	-1	-1
1	1	3.84405	-6.28044	-1	-1	-1
1	1	3.99405	-6.28044	-1	-1	-1
1	1	4.14405	-6.28044	-1	-1	-1
1	1	4.29405	-6.28044	-1	-1	-1
1	1	4.44405	-6.28044	-1	-1	-1
1	1	4.59405	-6.28044	-1	-1	-1
1	1	4.74405	-6.28044	-1	-1	-1
1	1	4.89405	-6.28044	-1	-1	-1
1	1	5.04405	-6.28044	-1	-1	-1
1	1	5.19405	-6.28044	-1	-1	-1
1	1	5.34405	-6.28044	-1	-1	-1
1	1	5.49405	-6.28044	-1	-1	-1
1	1	5.64405	-6.28044	-1	-1	-1
1	1	3.39405	-6.13044	-1	-1	-1
1	1	3.54405	-6.13044	-1	-1	-1
1	1	3.69405	-6.13044	-1	-1	-1
1	1	3.84405	-6.13044	-1	-1	-1
1	1	3.99405	-6.13044	-1	-1	-1
1	1	4.14405	-6.13044	-1	-1	-1
1	1	4.29405	-6.13044	-1	-1	-1
1	1	4.44405	-6.13044	-1	-1	-1
1	1	4.59405	-6.13044	-1	-1	-1
1	1	4.74405	-6.13044	-1	-1	-1
1	1	4.89405	-6.13044	-1	-1	-1
1	1	5.04405	-6.13044	-1	-1	-1
1	1	5.19405	-6.13044	-1	-1	-1
1	1	5.34405	-6.13044	-1	-1	-1
1	1	5.49405	-6.13044	-1	-1	-1
1	1	5.64405	-6.13044	-1	-1	-1
1	1	3.39405	-5.98044	2333	2395.66	-1
1	1	3.54405	-5.98044	-1	-1	-1
1	1	3.69405	-5.98044	-1	-1	-1
1	1	3.84405	-5.98044	-1	-1	-1
1	1	3.99405	-5.98044	-1	-1	-1
1	1	4.14405	-5.98044	-1	-1	-1
1	1	4.29405	-5.98044	-1	-1	-1
1	1	4.44405	-5.98044	-1	-1	-1
1	1	4.59405	-5.98044	-1	-1	-1
1	1	4.74405	-5.98044	-1	-1	-1
1	1	4.89405	-5.98044	-1	-1	-1
1	1	5.04405	-5.98044	-1	-1	-1
1	1	5.19405	-5.98044	-1	-1	-1
1	1	5.34405	-5.98044	-1	-1	-1
1	1	5.49405	-5.98044	-1	-1	-1
1	1	5.64405	-5.98044	-1	-1	-1
1	1	3.39405	-5.83044	2448	2507.66	-1
1	1	3.54405	-5.83044	-1	-1	-1
1	1	3.69405	-5.83044	-1	-1	-1
1	1	3.84405	-5.83044	-1	-1	-1
1	1	3.99405	-5.83044	-1	-1	-1
1	1	4.14405	-5.83044	-1	-1	-1
1	1	4.29405	-5.83044	-1	-1	-1
1	1	4.44405	-5.83044	-1	-1	-1
1	1	4.59405	-5.83044	-1	-1	-1
1	1	4.74405	-5.83044	-1	-1	-1
1	1	4.89405	-5.83044	-1	-1	-1
1	1	5.04405	-5.83044	-1	-1	-1
1	1	5.19405	-5.83044	-1	-1	-1
1	1	5.34405	-5.83044	-1	-1	-1
1	1	5.49405	-5.83044	-1	-1	-1
1	1	5.64405	-5.83044	-1	-1	-1
1	1	3.39405	-5.68044	1867	1973.88	-1
1	1	3.54405	-5.68044	-1	-1	-1
1	1	3.69405	-5.68044	-1	-1	-1
1	1	3.84405	-5.68044	-1	-1	-1
1	1	3.99405	-5.68044	-1	-1	-1
1	1	4.14405	-5.68044	-1	-1	-1
1	1	4.29405	-5.68044	-1	-1	-1
1	1	4.44405	-5.68044	-1	-1	-1
1	1	4.59405	-5.68044	-1	-1	-1
1	1	4.74405	-5.68044	-1	-1	-1
1	1	4.89405	-5.68044	-1	-1	-1
1	1	5.04405	-5.68044	-1	-1	-1
1	1	5.19405	-5.68044	-1	-1	-1
1	1	5.34405	-5.68044	-1	-1	-1
1	1	5.49405	-5.68044	-1	-1	-1
1	1	5.64405	-5.68044	-1	-1	-1
1	1	3.39405	-5.53044	2023	2073.22	-1
1	1	3.54405	-5.53044	4778	4827.38	-1
1	1	3.69405	-5.53044	-1	-1	-1
1	1	3.84405	-5.53044	4666	4729.19	-1
1	1	3.99405	-5.53044	4819	4886.75	-1
1	1	4.14405	-5.53044	-1	-1	-1
1	1	4.29405	-5.53044	-1	-1	-1
1	1	4.44405	-5.53044	-1	-1	-1
1	1	4.59405	-5.53044	-1	-1	-1
1	1	4.74405	-5.53044	-1	-1	-1
1	1	4.89405	-5.53044	-1	-1	-1
1	1	5.04405	-5.53044	-1	-1	-1
1	1	5.19405	-5.53044	-1	-1	-1
1	1	5.34405	-5.53044	-1	-1	-1
1	1	5.49405	-5.53044	-1	-1	-1
1	1	5.64405	-5.53044	-1	-1	-1
1	1	3.39405	-5.38044	2414	2461.94	-1
1	1	3.54405	-5.38044	2260	2357.56	-1
1	1	3.69405	-5.38044	4431	4552.41	-1
1	1	3.84405	-5.38044	4598	4671.03	-1
1	1	3.99405	-5.38044	-1	-1	-1
1	1	4.14405	-5.38044	-1	-1	-1
1	1	4.29405	-5.38044	-1	-1	-1
1	1	4.44405	-5.38044	-1	-1	-1
1	1	4.59405	-5.38044	-1	-1	-1
1	1	4.74405	-5.38044	-1	-1	-1
1	1	4.89405	-5.38044	-1	-1	-1
1	1	5.04405	-5.38044	-1	-1	-1
1	1	5.19405	-5.38044	-1	-1	-1
1	1	5.34405	-5.38044	-1	-1	-1
1	1	5.49405	-5.38044	-1	-1	-1
1	1	5.64405	-5.38044	-1	-1	-1
1	1	3.39405	-5.23044	2282	2343.81	-1
1	1	3.54405	-5.23044	2099	2150.72	-1
1	1	3.69405	-5.23044	2203	2282.31	-1
1	1	3.84405	-5.23044	2257	2350.28	-1
1	1	3.99405	-5.23044	4845	4894.16	-1
1	1	4.14405	-5.23044	-1	-1	-1
1	1	4.29405	-5.23044	5280	-1	-1
1	1	4.44405	-5.23044	-1	-1	-1
1	1	4.59405	-5.23044	-1	-1	-1
1	1	4.74405	-5.23044	-1	-1	-1
1	1	4.89405	-5.23044	-1	-1	-1
1	1	5.04405	-5.23044	-1	-1	-1
1	1	5.19405	-5.23044	-1	-1	-1
1	1	5.34405	-5.23044	-1	-1	-1
1	1	5.49405	-5.23044	4323	4462.19	-1
1	1	5.64405	-5.23044	3819	3955.81	-1
2	4	2.00254	7.54251	1364	1421.88	-1
2	4	2.15254	7.54251	1328	1394.19	-1
2	4	2.30254	7.54251	5003	5104.75	-1
2	4	2.45254	7.54251	-1	-1	-1
2	4	2.60254	7.54251	-1	-1	-1
2	4	2.75254	7.54251	-1	-1	-1
2	4	2.90254	7.54251	-1	-1	-1
2	4	3.05254	7.54251	598	703.031	-1
2	4	2.00254	7.69251	1152	1260.97	-1
2	4	2.15254	7.69251	1182	1265.75	-1
2	4	2.30254	7.69251	-1	-1	-1
2	4	2.45254	7.69251	-1	-1	-1
2	4	2.60254	7.69251	-1	-1	-1
2	4	2.75254	7.69251	-1	-1	-1
2	4	2.90254	7.69251	-1	-1	-1
2	4	3.05254	7.69251	-1	-1	-1
2	4	2.00254	7.84251	830	906.531	-1
2	4	2.15254	7.84251	1010	1071.31	-1
2	4	2.30254	7.84251	1376	1437.28	-1
2	4	2.45254	7.84251	-1	-1	-1
2	4	2.60254	7.84251	-1	-1	-1
2	4	2.75254	7.84251	-1	-1	-1
2	4	2.90254	7.84251	-1	-1	-1
2	4	3.05254	7.84251	-1	-1	-1
2	4	2.00254	7.99251	660	751.75	-1
2	4	2.15254	7.99251	1387	1452.88	-1
2	4	2.30254	7.99251	-1	-1	-1
2	4	2.45254	7.99251	-1	-1	-1
2	4	2.60254	7.99251	-1	-1	-1
2	4	2.75254	7.99251	-1	-1	-1
2	4	2.90254	7.99251	-1	-1	-1
2	4	3.05254	7.99251	-1	-1	-1
2	4	2.00254	8.14251	891	964.406	-1
2	4	2.15254	8.14251	-1	-1	-1
2	4	2.30254	8.14251	-1	-1	-1
2	4	2.45254	8.14251	-1	-1	-1
2	4	2.60254	8.14251	-1	-1	-1
2	4	2.75254	8.14251	-1	-1	-1
2	4	2.90254	8.14251	-1	-1	-1
2	4	3.05254	8.14251	-1	-1	-1
2	4	2.00254	8.29251	1036	1113.59	-1
2	4	2.15254	8.29251	-1	-1	-1
2	4	2.30254	8.29251	-1	-1	-1
2	4	2.45254	8.29251	-1	-1	-1
2	4	2.60254	8.29251	-1	-1	-1
2	4	2.75254	8.29251	-1	-1	-1
2	4	2.90254	8.29251	-1	-1	-1
2	4	3.05254	8.29251	-1	-1	-1
2	4	2.00254	8.44251	2633	2736	-1
2	4	2.15254	8.44251	-1	-1	-1
2	4	2.30254	8.44251	-1	-1	-1
2	4	2.45254	8.44251	-1	-1	-1
2	4	2.60254	8.44251	-1	-1	-1
2	4	2.75254	8.44251	-1	-1	-1
2	4	2.90254	8.44251	-1	-1	-1
2	4	3.05254	8.44251	-1	-1	-1
2	4	2.00254	8.59251	-1	-1	-1
2	4	2.15254	8.59251	-1	-1	-1
2	4	2.30254	8.59251	-1	-1	-1
2	4	2.45254	8.59251	-1	-1	-1
2	4	2.60254	8.59251	-1	-1	-1
2	4	2.75254	8.59251	-1	-1	-1
2	4	2.90254	8.59251	-1	-1	-1
2	4	3.05254	8.59251	-1	-1	-1
3	4	-5.91388	-1.96525	-1	-1	-1
3	4	-5.76388	-1.96525	-1	-1	-1
3	4	-5.61388	-1.96525	-1	-1	-1
3	4	-5.46388	-1.96525	299	342.969	-1
3	4	-5.31388	-1.96525	-1	-1	-1
3	4	-5.16388	-1.96525	-1	-1	-1
3	4	-5.01388	-1.96525	-1	-1	-1
3	4	-4.86388	-1.96525	-1	-1	-1
3	4	-5.91388	-1.81525	-1	-1	-1
3	4	-5.76388	-1.81525	-1	-1	-1
3	4	-5.61388	-1.81525	-1	-1	-1
3	4	-5.46388	-1.81525	-1	-1	-1
3	4	-5.31388	-1.81525	-1	-1	-1
3	4	-5.16388	-1.81525	-1	-1	-1
3	4	-5.01388	-1.81525	-1	-1	-1
3	4	-4.86388	-1.81525	-1	-1	-1
3	4	-5.91388	-1.66525	-1	-1	-1
3	4	-5.76388	-1.66525	-1	-1	-1
3	4	-5.61388	-1.66525	-1	-1	-1
3	4	-5.46388	-1.66525	-1	-1	-1
3	4	-5.31388	-1.66525	-1	-1	-1
3	4	-5.16388	-1.66525	-1	-1	-1
3	4	-5.01388	-1.66525	-1	-1	-1
3	4	-4.86388	-1.66525	-1	-1	-1
3	4	-5.91388	-1.51525	-1	-1	-1
3	4	-5.76388	-1.51525	-1	-1	-1
3	4	-5.61388	-1.51525	-1	-1	-1
3	4	-5.46388	-1.51525	-1	-1	-1
3	4	-5.31388	-1.51525	-1	-1	-1
3	4	-5.16388	-1.51525	-1	-1	-1
3	4	-5.01388	-1.51525	-1	-1	-1
3	4	-4.86388	-1.51525	-1	-1	-1
3	4	-5.91388	-1.36525	-1	-1	-1
3	4	-5.76388	-1.36525	-1	-1	-1
3	4	-5.61388	-1.36525	-1	-1	-1
3	4	-5.46388	-1.36525	-1	-1	-1
3	4	-5.31388	-1.36525	-1	-1	-1
3	4	-5.16388	-1.36525	-1	-1	-1
3	4	-5.01388	-1.36525	-1	-1	-1
3	4	-4.86388	-1.36525	3774	3812.78	-1
3	4	-5.91388	-1.21525	-1	-1	-1
3	4	-5.76388	-1.21525	-1	-1	-1
3	4	-5.61388	-1.21525	-1	-1	-1
3	4	-5.46388	-1.21525	-1	-1	-1
3	4	-5.31388	-1.21525	-1	-1	-1
3	4	-5.16388	-1.21525	-1	-1	-1
3	4	-5.01388	-1.21525	-1	-1	-1
3	4	-4.86388	-1.21525	4919	5031.19	-1
3	4	-5.91388	-1.06525	-1	-1	-1
3	4	-5.76388	-1.06525	-1	-1	-1
3	4	-5.61388	-1.06525	-1	-1	-1
3	4	-5.46388	-1.06525	-1	-1	-1
3	4	-5.31388	-1.06525	-1	-1	-1
3	4	-5.16388	-1.06525	-1	-1	-1
3	4	-5.01388	-1.06525	-1	-1	-1
3	4	-4.86388	-1.06525	4448	4565.94	-1
3	4	-5.91388	-0.915248	-1	-1	-1
3	4	-5.76388	-0.915248	-1	-1	-1
3	4	-5.61388	-0.915248	561	605.656	-1
3	4	-5.46388	-0.915248	-1	-1	-1
3	4	-5.31388	-0.915248	-1	-1	-1
3	4	-5.16388	-0.915248	-1	-1	-1
3	4	-5.01388	-0.915248	4276	4389.06	-1
3	4	-4.86388	-0.915248	-1	-1	-1
4	4	1.24718	-7.96963	-1	-1	-1
4	4	1.39718	-7.96963	-1	-1	-1
4	4	1.54718	-7.96963	-1	-1	-1
4	4	1.69718	-7.96963	-1	-1	-1
4	4	1.84718	-7.96963	-1	-1	-1
4	4	1.99718	-7.96963	-1	-1	-1
4	4	2.14718	-7.96963	-1	-1	-1
4	4	2.29718	-7.96963	-1	-1	-1
4	4	1.24718	-7.81963	-1	-1	-1
4	4	1.39718	-7.81963	-1	-1	-1
4	4	1.54718	-7.81963	-1	-1	-1
4	4	1.69718	-7.81963	-1	-1	-1
4	4	1.84718	-7.81963	-1	-1	-1
4	4	1.99718	-7.81963	-1	-1	-1
4	4	2.14718	-7.81963	-1	-1	-1
4	4	2.29718	-7.81963	-1	-1	-1
4	4	1.24718	-7.66963	-1	-1	-1
4	4	1.39718	-7.66963	-1	-1	-1
4	4	1.54718	-7.66963	-1	-1	-1
4	4	1.69718	-7.66963	-1	-1	-1
4	4	1.84718	-7.66963	-1	-1	-1
4	4	1.99718	-7.66963	-1	-1	-1
4	4	2.14718	-7.66963	-1	-1	-1
4	4	2.29718	-7.66963	-1	-1	-1
4	4	1.24718	-7.51963	1082	1148.31	-1
4	4	1.39718	-7.51963	1613	1693.88	-1
4	4	1.54718	-7.51963	1341	1405.56	-1
4	4	1.69718	-7.51963	1555	1631.25	-1
4	4	1.84718	-7.51963	-1	-1	-1
4	4	1.99718	-7.51963	-1	-1	-1
4	4	2.14718	-7.51963	-1	-1	-1
4	4	2.29718	-7.51963	-1	-1	-1
4	4	1.24718	-7.36963	764	822.25	-1
4	4	1.39718	-7.36963	1044	1123.12	-1
4	4	1.54718	-7.36963	1243	1299.59	-1
4	4	1.69718	-7.36963	1466	1543.59	-1
4	4	1.84718	-7.36963	1666	1729.75	-1
4	4	1.99718	-7.36963	-1	-1	-1
4	4	2.14718	-7.36963	-1	-1	-1
4	4	2.29718	-7.36963	-1	-1	-1
4	4	1.24718	-7.21963	875	938.25	-1
4	4	1.39718	-7.21963	907	972.375	-1
4	4	1.54718	-7.21963	1179	1243.72	-1
4	4	1.69718	-7.21963	1356	1417.94	-1
4	4	1.84718	-7.21963	-1	-1	-1
4	4	1.99718	-7.21963	-1	-1	-1
4	4	2.14718	-7.21963	-1	-1	-1
4	4	2.29718	-7.21963	-1	-1	-1
4	4	1.24718	-7.06963	1199	1272.38	-1
4	4	1.39718	-7.06963	1081	1140.16	-1
4	4	1.54718	-7.06963	1492	1556.03	-1
4	4	1.69718	-7.06963	1615	1718.22	-1
4	4	1.84718	-7.06963	-1	-1	-1
4	4	1.99718	-7.06963	-1	-1	-1
4	4	2.14718	-7.06963	-1	-1	-1
4	4	2.29718	-7.06963	3885	3997.94	-1
4	4	1.24718	-6.91963	-1	-1	-1
4	4	1.39718	-6.91963	-1	-1	-1
4	4	1.54718	-6.91963	1904	2010.72	-1
4	4	1.69718	-6.91963	-1	-1	-1
4	4	1.84718	-6.91963	-1	-1	-1
4	4	1.99718	-6.91963	-1	-1	-1
4	4	2.14718	-6.91963	-1	-1	-1
4	4	2.29718	-6.91963	2670	2783.06	-1
5	4	6.75604	-2.25336	1614	1665.91	-1
5	4	6.90604	-2.25336	-1	-1	-1
5	4	7.05604	-2.25336	-1	-1	-1
5	4	7.20604	-2.25336	-1	-1	-1
5	4	7.35604	-2.25336	-1	-1	-1
5	4	7.50604	-2.25336	-1	-1	-1
5	4	7.65604	-2.25336	-1	-1	-1
5	4	7.80604	-2.25336	-1	-1	-1
5	4	6.75604	-2.10336	-1	-1	-1
5	4	6.90604	-2.10336	-1	-1	-1
5	4	7.05604	-2.10336	-1	-1	-1
5	4	7.20604	-2.10336	-1	-1	-1
5	4	7.35604	-2.10336	-1	-1	-1
5	4	7.50604	-2.10336	-1	-1	-1
5	4	7.65604	-2.10336	-1	-1	-1
5	4	7.80604	-2.10336	-1	-1	-1
5	4	6.75604	-1.95336	3237	3337.94	-1
5	4	6.90604	-1.95336	-1	-1	-1
5	4	7.05604	-1.95336	-1	-1	-1
5	4	7.20604	-1.95336	-1	-1	-1
5	4	7.35604	-1.95336	-1	-1	-1
5	4	7.50604	-1.95336	-1	-1	-1
5	4	7.65604	-1.95336	-1	-1	-1
5	4	7.80604	-1.95336	-1	-1	-1
5	4	6.75604	-1.80336	3396	3457.59	-1
5	4	6.90604	-1.80336	-1	-1	-1
5	4	7.05604	-1.80336	-1	-1	-1
5	4	7.20604	-1.80336	-1	-1	-1
5	4	7.35604	-1.80336	-1	-1	-1
5	4	7.50604	-1.80336	-1	-1	-1
5	4	7.65604	-1.80336	-1	-1	-1
5	4	7.80604	-1.80336	-1	-1	-1
5	4	6.75604	-1.65336	-1	-1	-1
5	4	6.90604	-1.65336	-1	-1	-1
5	4	7.05604	-1.65336	-1	-1	-1
5	4	7.20604	-1.65336	-1	-1	-1
5	4	7.35604	-1.65336	-1	-1	-1
5	4	7.50604	-1.65336	-1	-1	-1
5	4	7.65604	-1.65336	-1	-1	-1
5	4	7.80604	-1.65336	-1	-1	-1
5	4	6.75604	-1.50336	2041	2147.69	-1
5	4	6.90604	-1.50336	-1	-1	-1
5	4	7.05604	-1.50336	-1	-1	-1
5	4	7.20604	-1.50336	-1	-1	-1
5	4	7.35604	-1.50336	-1	-1	-1
5	4	7.50604	-1.50336	-1	-1	-1
5	4	7.65604	-1.50336	-1	-1	-1
5	4	7.80604	-1.50336	-1	-1	-1
5	4	6.75604	-1.35336	-1	-1	-1
5	4	6.90604	-1.35336	-1	-1	-1
5	4	7.05604	-1.35336	-1	-1	-1
5	4	7.20604	-1.35336	-1	-1	-1
5	4	7.35604	-1.35336	-1	-1	-1
5	4	7.50604	-1.35336	-1	-1	-1
5	4	7.65604	-1.35336	-1	-1	-1
5	4	7.80604	-1.35336	-1	-1	-1
5	4	6.75604	-1.20336	3724	3847.94	-1
5	4	6.90604	-1.20336	1919	1975.66	-1
5	4	7.05604	-1.20336	-1	-1	-1
5	4	7.20604	-1.20336	-1	-1	-1
5	4	7.35604	-1.20336	-1	-1	-1
5	4	7.50604	-1.20336	-1	-1	-1
5	4	7.65604	-1.20336	-1	-1	-1
5	4	7.80604	-1.20336	-1	-1	-1
6	16	0.82435	-9.422	-1	-1	-1
6	16	0.97435	-9.422	-1	-1	-1
6	16	1.12435	-9.422	-1	-1	-1
6	16	1.27435	-9.422	-1	-1	-1
6	16	0.82435	-9.272	-1	-1	-1
6	16	0.97435	-9.272	-1	-1	-1
6	16	1.12435	-9.272	-1	-1	-1
6	16	1.27435	-9.272	-1	-1	-1
6	16	0.82435	-9.122	-1	-1	-1
6	16	0.97435	-9.122	-1	-1	-1
6	16	1.12435	-9.122	-1	-1	-1
6	16	1.27435	-9.122	-1	-1	-1
6	16	0.82435	-8.972	-1	-1	-1
6	16	0.97435	-8.972	-1	-1	-1
6	16	1.12435	-8.972	-1	-1	-1
6	16	1.27435	-8.972	-1	-1	-1
7	16	4.21834	6.83703	-1	-1	-1
7	16	4.36834	6.83703	-1	-1	-1
7	16	4.51834	6.83703	-1	-1	-1
7	16	4.66834	6.83703	4252	4376.09	-1
7	16	4.21834	6.98703	-1	-1	-1
7	16	4.36834	6.98703	-1	-1	-1
7	16	4.51834	6.98703	-1	-1	-1
7	16	4.66834	6.98703	-1	-1	-1
7	16	4.21834	7.13703	-1	-1	-1
7	16	4.36834	7.13703	-1	-1	-1
7	16	4.51834	7.13703	-1	-1	-1
7	16	4.66834	7.13703	-1	-1	-1
7	16	4.21834	7.28703	-1	-1	-1
7	16	4.36834	7.28703	-1	-1	-1
7	16	4.51834	7.28703	-1	-1	-1
7	16	4.66834	7.28703	-1	-1	-1
8	16	2.96443	1.18975	3824	3945.84	-1
8	16	3.11443	1.18975	4061	4091.88	-1
8	16	3.26443	1.18975	332	483.031	-1
8	16	3.41443	1.18975	53	83.6875	-1
8	16	2.96443	1.33975	380	408.188	-1
8	16	3.11443	1.33975	4412	4443.22	-1
8	16	3.26443	1.33975	3719	3750.22	-1
8	16	3.41443	1.33975	-1	-1	-1
8	16	2.96443	1.48975	1418	1549.72	-1
8	16	3.11443	1.48975	4422	4545.84	-1
8	16	3.26443	1.48975	-1	-1	-1
8	16	3.41443	1.48975	-1	-1	-1
8	16	2.96443	1.63975	77	105.375	-1
8	16	3.11443	1.63975	2098	2131.31	-1
8	16	3.26443	1.63975	-1	-1	-1
8	16	3.41443	1.63975	-1	-1	-1
9	16	-7.59079	5.49678	-1	-1	-1
9	16	-7.44079	5.49678	5044	5169.31	-1
9	16	-7.29079	5.49678	5283	5349.19	-1
9	16	-7.14079	5.49678	-1	-1	-1
9	16	-7.59079	5.64678	-1	-1	-1
9	16	-7.44079	5.64678	-1	-1	-1
9	16	-7.29079	5.64678	-1	-1	-1
9	16	-7.14079	5.64678	-1	-1	-1
9	16	-7.59079	5.79678	-1	-1	-1
9	16	-7.44079	5.79678	-1	-1	-1
9	16	-7.29079	5.79678	-1	-1	-1
9	16	-7.14079	5.79678	-1	-1	-1
9	16	-7.59079	5.94678	-1	-1	-1
9	16	-7.44079	5.94678	-1	-1	-1
9	16	-7.29079	5.94678	-1	-1	-1
9	16	-7.14079	5.94678	-1	-1	-1
10	16	-0.268763	4.64824	216	334	-1
10	16	-0.118763	4.64824	243	358.469	-1
10	16	0.0312374	4.64824	395	430.719	-1
10	16	0.181237	4.64824	523	560.344	-1
10	16	-0.268763	4.79824	396	446.812	-1
10	16	-0.118763	4.79824	-1	-1	-1
10	16	0.0312374	4.79824	604	667.312	-1
10	16	0.181237	4.79824	-1	-1	-1
10	16	-0.268763	4.94824	3147	3197.03	-1
10	16	-0.118763	4.94824	-1	-1	-1
10	16	0.0312374	4.94824	-1	-1	-1
10	16	0.181237	4.94824	-1	-1	-1
10	16	-0.268763	5.09824	-1	-1	-1
10	16	-0.118763	5.09824	-1	-1	-1
10	16	0.0312374	5.09824	-1	-1	-1
10	16	0.181237	5.09824	-1	-1	-1
11	16	-2.78999	7.46569	5224	5285.59	-1
11	16	-2.63999	7.46569	4941	5010.66	-1
11	16	-2.48999	7.46569	5083	5156.44	-1
11	16	-2.33999	7.46569	-1	-1	-1
11	16	-2.78999	7.61569	5056	5123.59	-1
11	16	-2.63999	7.61569	4599	4700.88	-1
11	16	-2.48999	7.61569	4757	4824.72	-1
11	16	-2.33999	7.61569	-1	-1	-1
11	16	-2.78999	7.76569	5072	5142.34	-1
11	16	-2.63999	7.76569	4783	4843.41	-1
11	16	-2.48999	7.76569	4882	4945.88	-1
11	16	-2.33999	7.76569	5282	5350.81	-1
11	16	-2.78999	7.91569	-1	-1	-1
11	16	-2.63999	7.91569	4924	4999.09	-1
11	16	-2.48999	7.91569	5119	5193.97	-1
11	16	-2.33999	7.91569	5263	5341.28	-1
12	16	-1.13107	-9.0362	-1	-1	-1
12	16	-0.981068	-9.0362	-1	-1	-1
12	16	-0.831068	-9.0362	-1	-1	-1
12	16	-0.681068	-9.0362	-1	-1	-1
12	16	-1.13107	-8.8862	-1	-1	-1
12	16	-0.981068	-8.8862	-1	-1	-1
12	16	-0.831068	-8.8862	-1	-1	-1
12	16	-0.681068	-8.8862	-1	-1	-1
12	16	-1.13107	-8.7362	-1	-1	-1
12	16	-0.981068	-8.7362	-1	-1	-1
12	16	-0.831068	-8.7362	-1	-1	-1
12	16	-0.681068	-8.7362	-1	-1	-1
12	16	-1.13107	-8.5862	-1	-1	-1
12	16	-0.981068	-8.5862	-1	-1	-1
12	16	-0.831068	-8.5862	-1	-1	-1
12	16	-0.681068	-8.5862	-1	-1	-1
13	16	-5.16439	8.0861	-1	-1	-1
13	16	-5.01439	8.0861	-1	-1	-1
13	16	-4.86439	8.0861	-1	-1	-1
13	16	-4.71439	8.0861	-1	-1	-1
13	16	-5.16439	8.2361	2706	2776.5	-1
13	16	-5.01439	8.2361	-1	-1	-1
13	16	-4.86439	8.2361	-1	-1	-1
13	16	-4.71439	8.2361	-1	-1	-1
13	16	-5.16439	8.3861	-1	-1	-1
13	16	-5.01439	8.3861	-1	-1	-1
13	16	-4.86439	8.3861	-1	-1	-1
13	16	-4.71439	8.3861	-1	-1	-1
13	16	-5.16439	8.5361	-1	-1	-1
13	16	-5.01439	8.5361	-1	-1	-1
13	16	-4.86439	8.5361	-1	-1	-1
13	16	-4.71439	8.5361	-1	-1	-1
14	16	5.32428	7.8287	-1	-1	-1
14	16	5.47428	7.8287	-1	-1	-1
14	16	5.62428	7.8287	-1	-1	-1
14	16	5.77428	7.8287	-1	-1	-1
14	16	5.32428	7.9787	-1	-1	-1
14	16	5.47428	7.9787	-1	-1	-1
14	16	5.62428	7.9787	-1	-1	-1
14	16	5.77428	7.9787	-1	-1	-1
14	16	5.32428	8.1287	-1	-1	-1
14	16	5.47428	8.1287	-1	-1	-1
14	16	5.62428	8.1287	-1	-1	-1
14	16	5.77428	8.1287	-1	-1	-1
14	16	5.32428	8.2787	-1	-1	-1
14	16	5.47428	8.2787	-1	-1	-1
14	16	5.62428	8.2787	-1	-1	-1
14	16	5.77428	8.2787	-1	-1	-1
15	16	-1.80239	9.17171	-1	-1	-1
15	16	-1.65239	9.17171	-1	-1	-1
15	16	-1.50239	9.17171	-1	-1	-1
15	16	-1.35239	9.17171	-1	-1	-1
15	16	-1.80239	9.32171	-1	-1	-1
15	16	-1.65239	9.32171	-1	-1	-1
15	16	-1.50239	9.32171	-1	-1	-1
15	16	-1.35239	9.32171	-1	-1	-1
15	16	-1.80239	9.47171	3413	3487.25	-1
15	16	-1.65239	9.47171	-1	-1	-1
15	16	-1.50239	9.47171	-1	-1	-1
15	16	-1.35239	9.47171	-1	-1	-1
15	16	-1.80239	9.62171	3554	3633.84	-1
15	16	-1.65239	9.62171	-1	-1	-1
15	16	-1.50239	9.62171	-1	-1	-1
15	16	-1.35239	9.62171	-1	-1	-1
16	16	-1.92563	-9.39313	-1	-1	-1
16	16	-1.77563	-9.39313	-1	-1	-1
16	16	-1.62563	-9.39313	-1	-1	-1
16	16	-1.47563	-9.39313	-1	-1	-1
16	16	-1.92563	-9.24313	-1	-1	-1
16	16	-1.77563	-9.24313	-1	-1	-1
16	16	-1.62563	-9.24313	-1	-1	-1
16	16	-1.47563	-9.24313	-1	-1	-1
16	16	-1.92563	-9.09313	-1	-1	-1
16	16	-1.77563	-9.09313	-1	-1	-1
16	16	-1.62563	-9.09313	-1	-1	-1
16	16	-1.47563	-9.09313	-1	-1	-1
16	16	-1.92563	-8.94313	-1	-1	-1
16	16	-1.77563	-8.94313	-1	-1	-1
16	16	-1.62563	-8.94313	-1	-1	-1
16	16	-1.47563	-8.94313	-1	-1	-1
17	16	4.60235	5.43048	-1	-1	-1
17	16	4.75235	5.43048	3470	3544.69	-1
17	16	4.90235	5.43048	3338	3392.22	-1
17	16	5.05235	5.43048	3462	3535.84	-1
17	16	4.60235	5.58048	-1	-1	-1
17	16	4.75235	5.58048	-1	-1	-1
17	16	4.90235	5.58048	-1	-1	-1
17	16	5.05235	5.58048	-1	-1	-1
17	16	4.60235	5.73048	-1	-1	-1
17	16	4.75235	5.73048	-1	-1	-1
17	16	4.90235	5.73048	-1	-1	-1
17	16	5.05235	5.73048	-1	-1	-1
17	16	4.60235	5.88048	-1	-1	-1
17	16	4.75235	5.88048	-1	-1	-1
17	16	4.90235	5.88048	-1	-1	-1
17	16	5.05235	5.88048	-1	-1	-1
18	16	-5.02464	1.38441	-1	-1	-1
18	16	-4.87464	1.38441	4320	4425.22	-1
18	16	-4.72464	1.38441	3563	3683.56	-1
18	16	-4.57464	1.38441	457	571.562	-1
18	16	-5.02464	1.53441	-1	-1	-1
18	16	-4.87464	1.53441	-1	-1	-1
18	16	-4.72464	1.53441	5081	5187.59	-1
18	16	-4.57464	1.53441	2157	2281.75	-1
18	16	-5.02464	1.68441	-1	-1	-1
18	16	-4.87464	1.68441	-1	-1	-1
18	16	-4.72464	1.68441	5223	5265.62	-1
18	16	-4.57464	1.68441	936	991.344	-1
18	16	-5.02464	1.83441	-1	-1	-1
18	16	-4.87464	1.83441	-1	-1	-1
18	16	-4.72464	1.83441	-1	-1	-1
18	16	-4.57464	1.83441	2765	2901.28	-1
19	16	-1.60722	5.47535	2047	2155.19	-1
19	16	-1.45722	5.47535	-1	-1	-1
19	16	-1.30722	5.47535	4931	5045.59	-1
19	16	-1.15722	5.47535	-1	-1	-1
19	16	-1.60722	5.62535	-1	-1	-1
19	16	-1.45722	5.62535	-1	-1	-1
19	16	-1.30722	5.62535	-1	-1	-1
19	16	-1.15722	5.62535	-1	-1	-1
19	16	-1.60722	5.77535	-1	-1	-1
19	16	-1.45722	5.77535	-1	-1	-1
19	16	-1.30722	5.77535	-1	-1	-1
19	16	-1.15722	5.77535	4370	4416.84	-1
19	16	-1.60722	5.92535	-1	-1	-1
19	16	-1.45722	5.92535	-1	-1	-1
19	16	-1.30722	5.92535	-1	-1	-1
19	16	-1.15722	5.92535	3632	3680.72	-1
20	16	-6.01854	-7.49623	-1	-1	-1
20	16	-5.86854	-7.49623	-1	-1	-1
20	16	-5.71854	-7.49623	-1	-1	-1
20	16	-5.56854	-7.49623	-1	-1	-1
20	16	-6.01854	-7.34623	-1	-1	-1
20	16	-5.86854	-7.34623	-1	-1	-1
20	16	-5.71854	-7.34623	-1	-1	-1
20	16	-5.56854	-7.34623	-1	-1	-1
20	16	-6.01854	-7.19623	-1	-1	-1
20	16	-5.86854	-7.19623	-1	-1	-1
20	16	-5.71854	-7.19623	-1	-1	-1
20	16	-5.56854	-7.19623	-1	-1	-1
20	16	-6.01854	-7.04623	-1	-1	-1
20	16	-5.86854	-7.04623	-1	-1	-1
20	16	-5.71854	-7.04623	-1	-1	-1
20	16	-5.56854	-7.04623	2446	2573.41	-1
21	16	-0.74302	-7.31754	-1	-1	-1
21	16	-0.59302	-7.31754	-1	-1	-1
21	16	-0.44302	-7.31754	-1	-1	-1
21	16	-0.29302	-7.31754	-1	-1	-1
21	16	-0.74302	-7.16754	-1	-1	-1
21	16	-0.59302	-7.16754	-1	-1	-1
21	16	-0.44302	-7.16754	-1	-1	-1
21	16	-0.29302	-7.16754	-1	-1	-1
21	16	-0.74302	-7.01754	-1	-1	-1
21	16	-0.59302	-7.01754	2922	2990.25	-1
21	16	-0.44302	-7.01754	-1	-1	-1
21	16	-0.29302	-7.01754	-1	-1	-1
21	16	-0.74302	-6.86754	-1	-1	-1
21	16	-0.59302	-6.86754	2768	2823.34	-1
21	16	-0.44302	-6.86754	2961	3015.56	-1
21	16	-0.29302	-6.86754	-1	-1	-1
0	256	-6.51202	4.55527	1732	1857.78	-1
0	256	-0.798303	8.95167	-1	-1	-1
0	256	-7.2502	1.19117	4250	4311.81	-1
0	256	-9.15377	-2.72262	-1	-1	-1
0	256	-4.78825	6.15484	2981	3109.03	-1
0	256	-9.02766	2.43428	-1	-1	-1
0	256	-4.58539	5.24771	3155	3300.97	-1
0	256	8.02124	-5.14549	-1	-1	-1
0	256	-5.35096	2.4204	-1	-1	-1
0	256	4.39819	2.88344	2792	2922.34	-1
0	256	-7.40599	4.57127	-1	-1	-1
0	256	2.10814	-5.1782	4245	4287.28	-1
0	256	-6.08991	-4.4908	-1	-1	-1
0	256	3.01665	2.27577	883	1019.44	-1
0	256	2.00548	2.27645	50	211.406	-1
0	256	3.76561	-4.15651	2094	2137.16	-1
0	256	5.94311	1.52669	-1	-1	-1
0	256	6.71622	1.83201	-1	-1	-1
0	256	-6.7008	0.433397	-1	-1	-1
0	256	-3.8973	-3.16131	3865	4018.91	-1
0	256	-6.05511	6.07077	-1	-1	-1
0	256	8.54078	-3.75059	5326	-1	-1
0	256	-7.81528	-6.83907	1273	1383.53	-1
0	256	1.77026	-6.0232	-1	-1	-1
0	256	-4.24434	-7.53031	5119	5232.38	-1
0	256	-7.35176	-8.47328	1595	1680.69	-1
0	256	6.84808	-0.323804	4300	4401.41	-1
0	256	-3.82922	-5.76621	4127	4245.03	-1
0	256	7.55963	6.03753	-1	-1	-1
0	256	-3.76924	-7.29308	2422	2483.84	-1
0	256	5.06121	7.22286	-1	-1	-1
0	256	2.38681	-8.4519	-1	-1	-1
0	256	-8.04191	-0.871257	-1	-1	-1
0	256	3.52728	-2.58547	287	322.281	-1
0	256	7.67577	-4.20704	3244	3310.47	-1
0	256	-5.24499	8.01093	2852	2924.41	-1
0	256	2.34809	-9.07675	-1	-1	-1
0	256	-8.60775	-0.931889	-1	-1	-1
0	256	-2.88776	-1.26424	294	320.438	-1
0	256	0.00170221	-7.05972	-1	-1	-1
0	256	-5.1845	6.26149	-1	-1	-1
0	256	-7.95774	0.116688	720	815.156	-1
0	256	-1.99748	5.87006	74	124.469	-1
0	256	-7.88525	5.28035	3011	3125.81	-1
0	256	3.49517	-0.560355	53	82.9375	-1
0	256	5.59506	5.55452	2975	3114.59	-1
0	256	-2.46423	-5.5735	530	579.844	-1
0	256	-0.939555	-4.43434	3990	4033.75	-1
0	256	3.71744	6.58358	-1	-1	-1
0	256	-1.71024	-5.48089	2334	2384.78	-1
0	256	7.5093	3.3608	-1	-1	-1
0	256	3.56919	-0.934811	2945	2975.44	-1
0	256	6.70462	-5.4183	-1	-1	-1
0	256	9.50449	1.48898	-1	-1	-1
0	256	-2.32999	-7.18028	-1	-1	-1
0	256	-2.22591	-2.38857	2300	2328.19	-1
0	256	1.36044	-9.06675	-1	-1	-1
0	256	3.28943	-9.24706	-1	-1	-1
0	256	-7.25096	-4.15249	-1	-1	-1
0	256	-9.63814	0.247762	746	828.75	-1
0	256	3.89494	0.965328	3314	3426.94	-1
0	256	5.16445	-0.119482	1755	1799.31	-1
0	256	-7.3546	0.414123	-1	-1	-1
0	256	5.3689	-0.208261	-1	-1	-1
0	256	9.33516	2.61751	-1	-1	-1
0	256	-0.715457	-5.28176	286	329.125	-1
0	256	7.52137	-3.59331	3709	3768.06	-1
0	256	-3.23964	-0.764717	1888	2018.84	-1
0	256	-2.7586	-2.16724	720	874.156	-1
0	256	1.73087	-5.65371	-1	-1	-1
0	256	7.49633	5.75914	1835	1903.38	-1
0	256	-5.90378	4.94142	4010	4113.47	-1
0	256	-4.37274	-8.15055	-1	-1	-1
0	256	0.00531687	-8.6441	-1	-1	-1
0	256	2.51246	-4.55467	3289	3408.88	-1
0	256	-3.91346	-8.98201	3757	3841.78	-1
0	256	5.40315	1.76395	2118	2170.97	-1
0	256	-9.28613	-3.53189	5355	-1	-1
0	256	3.15521	-2.46781	2540	2689.69	-1
0	256	-2.33449	-7.0601	2775	2833.91	-1
0	256	4.56175	8.74479	-1	-1	-1
0	256	-7.87297	-4.3477	-1	-1	-1
0	256	-4.52372	2.57334	4043	4083.47	-1
0	256	6.49849	0.049428	4509	4559.19	-1
0	256	6.60045	5.82465	3496	3627.22	-1
0	256	-0.824644	-6.13946	-1	-1	-1
0	256	-2.85385	2.3253	3614	3765.84	-1
0	256	-7.61845	-0.130799	-1	-1	-1
0	256	-9.51881	0.683665	-1	-1	-1
0	256	8.87727	-1.7398	-1	-1	-1
0	256	0.692456	7.02773	3282	3340.78	-1
0	256	-6.39062	-3.64479	-1	-1	-1
0	256	7.82096	0.557331	470	566.062	-1
0	256	-7.37054	2.04254	-1	-1	-1
0	256	5.80325	3.08631	-1	-1	-1
0	256	9.43645	0.814468	-1	-1	-1
0	256	4.69793	-3.43961	-1	-1	-1
0	256	4.49284	-8.20944	-1	-1	-1
0	256	1.69849	-6.54231	-1	-1	-1
0	256	-1.7699	-7.56204	-1	-1	-1
0	256	-0.644208	6.80113	2470	2570.97	-1
0	256	7.25666	-1.10614	-1	-1	-1
0	256	-3.80483	2.78932	4162	4199.84	-1
0	256	-3.34029	-8.0033	-1	-1	-1
0	256	-7.93684	-2.12578	-1	-1	-1
0	256	-4.6468	-2.08247	654	694.688	-1
0	256	6.51873	7.09805	3356	3435.03	-1
0	256	-5.88719	-4.49641	-1	-1	-1
0	256	3.51448	0.465657	1495	1529.41	-1
0	256	-2.8148	5.16924	3127	3177.78	-1
0	256	9.35854	3.0706	4546	4627.47	-1
0	256	4.49457	3.89918	1999	2136.78	-1
0	256	-0.692404	5.92008	3123	3177.25	-1
0	256	-7.5519	-6.23128	3260	3378.03	-1
0	256	-3.38635	-2.78461	1899	2060.81	-1
0	256	7.86324	4.27431	-1	-1	-1
0	256	6.43643	1.62129	-1	-1	-1
0	256	6.47206	-3.8315	4361	4469.19	-1
0	256	-3.28466	2.26458	1350	1481.16	-1
0	256	-0.836528	3.67467	50	169.5	-1
0	256	-6.55548	-5.99976	2558	2679	-1
0	256	1.8098	-8.46572	-1	-1	-1
0	256	-8.20252	-5.56539	-1	-1	-1
0	256	-3.41688	-0.969306	2180	2209.88	-1
0	256	-2.93425	-1.98446	1067	1205.66	-1
0	256	7.00415	0.152896	-1	-1	-1
0	256	-6.77867	0.705614	-1	-1	-1
0	256	-5.86058	0.208591	3941	4053.03	-1
0	256	1.57026	7.6806	3792	3891.38	-1
0	256	-4.34436	-0.653049	2732	2849.09	-1
0	256	0.0393546	-3.48012	91	238.531	-1
0	256	-4.05412	-4.56925	3882	4025.88	-1
0	256	-5.94863	-9.26523	-1	-1	-1
0	256	2.3109	-8.37327	-1	-1	-1
0	256	9.36821	-2.67526	4773	4843.59	-1
0	256	-5.36313	4.51236	3970	4102.34	-1
0	256	-0.775188	-5.4689	2614	2660.06	-1
0	256	7.46391	-2.46426	-1	-1	-1
0	256	2.42542	6.41375	2975	3024.88	-1
0	256	3.25248	2.73184	378	524.688	-1
0	256	-4.09395	2.53011	4042	4079.75	-1
0	256	-6.37395	5.00966	5268	-1	-1
0	256	-3.21519	7.2955	-1	-1	-1
0	256	3.34309	3.8419	2953	2995.53	-1
0	256	-1.46913	7.90073	-1	-1	-1
0	256	-1.52014	-5.23628	5192	5311.16	-1
0	256	-3.22019	-1.16825	3497	3526.03	-1
0	256	-1.98972	-8.51948	-1	-1	-1
0	256	3.90596	-8.24972	-1	-1	-1
0	256	1.68825	6.30985	-1	-1	-1
0	256	-1.16378	-7.4294	-1	-1	-1
0	256	-3.61393	5.28794	-1	-1	-1
0	256	3.69623	8.94255	-1	-1	-1
0	256	5.43451	-2.8482	-1	-1	-1
0	256	1.21977	3.91889	3212	3334	-1
0	256	4.47675	1.34071	4149	4187.03	-1
0	256	-0.303641	-4.92118	2578	2705.94	-1
0	256	-0.667317	7.76118	-1	-1	-1
0	256	7.89114	3.51829	-1	-1	-1
0	256	6.53505	-3.06475	121	255.094	-1
0	256	3.18961	8.66283	2292	2365.09	-1
0	256	3.46291	4.04778	-1	-1	-1
0	256	-6.26926	6.30068	-1	-1	-1
0	256	-5.12071	-2.86243	-1	-1	-1
0	256	-9.21037	-0.365937	-1	-1	-1
0	256	8.19381	-6.30336	-1	-1	-1
0	256	0.693961	5.56856	1850	1962.97	-1
0	256	-3.14909	3.01146	1071	1109.56	-1
0	256	-6.98724	-4.94244	-1	-1	-1
0	256	-4.68782	3.67606	5020	5150.56	-1
0	256	-3.73764	2.33861	2129	2271.19	-1
0	256	4.42461	-5.06695	-1	-1	-1
0	256	2.57443	-8.7619	-1	-1	-1
0	256	-4.7184	5.93924	2762	2893.72	-1
0	256	-3.99847	-2.58341	1231	1376.78	-1
0	256	2.70954	-8.5228	-1	-1	-1
0	256	5.74029	6.82698	-1	-1	-1
0	256	2.69896	1.67585	509	537.094	-1
0	256	-8.23832	-3.04606	-1	-1	-1
0	256	-4.22023	-0.963779	3638	3678.12	-1
0	256	-2.26839	8.10232	-1	-1	-1
0	256	0.610062	3.13771	36	64.6875	-1
0	256	-0.827378	1.07285	547	717.281	-1
0	256	2.69846	-3.12759	3216	3250.34	-1
0	256	5.60333	3.53532	2783	2908.25	-1
0	256	4.28301	7.99965	-1	-1	-1
0	256	-5.45482	5.3601	1428	1570.72	-1
0	256	-6.17538	7.16178	-1	-1	-1
0	256	1.52209	-8.71848	-1	-1	-1
0	256	2.21876	9.2863	-1	-1	-1
0	256	-7.70996	5.83645	-1	-1	-1
0	256	6.90905	-6.95067	4536	4604.81	-1
0	256	-2.06977	9.24974	-1	-1	-1
0	256	5.37525	4.0605	4776	4902.53	-1
0	256	-3.70977	-1.19678	1395	1510.38	-1
0	256	6.8816	0.189028	323	373.438	-1
0	256	1.78743	8.41839	1264	1329.41	-1
0	256	9.18877	2.10493	-1	-1	-1
0	256	6.73352	-3.98203	-1	-1	-1
0	256	4.01587	8.34581	-1	-1	-1
0	256	2.41437	-7.79568	-1	-1	-1
0	256	-5.25238	-0.727259	-1	-1	-1
0	256	-6.10614	5.08477	4679	4817.06	-1
0	256	-3.21792	-8.85343	4202	4273.75	-1
0	256	-6.13133	9.16375	-1	-1	-1
0	256	4.72985	8.2091	-1	-1	-1
0	256	-4.27117	6.59046	938	1040.66	-1
0	256	0.380928	3.5747	59	181.969	-1
0	256	3.42514	8.23819	-1	-1	-1
0	256	-4.9857	0.747932	4859	4960.09	-1
0	256	7.06641	2.9299	-1	-1	-1
0	256	-7.00007	2.58379	-1	-1	-1
0	256	-5.94387	-6.42784	4014	4080.25	-1
0	256	1.56972	-3.00015	1997	2027.53	-1
0	256	-2.12893	6.09042	1030	1080.78	-1
0	256	-5.85538	2.13178	-1	-1	-1
0	256	-8.89747	-2.82017	-1	-1	-1
0	256	6.47464	-6.31743	-1	-1	-1
0	256	2.58613	5.02816	856	980.219	-1
0	256	1.83538	-9.00509	-1	-1	-1
0	256	-2.91876	-2.77067	399	560.219	-1
0	256	7.4166	-5.95281	-1	-1	-1
0	256	8.37616	-0.317746	-1	-1	-1
0	256	8.06871	1.67133	-1	-1	-1
0	256	-5.38803	0.395388	547	605.031	-1
0	256	8.40209	-3.68426	-1	-1	-1
0	256	-9.05427	-8.85038	2007	2100.16	-1
0	256	-3.78642	-9.22061	-1	-1	-1
0	256	0.00608776	-9.80801	3881	3955.88	-1
0	256	7.92342	4.06777	-1	-1	-1
0	256	9.52107	0.147087	-1	-1	-1
0	256	-3.61818	-8.89882	2634	2721.78	-1
0	256	2.54182	6.98504	-1	-1	-1
0	256	-3.50798	-2.06928	2369	2499.53	-1
0	256	3.94423	-1.76948	2719	2756.56	-1
0	256	1.51042	7.83828	1099	1164.12	-1
0	256	4.57064	-2.90827	418	547.438	-1
0	256	-6.46995	3.73304	-1	-1	-1
0	256	-6.7462	-1.50891	-1	-1	-1
0	256	3.23044	5.00056	2691	2811.12	-1
0	256	-2.55462	6.60572	2836	2944.06	-1
0	256	7.71994	-3.20805	5340	-1	-1
0	256	2.25192	-5.14843	2383	2425.94	-1
0	256	-6.85595	3.74838	-1	-1	-1
0	256	-7.69617	1.83742	-1	-1	-1
0	256	-5.73574	-3.48514	3039	3163.12	-1
0	256	-9.00065	-0.0994422	-1	-1	-1
0	256	-7.02366	2.17475	-1	-1	-1
0	256	4.25789	-2.97721	3017	3149.12	-1
0	256	4.1742	3.39666	4184	4321.91	-1
0	256	7.6966	0.911428	2767	2823.75	-1
0	256	-7.35212	3.59891	-1	-1	-1
0	256	-7.5113	-4.18382	-1	-1	-1
0	256	5.72694	-0.705242	3717	3832.06	-1
0	256	-7.6666	-0.976608	-1	-1	-1
0	256	7.34752	-3.38602	3512	3614.62	-1
