Pile ID	Distribution Type	X-Position	Y-Position	Pickup Time	Drop Off Time	Ant ID
1	1	-3.07575	-0.243853	-1	-1	-1
1	1	-2.92575	-0.243853	-1	-1	-1
1	1	-2.77575	-0.243853	-1	-1	-1
1	1	-2.62575	-0.243853	-1	-1	-1
1	1	-2.47575	-0.243853	-1	-1	-1
1	1	-2.32575	-0.243853	5301	-1	-1
1	1	-2.17575	-0.243853	4883	5016.19	-1
1	1	-2.02575	-0.243853	4833	4853.69	-1
1	1	-1.87575	-0.243853	1720	1744.88	-1
1	1	-1.72575	-0.243853	1586	1635.75	-1
1	1	-1.57575	-0.243853	1662	1680.97	-1
1	1	-1.42575	-0.243853	991	1008.06	-1
1	1	-1.27575	-0.243853	1029	1168.62	-1
1	1	-1.12575	-0.243853	457	603.062	-1
1	1	-0.975751	-0.243853	534	683.5	-1
1	1	-0.825751	-0.243853	431	445.344	-1
1	1	-3.07575	-0.0938528	-1	-1	-1
1	1	-2.92575	-0.0938528	-1	-1	-1
1	1	-2.77575	-0.0938528	-1	-1	-1
1	1	-2.62575	-0.0938528	-1	-1	-1
1	1	-2.47575	-0.0938528	-1	-1	-1
1	1	-2.32575	-0.0938528	5355	-1	-1
1	1	-2.17575	-0.0938528	5034	5057.5	-1
1	1	-2.02575	-0.0938528	4468	4517.72	-1
1	1	-1.87575	-0.0938528	1656	1691.22	-1
1	1	-1.72575	-0.0938528	1547	1564.44	-1
1	1	-1.57575	-0.0938528	1347	1486.78	-1
1	1	-1.42575	-0.0938528	524	543.531	-1
1	1	-1.27575	-0.0938528	431	476.438	-1
1	1	-1.12575	-0.0938528	536	555.094	-1
1	1	-0.975751	-0.0938528	376	404.344	-1
1	1	-0.825751	-0.0938528	11	31.2812	-1
1	1	-3.07575	0.0561472	-1	-1	-1
1	1	-2.92575	0.0561472	-1	-1	-1
1	1	-2.77575	0.0561472	-1	-1	-1
1	1	-2.62575	0.0561472	3062	3086.97	-1
1	1	-2.47575	0.0561472	3107	3136.62	-1
1	1	-2.32575	0.0561472	5169	5206.12	-1
1	1	-2.17575	0.0561472	5108	5129.97	-1
1	1	-2.02575	0.0561472	4382	4402.88	-1
1	1	-1.87575	0.0561472	4126	4258.19	-1
1	1	-1.72575	0.0561472	1599	1640.56	-1
1	1	-1.57575	0.0561472	1514	1531.66	-1
1	1	-1.42575	0.0561472	562	592.562	-1
1	1	-1.27575	0.0561472	338	408.844	-1
1	1	-1.12575	0.0561472	264	280.906	-1
1	1	-0.975751	0.0561472	116	174.938	-1
1	1	-0.825751	0.0561472	65	125.562	-1
1	1	-3.07575	0.206147	-1	-1	-1
1	1	-2.92575	0.206147	-1	-1	-1
1	1	-2.77575	0.206147	3301	3332.41	-1
1	1	-2.62575	0.206147	2962	2996.75	-1
1	1	-2.47575	0.206147	2714	2844.12	-1
1	1	-2.32575	0.206147	2999	3026.09	-1
1	1	-2.17575	0.206147	-1	-1	-1
1	1	-2.02575	0.206147	4344	4365.56	-1
1	1	-1.87575	0.206147	4285	4306.69	-1
1	1	-1.72575	0.206147	4251	4387.41	-1
1	1	-1.57575	0.206147	1761	1778.22	-1
1	1	-1.42575	0.206147	1711	1728.31	-1
1	1	-1.27575	0.206147	449	476.062	-1
1	1	-1.12575	0.206147	298	339.719	-1
1	1	-0.975751	0.206147	202	226.625	-1
1	1	-0.825751	0.206147	35	99.375	-1
1	1	-3.07575	0.356147	-1	-1	-1
1	1	-2.92575	0.356147	-1	-1	-1
1	1	-2.77575	0.356147	3166	3202.88	-1
1	1	-2.62575	0.356147	2908	2943.38	-1
1	1	-2.47575	0.356147	2866	2923.28	-1
1	1	-2.32575	0.356147	2954	2996.28	-1
1	1	-2.17575	0.356147	-1	-1	-1
1	1	-2.02575	0.356147	4979	5108.53	-1
1	1	-1.87575	0.356147	4455	4488.31	-1
1	1	-1.72575	0.356147	5200	5329.09	-1
1	1	-1.57575	0.356147	3731	3871.72	-1
1	1	-1.42575	0.356147	3468	3498.75	-1
1	1	-1.27575	0.356147	1790	1927.5	-1
1	1	-1.12575	0.356147	259	293.875	-1
1	1	-0.975751	0.356147	121	154.375	-1
1	1	-0.825751	0.356147	13	26.8438	-1
1	1	-3.07575	0.506147	-1	-1	-1
1	1	-2.92575	0.506147	-1	-1	-1
1	1	-2.77575	0.506147	3235	3290.81	-1
1	1	-2.62575	0.506147	3189	3225.88	-1
1	1	-2.47575	0.506147	3110	3133.25	-1
1	1	-2.32575	0.506147	3179	3224	-1
1	1	-2.17575	0.506147	-1	-1	-1
1	1	-2.02575	0.506147	-1	-1	-1
1	1	-1.87575	0.506147	-1	-1	-1
1	1	-1.72575	0.506147	-1	-1	-1
1	1	-1.57575	0.506147	-1	-1	-1
1	1	-1.42575	0.506147	4119	4137.97	-1
1	1	-1.27575	0.506147	3486	3644.84	-1
1	1	-1.12575	0.506147	2207	2225.44	-1
1	1	-0.975751	0.506147	143	193.594	-1
1	1	-0.825751	0.506147	75	91.1562	-1
1	1	-3.07575	0.656147	-1	-1	-1
1	1	-2.92575	0.656147	-1	-1	-1
1	1	-2.77575	0.656147	-1	-1	-1
1	1	-2.62575	0.656147	3311	3350.09	-1
1	1	-2.47575	0.656147	3319	3361.72	-1
1	1	-2.32575	0.656147	3338	3385.22	-1
1	1	-2.17575	0.656147	-1	-1	-1
1	1	-2.02575	0.656147	-1	-1	-1
1	1	-1.87575	0.656147	-1	-1	-1
1	1	-1.72575	0.656147	-1	-1	-1
1	1	-1.57575	0.656147	-1	-1	-1
1	1	-1.42575	0.656147	4148	4299.69	-1
1	1	-1.27575	0.656147	3554	3579.38	-1
1	1	-1.12575	0.656147	2132	2148.78	-1
1	1	-0.975751	0.656147	1463	1478.84	-1
1	1	-0.825751	0.656147	180	266.531	-1
1	1	-3.07575	0.806147	-1	-1	-1
1	1	-2.92575	0.806147	-1	-1	-1
1	1	-2.77575	0.806147	-1	-1	-1
1	1	-2.62575	0.806147	-1	-1	-1
1	1	-2.47575	0.806147	3420	3450.88	-1
1	1	-2.32575	0.806147	-1	-1	-1
1	1	-2.17575	0.806147	-1	-1	-1
1	1	-2.02575	0.806147	-1	-1	-1
1	1	-1.87575	0.806147	-1	-1	-1
1	1	-1.72575	0.806147	-1	-1	-1
1	1	-1.57575	0.806147	-1	-1	-1
1	1	-1.42575	0.806147	3621	3648.41	-1
1	1	-1.27575	0.806147	3087	3267.81	-1
1	1	-1.12575	0.806147	2305	2326.38	-1
1	1	-0.975751	0.806147	2059	2088.91	-1
1	1	-0.825751	0.806147	1421	1435.59	-1
1	1	-3.07575	0.956147	-1	-1	-1
1	1	-2.92575	0.956147	-1	-1	-1
1	1	-2.77575	0.956147	-1	-1	-1
1	1	-2.62575	0.956147	-1	-1	-1
1	1	-2.47575	0.956147	-1	-1	-1
1	1	-2.32575	0.956147	-1	-1	-1
1	1	-2.17575	0.956147	-1	-1	-1
1	1	-2.02575	0.956147	-1	-1	-1
1	1	-1.87575	0.956147	-1	-1	-1
1	1	-1.72575	0.956147	-1	-1	-1
1	1	-1.57575	0.956147	4888	4913.94	-1
1	1	-1.42575	0.956147	4755	4921.19	-1
1	1	-1.27575	0.956147	3764	3910.81	-1
1	1	-1.12575	0.956147	3502	3519.44	-1
1	1	-0.975751	0.956147	3059	3075.31	-1
1	1	-0.825751	0.956147	2436	2616.47	-1
1	1	-3.07575	1.10615	-1	-1	-1
1	1	-2.92575	1.10615	-1	-1	-1
1	1	-2.77575	1.10615	-1	-1	-1
1	1	-2.62575	1.10615	-1	-1	-1
1	1	-2.47575	1.10615	-1	-1	-1
1	1	-2.32575	1.10615	-1	-1	-1
1	1	-2.17575	1.10615	-1	-1	-1
1	1	-2.02575	1.10615	-1	-1	-1
1	1	-1.87575	1.10615	5296	-1	-1
1	1	-1.72575	1.10615	-1	-1	-1
1	1	-1.57575	1.10615	-1	-1	-1
1	1	-1.42575	1.10615	4813	4839.84	-1
1	1	-1.27575	1.10615	4155	4189.06	-1
1	1	-1.12575	1.10615	3577	3625.47	-1
1	1	-0.975751	1.10615	3512	3535.06	-1
1	1	-0.825751	1.10615	713	735.656	-1
1	1	-3.07575	1.25615	-1	-1	-1
1	1	-2.92575	1.25615	-1	-1	-1
1	1	-2.77575	1.25615	-1	-1	-1
1	1	-2.62575	1.25615	-1	-1	-1
1	1	-2.47575	1.25615	-1	-1	-1
1	1	-2.32575	1.25615	-1	-1	-1
1	1	-2.17575	1.25615	-1	-1	-1
1	1	-2.02575	1.25615	-1	-1	-1
1	1	-1.87575	1.25615	-1	-1	-1
1	1	-1.72575	1.25615	-1	-1	-1
1	1	-1.57575	1.25615	-1	-1	-1
1	1	-1.42575	1.25615	4900	4921.41	-1
1	1	-1.27575	1.25615	4202	4274.62	-1
1	1	-1.12575	1.25615	4115	4141.34	-1
1	1	-0.975751	1.25615	3444	3465.75	-1
1	1	-0.825751	1.25615	1021	1175.16	-1
1	1	-3.07575	1.40615	-1	-1	-1
1	1	-2.92575	1.40615	-1	-1	-1
1	1	-2.77575	1.40615	-1	-1	-1
1	1	-2.62575	1.40615	-1	-1	-1
1	1	-2.47575	1.40615	-1	-1	-1
1	1	-2.32575	1.40615	-1	-1	-1
1	1	-2.17575	1.40615	-1	-1	-1
1	1	-2.02575	1.40615	-1	-1	-1
1	1	-1.87575	1.40615	-1	-1	-1
1	1	-1.72575	1.40615	-1	-1	-1
1	1	-1.57575	1.40615	-1	-1	-1
1	1	-1.42575	1.40615	-1	-1	-1
1	1	-1.27575	1.40615	4939	5118.5	-1
1	1	-1.12575	1.40615	4112	4131.47	-1
1	1	-0.975751	1.40615	2847	2894.72	-1
1	1	-0.825751	1.40615	2732	2877.56	-1
1	1	-3.07575	1.55615	-1	-1	-1
1	1	-2.92575	1.55615	-1	-1	-1
1	1	-2.77575	1.55615	-1	-1	-1
1	1	-2.62575	1.55615	-1	-1	-1
1	1	-2.47575	1.55615	-1	-1	-1
1	1	-2.32575	1.55615	-1	-1	-1
1	1	-2.17575	1.55615	-1	-1	-1
1	1	-2.02575	1.55615	2193	2217.41	-1
1	1	-1.87575	1.55615	2269	2311.78	-1
1	1	-1.72575	1.55615	-1	-1	-1
1	1	-1.57575	1.55615	-1	-1	-1
1	1	-1.42575	1.55615	-1	-1	-1
1	1	-1.27575	1.55615	-1	-1	-1
1	1	-1.12575	1.55615	3962	4113.09	-1
1	1	-0.975751	1.55615	2808	2830.88	-1
1	1	-0.825751	1.55615	2550	2694.31	-1
1	1	-3.07575	1.70615	-1	-1	-1
1	1	-2.92575	1.70615	-1	-1	-1
1	1	-2.77575	1.70615	-1	-1	-1
1	1	-2.62575	1.70615	-1	-1	-1
1	1	-2.47575	1.70615	-1	-1	-1
1	1	-2.32575	1.70615	-1	-1	-1
1	1	-2.17575	1.70615	2294	2338.16	-1
1	1	-2.02575	1.70615	2008	2049.62	-1
1	1	-1.87575	1.70615	1935	1979.28	-1
1	1	-1.72575	1.70615	2099	2159.53	-1
1	1	-1.57575	1.70615	-1	-1	-1
1	1	-1.42575	1.70615	-1	-1	-1
1	1	-1.27575	1.70615	5238	-1	-1
1	1	-1.12575	1.70615	3994	4014	-1
1	1	-0.975751	1.70615	2900	2930.72	-1
1	1	-0.825751	1.70615	279	306.781	-1
1	1	-3.07575	1.85615	-1	-1	-1
1	1	-2.92575	1.85615	-1	-1	-1
1	1	-2.77575	1.85615	-1	-1	-1
1	1	-2.62575	1.85615	-1	-1	-1
1	1	-2.47575	1.85615	-1	-1	-1
1	1	-2.32575	1.85615	-1	-1	-1
1	1	-2.17575	1.85615	2256	2298.44	-1
1	1	-2.02575	1.85615	1913	1962.19	-1
1	1	-1.87575	1.85615	1833	1871.03	-1
1	1	-1.72575	1.85615	1852	1887.75	-1
1	1	-1.57575	1.85615	1960	2025.19	-1
1	1	-1.42575	1.85615	-1	-1	-1
1	1	-1.27575	1.85615	-1	-1	-1
1	1	-1.12575	1.85615	-1	-1	-1
1	1	-0.975751	1.85615	5070	5089.97	-1
1	1	-0.825751	1.85615	1998	2044.34	-1
1	1	-3.07575	2.00615	-1	-1	-1
1	1	-2.92575	2.00615	-1	-1	-1
1	1	-2.77575	2.00615	-1	-1	-1
1	1	-2.62575	2.00615	-1	-1	-1
1	1	-2.47575	2.00615	-1	-1	-1
1	1	-2.32575	2.00615	-1	-1	-1
1	1	-2.17575	2.00615	2035	2117.91	-1
1	1	-2.02575	2.00615	1909	1951.16	-1
1	1	-1.87575	2.00615	1628	1790.97	-1
1	1	-1.72575	2.00615	1812	1842.91	-1
1	1	-1.57575	2.00615	1901	1941.28	-1
1	1	-1.42575	2.00615	-1	-1	-1
1	1	-1.27575	2.00615	-1	-1	-1
1	1	-1.12575	2.00615	-1	-1	-1
1	1	-0.975751	2.00615	3504	3538.75	-1
1	1	-0.825751	2.00615	3348	3493.19	-1
2	4	1.43743	3.8098	839	952.844	-1
2	4	1.58743	3.8098	3039	3167.81	-1
2	4	1.73743	3.8098	2907	2943.34	-1
2	4	1.88743	3.8098	810	845.781	-1
2	4	2.03743	3.8098	697	744.656	-1
2	4	2.18743	3.8098	654	704	-1
2	4	2.33743	3.8098	462	609.844	-1
2	4	2.48743	3.8098	490	526.531	-1
2	4	1.43743	3.9598	1179	1295	-1
2	4	1.58743	3.9598	1331	1383.69	-1
2	4	1.73743	3.9598	4278	4396.97	-1
2	4	1.88743	3.9598	2592	2726	-1
2	4	2.03743	3.9598	2760	2803.41	-1
2	4	2.18743	3.9598	2089	2128.25	-1
2	4	2.33743	3.9598	2160	2210	-1
2	4	2.48743	3.9598	2204	2246.31	-1
2	4	1.43743	4.1098	1354	1397.12	-1
2	4	1.58743	4.1098	1483	1524.22	-1
2	4	1.73743	4.1098	4698	4820.28	-1
2	4	1.88743	4.1098	3020	3059.09	-1
2	4	2.03743	4.1098	3105	3146.44	-1
2	4	2.18743	4.1098	-1	-1	-1
2	4	2.33743	4.1098	-1	-1	-1
2	4	2.48743	4.1098	-1	-1	-1
2	4	1.43743	4.2598	1432	1467.81	-1
2	4	1.58743	4.2598	4754	4868.91	-1
2	4	1.73743	4.2598	-1	-1	-1
2	4	1.88743	4.2598	-1	-1	-1
2	4	2.03743	4.2598	-1	-1	-1
2	4	2.18743	4.2598	-1	-1	-1
2	4	2.33743	4.2598	-1	-1	-1
2	4	2.48743	4.2598	-1	-1	-1
2	4	1.43743	4.4098	757	795.094	-1
2	4	1.58743	4.4098	1916	1960.38	-1
2	4	1.73743	4.4098	-1	-1	-1
2	4	1.88743	4.4098	-1	-1	-1
2	4	2.03743	4.4098	-1	-1	-1
2	4	2.18743	4.4098	-1	-1	-1
2	4	2.33743	4.4098	-1	-1	-1
2	4	2.48743	4.4098	-1	-1	-1
2	4	1.43743	4.5598	588	703.312	-1
2	4	1.58743	4.5598	1683	1738.91	-1
2	4	1.73743	4.5598	1829	1881.25	-1
2	4	1.88743	4.5598	-1	-1	-1
2	4	2.03743	4.5598	-1	-1	-1
2	4	2.18743	4.5598	-1	-1	-1
2	4	2.33743	4.5598	-1	-1	-1
2	4	2.48743	4.5598	-1	-1	-1
2	4	1.43743	4.7098	1534	1648	-1
2	4	1.58743	4.7098	1702	1749.53	-1
2	4	1.73743	4.7098	1875	1919.84	-1
2	4	1.88743	4.7098	-1	-1	-1
2	4	2.03743	4.7098	-1	-1	-1
2	4	2.18743	4.7098	-1	-1	-1
2	4	2.33743	4.7098	-1	-1	-1
2	4	2.48743	4.7098	-1	-1	-1
2	4	1.43743	4.8598	1794	1865.47	-1
2	4	1.58743	4.8598	-1	-1	-1
2	4	1.73743	4.8598	-1	-1	-1
2	4	1.88743	4.8598	-1	-1	-1
2	4	2.03743	4.8598	-1	-1	-1
2	4	2.18743	4.8598	-1	-1	-1
2	4	2.33743	4.8598	-1	-1	-1
2	4	2.48743	4.8598	-1	-1	-1
3	4	-7.69249	-3.10342	-1	-1	-1
3	4	-7.54249	-3.10342	-1	-1	-1
3	4	-7.39249	-3.10342	-1	-1	-1
3	4	-7.24249	-3.10342	-1	-1	-1
3	4	-7.09249	-3.10342	-1	-1	-1
3	4	-6.94249	-3.10342	-1	-1	-1
3	4	-6.79249	-3.10342	4949	5004.06	-1
3	4	-6.64249	-3.10342	4737	4806.5	-1
3	4	-7.69249	-2.95342	-1	-1	-1
3	4	-7.54249	-2.95342	-1	-1	-1
3	4	-7.39249	-2.95342	-1	-1	-1
3	4	-7.24249	-2.95342	-1	-1	-1
3	4	-7.09249	-2.95342	-1	-1	-1
3	4	-6.94249	-2.95342	-1	-1	-1
3	4	-6.79249	-2.95342	-1	-1	-1
3	4	-6.64249	-2.95342	-1	-1	-1
3	4	-7.69249	-2.80342	-1	-1	-1
3	4	-7.54249	-2.80342	-1	-1	-1
3	4	-7.39249	-2.80342	-1	-1	-1
3	4	-7.24249	-2.80342	-1	-1	-1
3	4	-7.09249	-2.80342	-1	-1	-1
3	4	-6.94249	-2.80342	-1	-1	-1
3	4	-6.79249	-2.80342	-1	-1	-1
3	4	-6.64249	-2.80342	-1	-1	-1
3	4	-7.69249	-2.65342	-1	-1	-1
3	4	-7.54249	-2.65342	-1	-1	-1
3	4	-7.39249	-2.65342	-1	-1	-1
3	4	-7.24249	-2.65342	-1	-1	-1
3	4	-7.09249	-2.65342	-1	-1	-1
3	4	-6.94249	-2.65342	-1	-1	-1
3	4	-6.79249	-2.65342	-1	-1	-1
3	4	-6.64249	-2.65342	-1	-1	-1
3	4	-7.69249	-2.50342	-1	-1	-1
3	4	-7.54249	-2.50342	-1	-1	-1
3	4	-7.39249	-2.50342	-1	-1	-1
3	4	-7.24249	-2.50342	-1	-1	-1
3	4	-7.09249	-2.50342	-1	-1	-1
3	4	-6.94249	-2.50342	-1	-1	-1
3	4	-6.79249	-2.50342	-1	-1	-1
3	4	-6.64249	-2.50342	-1	-1	-1
3	4	-7.69249	-2.35342	-1	-1	-1
3	4	-7.54249	-2.35342	-1	-1	-1
3	4	-7.39249	-2.35342	-1	-1	-1
3	4	-7.24249	-2.35342	-1	-1	-1
3	4	-7.09249	-2.35342	-1	-1	-1
3	4	-6.94249	-2.35342	-1	-1	-1
3	4	-6.79249	-2.35342	-1	-1	-1
3	4	-6.64249	-2.35342	-1	-1	-1
3	4	-7.69249	-2.20342	-1	-1	-1
3	4	-7.54249	-2.20342	-1	-1	-1
3	4	-7.39249	-2.20342	-1	-1	-1
3	4	-7.24249	-2.20342	-1	-1	-1
3	4	-7.09249	-2.20342	-1	-1	-1
3	4	-6.94249	-2.20342	-1	-1	-1
3	4	-6.79249	-2.20342	-1	-1	-1
3	4	-6.64249	-2.20342	-1	-1	-1
3	4	-7.69249	-2.05342	-1	-1	-1
3	4	-7.54249	-2.05342	-1	-1	-1
3	4	-7.39249	-2.05342	-1	-1	-1
3	4	-7.24249	-2.05342	-1	-1	-1
3	4	-7.09249	-2.05342	-1	-1	-1
3	4	-6.94249	-2.05342	-1	-1	-1
3	4	-6.79249	-2.05342	-1	-1	-1
3	4	-6.64249	-2.05342	-1	-1	-1
4	4	6.24067	-4.61433	3932	4004.97	-1
4	4	6.39067	-4.61433	-1	-1	-1
4	4	6.54067	-4.61433	-1	-1	-1
4	4	6.69067	-4.61433	-1	-1	-1
4	4	6.84067	-4.61433	-1	-1	-1
4	4	6.99067	-4.61433	-1	-1	-1
4	4	7.14067	-4.61433	-1	-1	-1
4	4	7.29067	-4.61433	-1	-1	-1
4	4	6.24067	-4.46433	-1	-1	-1
4	4	6.39067	-4.46433	-1	-1	-1
4	4	6.54067	-4.46433	-1	-1	-1
4	4	6.69067	-4.46433	-1	-1	-1
4	4	6.84067	-4.46433	-1	-1	-1
4	4	6.99067	-4.46433	-1	-1	-1
4	4	7.14067	-4.46433	-1	-1	-1
4	4	7.29067	-4.46433	-1	-1	-1
4	4	6.24067	-4.31433	5126	5222.69	-1
4	4	6.39067	-4.31433	5141	5195.88	-1
4	4	6.54067	-4.31433	-1	-1	-1
4	4	6.69067	-4.31433	-1	-1	-1
4	4	6.84067	-4.31433	-1	-1	-1
4	4	6.99067	-4.31433	-1	-1	-1
4	4	7.14067	-4.31433	-1	-1	-1
4	4	7.29067	-4.31433	-1	-1	-1
4	4	6.24067	-4.16433	4952	5071	-1
4	4	6.39067	-4.16433	-1	-1	-1
4	4	6.54067	-4.16433	-1	-1	-1
4	4	6.69067	-4.16433	-1	-1	-1
4	4	6.84067	-4.16433	-1	-1	-1
4	4	6.99067	-4.16433	-1	-1	-1
4	4	7.14067	-4.16433	-1	-1	-1
4	4	7.29067	-4.16433	-1	-1	-1
4	4	6.24067	-4.01433	-1	-1	-1
4	4	6.39067	-4.01433	-1	-1	-1
4	4	6.54067	-4.01433	-1	-1	-1
4	4	6.69067	-4.01433	-1	-1	-1
4	4	6.84067	-4.01433	-1	-1	-1
4	4	6.99067	-4.01433	-1	-1	-1
4	4	7.14067	-4.01433	-1	-1	-1
4	4	7.29067	-4.01433	-1	-1	-1
4	4	6.24067	-3.86433	-1	-1	-1
4	4	6.39067	-3.86433	-1	-1	-1
4	4	6.54067	-3.86433	-1	-1	-1
4	4	6.69067	-3.86433	-1	-1	-1
4	4	6.84067	-3.86433	-1	-1	-1
4	4	6.99067	-3.86433	-1	-1	-1
4	4	7.14067	-3.86433	-1	-1	-1
4	4	7.29067	-3.86433	-1	-1	-1
4	4	6.24067	-3.71433	3912	4026.94	-1
4	4	6.39067	-3.71433	-1	-1	-1
4	4	6.54067	-3.71433	-1	-1	-1
4	4	6.69067	-3.71433	-1	-1	-1
4	4	6.84067	-3.71433	-1	-1	-1
4	4	6.99067	-3.71433	-1	-1	-1
4	4	7.14067	-3.71433	-1	-1	-1
4	4	7.29067	-3.71433	-1	-1	-1
4	4	6.24067	-3.56433	3914	3973.03	-1
4	4	6.39067	-3.56433	-1	-1	-1
4	4	6.54067	-3.56433	-1	-1	-1
4	4	6.69067	-3.56433	-1	-1	-1
4	4	6.84067	-3.56433	-1	-1	-1
4	4	6.99067	-3.56433	-1	-1	-1
4	4	7.14067	-3.56433	-1	-1	-1
4	4	7.29067	-3.56433	-1	-1	-1
5	4	1.50533	-3.65675	-1	-1	-1
5	4	1.65533	-3.65675	823	855.406	-1
5	4	1.80533	-3.65675	2368	2506.88	-1
5	4	1.95533	-3.65675	-1	-1	-1
5	4	2.10533	-3.65675	-1	-1	-1
5	4	2.25533	-3.65675	-1	-1	-1
5	4	2.40533	-3.65675	4911	4949.06	-1
5	4	2.55533	-3.65675	-1	-1	-1
5	4	1.50533	-3.50675	39	77.125	-1
5	4	1.65533	-3.50675	449	492.5	-1
5	4	1.80533	-3.50675	894	929.219	-1
5	4	1.95533	-3.50675	-1	-1	-1
5	4	2.10533	-3.50675	-1	-1	-1
5	4	2.25533	-3.50675	4785	4821.41	-1
5	4	2.40533	-3.50675	4760	4802.44	-1
5	4	2.55533	-3.50675	4741	4814.84	-1
5	4	1.50533	-3.35675	106	138.906	-1
5	4	1.65533	-3.35675	276	314.656	-1
5	4	1.80533	-3.35675	3459	3584.69	-1
5	4	1.95533	-3.35675	3774	3806.53	-1
5	4	2.10533	-3.35675	-1	-1	-1
5	4	2.25533	-3.35675	2678	2731.41	-1
5	4	2.40533	-3.35675	4518	4669.03	-1
5	4	2.55533	-3.35675	4545	4683.38	-1
5	4	1.50533	-3.20675	347	398.062	-1
5	4	1.65533	-3.20675	361	390.781	-1
5	4	1.80533	-3.20675	2729	2762.47	-1
5	4	1.95533	-3.20675	2575	2608.5	-1
5	4	2.10533	-3.20675	2418	2502.22	-1
5	4	2.25533	-3.20675	2350	2390.22	-1
5	4	2.40533	-3.20675	3016	3049.66	-1
5	4	2.55533	-3.20675	2922	2984.62	-1
5	4	1.50533	-3.05675	503	534.969	-1
5	4	1.65533	-3.05675	2429	2502.03	-1
5	4	1.80533	-3.05675	2817	2854.31	-1
5	4	1.95533	-3.05675	2676	2720.81	-1
5	4	2.10533	-3.05675	2150	2191.59	-1
5	4	2.25533	-3.05675	2219	2253.88	-1
5	4	2.40533	-3.05675	2783	2834.5	-1
5	4	2.55533	-3.05675	2821	2859.25	-1
5	4	1.50533	-2.90675	609	636.438	-1
5	4	1.65533	-2.90675	2597	2640.41	-1
5	4	1.80533	-2.90675	4107	4248.75	-1
5	4	1.95533	-2.90675	2607	2646.19	-1
5	4	2.10533	-2.90675	1901	1945.69	-1
5	4	2.25533	-2.90675	2035	2065.78	-1
5	4	2.40533	-2.90675	2418	2451.59	-1
5	4	2.55533	-2.90675	2702	2735.69	-1
5	4	1.50533	-2.75675	1154	1289.66	-1
5	4	1.65533	-2.75675	2687	2717.12	-1
5	4	1.80533	-2.75675	3074	3215.72	-1
5	4	1.95533	-2.75675	2019	2054.91	-1
5	4	2.10533	-2.75675	347	379.625	-1
5	4	2.25533	-2.75675	1702	1858.94	-1
5	4	2.40533	-2.75675	2336	2370.72	-1
5	4	2.55533	-2.75675	2935	2976.5	-1
5	4	1.50533	-2.60675	1189	1300	-1
5	4	1.65533	-2.60675	1545	1572.12	-1
5	4	1.80533	-2.60675	2949	2981.19	-1
5	4	1.95533	-2.60675	94	238	-1
5	4	2.10533	-2.60675	263	301.5	-1
5	4	2.25533	-2.60675	1885	1922.31	-1
5	4	2.40533	-2.60675	3109	3142.78	-1
5	4	2.55533	-2.60675	3315	3485.06	-1
6	16	3.03348	2.82159	929	965.25	-1
6	16	3.18348	2.82159	693	729.406	-1
6	16	3.33348	2.82159	481	656.938	-1
6	16	3.48348	2.82159	789	835.062	-1
6	16	3.03348	2.97159	996	1030.12	-1
6	16	3.18348	2.97159	777	835.031	-1
6	16	3.33348	2.97159	3842	3993.38	-1
6	16	3.48348	2.97159	3928	3965.66	-1
6	16	3.03348	3.12159	3464	3624.81	-1
6	16	3.18348	3.12159	4999	5146.34	-1
6	16	3.33348	3.12159	-1	-1	-1
6	16	3.48348	3.12159	4050	4101.88	-1
6	16	3.03348	3.27159	1814	1971.97	-1
6	16	3.18348	3.27159	-1	-1	-1
6	16	3.33348	3.27159	-1	-1	-1
6	16	3.48348	3.27159	-1	-1	-1
7	16	5.59778	0.62348	5254	5384.5	-1
7	16	5.74778	0.62348	-1	-1	-1
7	16	5.89778	0.62348	4558	4607.19	-1
7	16	6.04778	0.62348	4460	4506.47	-1
7	16	5.59778	0.77348	-1	-1	-1
7	16	5.74778	0.77348	-1	-1	-1
7	16	5.89778	0.77348	-1	-1	-1
7	16	6.04778	0.77348	-1	-1	-1
7	16	5.59778	0.92348	-1	-1	-1
7	16	5.74778	0.92348	-1	-1	-1
7	16	5.89778	0.92348	-1	-1	-1
7	16	6.04778	0.92348	-1	-1	-1
7	16	5.59778	1.07348	2051	2156.72	-1
7	16	5.74778	1.07348	-1	-1	-1
7	16	5.89778	1.07348	-1	-1	-1
7	16	6.04778	1.07348	-1	-1	-1
8	16	-9.75701	1.5182	-1	-1	-1
8	16	-9.60701	1.5182	-1	-1	-1
8	16	-9.45701	1.5182	-1	-1	-1
8	16	-9.30701	1.5182	-1	-1	-1
8	16	-9.75701	1.6682	-1	-1	-1
8	16	-9.60701	1.6682	-1	-1	-1
8	16	-9.45701	1.6682	-1	-1	-1
8	16	-9.30701	1.6682	-1	-1	-1
8	16	-9.75701	1.8182	-1	-1	-1
8	16	-9.60701	1.8182	-1	-1	-1
8	16	-9.45701	1.8182	-1	-1	-1
8	16	-9.30701	1.8182	-1	-1	-1
8	16	-9.75701	1.9682	-1	-1	-1
8	16	-9.60701	1.9682	-1	-1	-1
8	16	-9.45701	1.9682	-1	-1	-1
8	16	-9.30701	1.9682	-1	-1	-1
9	16	3.75435	-6.63527	-1	-1	-1
9	16	3.90435	-6.63527	-1	-1	-1
9	16	4.05435	-6.63527	-1	-1	-1
9	16	4.20435	-6.63527	-1	-1	-1
9	16	3.75435	-6.48527	-1	-1	-1
9	16	3.90435	-6.48527	-1	-1	-1
9	16	4.05435	-6.48527	-1	-1	-1
9	16	4.20435	-6.48527	-1	-1	-1
9	16	3.75435	-6.33527	-1	-1	-1
9	16	3.90435	-6.33527	-1	-1	-1
9	16	4.05435	-6.33527	-1	-1	-1
9	16	4.20435	-6.33527	-1	-1	-1
9	16	3.75435	-6.18527	-1	-1	-1
9	16	3.90435	-6.18527	-1	-1	-1
9	16	4.05435	-6.18527	-1	-1	-1
9	16	4.20435	-6.18527	-1	-1	-1
10	16	-4.67643	-8.23743	-1	-1	-1
10	16	-4.52643	-8.23743	-1	-1	-1
10	16	-4.37643	-8.23743	-1	-1	-1
10	16	-4.22643	-8.23743	-1	-1	-1
10	16	-4.67643	-8.08743	-1	-1	-1
10	16	-4.52643	-8.08743	-1	-1	-1
10	16	-4.37643	-8.08743	-1	-1	-1
10	16	-4.22643	-8.08743	-1	-1	-1
10	16	-4.67643	-7.93743	-1	-1	-1
10	16	-4.52643	-7.93743	-1	-1	-1
10	16	-4.37643	-7.93743	-1	-1	-1
10	16	-4.22643	-7.93743	-1	-1	-1
10	16	-4.67643	-7.78743	-1	-1	-1
10	16	-4.52643	-7.78743	-1	-1	-1
10	16	-4.37643	-7.78743	-1	-1	-1
10	16	-4.22643	-7.78743	-1	-1	-1
11	16	7.83273	-4.53419	-1	-1	-1
11	16	7.98273	-4.53419	-1	-1	-1
11	16	8.13273	-4.53419	-1	-1	-1
11	16	8.28273	-4.53419	-1	-1	-1
11	16	7.83273	-4.38419	-1	-1	-1
11	16	7.98273	-4.38419	-1	-1	-1
11	16	8.13273	-4.38419	-1	-1	-1
11	16	8.28273	-4.38419	-1	-1	-1
11	16	7.83273	-4.23419	-1	-1	-1
11	16	7.98273	-4.23419	-1	-1	-1
11	16	8.13273	-4.23419	-1	-1	-1
11	16	8.28273	-4.23419	-1	-1	-1
11	16	7.83273	-4.08419	-1	-1	-1
11	16	7.98273	-4.08419	-1	-1	-1
11	16	8.13273	-4.08419	-1	-1	-1
11	16	8.28273	-4.08419	5305	5374.69	-1
12	16	-2.33381	7.73398	-1	-1	-1
12	16	-2.18381	7.73398	5355	-1	-1
12	16	-2.03381	7.73398	-1	-1	-1
12	16	-1.88381	7.73398	-1	-1	-1
12	16	-2.33381	7.88398	-1	-1	-1
12	16	-2.18381	7.88398	-1	-1	-1
12	16	-2.03381	7.88398	-1	-1	-1
12	16	-1.88381	7.88398	-1	-1	-1
12	16	-2.33381	8.03398	-1	-1	-1
12	16	-2.18381	8.03398	-1	-1	-1
12	16	-2.03381	8.03398	-1	-1	-1
12	16	-1.88381	8.03398	-1	-1	-1
12	16	-2.33381	8.18398	-1	-1	-1
12	16	-2.18381	8.18398	-1	-1	-1
12	16	-2.03381	8.18398	-1	-1	-1
12	16	-1.88381	8.18398	-1	-1	-1
13	16	0.30602	5.18989	-1	-1	-1
13	16	0.45602	5.18989	2586	2628	-1
13	16	0.60602	5.18989	2389	2495.69	-1
13	16	0.75602	5.18989	2755	2867.28	-1
13	16	0.30602	5.33989	-1	-1	-1
13	16	0.45602	5.33989	3034	3093.56	-1
13	16	0.60602	5.33989	2915	2958.06	-1
13	16	0.75602	5.33989	3005	3061.72	-1
13	16	0.30602	5.48989	-1	-1	-1
13	16	0.45602	5.48989	-1	-1	-1
13	16	0.60602	5.48989	4547	4591	-1
13	16	0.75602	5.48989	3095	3152.81	-1
13	16	0.30602	5.63989	-1	-1	-1
13	16	0.45602	5.63989	4730	4778.5	-1
13	16	0.60602	5.63989	4678	4740.59	-1
13	16	0.75602	5.63989	4397	4507.59	-1
14	16	5.12671	7.25676	-1	-1	-1
14	16	5.27671	7.25676	-1	-1	-1
14	16	5.42671	7.25676	-1	-1	-1
14	16	5.57671	7.25676	-1	-1	-1
14	16	5.12671	7.40676	-1	-1	-1
14	16	5.27671	7.40676	-1	-1	-1
14	16	5.42671	7.40676	-1	-1	-1
14	16	5.57671	7.40676	-1	-1	-1
14	16	5.12671	7.55676	-1	-1	-1
14	16	5.27671	7.55676	-1	-1	-1
14	16	5.42671	7.55676	-1	-1	-1
14	16	5.57671	7.55676	-1	-1	-1
14	16	5.12671	7.70676	-1	-1	-1
14	16	5.27671	7.70676	-1	-1	-1
14	16	5.42671	7.70676	-1	-1	-1
14	16	5.57671	7.70676	-1	-1	-1
15	16	8.17813	-2.64873	-1	-1	-1
15	16	8.32813	-2.64873	-1	-1	-1
15	16	8.47813	-2.64873	-1	-1	-1
15	16	8.62813	-2.64873	-1	-1	-1
15	16	8.17813	-2.49873	-1	-1	-1
15	16	8.32813	-2.49873	-1	-1	-1
15	16	8.47813	-2.49873	-1	-1	-1
15	16	8.62813	-2.49873	-1	-1	-1
15	16	8.17813	-2.34873	-1	-1	-1
15	16	8.32813	-2.34873	-1	-1	-1
15	16	8.47813	-2.34873	-1	-1	-1
15	16	8.62813	-2.34873	-1	-1	-1
15	16	8.17813	-2.19873	-1	-1	-1
15	16	8.32813	-2.19873	-1	-1	-1
15	16	8.47813	-2.19873	-1	-1	-1
15	16	8.62813	-2.19873	-1	-1	-1
16	16	-1.30482	4.26317	1531	1567.88	-1
16	16	-1.15482	4.26317	1373	1494.19	-1
16	16	-1.00482	4.26317	2740	2775.91	-1
16	16	-0.854815	4.26317	4506	4541.34	-1
16	16	-1.30482	4.41317	5277	5313.69	-1
16	16	-1.15482	4.41317	-1	-1	-1
16	16	-1.00482	4.41317	4331	4451.25	-1
16	16	-0.854815	4.41317	-1	-1	-1
16	16	-1.30482	4.56317	-1	-1	-1
16	16	-1.15482	4.56317	-1	-1	-1
16	16	-1.00482	4.56317	-1	-1	-1
16	16	-0.854815	4.56317	-1	-1	-1
16	16	-1.30482	4.71317	-1	-1	-1
16	16	-1.15482	4.71317	-1	-1	-1
16	16	-1.00482	4.71317	-1	-1	-1
16	16	-0.854815	4.71317	-1	-1	-1
17	16	7.40564	7.24188	-1	-1	-1
17	16	7.55564	7.24188	-1	-1	-1
17	16	7.70564	7.24188	-1	-1	-1
17	16	7.85564	7.24188	-1	-1	-1
17	16	7.40564	7.39188	-1	-1	-1
17	16	7.55564	7.39188	-1	-1	-1
17	16	7.70564	7.39188	-1	-1	-1
17	16	7.85564	7.39188	-1	-1	-1
17	16	7.40564	7.54188	-1	-1	-1
17	16	7.55564	7.54188	-1	-1	-1
17	16	7.70564	7.54188	-1	-1	-1
17	16	7.85564	7.54188	-1	-1	-1
17	16	7.40564	7.69188	-1	-1	-1
17	16	7.55564	7.69188	-1	-1	-1
17	16	7.70564	7.69188	-1	-1	-1
17	16	7.85564	7.69188	-1	-1	-1
18	16	4.51614	5.62892	-1	-1	-1
18	16	4.66614	5.62892	-1	-1	-1
18	16	4.81614	5.62892	-1	-1	-1
18	16	4.96614	5.62892	-1	-1	-1
18	16	4.51614	5.77892	-1	-1	-1
18	16	4.66614	5.77892	-1	-1	-1
18	16	4.81614	5.77892	-1	-1	-1
18	16	4.96614	5.77892	-1	-1	-1
18	16	4.51614	5.92892	-1	-1	-1
18	16	4.66614	5.92892	-1	-1	-1
18	16	4.81614	5.92892	-1	-1	-1
18	16	4.96614	5.92892	-1	-1	-1
18	16	4.51614	6.07892	-1	-1	-1
18	16	4.66614	6.07892	-1	-1	-1
18	16	4.81614	6.07892	-1	-1	-1
18	16	4.96614	6.07892	-1	-1	-1
19	16	5.09817	8.12592	-1	-1	-1
19	16	5.24817	8.12592	-1	-1	-1
19	16	5.39817	8.12592	-1	-1	-1
19	16	5.54817	8.12592	-1	-1	-1
19	16	5.09817	8.27592	-1	-1	-1
19	16	5.24817	8.27592	-1	-1	-1
19	16	5.39817	8.27592	-1	-1	-1
19	16	5.54817	8.27592	-1	-1	-1
19	16	5.09817	8.42592	-1	-1	-1
19	16	5.24817	8.42592	-1	-1	-1
19	16	5.39817	8.42592	-1	-1	-1
19	16	5.54817	8.42592	-1	-1	-1
19	16	5.09817	8.57592	-1	-1	-1
19	16	5.24817	8.57592	-1	-1	-1
19	16	5.39817	8.57592	-1	-1	-1
19	16	5.54817	8.57592	-1	-1	-1
20	16	2.93477	-6.89146	-1	-1	-1
20	16	3.08477	-6.89146	-1	-1	-1
20	16	3.23477	-6.89146	-1	-1	-1
20	16	3.38477	-6.89146	-1	-1	-1
20	16	2.93477	-6.74146	-1	-1	-1
20	16	3.08477	-6.74146	-1	-1	-1
20	16	3.23477	-6.74146	-1	-1	-1
20	16	3.38477	-6.74146	-1	-1	-1
20	16	2.93477	-6.59146	-1	-1	-1
20	16	3.08477	-6.59146	-1	-1	-1
20	16	3.23477	-6.59146	-1	-1	-1
20	16	3.38477	-6.59146	-1	-1	-1
20	16	2.93477	-6.44146	-1	-1	-1
20	16	3.08477	-6.44146	-1	-1	-1
20	16	3.23477	-6.44146	-1	-1	-1
20	16	3.38477	-6.44146	-1	-1	-1
21	16	-4.84014	0.871055	922	973.031	-1
21	16	-4.69014	0.871055	786	823.781	-1
21	16	-4.54014	0.871055	626	743.812	-1
21	16	-4.39014	0.871055	985	1036.94	-1
21	16	-4.84014	1.02106	1214	1258.97	-1
21	16	-4.69014	1.02106	1036	1078	-1
21	16	-4.54014	1.02106	886	935.031	-1
21	16	-4.39014	1.02106	1108	1183.25	-1
21	16	-4.84014	1.17106	1328	1375.56	-1
21	16	-4.69014	1.17106	1161	1209.34	-1
21	16	-4.54014	1.17106	-1	-1	-1
21	16	-4.39014	1.17106	1472	1516.56	-1
21	16	-4.84014	1.32106	-1	-1	-1
21	16	-4.69014	1.32106	-1	-1	-1
21	16	-4.54014	1.32106	-1	-1	-1
21	16	-4.39014	1.32106	-1	-1	-1
0	256	7.43672	-0.395517	-1	-1	-1
0	256	2.34867	7.93426	-1	-1	-1
0	256	-3.32414	-3.16605	1641	1678.41	-1
0	256	5.60606	-1.09205	-1	-1	-1
0	256	-8.12926	-1.36806	-1	-1	-1
0	256	3.14512	9.49247	-1	-1	-1
0	256	7.58197	-4.50232	-1	-1	-1
0	256	2.03561	7.15376	-1	-1	-1
0	256	-0.207861	-7.89917	2297	2355.78	-1
0	256	8.25512	3.37882	154	218.719	-1
0	256	7.35439	1.36187	-1	-1	-1
0	256	3.83854	-3.49558	-1	-1	-1
0	256	4.06667	3.07947	-1	-1	-1
0	256	2.16753	5.7492	-1	-1	-1
0	256	4.73675	7.08739	-1	-1	-1
0	256	-8.03567	0.564153	-1	-1	-1
0	256	-6.72136	-6.22479	-1	-1	-1
0	256	5.47055	5.49403	-1	-1	-1
0	256	-3.8396	-9.14427	2449	2535.28	-1
0	256	1.89501	-9.45703	4349	4422.06	-1
0	256	8.25166	-3.13808	-1	-1	-1
0	256	6.3188	3.59041	-1	-1	-1
0	256	4.15905	4.51219	-1	-1	-1
0	256	0.26851	-4.19731	808	922.031	-1
0	256	0.396241	5.76962	-1	-1	-1
0	256	3.03913	1.51309	859	889.938	-1
0	256	-8.85791	-3.66213	-1	-1	-1
0	256	-8.20744	-5.37197	-1	-1	-1
0	256	-3.84117	1.36579	-1	-1	-1
0	256	-6.68566	-4.16946	-1	-1	-1
0	256	-4.07238	2.5269	-1	-1	-1
0	256	-5.04334	-2.14008	-1	-1	-1
0	256	-3.00052	-6.68749	2312	2424.28	-1
0	256	-2.64423	-6.70486	-1	-1	-1
0	256	3.09554	-3.28487	3829	3983.88	-1
0	256	0.560037	-9.42282	-1	-1	-1
0	256	-1.52509	-6.42141	1551	1658.03	-1
0	256	3.99208	-0.362485	2353	2483.31	-1
0	256	-2.72571	3.19643	4747	4904.12	-1
0	256	6.73093	-3.03216	1185	1291.5	-1
0	256	-2.51249	-3.5501	3902	4043.94	-1
0	256	-3.26409	4.16248	-1	-1	-1
0	256	8.47544	-5.17349	-1	-1	-1
0	256	5.67002	4.74668	-1	-1	-1
0	256	6.70149	-6.1182	-1	-1	-1
0	256	8.57889	2.55705	-1	-1	-1
0	256	-8.76345	3.39833	-1	-1	-1
0	256	-1.76005	4.37597	-1	-1	-1
0	256	-2.41252	4.75077	3698	3739.59	-1
0	256	-6.09259	1.65033	-1	-1	-1
0	256	-5.92442	3.85227	-1	-1	-1
0	256	6.33858	-5.49549	-1	-1	-1
0	256	0.618782	7.33305	-1	-1	-1
0	256	8.65047	-3.74273	-1	-1	-1
0	256	-1.21142	7.75216	-1	-1	-1
0	256	-0.117612	8.43011	-1	-1	-1
0	256	-8.95567	3.09255	-1	-1	-1
0	256	-9.2169	-2.95863	-1	-1	-1
0	256	-4.6689	-0.861708	-1	-1	-1
0	256	8.43629	0.512932	-1	-1	-1
0	256	5.77749	-1.9015	-1	-1	-1
0	256	7.93697	3.75228	-1	-1	-1
0	256	-0.0791416	8.73691	-1	-1	-1
0	256	-2.84388	5.90496	-1	-1	-1
0	256	-8.25653	-4.36656	4686	4751.94	-1
0	256	-8.54295	4.59597	886	979.281	-1
0	256	4.34799	-4.04937	-1	-1	-1
0	256	2.22939	-8.76524	-1	-1	-1
0	256	-8.14475	-5.12834	-1	-1	-1
0	256	-7.60523	-4.23559	4236	4350.94	-1
0	256	3.98723	-8.98615	-1	-1	-1
0	256	2.9956	6.87614	-1	-1	-1
0	256	-3.7517	-8.52958	3711	3798.84	-1
0	256	-3.69365	5.74529	-1	-1	-1
0	256	7.94124	2.28111	-1	-1	-1
0	256	6.78375	2.73	-1	-1	-1
0	256	-8.20274	-1.90737	-1	-1	-1
0	256	-7.21168	-0.222729	4457	4541.38	-1
0	256	-3.54594	-0.700976	3386	3428.72	-1
0	256	-4.20476	-8.99737	-1	-1	-1
0	256	-7.04204	-6.27843	-1	-1	-1
0	256	-8.09698	5.00553	-1	-1	-1
0	256	-2.38661	-7.63649	-1	-1	-1
0	256	6.20998	-5.02122	-1	-1	-1
0	256	-8.20685	0.774472	-1	-1	-1
0	256	0.406244	4.80905	-1	-1	-1
0	256	-6.4288	-0.965988	-1	-1	-1
0	256	-8.59319	4.71654	-1	-1	-1
0	256	4.77522	-4.35699	-1	-1	-1
0	256	-1.63983	-2.90986	110	184.594	-1
0	256	4.13292	8.50331	-1	-1	-1
0	256	0.344519	3.32589	1503	1630.69	-1
0	256	-8.03573	-0.371838	-1	-1	-1
0	256	-7.37509	1.66101	-1	-1	-1
0	256	4.17905	-0.679144	3687	3723.66	-1
0	256	3.57066	5.02758	2765	2845.28	-1
0	256	2.60101	-2.06496	976	1127.84	-1
0	256	1.18821	6.35614	-1	-1	-1
0	256	-2.58648	4.94302	4136	4278.34	-1
0	256	-4.10439	-1.06473	-1	-1	-1
0	256	-1.36196	5.5986	-1	-1	-1
0	256	-4.10087	-8.54059	-1	-1	-1
0	256	4.26126	3.59539	5086	5223.62	-1
0	256	6.34404	0.493554	898	998.812	-1
0	256	-2.21966	-7.27282	4348	4410.72	-1
0	256	-4.15677	5.62121	-1	-1	-1
0	256	-0.444193	7.4055	3361	3475.31	-1
0	256	0.495629	-7.59081	1667	1761.75	-1
0	256	2.5947	-7.43317	-1	-1	-1
0	256	0.83425	-5.60677	1548	1652.78	-1
0	256	5.77575	3.29293	-1	-1	-1
0	256	3.38186	-8.06915	-1	-1	-1
0	256	-5.0748	7.05686	-1	-1	-1
0	256	5.97291	1.84434	-1	-1	-1
0	256	-8.09744	-1.78684	-1	-1	-1
0	256	8.34374	1.52488	-1	-1	-1
0	256	-7.53292	3.37976	-1	-1	-1
0	256	6.74407	1.36243	-1	-1	-1
0	256	8.54911	1.95542	-1	-1	-1
0	256	0.239096	4.17029	2468	2587.38	-1
0	256	-2.76959	-4.487	4342	4472.31	-1
0	256	3.49194	-1.057	34	65.2812	-1
0	256	8.8882	-2.3352	-1	-1	-1
0	256	-9.30328	-0.463936	-1	-1	-1
0	256	0.913335	0.294688	14	36.1875	-1
0	256	-3.72412	5.95238	3605	3727.28	-1
0	256	-8.58989	0.126254	-1	-1	-1
0	256	-1.62202	-3.63991	1063	1096	-1
0	256	7.36486	-0.529707	-1	-1	-1
0	256	-7.77437	-5.84866	-1	-1	-1
0	256	-5.35729	-6.51884	3765	3897.91	-1
0	256	7.07309	7.05777	-1	-1	-1
0	256	1.42491	9.46052	-1	-1	-1
0	256	-8.39088	5.12533	-1	-1	-1
0	256	-5.23926	-4.9598	-1	-1	-1
0	256	3.59011	-4.82581	-1	-1	-1
0	256	-3.53803	-5.43752	-1	-1	-1
0	256	-8.68962	-2.13088	-1	-1	-1
0	256	-0.191668	-3.44135	680	805.781	-1
0	256	3.32931	-9.36357	-1	-1	-1
0	256	7.6431	0.161394	-1	-1	-1
0	256	-3.72987	-9.0927	-1	-1	-1
0	256	6.53813	-3.46041	4434	4489.16	-1
0	256	4.14472	6.22236	-1	-1	-1
0	256	6.22724	2.53586	-1	-1	-1
0	256	0.728968	8.93441	-1	-1	-1
0	256	-4.43806	-6.96229	-1	-1	-1
0	256	-4.44297	8.92787	-1	-1	-1
0	256	2.78459	5.0444	-1	-1	-1
0	256	0.929934	8.95282	-1	-1	-1
0	256	5.49111	0.777588	-1	-1	-1
0	256	-3.02801	-8.10139	-1	-1	-1
0	256	-5.04196	0.529679	1466	1512.03	-1
0	256	-1.20206	-7.3818	-1	-1	-1
0	256	-8.88311	0.164807	-1	-1	-1
0	256	1.71168	5.47069	3322	3433.81	-1
0	256	4.30095	-4.53434	-1	-1	-1
0	256	3.88683	-5.09821	-1	-1	-1
0	256	7.09521	-1.36697	-1	-1	-1
0	256	2.71558	-2.46738	2587	2754.34	-1
0	256	2.95578	-3.46799	-1	-1	-1
0	256	5.36052	2.34793	3082	3126.25	-1
0	256	6.94868	-0.04711	-1	-1	-1
0	256	-4.43487	6.84614	-1	-1	-1
0	256	-9.42251	-1.85817	-1	-1	-1
0	256	1.334	9.59829	-1	-1	-1
0	256	-8.7417	3.72342	-1	-1	-1
0	256	3.17439	-8.06064	-1	-1	-1
0	256	2.44566	-2.43144	968	1135.59	-1
0	256	-1.18279	-9.32785	3329	3410.59	-1
0	256	-4.12903	-0.223562	-1	-1	-1
0	256	3.21884	-8.34124	-1	-1	-1
0	256	-9.15153	-2.6988	-1	-1	-1
0	256	-8.515	-0.631989	-1	-1	-1
0	256	-0.868603	7.58342	5232	5336.97	-1
0	256	-6.79458	-7.14056	3688	3828.16	-1
0	256	9.20792	-0.26623	-1	-1	-1
0	256	-1.09739	-5.64638	-1	-1	-1
0	256	-1.41001	2.85807	-1	-1	-1
0	256	-8.75282	3.06424	-1	-1	-1
0	256	3.58788	-5.09198	-1	-1	-1
0	256	-3.38164	8.10047	-1	-1	-1
0	256	6.40622	-0.579278	3318	3418.81	-1
0	256	6.10016	0.242877	5165	5215.94	-1
0	256	9.07473	-3.74567	-1	-1	-1
0	256	4.67968	4.38388	-1	-1	-1
0	256	-2.27576	8.51188	-1	-1	-1
0	256	2.49654	8.88367	-1	-1	-1
0	256	4.62344	0.0593696	3037	3076.62	-1
0	256	1.56107	9.55026	-1	-1	-1
0	256	5.70965	-7.90937	-1	-1	-1
0	256	-5.80599	-4.79075	477	617.406	-1
0	256	7.51199	-3.34998	4099	4199	-1
0	256	-9.77975	1.0911	-1	-1	-1
0	256	3.56703	0.565214	-1	-1	-1
0	256	-7.92481	-3.13502	-1	-1	-1
0	256	2.54844	-5.08826	5157	5280.38	-1
0	256	9.34819	0.899713	-1	-1	-1
0	256	4.9363	2.41628	2416	2526.84	-1
0	256	2.80424	8.59258	-1	-1	-1
0	256	-8.70059	-0.558152	-1	-1	-1
0	256	1.35035	2.69657	2184	2332.03	-1
0	256	2.68598	-6.92912	-1	-1	-1
0	256	1.59964	1.99857	2374	2535.88	-1
0	256	4.5031	5.01793	-1	-1	-1
0	256	-8.17724	-3.81521	5117	5180.84	-1
0	256	-3.40521	-1.50095	-1	-1	-1
0	256	-9.43737	-0.465329	-1	-1	-1
0	256	8.5152	4.02323	4526	4596.81	-1
0	256	4.78427	1.07136	218	329.25	-1
0	256	-4.13335	0.198748	-1	-1	-1
0	256	-1.0244	6.4453	-1	-1	-1
0	256	-9.59424	1.07336	1419	1493.28	-1
0	256	-9.3829	-0.578108	-1	-1	-1
0	256	4.679	2.72574	3528	3651.5	-1
0	256	4.38571	-2.17764	299	428.375	-1
0	256	-2.24885	-4.41311	2100	2138.59	-1
0	256	-7.87897	0.0669519	-1	-1	-1
0	256	1.50284	-9.169	-1	-1	-1
0	256	7.206	-5.98363	-1	-1	-1
0	256	-4.46251	7.71771	-1	-1	-1
0	256	3.87999	-8.03301	-1	-1	-1
0	256	2.31796	5.3477	-1	-1	-1
0	256	8.13688	-1.68698	-1	-1	-1
0	256	-3.27413	4.60574	-1	-1	-1
0	256	-0.0375617	-3.14137	-1	-1	-1
0	256	-8.13124	5.53191	-1	-1	-1
0	256	-5.2004	5.87289	-1	-1	-1
0	256	4.84084	-5.9669	-1	-1	-1
0	256	1.70934	-4.44816	-1	-1	-1
0	256	5.57099	2.92011	5390	-1	-1
0	256	0.226272	-9.53077	-1	-1	-1
0	256	-4.64423	0.513833	903	959.125	-1
0	256	-7.05864	1.12892	-1	-1	-1
0	256	-1.24976	8.04936	-1	-1	-1
0	256	5.07401	-4.6175	-1	-1	-1
0	256	-8.88253	-1.9869	-1	-1	-1
0	256	6.306	7.31691	-1	-1	-1
0	256	-6.50705	2.38526	-1	-1	-1
0	256	0.17154	4.38815	2395	2438.5	-1
0	256	2.36482	-7.06147	1224	1333.78	-1
0	256	4.18757	-3.02647	1011	1052.62	-1
0	256	-7.68859	-3.59386	2680	2747.44	-1
0	256	9.3699	-6.00676	-1	-1	-1
0	256	-9.47553	-2.12523	-1	-1	-1
0	256	1.02769	-5.33765	-1	-1	-1
0	256	6.5878	-2.58547	1558	1609.09	-1
0	256	-6.87732	-4.87681	314	460.188	-1
0	256	4.36471	-4.84311	-1	-1	-1
0	256	1.15594	5.79936	-1	-1	-1
0	256	-4.03682	-6.20907	-1	-1	-1
0	256	8.15229	8.39867	-1	-1	-1
0	256	6.98658	-6.49725	-1	-1	-1
0	256	3.89519	1.38214	1228	1267.06	-1
0	256	4.87719	7.61412	-1	-1	-1
0	256	5.44793	3.15949	-1	-1	-1
