Pile ID	Distribution Type	X-Position	Y-Position	Pickup Time	Drop Off Time	Ant ID
1	1	-6.51252	-0.149622	-1	-1	-1
1	1	-6.36252	-0.149622	-1	-1	-1
1	1	-6.21252	-0.149622	-1	-1	-1
1	1	-6.06252	-0.149622	-1	-1	-1
1	1	-5.91252	-0.149622	-1	-1	-1
1	1	-5.76252	-0.149622	-1	-1	-1
1	1	-5.61252	-0.149622	-1	-1	-1
1	1	-5.46252	-0.149622	-1	-1	-1
1	1	-5.31252	-0.149622	-1	-1	-1
1	1	-5.16252	-0.149622	-1	-1	-1
1	1	-5.01252	-0.149622	582	633.406	-1
1	1	-4.86252	-0.149622	458	512.062	-1
1	1	-4.71252	-0.149622	556	599	-1
1	1	-4.56252	-0.149622	666	704.094	-1
1	1	-4.41252	-0.149622	3410	3465.25	-1
1	1	-4.26252	-0.149622	3489	3535.41	-1
1	1	-6.51252	0.000378029	-1	-1	-1
1	1	-6.36252	0.000378029	-1	-1	-1
1	1	-6.21252	0.000378029	-1	-1	-1
1	1	-6.06252	0.000378029	-1	-1	-1
1	1	-5.91252	0.000378029	-1	-1	-1
1	1	-5.76252	0.000378029	-1	-1	-1
1	1	-5.61252	0.000378029	-1	-1	-1
1	1	-5.46252	0.000378029	-1	-1	-1
1	1	-5.31252	0.000378029	-1	-1	-1
1	1	-5.16252	0.000378029	-1	-1	-1
1	1	-5.01252	0.000378029	-1	-1	-1
1	1	-4.86252	0.000378029	-1	-1	-1
1	1	-4.71252	0.000378029	4468	4507.78	-1
1	1	-4.56252	0.000378029	3538	3581.69	-1
1	1	-4.41252	0.000378029	3375	3419	-1
1	1	-4.26252	0.000378029	1241	1300.06	-1
1	1	-6.51252	0.150378	-1	-1	-1
1	1	-6.36252	0.150378	-1	-1	-1
1	1	-6.21252	0.150378	-1	-1	-1
1	1	-6.06252	0.150378	-1	-1	-1
1	1	-5.91252	0.150378	-1	-1	-1
1	1	-5.76252	0.150378	-1	-1	-1
1	1	-5.61252	0.150378	-1	-1	-1
1	1	-5.46252	0.150378	-1	-1	-1
1	1	-5.31252	0.150378	-1	-1	-1
1	1	-5.16252	0.150378	-1	-1	-1
1	1	-5.01252	0.150378	-1	-1	-1
1	1	-4.86252	0.150378	-1	-1	-1
1	1	-4.71252	0.150378	-1	-1	-1
1	1	-4.56252	0.150378	4606	4649.72	-1
1	1	-4.41252	0.150378	3295	3333.41	-1
1	1	-4.26252	0.150378	935	1064	-1
1	1	-6.51252	0.300378	-1	-1	-1
1	1	-6.36252	0.300378	-1	-1	-1
1	1	-6.21252	0.300378	-1	-1	-1
1	1	-6.06252	0.300378	-1	-1	-1
1	1	-5.91252	0.300378	-1	-1	-1
1	1	-5.76252	0.300378	-1	-1	-1
1	1	-5.61252	0.300378	-1	-1	-1
1	1	-5.46252	0.300378	-1	-1	-1
1	1	-5.31252	0.300378	-1	-1	-1
1	1	-5.16252	0.300378	-1	-1	-1
1	1	-5.01252	0.300378	-1	-1	-1
1	1	-4.86252	0.300378	-1	-1	-1
1	1	-4.71252	0.300378	4214	4255.97	-1
1	1	-4.56252	0.300378	4037	4080.84	-1
1	1	-4.41252	0.300378	4128	4165.97	-1
1	1	-4.26252	0.300378	1154	1191.16	-1
1	1	-6.51252	0.450378	-1	-1	-1
1	1	-6.36252	0.450378	-1	-1	-1
1	1	-6.21252	0.450378	-1	-1	-1
1	1	-6.06252	0.450378	-1	-1	-1
1	1	-5.91252	0.450378	-1	-1	-1
1	1	-5.76252	0.450378	-1	-1	-1
1	1	-5.61252	0.450378	-1	-1	-1
1	1	-5.46252	0.450378	-1	-1	-1
1	1	-5.31252	0.450378	-1	-1	-1
1	1	-5.16252	0.450378	-1	-1	-1
1	1	-5.01252	0.450378	4863	4902.47	-1
1	1	-4.86252	0.450378	4257	4307.94	-1
1	1	-4.71252	0.450378	3913	3983.09	-1
1	1	-4.56252	0.450378	3884	3927.62	-1
1	1	-4.41252	0.450378	3966	4026.03	-1
1	1	-4.26252	0.450378	1481	1604.31	-1
1	1	-6.51252	0.600378	-1	-1	-1
1	1	-6.36252	0.600378	-1	-1	-1
1	1	-6.21252	0.600378	-1	-1	-1
1	1	-6.06252	0.600378	-1	-1	-1
1	1	-5.91252	0.600378	-1	-1	-1
1	1	-5.76252	0.600378	-1	-1	-1
1	1	-5.61252	0.600378	-1	-1	-1
1	1	-5.46252	0.600378	-1	-1	-1
1	1	-5.31252	0.600378	-1	-1	-1
1	1	-5.16252	0.600378	-1	-1	-1
1	1	-5.01252	0.600378	4767	4822.75	-1
1	1	-4.86252	0.600378	4073	4115.94	-1
1	1	-4.71252	0.600378	3976	4033.28	-1
1	1	-4.56252	0.600378	3688	3725.28	-1
1	1	-4.41252	0.600378	471	506.844	-1
1	1	-4.26252	0.600378	278	314.875	-1
1	1	-6.51252	0.750378	-1	-1	-1
1	1	-6.36252	0.750378	-1	-1	-1
1	1	-6.21252	0.750378	-1	-1	-1
1	1	-6.06252	0.750378	-1	-1	-1
1	1	-5.91252	0.750378	-1	-1	-1
1	1	-5.76252	0.750378	-1	-1	-1
1	1	-5.61252	0.750378	-1	-1	-1
1	1	-5.46252	0.750378	-1	-1	-1
1	1	-5.31252	0.750378	-1	-1	-1
1	1	-5.16252	0.750378	-1	-1	-1
1	1	-5.01252	0.750378	-1	-1	-1
1	1	-4.86252	0.750378	4393	4439.69	-1
1	1	-4.71252	0.750378	3814	3865.72	-1
1	1	-4.56252	0.750378	3504	3621.75	-1
1	1	-4.41252	0.750378	433	492.906	-1
1	1	-4.26252	0.750378	122	246.094	-1
1	1	-6.51252	0.900378	-1	-1	-1
1	1	-6.36252	0.900378	-1	-1	-1
1	1	-6.21252	0.900378	-1	-1	-1
1	1	-6.06252	0.900378	-1	-1	-1
1	1	-5.91252	0.900378	-1	-1	-1
1	1	-5.76252	0.900378	-1	-1	-1
1	1	-5.61252	0.900378	-1	-1	-1
1	1	-5.46252	0.900378	-1	-1	-1
1	1	-5.31252	0.900378	-1	-1	-1
1	1	-5.16252	0.900378	-1	-1	-1
1	1	-5.01252	0.900378	4773	4836.81	-1
1	1	-4.86252	0.900378	3999	4046.91	-1
1	1	-4.71252	0.900378	3795	3877.56	-1
1	1	-4.56252	0.900378	3672	3734.94	-1
1	1	-4.41252	0.900378	532	569.969	-1
1	1	-4.26252	0.900378	372	411.469	-1
1	1	-6.51252	1.05038	-1	-1	-1
1	1	-6.36252	1.05038	-1	-1	-1
1	1	-6.21252	1.05038	-1	-1	-1
1	1	-6.06252	1.05038	-1	-1	-1
1	1	-5.91252	1.05038	-1	-1	-1
1	1	-5.76252	1.05038	-1	-1	-1
1	1	-5.61252	1.05038	-1	-1	-1
1	1	-5.46252	1.05038	-1	-1	-1
1	1	-5.31252	1.05038	-1	-1	-1
1	1	-5.16252	1.05038	-1	-1	-1
1	1	-5.01252	1.05038	4628	4666.69	-1
1	1	-4.86252	1.05038	4106	4155.81	-1
1	1	-4.71252	1.05038	3903	3964.66	-1
1	1	-4.56252	1.05038	3803	3845.31	-1
1	1	-4.41252	1.05038	3958	4014.75	-1
1	1	-4.26252	1.05038	482	533.281	-1
1	1	-6.51252	1.20038	-1	-1	-1
1	1	-6.36252	1.20038	-1	-1	-1
1	1	-6.21252	1.20038	-1	-1	-1
1	1	-6.06252	1.20038	-1	-1	-1
1	1	-5.91252	1.20038	-1	-1	-1
1	1	-5.76252	1.20038	-1	-1	-1
1	1	-5.61252	1.20038	-1	-1	-1
1	1	-5.46252	1.20038	-1	-1	-1
1	1	-5.31252	1.20038	-1	-1	-1
1	1	-5.16252	1.20038	-1	-1	-1
1	1	-5.01252	1.20038	-1	-1	-1
1	1	-4.86252	1.20038	4761	4812.03	-1
1	1	-4.71252	1.20038	3947	4030.69	-1
1	1	-4.56252	1.20038	4073	4129.53	-1
1	1	-4.41252	1.20038	1328	1366.66	-1
1	1	-4.26252	1.20038	995	1120.41	-1
1	1	-6.51252	1.35038	-1	-1	-1
1	1	-6.36252	1.35038	-1	-1	-1
1	1	-6.21252	1.35038	-1	-1	-1
1	1	-6.06252	1.35038	-1	-1	-1
1	1	-5.91252	1.35038	-1	-1	-1
1	1	-5.76252	1.35038	-1	-1	-1
1	1	-5.61252	1.35038	-1	-1	-1
1	1	-5.46252	1.35038	-1	-1	-1
1	1	-5.31252	1.35038	-1	-1	-1
1	1	-5.16252	1.35038	-1	-1	-1
1	1	-5.01252	1.35038	-1	-1	-1
1	1	-4.86252	1.35038	-1	-1	-1
1	1	-4.71252	1.35038	4110	4145.75	-1
1	1	-4.56252	1.35038	4196	4236	-1
1	1	-4.41252	1.35038	4333	4368.81	-1
1	1	-4.26252	1.35038	1146	1282.41	-1
1	1	-6.51252	1.50038	-1	-1	-1
1	1	-6.36252	1.50038	-1	-1	-1
1	1	-6.21252	1.50038	-1	-1	-1
1	1	-6.06252	1.50038	-1	-1	-1
1	1	-5.91252	1.50038	-1	-1	-1
1	1	-5.76252	1.50038	-1	-1	-1
1	1	-5.61252	1.50038	-1	-1	-1
1	1	-5.46252	1.50038	-1	-1	-1
1	1	-5.31252	1.50038	-1	-1	-1
1	1	-5.16252	1.50038	-1	-1	-1
1	1	-5.01252	1.50038	-1	-1	-1
1	1	-4.86252	1.50038	-1	-1	-1
1	1	-4.71252	1.50038	-1	-1	-1
1	1	-4.56252	1.50038	-1	-1	-1
1	1	-4.41252	1.50038	-1	-1	-1
1	1	-4.26252	1.50038	-1	-1	-1
1	1	-6.51252	1.65038	-1	-1	-1
1	1	-6.36252	1.65038	-1	-1	-1
1	1	-6.21252	1.65038	-1	-1	-1
1	1	-6.06252	1.65038	-1	-1	-1
1	1	-5.91252	1.65038	-1	-1	-1
1	1	-5.76252	1.65038	-1	-1	-1
1	1	-5.61252	1.65038	-1	-1	-1
1	1	-5.46252	1.65038	-1	-1	-1
1	1	-5.31252	1.65038	-1	-1	-1
1	1	-5.16252	1.65038	-1	-1	-1
1	1	-5.01252	1.65038	-1	-1	-1
1	1	-4.86252	1.65038	-1	-1	-1
1	1	-4.71252	1.65038	-1	-1	-1
1	1	-4.56252	1.65038	-1	-1	-1
1	1	-4.41252	1.65038	-1	-1	-1
1	1	-4.26252	1.65038	802	838.375	-1
1	1	-6.51252	1.80038	-1	-1	-1
1	1	-6.36252	1.80038	-1	-1	-1
1	1	-6.21252	1.80038	-1	-1	-1
1	1	-6.06252	1.80038	-1	-1	-1
1	1	-5.91252	1.80038	-1	-1	-1
1	1	-5.76252	1.80038	-1	-1	-1
1	1	-5.61252	1.80038	-1	-1	-1
1	1	-5.46252	1.80038	-1	-1	-1
1	1	-5.31252	1.80038	-1	-1	-1
1	1	-5.16252	1.80038	-1	-1	-1
1	1	-5.01252	1.80038	-1	-1	-1
1	1	-4.86252	1.80038	-1	-1	-1
1	1	-4.71252	1.80038	-1	-1	-1
1	1	-4.56252	1.80038	-1	-1	-1
1	1	-4.41252	1.80038	-1	-1	-1
1	1	-4.26252	1.80038	3463	3504.41	-1
1	1	-6.51252	1.95038	-1	-1	-1
1	1	-6.36252	1.95038	-1	-1	-1
1	1	-6.21252	1.95038	-1	-1	-1
1	1	-6.06252	1.95038	-1	-1	-1
1	1	-5.91252	1.95038	-1	-1	-1
1	1	-5.76252	1.95038	-1	-1	-1
1	1	-5.61252	1.95038	-1	-1	-1
1	1	-5.46252	1.95038	-1	-1	-1
1	1	-5.31252	1.95038	-1	-1	-1
1	1	-5.16252	1.95038	-1	-1	-1
1	1	-5.01252	1.95038	-1	-1	-1
1	1	-4.86252	1.95038	-1	-1	-1
1	1	-4.71252	1.95038	-1	-1	-1
1	1	-4.56252	1.95038	3816	3942.94	-1
1	1	-4.41252	1.95038	3261	3396.91	-1
1	1	-4.26252	1.95038	691	728.125	-1
1	1	-6.51252	2.10038	-1	-1	-1
1	1	-6.36252	2.10038	-1	-1	-1
1	1	-6.21252	2.10038	-1	-1	-1
1	1	-6.06252	2.10038	-1	-1	-1
1	1	-5.91252	2.10038	-1	-1	-1
1	1	-5.76252	2.10038	-1	-1	-1
1	1	-5.61252	2.10038	-1	-1	-1
1	1	-5.46252	2.10038	-1	-1	-1
1	1	-5.31252	2.10038	-1	-1	-1
1	1	-5.16252	2.10038	-1	-1	-1
1	1	-5.01252	2.10038	-1	-1	-1
1	1	-4.86252	2.10038	-1	-1	-1
1	1	-4.71252	2.10038	-1	-1	-1
1	1	-4.56252	2.10038	-1	-1	-1
1	1	-4.41252	2.10038	3445	3488.91	-1
1	1	-4.26252	2.10038	499	631.656	-1
2	4	8.34385	2.66875	-1	-1	-1
2	4	8.49385	2.66875	-1	-1	-1
2	4	8.64385	2.66875	-1	-1	-1
2	4	8.79385	2.66875	-1	-1	-1
2	4	8.94385	2.66875	-1	-1	-1
2	4	9.09385	2.66875	-1	-1	-1
2	4	9.24385	2.66875	-1	-1	-1
2	4	9.39385	2.66875	-1	-1	-1
2	4	8.34385	2.81875	-1	-1	-1
2	4	8.49385	2.81875	-1	-1	-1
2	4	8.64385	2.81875	-1	-1	-1
2	4	8.79385	2.81875	-1	-1	-1
2	4	8.94385	2.81875	-1	-1	-1
2	4	9.09385	2.81875	-1	-1	-1
2	4	9.24385	2.81875	-1	-1	-1
2	4	9.39385	2.81875	-1	-1	-1
2	4	8.34385	2.96875	-1	-1	-1
2	4	8.49385	2.96875	-1	-1	-1
2	4	8.64385	2.96875	-1	-1	-1
2	4	8.79385	2.96875	-1	-1	-1
2	4	8.94385	2.96875	-1	-1	-1
2	4	9.09385	2.96875	-1	-1	-1
2	4	9.24385	2.96875	-1	-1	-1
2	4	9.39385	2.96875	-1	-1	-1
2	4	8.34385	3.11875	5253	5328.72	-1
2	4	8.49385	3.11875	-1	-1	-1
2	4	8.64385	3.11875	-1	-1	-1
2	4	8.79385	3.11875	-1	-1	-1
2	4	8.94385	3.11875	-1	-1	-1
2	4	9.09385	3.11875	-1	-1	-1
2	4	9.24385	3.11875	-1	-1	-1
2	4	9.39385	3.11875	-1	-1	-1
2	4	8.34385	3.26875	5128	5192.81	-1
2	4	8.49385	3.26875	-1	-1	-1
2	4	8.64385	3.26875	-1	-1	-1
2	4	8.79385	3.26875	-1	-1	-1
2	4	8.94385	3.26875	-1	-1	-1
2	4	9.09385	3.26875	-1	-1	-1
2	4	9.24385	3.26875	-1	-1	-1
2	4	9.39385	3.26875	-1	-1	-1
2	4	8.34385	3.41875	-1	-1	-1
2	4	8.49385	3.41875	-1	-1	-1
2	4	8.64385	3.41875	-1	-1	-1
2	4	8.79385	3.41875	-1	-1	-1
2	4	8.94385	3.41875	-1	-1	-1
2	4	9.09385	3.41875	-1	-1	-1
2	4	9.24385	3.41875	-1	-1	-1
2	4	9.39385	3.41875	-1	-1	-1
2	4	8.34385	3.56875	-1	-1	-1
2	4	8.49385	3.56875	-1	-1	-1
2	4	8.64385	3.56875	-1	-1	-1
2	4	8.79385	3.56875	-1	-1	-1
2	4	8.94385	3.56875	-1	-1	-1
2	4	9.09385	3.56875	-1	-1	-1
2	4	9.24385	3.56875	-1	-1	-1
2	4	9.39385	3.56875	-1	-1	-1
2	4	8.34385	3.71875	-1	-1	-1
2	4	8.49385	3.71875	-1	-1	-1
2	4	8.64385	3.71875	-1	-1	-1
2	4	8.79385	3.71875	-1	-1	-1
2	4	8.94385	3.71875	-1	-1	-1
2	4	9.09385	3.71875	-1	-1	-1
2	4	9.24385	3.71875	-1	-1	-1
2	4	9.39385	3.71875	-1	-1	-1
3	4	6.02967	-0.582013	-1	-1	-1
3	4	6.17967	-0.582013	-1	-1	-1
3	4	6.32967	-0.582013	-1	-1	-1
3	4	6.47967	-0.582013	-1	-1	-1
3	4	6.62967	-0.582013	-1	-1	-1
3	4	6.77967	-0.582013	-1	-1	-1
3	4	6.92967	-0.582013	-1	-1	-1
3	4	7.07967	-0.582013	-1	-1	-1
3	4	6.02967	-0.432013	-1	-1	-1
3	4	6.17967	-0.432013	-1	-1	-1
3	4	6.32967	-0.432013	-1	-1	-1
3	4	6.47967	-0.432013	-1	-1	-1
3	4	6.62967	-0.432013	-1	-1	-1
3	4	6.77967	-0.432013	-1	-1	-1
3	4	6.92967	-0.432013	-1	-1	-1
3	4	7.07967	-0.432013	-1	-1	-1
3	4	6.02967	-0.282013	-1	-1	-1
3	4	6.17967	-0.282013	-1	-1	-1
3	4	6.32967	-0.282013	-1	-1	-1
3	4	6.47967	-0.282013	-1	-1	-1
3	4	6.62967	-0.282013	-1	-1	-1
3	4	6.77967	-0.282013	-1	-1	-1
3	4	6.92967	-0.282013	-1	-1	-1
3	4	7.07967	-0.282013	-1	-1	-1
3	4	6.02967	-0.132013	-1	-1	-1
3	4	6.17967	-0.132013	-1	-1	-1
3	4	6.32967	-0.132013	-1	-1	-1
3	4	6.47967	-0.132013	-1	-1	-1
3	4	6.62967	-0.132013	-1	-1	-1
3	4	6.77967	-0.132013	-1	-1	-1
3	4	6.92967	-0.132013	-1	-1	-1
3	4	7.07967	-0.132013	-1	-1	-1
3	4	6.02967	0.0179867	742	848.844	-1
3	4	6.17967	0.0179867	-1	-1	-1
3	4	6.32967	0.0179867	-1	-1	-1
3	4	6.47967	0.0179867	-1	-1	-1
3	4	6.62967	0.0179867	-1	-1	-1
3	4	6.77967	0.0179867	-1	-1	-1
3	4	6.92967	0.0179867	-1	-1	-1
3	4	7.07967	0.0179867	-1	-1	-1
3	4	6.02967	0.167987	1757	1802.97	-1
3	4	6.17967	0.167987	-1	-1	-1
3	4	6.32967	0.167987	-1	-1	-1
3	4	6.47967	0.167987	-1	-1	-1
3	4	6.62967	0.167987	-1	-1	-1
3	4	6.77967	0.167987	-1	-1	-1
3	4	6.92967	0.167987	-1	-1	-1
3	4	7.07967	0.167987	-1	-1	-1
3	4	6.02967	0.317987	951	1000.91	-1
3	4	6.17967	0.317987	-1	-1	-1
3	4	6.32967	0.317987	-1	-1	-1
3	4	6.47967	0.317987	-1	-1	-1
3	4	6.62967	0.317987	-1	-1	-1
3	4	6.77967	0.317987	-1	-1	-1
3	4	6.92967	0.317987	-1	-1	-1
3	4	7.07967	0.317987	-1	-1	-1
3	4	6.02967	0.467987	889	991.375	-1
3	4	6.17967	0.467987	1077	1142.62	-1
3	4	6.32967	0.467987	-1	-1	-1
3	4	6.47967	0.467987	-1	-1	-1
3	4	6.62967	0.467987	-1	-1	-1
3	4	6.77967	0.467987	-1	-1	-1
3	4	6.92967	0.467987	-1	-1	-1
3	4	7.07967	0.467987	-1	-1	-1
4	4	-6.8836	-6.08729	-1	-1	-1
4	4	-6.7336	-6.08729	-1	-1	-1
4	4	-6.5836	-6.08729	-1	-1	-1
4	4	-6.4336	-6.08729	-1	-1	-1
4	4	-6.2836	-6.08729	-1	-1	-1
4	4	-6.1336	-6.08729	-1	-1	-1
4	4	-5.9836	-6.08729	-1	-1	-1
4	4	-5.8336	-6.08729	-1	-1	-1
4	4	-6.8836	-5.93729	-1	-1	-1
4	4	-6.7336	-5.93729	-1	-1	-1
4	4	-6.5836	-5.93729	-1	-1	-1
4	4	-6.4336	-5.93729	-1	-1	-1
4	4	-6.2836	-5.93729	-1	-1	-1
4	4	-6.1336	-5.93729	-1	-1	-1
4	4	-5.9836	-5.93729	-1	-1	-1
4	4	-5.8336	-5.93729	-1	-1	-1
4	4	-6.8836	-5.78729	-1	-1	-1
4	4	-6.7336	-5.78729	-1	-1	-1
4	4	-6.5836	-5.78729	-1	-1	-1
4	4	-6.4336	-5.78729	-1	-1	-1
4	4	-6.2836	-5.78729	-1	-1	-1
4	4	-6.1336	-5.78729	-1	-1	-1
4	4	-5.9836	-5.78729	-1	-1	-1
4	4	-5.8336	-5.78729	206	327.625	-1
4	4	-6.8836	-5.63729	5206	5294.66	-1
4	4	-6.7336	-5.63729	5069	5137.69	-1
4	4	-6.5836	-5.63729	5358	-1	-1
4	4	-6.4336	-5.63729	4934	5002	-1
4	4	-6.2836	-5.63729	-1	-1	-1
4	4	-6.1336	-5.63729	-1	-1	-1
4	4	-5.9836	-5.63729	-1	-1	-1
4	4	-5.8336	-5.63729	85	147.406	-1
4	4	-6.8836	-5.48729	5356	-1	-1
4	4	-6.7336	-5.48729	4893	4970.75	-1
4	4	-6.5836	-5.48729	4726	4796.66	-1
4	4	-6.4336	-5.48729	4847	4927.78	-1
4	4	-6.2836	-5.48729	-1	-1	-1
4	4	-6.1336	-5.48729	-1	-1	-1
4	4	-5.9836	-5.48729	-1	-1	-1
4	4	-5.8336	-5.48729	271	338.375	-1
4	4	-6.8836	-5.33729	5245	5313.41	-1
4	4	-6.7336	-5.33729	4739	4818.91	-1
4	4	-6.5836	-5.33729	4327	4472.91	-1
4	4	-6.4336	-5.33729	2968	3067.22	-1
4	4	-6.2836	-5.33729	4547	4620.25	-1
4	4	-6.1336	-5.33729	2811	2874.44	-1
4	4	-5.9836	-5.33729	2752	2812.88	-1
4	4	-5.8336	-5.33729	4278	4425.12	-1
4	4	-6.8836	-5.18729	-1	-1	-1
4	4	-6.7336	-5.18729	5086	5152.28	-1
4	4	-6.5836	-5.18729	4568	4639.5	-1
4	4	-6.4336	-5.18729	2791	2880.88	-1
4	4	-6.2836	-5.18729	2639	2707.12	-1
4	4	-6.1336	-5.18729	2575	2651.47	-1
4	4	-5.9836	-5.18729	2557	2675.84	-1
4	4	-5.8336	-5.18729	2693	2771.5	-1
4	4	-6.8836	-5.03729	-1	-1	-1
4	4	-6.7336	-5.03729	5027	5107.62	-1
4	4	-6.5836	-5.03729	2882	2952.5	-1
4	4	-6.4336	-5.03729	2694	2758.94	-1
4	4	-6.2836	-5.03729	2566	2627.78	-1
4	4	-6.1336	-5.03729	2369	2489.09	-1
4	4	-5.9836	-5.03729	2076	2140.34	-1
4	4	-5.8336	-5.03729	1853	1993.97	-1
5	4	-1.36744	5.37526	3421	3528.31	-1
5	4	-1.21744	5.37526	1379	1500.47	-1
5	4	-1.06744	5.37526	1724	1767.19	-1
5	4	-0.917441	5.37526	-1	-1	-1
5	4	-0.767441	5.37526	-1	-1	-1
5	4	-0.617441	5.37526	-1	-1	-1
5	4	-0.467441	5.37526	-1	-1	-1
5	4	-0.317441	5.37526	-1	-1	-1
5	4	-1.36744	5.52526	4064	4177.41	-1
5	4	-1.21744	5.52526	1807	1850.28	-1
5	4	-1.06744	5.52526	4512	4555.81	-1
5	4	-0.917441	5.52526	-1	-1	-1
5	4	-0.767441	5.52526	-1	-1	-1
5	4	-0.617441	5.52526	-1	-1	-1
5	4	-0.467441	5.52526	-1	-1	-1
5	4	-0.317441	5.52526	-1	-1	-1
5	4	-1.36744	5.67526	-1	-1	-1
5	4	-1.21744	5.67526	-1	-1	-1
5	4	-1.06744	5.67526	-1	-1	-1
5	4	-0.917441	5.67526	-1	-1	-1
5	4	-0.767441	5.67526	-1	-1	-1
5	4	-0.617441	5.67526	-1	-1	-1
5	4	-0.467441	5.67526	-1	-1	-1
5	4	-0.317441	5.67526	-1	-1	-1
5	4	-1.36744	5.82526	-1	-1	-1
5	4	-1.21744	5.82526	-1	-1	-1
5	4	-1.06744	5.82526	-1	-1	-1
5	4	-0.917441	5.82526	-1	-1	-1
5	4	-0.767441	5.82526	-1	-1	-1
5	4	-0.617441	5.82526	-1	-1	-1
5	4	-0.467441	5.82526	-1	-1	-1
5	4	-0.317441	5.82526	-1	-1	-1
5	4	-1.36744	5.97526	-1	-1	-1
5	4	-1.21744	5.97526	-1	-1	-1
5	4	-1.06744	5.97526	-1	-1	-1
5	4	-0.917441	5.97526	-1	-1	-1
5	4	-0.767441	5.97526	-1	-1	-1
5	4	-0.617441	5.97526	-1	-1	-1
5	4	-0.467441	5.97526	-1	-1	-1
5	4	-0.317441	5.97526	-1	-1	-1
5	4	-1.36744	6.12526	-1	-1	-1
5	4	-1.21744	6.12526	-1	-1	-1
5	4	-1.06744	6.12526	-1	-1	-1
5	4	-0.917441	6.12526	-1	-1	-1
5	4	-0.767441	6.12526	-1	-1	-1
5	4	-0.617441	6.12526	-1	-1	-1
5	4	-0.467441	6.12526	-1	-1	-1
5	4	-0.317441	6.12526	-1	-1	-1
5	4	-1.36744	6.27526	-1	-1	-1
5	4	-1.21744	6.27526	-1	-1	-1
5	4	-1.06744	6.27526	-1	-1	-1
5	4	-0.917441	6.27526	-1	-1	-1
5	4	-0.767441	6.27526	-1	-1	-1
5	4	-0.617441	6.27526	-1	-1	-1
5	4	-0.467441	6.27526	-1	-1	-1
5	4	-0.317441	6.27526	-1	-1	-1
5	4	-1.36744	6.42526	-1	-1	-1
5	4	-1.21744	6.42526	-1	-1	-1
5	4	-1.06744	6.42526	-1	-1	-1
5	4	-0.917441	6.42526	-1	-1	-1
5	4	-0.767441	6.42526	-1	-1	-1
5	4	-0.617441	6.42526	-1	-1	-1
5	4	-0.467441	6.42526	-1	-1	-1
5	4	-0.317441	6.42526	-1	-1	-1
6	16	-4.72286	-2.87028	-1	-1	-1
6	16	-4.57286	-2.87028	-1	-1	-1
6	16	-4.42286	-2.87028	-1	-1	-1
6	16	-4.27286	-2.87028	1128	1261.19	-1
6	16	-4.72286	-2.72028	-1	-1	-1
6	16	-4.57286	-2.72028	-1	-1	-1
6	16	-4.42286	-2.72028	-1	-1	-1
6	16	-4.27286	-2.72028	4616	4680.19	-1
6	16	-4.72286	-2.57028	-1	-1	-1
6	16	-4.57286	-2.57028	-1	-1	-1
6	16	-4.42286	-2.57028	5383	-1	-1
6	16	-4.27286	-2.57028	4457	4575.88	-1
6	16	-4.72286	-2.42028	-1	-1	-1
6	16	-4.57286	-2.42028	2264	2398.78	-1
6	16	-4.42286	-2.42028	3710	3765.44	-1
6	16	-4.27286	-2.42028	4667	4718.47	-1
7	16	-8.14265	2.24028	-1	-1	-1
7	16	-7.99265	2.24028	-1	-1	-1
7	16	-7.84265	2.24028	-1	-1	-1
7	16	-7.69265	2.24028	-1	-1	-1
7	16	-8.14265	2.39028	-1	-1	-1
7	16	-7.99265	2.39028	-1	-1	-1
7	16	-7.84265	2.39028	-1	-1	-1
7	16	-7.69265	2.39028	-1	-1	-1
7	16	-8.14265	2.54028	-1	-1	-1
7	16	-7.99265	2.54028	-1	-1	-1
7	16	-7.84265	2.54028	-1	-1	-1
7	16	-7.69265	2.54028	-1	-1	-1
7	16	-8.14265	2.69028	-1	-1	-1
7	16	-7.99265	2.69028	-1	-1	-1
7	16	-7.84265	2.69028	-1	-1	-1
7	16	-7.69265	2.69028	-1	-1	-1
8	16	-0.461111	9.01709	-1	-1	-1
8	16	-0.311111	9.01709	-1	-1	-1
8	16	-0.161111	9.01709	-1	-1	-1
8	16	-0.0111108	9.01709	110	180.438	-1
8	16	-0.461111	9.16709	-1	-1	-1
8	16	-0.311111	9.16709	-1	-1	-1
8	16	-0.161111	9.16709	-1	-1	-1
8	16	-0.0111108	9.16709	-1	-1	-1
8	16	-0.461111	9.31709	-1	-1	-1
8	16	-0.311111	9.31709	-1	-1	-1
8	16	-0.161111	9.31709	-1	-1	-1
8	16	-0.0111108	9.31709	-1	-1	-1
8	16	-0.461111	9.46709	-1	-1	-1
8	16	-0.311111	9.46709	-1	-1	-1
8	16	-0.161111	9.46709	-1	-1	-1
8	16	-0.0111108	9.46709	-1	-1	-1
9	16	-0.992157	7.24735	-1	-1	-1
9	16	-0.842157	7.24735	-1	-1	-1
9	16	-0.692157	7.24735	-1	-1	-1
9	16	-0.542157	7.24735	-1	-1	-1
9	16	-0.992157	7.39735	-1	-1	-1
9	16	-0.842157	7.39735	-1	-1	-1
9	16	-0.692157	7.39735	-1	-1	-1
9	16	-0.542157	7.39735	-1	-1	-1
9	16	-0.992157	7.54735	-1	-1	-1
9	16	-0.842157	7.54735	-1	-1	-1
9	16	-0.692157	7.54735	-1	-1	-1
9	16	-0.542157	7.54735	-1	-1	-1
9	16	-0.992157	7.69735	-1	-1	-1
9	16	-0.842157	7.69735	-1	-1	-1
9	16	-0.692157	7.69735	-1	-1	-1
9	16	-0.542157	7.69735	-1	-1	-1
10	16	7.08432	6.12954	-1	-1	-1
10	16	7.23432	6.12954	-1	-1	-1
10	16	7.38432	6.12954	-1	-1	-1
10	16	7.53432	6.12954	-1	-1	-1
10	16	7.08432	6.27954	-1	-1	-1
10	16	7.23432	6.27954	-1	-1	-1
10	16	7.38432	6.27954	-1	-1	-1
10	16	7.53432	6.27954	3218	3289.34	-1
10	16	7.08432	6.42954	3853	3976.28	-1
10	16	7.23432	6.42954	-1	-1	-1
10	16	7.38432	6.42954	-1	-1	-1
10	16	7.53432	6.42954	-1	-1	-1
10	16	7.08432	6.57954	-1	-1	-1
10	16	7.23432	6.57954	-1	-1	-1
10	16	7.38432	6.57954	-1	-1	-1
10	16	7.53432	6.57954	-1	-1	-1
11	16	6.89948	1.49611	1184	1285.69	-1
11	16	7.04948	1.49611	-1	-1	-1
11	16	7.19948	1.49611	-1	-1	-1
11	16	7.34948	1.49611	-1	-1	-1
11	16	6.89948	1.64611	-1	-1	-1
11	16	7.04948	1.64611	-1	-1	-1
11	16	7.19948	1.64611	-1	-1	-1
11	16	7.34948	1.64611	-1	-1	-1
11	16	6.89948	1.79611	998	1052.44	-1
11	16	7.04948	1.79611	-1	-1	-1
11	16	7.19948	1.79611	-1	-1	-1
11	16	7.34948	1.79611	-1	-1	-1
11	16	6.89948	1.94611	859	948.688	-1
11	16	7.04948	1.94611	-1	-1	-1
11	16	7.19948	1.94611	-1	-1	-1
11	16	7.34948	1.94611	-1	-1	-1
12	16	-2.362	7.8054	-1	-1	-1
12	16	-2.212	7.8054	-1	-1	-1
12	16	-2.062	7.8054	-1	-1	-1
12	16	-1.912	7.8054	-1	-1	-1
12	16	-2.362	7.9554	-1	-1	-1
12	16	-2.212	7.9554	-1	-1	-1
12	16	-2.062	7.9554	-1	-1	-1
12	16	-1.912	7.9554	-1	-1	-1
12	16	-2.362	8.1054	-1	-1	-1
12	16	-2.212	8.1054	-1	-1	-1
12	16	-2.062	8.1054	-1	-1	-1
12	16	-1.912	8.1054	-1	-1	-1
12	16	-2.362	8.2554	-1	-1	-1
12	16	-2.212	8.2554	-1	-1	-1
12	16	-2.062	8.2554	-1	-1	-1
12	16	-1.912	8.2554	-1	-1	-1
13	16	-6.74457	3.46265	-1	-1	-1
13	16	-6.59457	3.46265	-1	-1	-1
13	16	-6.44457	3.46265	-1	-1	-1
13	16	-6.29457	3.46265	-1	-1	-1
13	16	-6.74457	3.61265	-1	-1	-1
13	16	-6.59457	3.61265	-1	-1	-1
13	16	-6.44457	3.61265	-1	-1	-1
13	16	-6.29457	3.61265	-1	-1	-1
13	16	-6.74457	3.76265	-1	-1	-1
13	16	-6.59457	3.76265	-1	-1	-1
13	16	-6.44457	3.76265	-1	-1	-1
13	16	-6.29457	3.76265	-1	-1	-1
13	16	-6.74457	3.91265	-1	-1	-1
13	16	-6.59457	3.91265	-1	-1	-1
13	16	-6.44457	3.91265	-1	-1	-1
13	16	-6.29457	3.91265	-1	-1	-1
14	16	-2.41444	-2.89007	-1	-1	-1
14	16	-2.26444	-2.89007	2065	2097.41	-1
14	16	-2.11444	-2.89007	573	604.562	-1
14	16	-1.96444	-2.89007	456	489.781	-1
14	16	-2.41444	-2.74007	-1	-1	-1
14	16	-2.26444	-2.74007	1867	2037.97	-1
14	16	-2.11444	-2.74007	630	665.844	-1
14	16	-1.96444	-2.74007	127	285.031	-1
14	16	-2.41444	-2.59007	3313	3495.06	-1
14	16	-2.26444	-2.59007	1464	1505.38	-1
14	16	-2.11444	-2.59007	1431	1590.47	-1
14	16	-1.96444	-2.59007	329	359.5	-1
14	16	-2.41444	-2.44007	1183	1349.88	-1
14	16	-2.26444	-2.44007	2263	2428.59	-1
14	16	-2.11444	-2.44007	852	1015.78	-1
14	16	-1.96444	-2.44007	48	76.5312	-1
15	16	-3.5451	-8.06813	-1	-1	-1
15	16	-3.3951	-8.06813	-1	-1	-1
15	16	-3.2451	-8.06813	-1	-1	-1
15	16	-3.0951	-8.06813	-1	-1	-1
15	16	-3.5451	-7.91813	-1	-1	-1
15	16	-3.3951	-7.91813	-1	-1	-1
15	16	-3.2451	-7.91813	-1	-1	-1
15	16	-3.0951	-7.91813	-1	-1	-1
15	16	-3.5451	-7.76813	-1	-1	-1
15	16	-3.3951	-7.76813	-1	-1	-1
15	16	-3.2451	-7.76813	-1	-1	-1
15	16	-3.0951	-7.76813	-1	-1	-1
15	16	-3.5451	-7.61813	-1	-1	-1
15	16	-3.3951	-7.61813	-1	-1	-1
15	16	-3.2451	-7.61813	-1	-1	-1
15	16	-3.0951	-7.61813	-1	-1	-1
16	16	3.70948	-5.42691	-1	-1	-1
16	16	3.85948	-5.42691	-1	-1	-1
16	16	4.00948	-5.42691	-1	-1	-1
16	16	4.15948	-5.42691	-1	-1	-1
16	16	3.70948	-5.27691	191	240.781	-1
16	16	3.85948	-5.27691	-1	-1	-1
16	16	4.00948	-5.27691	-1	-1	-1
16	16	4.15948	-5.27691	2010	2102.06	-1
16	16	3.70948	-5.12691	287	340.938	-1
16	16	3.85948	-5.12691	4893	5030.25	-1
16	16	4.00948	-5.12691	2008	2096.31	-1
16	16	4.15948	-5.12691	1851	1903.81	-1
16	16	3.70948	-4.97691	633	683.75	-1
16	16	3.85948	-4.97691	3077	3206.31	-1
16	16	4.00948	-4.97691	504	654.625	-1
16	16	4.15948	-4.97691	1664	1712.53	-1
17	16	-8.75544	-0.912284	-1	-1	-1
17	16	-8.60544	-0.912284	1143	1209.81	-1
17	16	-8.45544	-0.912284	987	1060.59	-1
17	16	-8.30544	-0.912284	-1	-1	-1
17	16	-8.75544	-0.762284	-1	-1	-1
17	16	-8.60544	-0.762284	-1	-1	-1
17	16	-8.45544	-0.762284	1277	1344.06	-1
17	16	-8.30544	-0.762284	-1	-1	-1
17	16	-8.75544	-0.612284	-1	-1	-1
17	16	-8.60544	-0.612284	-1	-1	-1
17	16	-8.45544	-0.612284	-1	-1	-1
17	16	-8.30544	-0.612284	-1	-1	-1
17	16	-8.75544	-0.462284	2985	3046.16	-1
17	16	-8.60544	-0.462284	-1	-1	-1
17	16	-8.45544	-0.462284	-1	-1	-1
17	16	-8.30544	-0.462284	-1	-1	-1
18	16	-9.42358	-2.43288	-1	-1	-1
18	16	-9.27358	-2.43288	-1	-1	-1
18	16	-9.12358	-2.43288	-1	-1	-1
18	16	-8.97358	-2.43288	-1	-1	-1
18	16	-9.42358	-2.28288	-1	-1	-1
18	16	-9.27358	-2.28288	-1	-1	-1
18	16	-9.12358	-2.28288	-1	-1	-1
18	16	-8.97358	-2.28288	-1	-1	-1
18	16	-9.42358	-2.13288	-1	-1	-1
18	16	-9.27358	-2.13288	-1	-1	-1
18	16	-9.12358	-2.13288	-1	-1	-1
18	16	-8.97358	-2.13288	-1	-1	-1
18	16	-9.42358	-1.98288	-1	-1	-1
18	16	-9.27358	-1.98288	-1	-1	-1
18	16	-9.12358	-1.98288	-1	-1	-1
18	16	-8.97358	-1.98288	-1	-1	-1
19	16	-6.05504	-3.4905	-1	-1	-1
19	16	-5.90504	-3.4905	-1	-1	-1
19	16	-5.75504	-3.4905	-1	-1	-1
19	16	-5.60504	-3.4905	1636	1688.53	-1
19	16	-6.05504	-3.3405	-1	-1	-1
19	16	-5.90504	-3.3405	-1	-1	-1
19	16	-5.75504	-3.3405	-1	-1	-1
19	16	-5.60504	-3.3405	-1	-1	-1
19	16	-6.05504	-3.1905	-1	-1	-1
19	16	-5.90504	-3.1905	-1	-1	-1
19	16	-5.75504	-3.1905	-1	-1	-1
19	16	-5.60504	-3.1905	-1	-1	-1
19	16	-6.05504	-3.0405	-1	-1	-1
19	16	-5.90504	-3.0405	-1	-1	-1
19	16	-5.75504	-3.0405	-1	-1	-1
19	16	-5.60504	-3.0405	-1	-1	-1
20	16	0.092205	-6.97029	-1	-1	-1
20	16	0.242205	-6.97029	-1	-1	-1
20	16	0.392205	-6.97029	-1	-1	-1
20	16	0.542205	-6.97029	-1	-1	-1
20	16	0.092205	-6.82029	-1	-1	-1
20	16	0.242205	-6.82029	-1	-1	-1
20	16	0.392205	-6.82029	-1	-1	-1
20	16	0.542205	-6.82029	-1	-1	-1
20	16	0.092205	-6.67029	-1	-1	-1
20	16	0.242205	-6.67029	-1	-1	-1
20	16	0.392205	-6.67029	-1	-1	-1
20	16	0.542205	-6.67029	-1	-1	-1
20	16	0.092205	-6.52029	-1	-1	-1
20	16	0.242205	-6.52029	-1	-1	-1
20	16	0.392205	-6.52029	-1	-1	-1
20	16	0.542205	-6.52029	-1	-1	-1
21	16	-6.62977	-1.30916	-1	-1	-1
21	16	-6.47977	-1.30916	-1	-1	-1
21	16	-6.32977	-1.30916	-1	-1	-1
21	16	-6.17977	-1.30916	940	1049.19	-1
21	16	-6.62977	-1.15916	-1	-1	-1
21	16	-6.47977	-1.15916	-1	-1	-1
21	16	-6.32977	-1.15916	4144	4245.44	-1
21	16	-6.17977	-1.15916	3342	3455.62	-1
21	16	-6.62977	-1.00916	-1	-1	-1
21	16	-6.47977	-1.00916	-1	-1	-1
21	16	-6.32977	-1.00916	5363	-1	-1
21	16	-6.17977	-1.00916	3516	3568.31	-1
21	16	-6.62977	-0.859163	-1	-1	-1
21	16	-6.47977	-0.859163	3203	3304.84	-1
21	16	-6.32977	-0.859163	-1	-1	-1
21	16	-6.17977	-0.859163	-1	-1	-1
0	256	-3.96352	2.37938	-1	-1	-1
0	256	-9.15467	-1.54353	-1	-1	-1
0	256	4.97383	6.1413	906	1023.84	-1
0	256	-7.91694	-0.747604	771	868.312	-1
0	256	2.72757	3.20965	2809	2951.81	-1
0	256	-4.62288	4.24935	2144	2300.94	-1
0	256	7.20583	-4.13248	-1	-1	-1
0	256	-2.94235	3.46949	1464	1611.34	-1
0	256	-2.53029	9.12564	-1	-1	-1
0	256	2.49924	5.78661	2310	2415.5	-1
0	256	7.54119	-2.71249	-1	-1	-1
0	256	4.78577	7.55995	-1	-1	-1
0	256	1.02538	6.10742	4967	5064.72	-1
0	256	5.68233	1.42726	-1	-1	-1
0	256	1.10353	-6.18151	-1	-1	-1
0	256	-1.47076	4.53664	4431	4545.88	-1
0	256	-5.19961	-6.03317	-1	-1	-1
0	256	-9.17245	0.0452169	1931	2014.66	-1
0	256	-8.84478	0.287945	-1	-1	-1
0	256	2.84415	3.53065	3111	3261.06	-1
0	256	3.2964	3.8554	1490	1530.06	-1
0	256	6.29833	7.05109	-1	-1	-1
0	256	6.43042	-5.95622	-1	-1	-1
0	256	-1.43789	3.7719	2075	2203.19	-1
0	256	5.74891	8.04823	-1	-1	-1
0	256	4.58769	-6.5576	-1	-1	-1
0	256	-1.63915	-8.93885	-1	-1	-1
0	256	4.31652	4.49317	-1	-1	-1
0	256	6.05178	-1.70843	3453	3500.97	-1
0	256	9.16121	0.466855	-1	-1	-1
0	256	-5.74405	-6.66774	-1	-1	-1
0	256	-0.639153	8.12943	-1	-1	-1
0	256	1.74694	-3.64994	37	70.375	-1
0	256	-0.847246	-6.13754	2998	3099.69	-1
0	256	-0.157431	7.14712	-1	-1	-1
0	256	2.18179	-2.36046	670	828.969	-1
0	256	-6.55064	-1.86557	3057	3160.12	-1
0	256	8.19582	-1.36739	-1	-1	-1
0	256	-3.77745	-3.99242	5339	-1	-1
0	256	-4.05514	0.32124	49	81.6562	-1
0	256	-3.59034	6.335	-1	-1	-1
0	256	-5.97249	4.92386	-1	-1	-1
0	256	7.70475	0.395131	-1	-1	-1
0	256	6.17892	-2.87851	2673	2723.12	-1
0	256	-1.39065	-2.94337	5152	5290.81	-1
0	256	-4.2063	3.32703	614	766.094	-1
0	256	4.21367	-8.19243	5166	5273.34	-1
0	256	8.97265	2.47812	-1	-1	-1
0	256	2.73125	-1.94227	126	272.688	-1
0	256	-5.08457	-5.1926	3582	3639.31	-1
0	256	6.10046	-4.90989	-1	-1	-1
0	256	2.80888	4.36605	4159	4200.25	-1
0	256	-1.26522	2.72779	39	64.9062	-1
0	256	-0.635828	4.88847	-1	-1	-1
0	256	-5.45144	-5.83574	-1	-1	-1
0	256	-4.72838	7.98539	-1	-1	-1
0	256	0.268104	7.60989	-1	-1	-1
0	256	-5.23899	-7.21721	3105	3215.16	-1
0	256	-6.65956	3.01198	-1	-1	-1
0	256	-8.25022	3.89336	-1	-1	-1
0	256	-9.39731	-0.155156	-1	-1	-1
0	256	4.80026	-1.22495	768	881.594	-1
0	256	-6.1763	6.31273	-1	-1	-1
0	256	-8.17157	5.28426	429	542.438	-1
0	256	-3.68459	-2.33484	1055	1090.03	-1
0	256	6.81824	6.86981	3631	3748.72	-1
0	256	7.10639	-4.46944	-1	-1	-1
0	256	4.04145	-3.19983	-1	-1	-1
0	256	-0.569006	8.36827	-1	-1	-1
0	256	0.270535	9.44475	-1	-1	-1
0	256	-2.57973	4.23552	2300	2339.91	-1
0	256	-2.42778	2.92378	232	389.344	-1
0	256	4.4556	2.73567	3254	3374.22	-1
0	256	-4.42217	2.66083	2335	2374.78	-1
0	256	8.78107	-2.99428	-1	-1	-1
0	256	4.59783	-8.48893	-1	-1	-1
0	256	5.33414	-0.647464	-1	-1	-1
0	256	-3.25096	-9.23914	4696	4778.56	-1
0	256	-3.19562	-4.69806	-1	-1	-1
0	256	4.26741	4.58214	-1	-1	-1
0	256	-0.211984	-5.92376	1551	1599.06	-1
0	256	-4.38453	7.28572	91	160.312	-1
0	256	1.80835	-3.0922	2121	2268.59	-1
0	256	-5.735	-6.56415	-1	-1	-1
0	256	-1.40836	7.49425	-1	-1	-1
0	256	-2.90156	5.0069	3602	3722.25	-1
0	256	5.36485	-5.25737	-1	-1	-1
0	256	-4.74741	5.54395	-1	-1	-1
0	256	8.02897	5.61934	4966	5071.66	-1
0	256	-2.91347	-9.01765	-1	-1	-1
0	256	1.10997	5.85834	2798	2901.31	-1
0	256	-7.55366	-4.57715	-1	-1	-1
0	256	-2.96687	1.16236	1526	1553.81	-1
0	256	-3.40285	-3.36231	1898	2048.31	-1
0	256	-2.28383	-4.81101	583	713.375	-1
0	256	-5.66836	6.1445	-1	-1	-1
0	256	4.32286	0.665347	1329	1441.97	-1
0	256	4.18295	-6.92175	-1	-1	-1
0	256	-1.49865	-3.60904	4814	4849.22	-1
0	256	-4.35603	5.29403	-1	-1	-1
0	256	-7.71327	-0.270691	-1	-1	-1
0	256	7.02464	-2.72356	886	988.375	-1
0	256	1.79314	-5.11411	-1	-1	-1
0	256	2.46381	-4.13816	3614	3756.97	-1
0	256	-1.08406	-6.84169	2598	2650.44	-1
0	256	5.88171	-5.67183	3720	3856.28	-1
0	256	-4.21056	4.00273	66	114.469	-1
0	256	-5.39743	-3.53422	1394	1524.84	-1
0	256	-1.70495	6.88646	-1	-1	-1
0	256	-5.88749	-6.22599	-1	-1	-1
0	256	-1.87559	8.4212	-1	-1	-1
0	256	-6.72562	0.279291	-1	-1	-1
0	256	-6.52713	4.95686	5169	5295.53	-1
0	256	-8.1883	-1.07438	-1	-1	-1
0	256	7.74034	5.64141	-1	-1	-1
0	256	3.30312	-4.46548	4329	4462.12	-1
0	256	1.23075	-4.57429	2369	2490.78	-1
0	256	3.55953	-6.08536	1109	1161	-1
0	256	-1.59969	-4.49273	3424	3469.59	-1
0	256	-3.74526	4.49772	3942	4088.31	-1
0	256	5.87278	8.04116	-1	-1	-1
0	256	3.58201	8.0097	-1	-1	-1
0	256	3.3459	-6.96473	-1	-1	-1
0	256	-7.86319	3.06254	-1	-1	-1
0	256	7.78904	2.44274	-1	-1	-1
0	256	-7.90365	1.60042	-1	-1	-1
0	256	9.35032	-2.70717	-1	-1	-1
0	256	-3.42267	-3.81714	-1	-1	-1
0	256	-0.436033	-9.54038	3305	3393.03	-1
0	256	-6.66101	4.60122	920	1034.66	-1
0	256	2.65628	-9.25161	-1	-1	-1
0	256	2.05162	8.30948	-1	-1	-1
0	256	-1.53479	-3.46909	2872	2998.31	-1
0	256	3.29568	-2.56989	56	100.625	-1
0	256	-4.35354	7.99364	-1	-1	-1
0	256	-0.0966237	8.12656	-1	-1	-1
0	256	9.55018	-2.52889	2457	2530	-1
0	256	9.64421	-0.990111	-1	-1	-1
0	256	-5.48227	-7.48356	-1	-1	-1
0	256	2.21732	6.77181	-1	-1	-1
0	256	-0.384445	5.14493	-1	-1	-1
0	256	-2.28196	4.56729	4063	4101.66	-1
0	256	-4.80521	-1.53488	2491	2530.56	-1
0	256	3.14813	-6.85932	-1	-1	-1
0	256	-0.584673	8.98983	-1	-1	-1
0	256	5.13321	-5.2409	4669	4811.5	-1
0	256	5.34928	1.47116	-1	-1	-1
0	256	4.21273	1.14791	3865	3980.75	-1
0	256	2.75692	-3.89917	-1	-1	-1
0	256	-7.91822	-2.66305	-1	-1	-1
0	256	5.06402	-2.9135	-1	-1	-1
0	256	-4.07162	5.07345	-1	-1	-1
0	256	-1.73352	-5.96023	1665	1718.91	-1
0	256	0.330015	-8.98693	1543	1616.81	-1
0	256	5.56588	1.80803	4938	4986.34	-1
0	256	3.87535	-1.3718	262	384.781	-1
0	256	-3.63238	-3.65626	4124	4278.66	-1
0	256	2.61343	5.27157	-1	-1	-1
0	256	-9.0979	-3.87221	1814	1911.25	-1
0	256	5.86128	8.9072	2379	2456.47	-1
0	256	6.21942	-2.11048	1217	1274	-1
0	256	-4.92523	7.55462	3230	3298.81	-1
0	256	-2.56313	-6.18031	-1	-1	-1
0	256	4.64604	3.68434	-1	-1	-1
0	256	-0.00344561	3.15818	2462	2489.94	-1
0	256	-4.1292	6.17923	-1	-1	-1
0	256	-3.02277	2.34831	3125	3156.88	-1
0	256	2.19978	3.9178	3707	3830	-1
0	256	7.11195	3.83001	-1	-1	-1
0	256	-3.27772	-2.0755	1327	1369.59	-1
0	256	-7.7668	-5.99535	-1	-1	-1
0	256	5.48319	6.16388	-1	-1	-1
0	256	0.998387	-9.25888	-1	-1	-1
0	256	-1.94349	-8.12989	-1	-1	-1
0	256	-4.58662	4.80654	-1	-1	-1
0	256	4.73739	5.56084	-1	-1	-1
0	256	-2.51576	-3.58204	3188	3324.25	-1
0	256	0.12638	4.25326	389	423	-1
0	256	7.39868	4.66443	-1	-1	-1
0	256	6.16694	2.98643	3144	3252.94	-1
0	256	5.61178	1.60504	-1	-1	-1
0	256	-4.06947	-0.222838	1657	1691.91	-1
0	256	-0.219666	9.63923	-1	-1	-1
0	256	-7.02516	7.47459	-1	-1	-1
0	256	-8.40357	-2.99656	-1	-1	-1
0	256	-2.98449	-2.98681	3813	3847.22	-1
0	256	-0.9826	8.54857	-1	-1	-1
0	256	9.65446	-2.2909	-1	-1	-1
0	256	3.03868	0.675726	707	733.719	-1
0	256	-2.24757	-5.62223	5330	-1	-1
0	256	-2.668	-5.09906	-1	-1	-1
0	256	-7.03528	-1.91796	-1	-1	-1
0	256	-3.14355	-4.82995	-1	-1	-1
0	256	-5.54581	-1.93539	1999	2101.09	-1
0	256	6.73355	5.0427	-1	-1	-1
0	256	4.91952	5.15304	-1	-1	-1
0	256	-5.48314	7.88153	-1	-1	-1
0	256	3.6017	8.58937	-1	-1	-1
0	256	0.347702	-8.18121	-1	-1	-1
0	256	3.63764	4.2256	-1	-1	-1
0	256	-2.63701	-9.58467	-1	-1	-1
0	256	4.03144	2.18282	77	204.312	-1
0	256	-4.62978	8.51416	-1	-1	-1
0	256	0.957283	-6.12205	-1	-1	-1
0	256	-5.65447	-2.03375	2181	2285.59	-1
0	256	0.0647878	-5.96474	5103	5213.59	-1
0	256	3.95307	-1.95338	-1	-1	-1
0	256	-7.14431	3.56428	-1	-1	-1
0	256	0.515134	-9.31967	790	861.156	-1
0	256	0.400617	-3.91162	3151	3274.34	-1
0	256	-1.81978	7.57863	-1	-1	-1
0	256	7.38836	-3.72644	-1	-1	-1
0	256	5.70431	7.34271	467	537.344	-1
0	256	5.73667	-6.40152	-1	-1	-1
0	256	4.3736	-2.09967	2192	2230.12	-1
0	256	6.23749	-3.65665	-1	-1	-1
0	256	7.59407	-7.34651	-1	-1	-1
0	256	-4.61149	4.05893	1183	1334.31	-1
0	256	7.66865	2.39323	-1	-1	-1
0	256	-3.95171	4.45008	2598	2748.97	-1
0	256	8.46042	-4.69613	-1	-1	-1
0	256	4.25734	6.07276	4959	5084.66	-1
0	256	-6.69531	5.59087	-1	-1	-1
0	256	-2.56921	2.62307	1307	1467.41	-1
0	256	4.27093	3.73566	-1	-1	-1
0	256	3.57018	-2.38588	2351	2494.97	-1
0	256	0.0714512	3.67967	2704	2735.78	-1
0	256	-5.70164	4.83387	1213	1341.66	-1
0	256	4.28971	-4.56531	703	854.75	-1
0	256	4.29346	7.06633	4334	4447.62	-1
0	256	9.36806	0.156124	-1	-1	-1
0	256	-5.84066	5.70081	2429	2558.91	-1
0	256	8.25522	-2.51186	-1	-1	-1
0	256	5.89719	5.80261	2477	2607.5	-1
0	256	6.37415	4.77243	-1	-1	-1
0	256	7.54283	-2.82652	1743	1842.41	-1
0	256	2.96633	2.88663	1496	1533.56	-1
0	256	-6.52803	2.22777	-1	-1	-1
0	256	2.74703	-2.59247	1573	1603.94	-1
0	256	-8.37208	2.55106	-1	-1	-1
0	256	2.70064	-3.02355	570	661.438	-1
0	256	-7.26183	2.40075	-1	-1	-1
0	256	3.96001	7.17902	4199	4323.34	-1
0	256	-2.95674	8.34126	-1	-1	-1
0	256	7.85231	5.12059	-1	-1	-1
0	256	-4.96536	8.23237	-1	-1	-1
0	256	6.54505	-2.96041	4613	4674.03	-1
0	256	8.63528	4.09719	-1	-1	-1
0	256	-0.0039882	-3.79292	428	460.969	-1
0	256	0.470088	-8.85411	-1	-1	-1
0	256	-5.2977	-1.62462	-1	-1	-1
0	256	-1.26553	9.1161	-1	-1	-1
0	256	-3.5363	4.70602	3532	3667.28	-1
0	256	-0.731744	-4.97659	2802	2844.75	-1
0	256	-2.16708	-5.15463	-1	-1	-1
0	256	7.25121	0.813775	-1	-1	-1
