Pile ID	Distribution Type	X-Position	Y-Position	Pickup Time	Drop Off Time	Ant ID
1	1	3.55727	0.610335	1213	1331.94	-1
1	1	3.70727	0.610335	2342	2455.81	-1
1	1	3.85727	0.610335	-1	-1	-1
1	1	4.00727	0.610335	-1	-1	-1
1	1	4.15727	0.610335	-1	-1	-1
1	1	4.30727	0.610335	-1	-1	-1
1	1	4.45727	0.610335	-1	-1	-1
1	1	4.60727	0.610335	-1	-1	-1
1	1	4.75727	0.610335	281	323.281	-1
1	1	4.90727	0.610335	359	401.875	-1
1	1	5.05727	0.610335	-1	-1	-1
1	1	5.20727	0.610335	-1	-1	-1
1	1	5.35727	0.610335	-1	-1	-1
1	1	5.50727	0.610335	-1	-1	-1
1	1	5.65727	0.610335	-1	-1	-1
1	1	5.80727	0.610335	-1	-1	-1
1	1	3.55727	0.760335	2194	2316.22	-1
1	1	3.70727	0.760335	2489	2541.03	-1
1	1	3.85727	0.760335	-1	-1	-1
1	1	4.00727	0.760335	-1	-1	-1
1	1	4.15727	0.760335	-1	-1	-1
1	1	4.30727	0.760335	-1	-1	-1
1	1	4.45727	0.760335	-1	-1	-1
1	1	4.60727	0.760335	-1	-1	-1
1	1	4.75727	0.760335	-1	-1	-1
1	1	4.90727	0.760335	-1	-1	-1
1	1	5.05727	0.760335	-1	-1	-1
1	1	5.20727	0.760335	-1	-1	-1
1	1	5.35727	0.760335	-1	-1	-1
1	1	5.50727	0.760335	-1	-1	-1
1	1	5.65727	0.760335	-1	-1	-1
1	1	5.80727	0.760335	-1	-1	-1
1	1	3.55727	0.910335	1831	1884.59	-1
1	1	3.70727	0.910335	1978	2016.66	-1
1	1	3.85727	0.910335	-1	-1	-1
1	1	4.00727	0.910335	-1	-1	-1
1	1	4.15727	0.910335	-1	-1	-1
1	1	4.30727	0.910335	-1	-1	-1
1	1	4.45727	0.910335	-1	-1	-1
1	1	4.60727	0.910335	-1	-1	-1
1	1	4.75727	0.910335	-1	-1	-1
1	1	4.90727	0.910335	-1	-1	-1
1	1	5.05727	0.910335	-1	-1	-1
1	1	5.20727	0.910335	-1	-1	-1
1	1	5.35727	0.910335	-1	-1	-1
1	1	5.50727	0.910335	-1	-1	-1
1	1	5.65727	0.910335	-1	-1	-1
1	1	5.80727	0.910335	-1	-1	-1
1	1	3.55727	1.06034	1736	1768.56	-1
1	1	3.70727	1.06034	1921	1951.97	-1
1	1	3.85727	1.06034	-1	-1	-1
1	1	4.00727	1.06034	-1	-1	-1
1	1	4.15727	1.06034	-1	-1	-1
1	1	4.30727	1.06034	-1	-1	-1
1	1	4.45727	1.06034	-1	-1	-1
1	1	4.60727	1.06034	-1	-1	-1
1	1	4.75727	1.06034	-1	-1	-1
1	1	4.90727	1.06034	-1	-1	-1
1	1	5.05727	1.06034	-1	-1	-1
1	1	5.20727	1.06034	-1	-1	-1
1	1	5.35727	1.06034	-1	-1	-1
1	1	5.50727	1.06034	-1	-1	-1
1	1	5.65727	1.06034	-1	-1	-1
1	1	5.80727	1.06034	-1	-1	-1
1	1	3.55727	1.21034	1807	1845.22	-1
1	1	3.70727	1.21034	3496	3614.19	-1
1	1	3.85727	1.21034	-1	-1	-1
1	1	4.00727	1.21034	-1	-1	-1
1	1	4.15727	1.21034	-1	-1	-1
1	1	4.30727	1.21034	-1	-1	-1
1	1	4.45727	1.21034	-1	-1	-1
1	1	4.60727	1.21034	-1	-1	-1
1	1	4.75727	1.21034	-1	-1	-1
1	1	4.90727	1.21034	-1	-1	-1
1	1	5.05727	1.21034	-1	-1	-1
1	1	5.20727	1.21034	-1	-1	-1
1	1	5.35727	1.21034	-1	-1	-1
1	1	5.50727	1.21034	-1	-1	-1
1	1	5.65727	1.21034	-1	-1	-1
1	1	5.80727	1.21034	-1	-1	-1
1	1	3.55727	1.36034	3471	3593.94	-1
1	1	3.70727	1.36034	4323	4452.03	-1
1	1	3.85727	1.36034	-1	-1	-1
1	1	4.00727	1.36034	2355	2397.75	-1
1	1	4.15727	1.36034	2263	2308.81	-1
1	1	4.30727	1.36034	2336	2388.12	-1
1	1	4.45727	1.36034	-1	-1	-1
1	1	4.60727	1.36034	-1	-1	-1
1	1	4.75727	1.36034	-1	-1	-1
1	1	4.90727	1.36034	-1	-1	-1
1	1	5.05727	1.36034	-1	-1	-1
1	1	5.20727	1.36034	-1	-1	-1
1	1	5.35727	1.36034	-1	-1	-1
1	1	5.50727	1.36034	-1	-1	-1
1	1	5.65727	1.36034	-1	-1	-1
1	1	5.80727	1.36034	-1	-1	-1
1	1	3.55727	1.51034	1730	1782.31	-1
1	1	3.70727	1.51034	2200	2244.38	-1
1	1	3.85727	1.51034	1947	1993.62	-1
1	1	4.00727	1.51034	2062	2110.25	-1
1	1	4.15727	1.51034	2157	2197.97	-1
1	1	4.30727	1.51034	2235	2275.59	-1
1	1	4.45727	1.51034	-1	-1	-1
1	1	4.60727	1.51034	-1	-1	-1
1	1	4.75727	1.51034	-1	-1	-1
1	1	4.90727	1.51034	-1	-1	-1
1	1	5.05727	1.51034	-1	-1	-1
1	1	5.20727	1.51034	-1	-1	-1
1	1	5.35727	1.51034	-1	-1	-1
1	1	5.50727	1.51034	-1	-1	-1
1	1	5.65727	1.51034	-1	-1	-1
1	1	5.80727	1.51034	-1	-1	-1
1	1	3.55727	1.66034	1633	1672	-1
1	1	3.70727	1.66034	2036	2090.22	-1
1	1	3.85727	1.66034	1631	1671.84	-1
1	1	4.00727	1.66034	1838	1908.66	-1
1	1	4.15727	1.66034	2079	2132.69	-1
1	1	4.30727	1.66034	2183	2272.28	-1
1	1	4.45727	1.66034	3324	3361.19	-1
1	1	4.60727	1.66034	-1	-1	-1
1	1	4.75727	1.66034	-1	-1	-1
1	1	4.90727	1.66034	-1	-1	-1
1	1	5.05727	1.66034	-1	-1	-1
1	1	5.20727	1.66034	-1	-1	-1
1	1	5.35727	1.66034	-1	-1	-1
1	1	5.50727	1.66034	-1	-1	-1
1	1	5.65727	1.66034	-1	-1	-1
1	1	5.80727	1.66034	-1	-1	-1
1	1	3.55727	1.81034	249	390.219	-1
1	1	3.70727	1.81034	499	537.5	-1
1	1	3.85727	1.81034	1383	1417.19	-1
1	1	4.00727	1.81034	1712	1804.09	-1
1	1	4.15727	1.81034	1953	2035.88	-1
1	1	4.30727	1.81034	2262	2334.59	-1
1	1	4.45727	1.81034	-1	-1	-1
1	1	4.60727	1.81034	-1	-1	-1
1	1	4.75727	1.81034	-1	-1	-1
1	1	4.90727	1.81034	-1	-1	-1
1	1	5.05727	1.81034	-1	-1	-1
1	1	5.20727	1.81034	-1	-1	-1
1	1	5.35727	1.81034	-1	-1	-1
1	1	5.50727	1.81034	-1	-1	-1
1	1	5.65727	1.81034	-1	-1	-1
1	1	5.80727	1.81034	-1	-1	-1
1	1	3.55727	1.96034	52	87.7812	-1
1	1	3.70727	1.96034	416	462.625	-1
1	1	3.85727	1.96034	1448	1494.88	-1
1	1	4.00727	1.96034	2546	2588.06	-1
1	1	4.15727	1.96034	2354	2404.5	-1
1	1	4.30727	1.96034	2443	2481.03	-1
1	1	4.45727	1.96034	2660	2731.59	-1
1	1	4.60727	1.96034	2908	2947.16	-1
1	1	4.75727	1.96034	-1	-1	-1
1	1	4.90727	1.96034	-1	-1	-1
1	1	5.05727	1.96034	-1	-1	-1
1	1	5.20727	1.96034	-1	-1	-1
1	1	5.35727	1.96034	-1	-1	-1
1	1	5.50727	1.96034	-1	-1	-1
1	1	5.65727	1.96034	-1	-1	-1
1	1	5.80727	1.96034	-1	-1	-1
1	1	3.55727	2.11034	627	661.969	-1
1	1	3.70727	2.11034	1743	1865.19	-1
1	1	3.85727	2.11034	3701	3748.16	-1
1	1	4.00727	2.11034	2624	2683.97	-1
1	1	4.15727	2.11034	2627	2687.44	-1
1	1	4.30727	2.11034	2535	2583.09	-1
1	1	4.45727	2.11034	2683	2738.41	-1
1	1	4.60727	2.11034	2983	3024.41	-1
1	1	4.75727	2.11034	-1	-1	-1
1	1	4.90727	2.11034	-1	-1	-1
1	1	5.05727	2.11034	-1	-1	-1
1	1	5.20727	2.11034	-1	-1	-1
1	1	5.35727	2.11034	-1	-1	-1
1	1	5.50727	2.11034	-1	-1	-1
1	1	5.65727	2.11034	-1	-1	-1
1	1	5.80727	2.11034	-1	-1	-1
1	1	3.55727	2.26034	1949	1984.97	-1
1	1	3.70727	2.26034	1896	1940.34	-1
1	1	3.85727	2.26034	3444	3573.84	-1
1	1	4.00727	2.26034	4535	4593.97	-1
1	1	4.15727	2.26034	4799	4837.59	-1
1	1	4.30727	2.26034	3211	3256.38	-1
1	1	4.45727	2.26034	3131	3171.84	-1
1	1	4.60727	2.26034	-1	-1	-1
1	1	4.75727	2.26034	-1	-1	-1
1	1	4.90727	2.26034	-1	-1	-1
1	1	5.05727	2.26034	-1	-1	-1
1	1	5.20727	2.26034	-1	-1	-1
1	1	5.35727	2.26034	-1	-1	-1
1	1	5.50727	2.26034	-1	-1	-1
1	1	5.65727	2.26034	-1	-1	-1
1	1	5.80727	2.26034	-1	-1	-1
1	1	3.55727	2.41034	4993	5052.22	-1
1	1	3.70727	2.41034	3622	3658.19	-1
1	1	3.85727	2.41034	3741	3784.88	-1
1	1	4.00727	2.41034	4314	4473.34	-1
1	1	4.15727	2.41034	4788	4843.53	-1
1	1	4.30727	2.41034	4918	4969.16	-1
1	1	4.45727	2.41034	5102	5157.34	-1
1	1	4.60727	2.41034	-1	-1	-1
1	1	4.75727	2.41034	-1	-1	-1
1	1	4.90727	2.41034	-1	-1	-1
1	1	5.05727	2.41034	-1	-1	-1
1	1	5.20727	2.41034	-1	-1	-1
1	1	5.35727	2.41034	-1	-1	-1
1	1	5.50727	2.41034	-1	-1	-1
1	1	5.65727	2.41034	-1	-1	-1
1	1	5.80727	2.41034	-1	-1	-1
1	1	3.55727	2.56034	5099	5163.78	-1
1	1	3.70727	2.56034	-1	-1	-1
1	1	3.85727	2.56034	4511	4553.19	-1
1	1	4.00727	2.56034	4568	4613.44	-1
1	1	4.15727	2.56034	4667	4728.91	-1
1	1	4.30727	2.56034	4816	4873.5	-1
1	1	4.45727	2.56034	5218	5265	-1
1	1	4.60727	2.56034	-1	-1	-1
1	1	4.75727	2.56034	-1	-1	-1
1	1	4.90727	2.56034	-1	-1	-1
1	1	5.05727	2.56034	-1	-1	-1
1	1	5.20727	2.56034	-1	-1	-1
1	1	5.35727	2.56034	-1	-1	-1
1	1	5.50727	2.56034	-1	-1	-1
1	1	5.65727	2.56034	-1	-1	-1
1	1	5.80727	2.56034	-1	-1	-1
1	1	3.55727	2.71034	2418	2459.16	-1
1	1	3.70727	2.71034	-1	-1	-1
1	1	3.85727	2.71034	4732	4776.34	-1
1	1	4.00727	2.71034	4777	4853.84	-1
1	1	4.15727	2.71034	4825	4891.91	-1
1	1	4.30727	2.71034	4955	4999.84	-1
1	1	4.45727	2.71034	-1	-1	-1
1	1	4.60727	2.71034	-1	-1	-1
1	1	4.75727	2.71034	-1	-1	-1
1	1	4.90727	2.71034	-1	-1	-1
1	1	5.05727	2.71034	-1	-1	-1
1	1	5.20727	2.71034	-1	-1	-1
1	1	5.35727	2.71034	-1	-1	-1
1	1	5.50727	2.71034	-1	-1	-1
1	1	5.65727	2.71034	-1	-1	-1
1	1	5.80727	2.71034	-1	-1	-1
1	1	3.55727	2.86034	731	871.625	-1
1	1	3.70727	2.86034	1706	1838.53	-1
1	1	3.85727	2.86034	-1	-1	-1
1	1	4.00727	2.86034	-1	-1	-1
1	1	4.15727	2.86034	-1	-1	-1
1	1	4.30727	2.86034	-1	-1	-1
1	1	4.45727	2.86034	-1	-1	-1
1	1	4.60727	2.86034	-1	-1	-1
1	1	4.75727	2.86034	-1	-1	-1
1	1	4.90727	2.86034	-1	-1	-1
1	1	5.05727	2.86034	-1	-1	-1
1	1	5.20727	2.86034	-1	-1	-1
1	1	5.35727	2.86034	-1	-1	-1
1	1	5.50727	2.86034	-1	-1	-1
1	1	5.65727	2.86034	-1	-1	-1
1	1	5.80727	2.86034	-1	-1	-1
2	4	7.41462	-5.68804	-1	-1	-1
2	4	7.56462	-5.68804	-1	-1	-1
2	4	7.71462	-5.68804	4777	4860.5	-1
2	4	7.86462	-5.68804	4765	4838.16	-1
2	4	8.01462	-5.68804	-1	-1	-1
2	4	8.16462	-5.68804	-1	-1	-1
2	4	8.31462	-5.68804	-1	-1	-1
2	4	8.46462	-5.68804	-1	-1	-1
2	4	7.41462	-5.53804	-1	-1	-1
2	4	7.56462	-5.53804	-1	-1	-1
2	4	7.71462	-5.53804	4633	4705.38	-1
2	4	7.86462	-5.53804	4406	4497.53	-1
2	4	8.01462	-5.53804	4614	4697.78	-1
2	4	8.16462	-5.53804	-1	-1	-1
2	4	8.31462	-5.53804	-1	-1	-1
2	4	8.46462	-5.53804	-1	-1	-1
2	4	7.41462	-5.38804	1638	1741.69	-1
2	4	7.56462	-5.38804	1866	1951.75	-1
2	4	7.71462	-5.38804	2190	2283.41	-1
2	4	7.86462	-5.38804	4221	4328.09	-1
2	4	8.01462	-5.38804	4590	4697.47	-1
2	4	8.16462	-5.38804	-1	-1	-1
2	4	8.31462	-5.38804	-1	-1	-1
2	4	8.46462	-5.38804	-1	-1	-1
2	4	7.41462	-5.23804	764	875.938	-1
2	4	7.56462	-5.23804	1811	1897.5	-1
2	4	7.71462	-5.23804	2008	2102.59	-1
2	4	7.86462	-5.23804	4421	4503.28	-1
2	4	8.01462	-5.23804	-1	-1	-1
2	4	8.16462	-5.23804	-1	-1	-1
2	4	8.31462	-5.23804	-1	-1	-1
2	4	8.46462	-5.23804	-1	-1	-1
2	4	7.41462	-5.08804	1849	1926.53	-1
2	4	7.56462	-5.08804	1996	2082.81	-1
2	4	7.71462	-5.08804	2045	2121.72	-1
2	4	7.86462	-5.08804	-1	-1	-1
2	4	8.01462	-5.08804	-1	-1	-1
2	4	8.16462	-5.08804	-1	-1	-1
2	4	8.31462	-5.08804	-1	-1	-1
2	4	8.46462	-5.08804	-1	-1	-1
2	4	7.41462	-4.93804	-1	-1	-1
2	4	7.56462	-4.93804	-1	-1	-1
2	4	7.71462	-4.93804	-1	-1	-1
2	4	7.86462	-4.93804	-1	-1	-1
2	4	8.01462	-4.93804	-1	-1	-1
2	4	8.16462	-4.93804	-1	-1	-1
2	4	8.31462	-4.93804	-1	-1	-1
2	4	8.46462	-4.93804	-1	-1	-1
2	4	7.41462	-4.78804	-1	-1	-1
2	4	7.56462	-4.78804	-1	-1	-1
2	4	7.71462	-4.78804	-1	-1	-1
2	4	7.86462	-4.78804	-1	-1	-1
2	4	8.01462	-4.78804	-1	-1	-1
2	4	8.16462	-4.78804	-1	-1	-1
2	4	8.31462	-4.78804	-1	-1	-1
2	4	8.46462	-4.78804	-1	-1	-1
2	4	7.41462	-4.63804	-1	-1	-1
2	4	7.56462	-4.63804	-1	-1	-1
2	4	7.71462	-4.63804	-1	-1	-1
2	4	7.86462	-4.63804	-1	-1	-1
2	4	8.01462	-4.63804	-1	-1	-1
2	4	8.16462	-4.63804	-1	-1	-1
2	4	8.31462	-4.63804	-1	-1	-1
2	4	8.46462	-4.63804	-1	-1	-1
3	4	-1.36172	-4.19265	-1	-1	-1
3	4	-1.21172	-4.19265	-1	-1	-1
3	4	-1.06172	-4.19265	-1	-1	-1
3	4	-0.911717	-4.19265	-1	-1	-1
3	4	-0.761717	-4.19265	-1	-1	-1
3	4	-0.611717	-4.19265	-1	-1	-1
3	4	-0.461717	-4.19265	-1	-1	-1
3	4	-0.311717	-4.19265	-1	-1	-1
3	4	-1.36172	-4.04265	-1	-1	-1
3	4	-1.21172	-4.04265	-1	-1	-1
3	4	-1.06172	-4.04265	-1	-1	-1
3	4	-0.911717	-4.04265	-1	-1	-1
3	4	-0.761717	-4.04265	-1	-1	-1
3	4	-0.611717	-4.04265	-1	-1	-1
3	4	-0.461717	-4.04265	-1	-1	-1
3	4	-0.311717	-4.04265	-1	-1	-1
3	4	-1.36172	-3.89265	-1	-1	-1
3	4	-1.21172	-3.89265	-1	-1	-1
3	4	-1.06172	-3.89265	-1	-1	-1
3	4	-0.911717	-3.89265	-1	-1	-1
3	4	-0.761717	-3.89265	-1	-1	-1
3	4	-0.611717	-3.89265	-1	-1	-1
3	4	-0.461717	-3.89265	-1	-1	-1
3	4	-0.311717	-3.89265	-1	-1	-1
3	4	-1.36172	-3.74265	-1	-1	-1
3	4	-1.21172	-3.74265	-1	-1	-1
3	4	-1.06172	-3.74265	-1	-1	-1
3	4	-0.911717	-3.74265	-1	-1	-1
3	4	-0.761717	-3.74265	-1	-1	-1
3	4	-0.611717	-3.74265	-1	-1	-1
3	4	-0.461717	-3.74265	-1	-1	-1
3	4	-0.311717	-3.74265	-1	-1	-1
3	4	-1.36172	-3.59265	-1	-1	-1
3	4	-1.21172	-3.59265	-1	-1	-1
3	4	-1.06172	-3.59265	-1	-1	-1
3	4	-0.911717	-3.59265	-1	-1	-1
3	4	-0.761717	-3.59265	-1	-1	-1
3	4	-0.611717	-3.59265	-1	-1	-1
3	4	-0.461717	-3.59265	-1	-1	-1
3	4	-0.311717	-3.59265	-1	-1	-1
3	4	-1.36172	-3.44265	-1	-1	-1
3	4	-1.21172	-3.44265	-1	-1	-1
3	4	-1.06172	-3.44265	-1	-1	-1
3	4	-0.911717	-3.44265	-1	-1	-1
3	4	-0.761717	-3.44265	-1	-1	-1
3	4	-0.611717	-3.44265	-1	-1	-1
3	4	-0.461717	-3.44265	-1	-1	-1
3	4	-0.311717	-3.44265	-1	-1	-1
3	4	-1.36172	-3.29265	-1	-1	-1
3	4	-1.21172	-3.29265	-1	-1	-1
3	4	-1.06172	-3.29265	-1	-1	-1
3	4	-0.911717	-3.29265	-1	-1	-1
3	4	-0.761717	-3.29265	-1	-1	-1
3	4	-0.611717	-3.29265	-1	-1	-1
3	4	-0.461717	-3.29265	-1	-1	-1
3	4	-0.311717	-3.29265	-1	-1	-1
3	4	-1.36172	-3.14265	-1	-1	-1
3	4	-1.21172	-3.14265	-1	-1	-1
3	4	-1.06172	-3.14265	3147	3245.62	-1
3	4	-0.911717	-3.14265	3283	3332.91	-1
3	4	-0.761717	-3.14265	-1	-1	-1
3	4	-0.611717	-3.14265	-1	-1	-1
3	4	-0.461717	-3.14265	-1	-1	-1
3	4	-0.311717	-3.14265	-1	-1	-1
4	4	-0.947103	-2.56968	-1	-1	-1
4	4	-0.797103	-2.56968	-1	-1	-1
4	4	-0.647103	-2.56968	-1	-1	-1
4	4	-0.497103	-2.56968	-1	-1	-1
4	4	-0.347103	-2.56968	5000	5125.66	-1
4	4	-0.197103	-2.56968	5145	5169.56	-1
4	4	-0.0471025	-2.56968	-1	-1	-1
4	4	0.102897	-2.56968	4279	4302.06	-1
4	4	-0.947103	-2.41968	5218	5351.47	-1
4	4	-0.797103	-2.41968	3154	3185.91	-1
4	4	-0.647103	-2.41968	2994	3021.59	-1
4	4	-0.497103	-2.41968	3149	3195.59	-1
4	4	-0.347103	-2.41968	3193	3248.22	-1
4	4	-0.197103	-2.41968	5190	5213.12	-1
4	4	-0.0471025	-2.41968	5291	5322.91	-1
4	4	0.102897	-2.41968	4136	4229.59	-1
4	4	-0.947103	-2.26968	3085	3110.75	-1
4	4	-0.797103	-2.26968	3057	3095.22	-1
4	4	-0.647103	-2.26968	2924	2975.34	-1
4	4	-0.497103	-2.26968	2875	2921.06	-1
4	4	-0.347103	-2.26968	3002	3052.78	-1
4	4	-0.197103	-2.26968	3162	3198.5	-1
4	4	-0.0471025	-2.26968	-1	-1	-1
4	4	0.102897	-2.26968	3376	3413.59	-1
4	4	-0.947103	-2.11968	2993	3016.62	-1
4	4	-0.797103	-2.11968	2857	2898.59	-1
4	4	-0.647103	-2.11968	2586	2725.75	-1
4	4	-0.497103	-2.11968	2796	2833.16	-1
4	4	-0.347103	-2.11968	3078	3116.34	-1
4	4	-0.197103	-2.11968	3257	3295.5	-1
4	4	-0.0471025	-2.11968	3458	3481.22	-1
4	4	0.102897	-2.11968	3279	3307.19	-1
4	4	-0.947103	-1.96968	4720	4740.88	-1
4	4	-0.797103	-1.96968	1186	1218.16	-1
4	4	-0.647103	-1.96968	1149	1169.31	-1
4	4	-0.497103	-1.96968	2744	2782.91	-1
4	4	-0.347103	-1.96968	3107	3154.19	-1
4	4	-0.197103	-1.96968	3174	3201.22	-1
4	4	-0.0471025	-1.96968	4240	4281.88	-1
4	4	0.102897	-1.96968	2537	2664.47	-1
4	4	-0.947103	-1.81968	1255	1275.53	-1
4	4	-0.797103	-1.81968	1097	1121.22	-1
4	4	-0.647103	-1.81968	922	947	-1
4	4	-0.497103	-1.81968	2956	2986.75	-1
4	4	-0.347103	-1.81968	3285	3314.28	-1
4	4	-0.197103	-1.81968	3380	3405.12	-1
4	4	-0.0471025	-1.81968	3845	3979.88	-1
4	4	0.102897	-1.81968	1407	1432.69	-1
4	4	-0.947103	-1.66968	301	322.438	-1
4	4	-0.797103	-1.66968	855	882.344	-1
4	4	-0.647103	-1.66968	897	926.156	-1
4	4	-0.497103	-1.66968	1009	1027	-1
4	4	-0.347103	-1.66968	1731	1877.88	-1
4	4	-0.197103	-1.66968	2683	2863.41	-1
4	4	-0.0471025	-1.66968	194	212.812	-1
4	4	0.102897	-1.66968	84	102.469	-1
4	4	-0.947103	-1.51968	119	281.625	-1
4	4	-0.797103	-1.51968	84	242.812	-1
4	4	-0.647103	-1.51968	390	527.344	-1
4	4	-0.497103	-1.51968	618	764.281	-1
4	4	-0.347103	-1.51968	78	98.6562	-1
4	4	-0.197103	-1.51968	22	56.875	-1
4	4	-0.0471025	-1.51968	78	94.6562	-1
4	4	0.102897	-1.51968	136	154.188	-1
5	4	-4.85381	3.0897	3606	3669	-1
5	4	-4.70381	3.0897	3486	3534.97	-1
5	4	-4.55381	3.0897	3597	3639.44	-1
5	4	-4.40381	3.0897	3720	3780.12	-1
5	4	-4.25381	3.0897	-1	-1	-1
5	4	-4.10381	3.0897	-1	-1	-1
5	4	-3.95381	3.0897	-1	-1	-1
5	4	-3.80381	3.0897	5110	5150	-1
5	4	-4.85381	3.2397	-1	-1	-1
5	4	-4.70381	3.2397	-1	-1	-1
5	4	-4.55381	3.2397	-1	-1	-1
5	4	-4.40381	3.2397	-1	-1	-1
5	4	-4.25381	3.2397	-1	-1	-1
5	4	-4.10381	3.2397	-1	-1	-1
5	4	-3.95381	3.2397	-1	-1	-1
5	4	-3.80381	3.2397	5015	5072.28	-1
5	4	-4.85381	3.3897	-1	-1	-1
5	4	-4.70381	3.3897	-1	-1	-1
5	4	-4.55381	3.3897	-1	-1	-1
5	4	-4.40381	3.3897	-1	-1	-1
5	4	-4.25381	3.3897	-1	-1	-1
5	4	-4.10381	3.3897	-1	-1	-1
5	4	-3.95381	3.3897	-1	-1	-1
5	4	-3.80381	3.3897	-1	-1	-1
5	4	-4.85381	3.5397	-1	-1	-1
5	4	-4.70381	3.5397	-1	-1	-1
5	4	-4.55381	3.5397	-1	-1	-1
5	4	-4.40381	3.5397	-1	-1	-1
5	4	-4.25381	3.5397	-1	-1	-1
5	4	-4.10381	3.5397	-1	-1	-1
5	4	-3.95381	3.5397	-1	-1	-1
5	4	-3.80381	3.5397	948	997.344	-1
5	4	-4.85381	3.6897	-1	-1	-1
5	4	-4.70381	3.6897	-1	-1	-1
5	4	-4.55381	3.6897	-1	-1	-1
5	4	-4.40381	3.6897	-1	-1	-1
5	4	-4.25381	3.6897	-1	-1	-1
5	4	-4.10381	3.6897	-1	-1	-1
5	4	-3.95381	3.6897	-1	-1	-1
5	4	-3.80381	3.6897	753	911.562	-1
5	4	-4.85381	3.8397	-1	-1	-1
5	4	-4.70381	3.8397	-1	-1	-1
5	4	-4.55381	3.8397	-1	-1	-1
5	4	-4.40381	3.8397	-1	-1	-1
5	4	-4.25381	3.8397	-1	-1	-1
5	4	-4.10381	3.8397	-1	-1	-1
5	4	-3.95381	3.8397	-1	-1	-1
5	4	-3.80381	3.8397	3952	4114.62	-1
5	4	-4.85381	3.9897	-1	-1	-1
5	4	-4.70381	3.9897	-1	-1	-1
5	4	-4.55381	3.9897	-1	-1	-1
5	4	-4.40381	3.9897	-1	-1	-1
5	4	-4.25381	3.9897	-1	-1	-1
5	4	-4.10381	3.9897	-1	-1	-1
5	4	-3.95381	3.9897	-1	-1	-1
5	4	-3.80381	3.9897	-1	-1	-1
5	4	-4.85381	4.1397	-1	-1	-1
5	4	-4.70381	4.1397	-1	-1	-1
5	4	-4.55381	4.1397	-1	-1	-1
5	4	-4.40381	4.1397	-1	-1	-1
5	4	-4.25381	4.1397	-1	-1	-1
5	4	-4.10381	4.1397	-1	-1	-1
5	4	-3.95381	4.1397	-1	-1	-1
5	4	-3.80381	4.1397	-1	-1	-1
6	16	5.44552	-3.57775	-1	-1	-1
6	16	5.59552	-3.57775	-1	-1	-1
6	16	5.74552	-3.57775	-1	-1	-1
6	16	5.89552	-3.57775	-1	-1	-1
6	16	5.44552	-3.42775	-1	-1	-1
6	16	5.59552	-3.42775	-1	-1	-1
6	16	5.74552	-3.42775	-1	-1	-1
6	16	5.89552	-3.42775	-1	-1	-1
6	16	5.44552	-3.27775	-1	-1	-1
6	16	5.59552	-3.27775	-1	-1	-1
6	16	5.74552	-3.27775	-1	-1	-1
6	16	5.89552	-3.27775	-1	-1	-1
6	16	5.44552	-3.12775	-1	-1	-1
6	16	5.59552	-3.12775	-1	-1	-1
6	16	5.74552	-3.12775	-1	-1	-1
6	16	5.89552	-3.12775	-1	-1	-1
7	16	0.831953	-7.03715	-1	-1	-1
7	16	0.981953	-7.03715	-1	-1	-1
7	16	1.13195	-7.03715	-1	-1	-1
7	16	1.28195	-7.03715	-1	-1	-1
7	16	0.831953	-6.88715	-1	-1	-1
7	16	0.981953	-6.88715	-1	-1	-1
7	16	1.13195	-6.88715	-1	-1	-1
7	16	1.28195	-6.88715	-1	-1	-1
7	16	0.831953	-6.73715	-1	-1	-1
7	16	0.981953	-6.73715	-1	-1	-1
7	16	1.13195	-6.73715	-1	-1	-1
7	16	1.28195	-6.73715	-1	-1	-1
7	16	0.831953	-6.58715	-1	-1	-1
7	16	0.981953	-6.58715	-1	-1	-1
7	16	1.13195	-6.58715	-1	-1	-1
7	16	1.28195	-6.58715	-1	-1	-1
8	16	5.52812	-0.782333	-1	-1	-1
8	16	5.67812	-0.782333	-1	-1	-1
8	16	5.82812	-0.782333	-1	-1	-1
8	16	5.97812	-0.782333	-1	-1	-1
8	16	5.52812	-0.632333	2937	3042.16	-1
8	16	5.67812	-0.632333	3737	3849.25	-1
8	16	5.82812	-0.632333	-1	-1	-1
8	16	5.97812	-0.632333	-1	-1	-1
8	16	5.52812	-0.482333	1108	1214.16	-1
8	16	5.67812	-0.482333	3082	3131.22	-1
8	16	5.82812	-0.482333	-1	-1	-1
8	16	5.97812	-0.482333	-1	-1	-1
8	16	5.52812	-0.332333	1253	1299.22	-1
8	16	5.67812	-0.332333	3898	3943.72	-1
8	16	5.82812	-0.332333	-1	-1	-1
8	16	5.97812	-0.332333	-1	-1	-1
9	16	-2.7121	5.23883	-1	-1	-1
9	16	-2.5621	5.23883	-1	-1	-1
9	16	-2.4121	5.23883	-1	-1	-1
9	16	-2.2621	5.23883	4507	4554.09	-1
9	16	-2.7121	5.38883	-1	-1	-1
9	16	-2.5621	5.38883	-1	-1	-1
9	16	-2.4121	5.38883	-1	-1	-1
9	16	-2.2621	5.38883	-1	-1	-1
9	16	-2.7121	5.53883	-1	-1	-1
9	16	-2.5621	5.53883	-1	-1	-1
9	16	-2.4121	5.53883	-1	-1	-1
9	16	-2.2621	5.53883	-1	-1	-1
9	16	-2.7121	5.68883	-1	-1	-1
9	16	-2.5621	5.68883	-1	-1	-1
9	16	-2.4121	5.68883	-1	-1	-1
9	16	-2.2621	5.68883	-1	-1	-1
10	16	0.454865	-5.1627	-1	-1	-1
10	16	0.604865	-5.1627	-1	-1	-1
10	16	0.754865	-5.1627	-1	-1	-1
10	16	0.904865	-5.1627	-1	-1	-1
10	16	0.454865	-5.0127	-1	-1	-1
10	16	0.604865	-5.0127	-1	-1	-1
10	16	0.754865	-5.0127	-1	-1	-1
10	16	0.904865	-5.0127	-1	-1	-1
10	16	0.454865	-4.8627	-1	-1	-1
10	16	0.604865	-4.8627	-1	-1	-1
10	16	0.754865	-4.8627	4273	4315	-1
10	16	0.904865	-4.8627	3415	3527.41	-1
10	16	0.454865	-4.7127	-1	-1	-1
10	16	0.604865	-4.7127	4109	4222.38	-1
10	16	0.754865	-4.7127	2004	2124.47	-1
10	16	0.904865	-4.7127	2158	2197.56	-1
11	16	-2.85702	-2.83989	-1	-1	-1
11	16	-2.70702	-2.83989	-1	-1	-1
11	16	-2.55702	-2.83989	-1	-1	-1
11	16	-2.40702	-2.83989	-1	-1	-1
11	16	-2.85702	-2.68989	-1	-1	-1
11	16	-2.70702	-2.68989	-1	-1	-1
11	16	-2.55702	-2.68989	-1	-1	-1
11	16	-2.40702	-2.68989	3918	4075.62	-1
11	16	-2.85702	-2.53989	-1	-1	-1
11	16	-2.70702	-2.53989	-1	-1	-1
11	16	-2.55702	-2.53989	4893	5058.47	-1
11	16	-2.40702	-2.53989	3821	3864.28	-1
11	16	-2.85702	-2.38989	4062	4239.91	-1
11	16	-2.70702	-2.38989	3871	4024.56	-1
11	16	-2.55702	-2.38989	3913	3943.59	-1
11	16	-2.40702	-2.38989	1745	1777.62	-1
12	16	-0.673611	8.51222	-1	-1	-1
12	16	-0.523611	8.51222	-1	-1	-1
12	16	-0.373611	8.51222	-1	-1	-1
12	16	-0.223611	8.51222	-1	-1	-1
12	16	-0.673611	8.66222	-1	-1	-1
12	16	-0.523611	8.66222	-1	-1	-1
12	16	-0.373611	8.66222	-1	-1	-1
12	16	-0.223611	8.66222	-1	-1	-1
12	16	-0.673611	8.81222	-1	-1	-1
12	16	-0.523611	8.81222	-1	-1	-1
12	16	-0.373611	8.81222	-1	-1	-1
12	16	-0.223611	8.81222	-1	-1	-1
12	16	-0.673611	8.96222	-1	-1	-1
12	16	-0.523611	8.96222	-1	-1	-1
12	16	-0.373611	8.96222	-1	-1	-1
12	16	-0.223611	8.96222	-1	-1	-1
13	16	-8.86702	-3.77764	-1	-1	-1
13	16	-8.71702	-3.77764	-1	-1	-1
13	16	-8.56702	-3.77764	1325	1399.97	-1
13	16	-8.41702	-3.77764	-1	-1	-1
13	16	-8.86702	-3.62764	-1	-1	-1
13	16	-8.71702	-3.62764	1168	1253.69	-1
13	16	-8.56702	-3.62764	1126	1232.97	-1
13	16	-8.41702	-3.62764	1153	1223.88	-1
13	16	-8.86702	-3.47764	1494	1584.25	-1
13	16	-8.71702	-3.47764	1323	1407.41	-1
13	16	-8.56702	-3.47764	958	1033.41	-1
13	16	-8.41702	-3.47764	903	991.125	-1
13	16	-8.86702	-3.32764	2968	3060.78	-1
13	16	-8.71702	-3.32764	1354	1428.16	-1
13	16	-8.56702	-3.32764	1076	1206.12	-1
13	16	-8.41702	-3.32764	748	830.062	-1
14	16	-5.35911	4.23384	-1	-1	-1
14	16	-5.20911	4.23384	-1	-1	-1
14	16	-5.05911	4.23384	-1	-1	-1
14	16	-4.90911	4.23384	-1	-1	-1
14	16	-5.35911	4.38384	-1	-1	-1
14	16	-5.20911	4.38384	-1	-1	-1
14	16	-5.05911	4.38384	-1	-1	-1
14	16	-4.90911	4.38384	-1	-1	-1
14	16	-5.35911	4.53384	-1	-1	-1
14	16	-5.20911	4.53384	-1	-1	-1
14	16	-5.05911	4.53384	-1	-1	-1
14	16	-4.90911	4.53384	-1	-1	-1
14	16	-5.35911	4.68384	-1	-1	-1
14	16	-5.20911	4.68384	-1	-1	-1
14	16	-5.05911	4.68384	-1	-1	-1
14	16	-4.90911	4.68384	-1	-1	-1
15	16	-2.35375	4.0857	4214	4254.03	-1
15	16	-2.20375	4.0857	1161	1198.69	-1
15	16	-2.05375	4.0857	2376	2414.53	-1
15	16	-1.90375	4.0857	74	114.656	-1
15	16	-2.35375	4.2357	-1	-1	-1
15	16	-2.20375	4.2357	-1	-1	-1
15	16	-2.05375	4.2357	2479	2528.25	-1
15	16	-1.90375	4.2357	2224	2342.16	-1
15	16	-2.35375	4.3857	-1	-1	-1
15	16	-2.20375	4.3857	4997	5111.22	-1
15	16	-2.05375	4.3857	699	736.906	-1
15	16	-1.90375	4.3857	459	499.844	-1
15	16	-2.35375	4.5357	942	984.125	-1
15	16	-2.20375	4.5357	804	855.562	-1
15	16	-2.05375	4.5357	615	660.875	-1
15	16	-1.90375	4.5357	379	419.719	-1
16	16	-0.48502	4.18867	341	452.844	-1
16	16	-0.33502	4.18867	45	78.8438	-1
16	16	-0.18502	4.18867	125	159.406	-1
16	16	-0.0350203	4.18867	197	235.406	-1
16	16	-0.48502	4.33867	1054	1087.69	-1
16	16	-0.33502	4.33867	5276	5388.34	-1
16	16	-0.18502	4.33867	4090	4210.12	-1
16	16	-0.0350203	4.33867	-1	-1	-1
16	16	-0.48502	4.48867	-1	-1	-1
16	16	-0.33502	4.48867	-1	-1	-1
16	16	-0.18502	4.48867	-1	-1	-1
16	16	-0.0350203	4.48867	-1	-1	-1
16	16	-0.48502	4.63867	-1	-1	-1
16	16	-0.33502	4.63867	-1	-1	-1
16	16	-0.18502	4.63867	-1	-1	-1
16	16	-0.0350203	4.63867	-1	-1	-1
17	16	-0.518053	-4.85427	-1	-1	-1
17	16	-0.368053	-4.85427	-1	-1	-1
17	16	-0.218053	-4.85427	-1	-1	-1
17	16	-0.0680535	-4.85427	-1	-1	-1
17	16	-0.518053	-4.70427	-1	-1	-1
17	16	-0.368053	-4.70427	-1	-1	-1
17	16	-0.218053	-4.70427	-1	-1	-1
17	16	-0.0680535	-4.70427	-1	-1	-1
17	16	-0.518053	-4.55427	-1	-1	-1
17	16	-0.368053	-4.55427	-1	-1	-1
17	16	-0.218053	-4.55427	-1	-1	-1
17	16	-0.0680535	-4.55427	-1	-1	-1
17	16	-0.518053	-4.40427	-1	-1	-1
17	16	-0.368053	-4.40427	-1	-1	-1
17	16	-0.218053	-4.40427	-1	-1	-1
17	16	-0.0680535	-4.40427	-1	-1	-1
18	16	6.77779	-5.81639	-1	-1	-1
18	16	6.92779	-5.81639	-1	-1	-1
18	16	7.07779	-5.81639	-1	-1	-1
18	16	7.22779	-5.81639	-1	-1	-1
18	16	6.77779	-5.66639	-1	-1	-1
18	16	6.92779	-5.66639	-1	-1	-1
18	16	7.07779	-5.66639	-1	-1	-1
18	16	7.22779	-5.66639	-1	-1	-1
18	16	6.77779	-5.51639	-1	-1	-1
18	16	6.92779	-5.51639	-1	-1	-1
18	16	7.07779	-5.51639	-1	-1	-1
18	16	7.22779	-5.51639	-1	-1	-1
18	16	6.77779	-5.36639	-1	-1	-1
18	16	6.92779	-5.36639	-1	-1	-1
18	16	7.07779	-5.36639	-1	-1	-1
18	16	7.22779	-5.36639	1333	1443.66	-1
19	16	-3.48541	-0.324024	5187	5312.78	-1
19	16	-3.33541	-0.324024	2767	2830.56	-1
19	16	-3.18541	-0.324024	2707	2738.47	-1
19	16	-3.03541	-0.324024	4810	4931.97	-1
19	16	-3.48541	-0.174024	-1	-1	-1
19	16	-3.33541	-0.174024	2930	2956.97	-1
19	16	-3.18541	-0.174024	2827	2862.59	-1
19	16	-3.03541	-0.174024	2405	2533.09	-1
19	16	-3.48541	-0.0240237	-1	-1	-1
19	16	-3.33541	-0.0240237	4482	4510.25	-1
19	16	-3.18541	-0.0240237	4463	4579.91	-1
19	16	-3.03541	-0.0240237	3869	3894.97	-1
19	16	-3.48541	0.125976	-1	-1	-1
19	16	-3.33541	0.125976	-1	-1	-1
19	16	-3.18541	0.125976	-1	-1	-1
19	16	-3.03541	0.125976	4488	4620.16	-1
20	16	6.27598	-2.32437	-1	-1	-1
20	16	6.42598	-2.32437	-1	-1	-1
20	16	6.57598	-2.32437	-1	-1	-1
20	16	6.72598	-2.32437	-1	-1	-1
20	16	6.27598	-2.17437	-1	-1	-1
20	16	6.42598	-2.17437	-1	-1	-1
20	16	6.57598	-2.17437	-1	-1	-1
20	16	6.72598	-2.17437	-1	-1	-1
20	16	6.27598	-2.02437	-1	-1	-1
20	16	6.42598	-2.02437	-1	-1	-1
20	16	6.57598	-2.02437	-1	-1	-1
20	16	6.72598	-2.02437	-1	-1	-1
20	16	6.27598	-1.87437	-1	-1	-1
20	16	6.42598	-1.87437	-1	-1	-1
20	16	6.57598	-1.87437	-1	-1	-1
20	16	6.72598	-1.87437	-1	-1	-1
21	16	-1.74184	4.52209	148	263.969	-1
21	16	-1.59184	4.52209	324	362.219	-1
21	16	-1.44184	4.52209	-1	-1	-1
21	16	-1.29184	4.52209	-1	-1	-1
21	16	-1.74184	4.67209	-1	-1	-1
21	16	-1.59184	4.67209	-1	-1	-1
21	16	-1.44184	4.67209	-1	-1	-1
21	16	-1.29184	4.67209	-1	-1	-1
21	16	-1.74184	4.82209	4620	4662	-1
21	16	-1.59184	4.82209	-1	-1	-1
21	16	-1.44184	4.82209	-1	-1	-1
21	16	-1.29184	4.82209	4967	5085.84	-1
21	16	-1.74184	4.97209	-1	-1	-1
21	16	-1.59184	4.97209	-1	-1	-1
21	16	-1.44184	4.97209	-1	-1	-1
21	16	-1.29184	4.97209	5129	5169.44	-1
0	256	4.02273	-6.12382	-1	-1	-1
0	256	2.8961	8.61955	-1	-1	-1
0	256	6.00556	-7.28572	2833	2905.19	-1
0	256	2.56005	6.63564	4074	4189.88	-1
0	256	3.79904	0.460652	2560	2605.06	-1
0	256	-0.742205	5.1329	4075	4191.16	-1
0	256	-2.71722	-9.32496	-1	-1	-1
0	256	-2.45238	4.57364	-1	-1	-1
0	256	-2.84433	-1.30474	575	722.031	-1
0	256	5.69114	4.11748	-1	-1	-1
0	256	-4.41962	-1.5574	481	518.312	-1
0	256	8.71473	0.690761	-1	-1	-1
0	256	6.90363	-1.1004	-1	-1	-1
0	256	-2.29821	9.46656	296	364.781	-1
0	256	-5.48918	-7.17214	-1	-1	-1
0	256	0.993292	-6.00228	-1	-1	-1
0	256	-3.64582	-4.30096	-1	-1	-1
0	256	-6.28926	1.39994	-1	-1	-1
0	256	-2.66468	-5.44629	-1	-1	-1
0	256	0.101547	-8.80381	-1	-1	-1
0	256	3.76851	-0.917396	176	299.094	-1
0	256	-2.47308	-3.35626	1371	1408.38	-1
0	256	3.0012	-7.56015	-1	-1	-1
0	256	-2.39603	-6.96433	-1	-1	-1
0	256	-6.37164	-7.07002	-1	-1	-1
0	256	4.51279	5.70406	-1	-1	-1
0	256	-1.35605	-6.64503	-1	-1	-1
0	256	-5.96219	-6.53596	-1	-1	-1
0	256	6.13658	2.00255	-1	-1	-1
0	256	-0.911079	8.08927	-1	-1	-1
0	256	8.81566	-3.84243	-1	-1	-1
0	256	1.63409	-8.6454	-1	-1	-1
0	256	6.58291	-5.674	2766	2893.91	-1
0	256	-4.64564	-5.73385	-1	-1	-1
0	256	2.19938	8.95217	-1	-1	-1
0	256	-3.84808	6.62217	-1	-1	-1
0	256	-7.39875	3.99393	-1	-1	-1
0	256	-3.08627	-6.15177	-1	-1	-1
0	256	-5.98075	-7.24936	1277	1348.12	-1
0	256	-6.35385	-0.234291	-1	-1	-1
0	256	-5.12587	1.1382	198	312.156	-1
0	256	-4.71594	-1.32539	67	115.188	-1
0	256	-6.46254	-0.657247	-1	-1	-1
0	256	6.74423	-0.276073	-1	-1	-1
0	256	1.12513	-6.07079	-1	-1	-1
0	256	-0.746551	5.52465	-1	-1	-1
0	256	6.95341	-3.95226	-1	-1	-1
0	256	6.57857	-1.19067	-1	-1	-1
0	256	2.6716	-9.58401	623	701.781	-1
0	256	-8.29301	-2.30434	-1	-1	-1
0	256	-4.52987	1.90811	52	100.719	-1
0	256	-6.38864	7.5721	-1	-1	-1
0	256	0.00750884	6.8675	-1	-1	-1
0	256	3.28705	8.93842	-1	-1	-1
0	256	3.26088	-5.45335	5200	5333.81	-1
0	256	-8.14296	5.49428	-1	-1	-1
0	256	8.75827	-3.0518	-1	-1	-1
0	256	-8.19485	-5.36899	-1	-1	-1
0	256	2.56575	1.65179	131	157.719	-1
0	256	2.93711	5.91279	3784	3844.06	-1
0	256	7.48117	3.00393	-1	-1	-1
0	256	3.80653	-4.28756	2113	2251.78	-1
0	256	2.44304	-6.39341	-1	-1	-1
0	256	-7.83657	-5.45993	-1	-1	-1
0	256	0.474129	-5.35472	-1	-1	-1
0	256	8.32287	1.81837	-1	-1	-1
0	256	-0.0560201	-6.7483	-1	-1	-1
0	256	-4.77326	8.39016	-1	-1	-1
0	256	4.73942	-0.733259	2727	2838.19	-1
0	256	-1.60125	-4.75622	-1	-1	-1
0	256	4.1058	7.7483	-1	-1	-1
0	256	5.38885	-8.38702	-1	-1	-1
0	256	7.01521	1.20761	-1	-1	-1
0	256	1.09084	-5.87801	-1	-1	-1
0	256	-1.6147	6.37084	-1	-1	-1
0	256	-3.78576	-5.99849	1580	1708.78	-1
0	256	3.11347	8.04413	2782	2843.47	-1
0	256	-7.87514	2.40861	-1	-1	-1
0	256	-8.68484	-3.94423	-1	-1	-1
0	256	6.06339	-1.24721	1047	1150.78	-1
0	256	7.62075	3.92819	-1	-1	-1
0	256	6.36557	-1.73199	-1	-1	-1
0	256	0.979828	9.26227	-1	-1	-1
0	256	0.961566	-5.67291	-1	-1	-1
0	256	-0.759785	-9.69515	1467	1545.34	-1
0	256	-6.86647	-4.66181	-1	-1	-1
0	256	7.87323	-0.82466	-1	-1	-1
0	256	-3.59293	4.12414	285	433.5	-1
0	256	-7.82375	-5.22266	-1	-1	-1
0	256	8.02955	-0.235856	-1	-1	-1
0	256	-7.92457	2.04265	-1	-1	-1
0	256	3.54777	-0.0119542	-1	-1	-1
0	256	5.42754	8.23573	-1	-1	-1
0	256	7.75433	4.2785	-1	-1	-1
0	256	8.9136	-2.68418	-1	-1	-1
0	256	8.38516	4.74696	4956	5063.16	-1
0	256	-3.37772	-8.359	-1	-1	-1
0	256	6.41417	4.47679	-1	-1	-1
0	256	0.547619	8.42664	3029	3124.97	-1
0	256	-9.09747	1.47884	-1	-1	-1
0	256	5.02779	-2.79531	-1	-1	-1
0	256	-8.47986	1.67663	-1	-1	-1
0	256	-3.96546	4.25487	-1	-1	-1
0	256	-8.82116	3.71409	-1	-1	-1
0	256	1.19949	-5.13147	-1	-1	-1
0	256	-3.29256	-5.47328	1633	1715.69	-1
0	256	6.08974	0.832544	-1	-1	-1
0	256	-2.68804	-5.73139	-1	-1	-1
0	256	-0.551976	7.9208	-1	-1	-1
0	256	6.59323	5.5768	-1	-1	-1
0	256	-3.6207	-4.93413	-1	-1	-1
0	256	5.51821	4.62043	-1	-1	-1
0	256	2.73152	8.63367	3967	4059.09	-1
0	256	-4.73244	6.34602	4375	4441.94	-1
0	256	8.05755	-7.74477	3503	3618.91	-1
0	256	5.85768	6.66759	-1	-1	-1
0	256	-2.24511	-3.9761	-1	-1	-1
0	256	-6.9156	2.64942	-1	-1	-1
0	256	-0.36165	-5.45621	-1	-1	-1
0	256	7.67443	-9.07049	-1	-1	-1
0	256	5.15267	-8.48899	-1	-1	-1
0	256	-5.90457	1.50731	-1	-1	-1
0	256	-4.84454	-2.72014	3136	3180.38	-1
0	256	5.99061	-4.58414	-1	-1	-1
0	256	-7.26769	-6.61655	-1	-1	-1
0	256	7.8342	9.08983	5359	-1	-1
0	256	2.34793	-7.93032	-1	-1	-1
0	256	-4.99648	3.4775	-1	-1	-1
0	256	-4.98762	1.27377	-1	-1	-1
0	256	-8.23175	-4.76898	-1	-1	-1
0	256	1.09453	-9.53239	-1	-1	-1
0	256	1.96858	8.39383	-1	-1	-1
0	256	7.0872	3.37835	-1	-1	-1
0	256	-5.35772	2.54421	-1	-1	-1
0	256	-6.24924	5.64467	-1	-1	-1
0	256	-3.47458	-8.70728	-1	-1	-1
0	256	7.98829	-0.115441	-1	-1	-1
0	256	8.15544	-2.62183	-1	-1	-1
0	256	1.45484	9.11406	-1	-1	-1
0	256	5.28399	-4.8403	4981	5119.81	-1
0	256	5.22665	-2.30588	-1	-1	-1
0	256	2.23913	6.50797	4934	4988.56	-1
0	256	3.63882	0.335763	2632	2670.53	-1
0	256	5.41682	7.33211	-1	-1	-1
0	256	7.70938	-1.4565	-1	-1	-1
0	256	-5.17472	-1.85449	916	958.094	-1
0	256	-6.83058	3.84792	-1	-1	-1
0	256	-8.19615	5.04445	-1	-1	-1
0	256	3.30388	6.53447	-1	-1	-1
0	256	1.82577	9.65129	-1	-1	-1
0	256	-6.11168	-7.88675	-1	-1	-1
0	256	-3.30188	2.31084	559	718.344	-1
0	256	0.819209	-7.51927	-1	-1	-1
0	256	6.87069	1.08636	-1	-1	-1
0	256	-1.72421	8.51199	-1	-1	-1
0	256	-1.33399	-2.89728	893	1037.59	-1
0	256	0.829543	-8.34373	-1	-1	-1
0	256	2.55924	-7.94523	-1	-1	-1
0	256	5.0419	-3.12881	4762	4889.41	-1
0	256	-3.1941	-9.37072	-1	-1	-1
0	256	3.9954	8.82789	-1	-1	-1
0	256	-7.34695	3.66787	-1	-1	-1
0	256	-6.31168	0.545552	-1	-1	-1
0	256	-6.62992	-6.57792	-1	-1	-1
0	256	-4.8621	6.53469	-1	-1	-1
0	256	-4.39312	-8.26918	-1	-1	-1
0	256	-5.38812	-0.566879	-1	-1	-1
0	256	-7.01577	-1.60708	3422	3515.47	-1
0	256	1.17842	-8.36673	-1	-1	-1
0	256	5.01869	-8.4128	-1	-1	-1
0	256	9.31049	6.84535	-1	-1	-1
0	256	4.3078	5.81109	-1	-1	-1
0	256	-3.98272	-9.09464	-1	-1	-1
0	256	-2.32753	8.85215	-1	-1	-1
0	256	0.830269	4.92465	3236	3276.16	-1
0	256	1.54777	7.51707	3318	3382.31	-1
0	256	-5.13051	8.1503	-1	-1	-1
0	256	6.15347	1.37907	-1	-1	-1
0	256	-6.60168	2.24712	619	712.094	-1
0	256	6.06653	1.52107	-1	-1	-1
0	256	-7.07489	0.99931	-1	-1	-1
0	256	9.56634	1.84751	-1	-1	-1
0	256	-3.59863	6.45661	4191	4257.34	-1
0	256	-0.791731	-7.7076	-1	-1	-1
0	256	-5.79446	1.63921	4427	4480.31	-1
0	256	-8.59852	1.30761	-1	-1	-1
0	256	-3.64042	8.81411	-1	-1	-1
0	256	-7.85164	6.11243	-1	-1	-1
0	256	-2.00367	2.59967	-1	-1	-1
0	256	7.62795	1.27037	-1	-1	-1
0	256	1.19898	-3.16358	408	542.875	-1
0	256	-3.80273	4.92156	4039	4169.91	-1
0	256	-1.80362	9.01109	-1	-1	-1
0	256	5.59599	-6.43823	-1	-1	-1
0	256	-9.19296	0.389117	-1	-1	-1
0	256	-3.89708	-6.1646	-1	-1	-1
0	256	3.54391	-3.57977	1231	1389.88	-1
0	256	5.66496	-0.157407	-1	-1	-1
0	256	4.03184	-5.22811	438	573.438	-1
0	256	-1.45477	5.25968	-1	-1	-1
0	256	3.13932	6.33983	-1	-1	-1
0	256	-9.29878	1.12407	-1	-1	-1
0	256	8.47161	-6.26149	-1	-1	-1
0	256	5.04494	0.326345	3927	4037.03	-1
0	256	3.62735	-1.17972	-1	-1	-1
0	256	7.27103	-3.3863	-1	-1	-1
0	256	-8.85561	-0.0231864	-1	-1	-1
0	256	8.96361	-4.3089	-1	-1	-1
0	256	2.75423	-1.66009	580	718.094	-1
0	256	7.38211	-2.42633	-1	-1	-1
0	256	-2.00867	7.24932	-1	-1	-1
0	256	-3.67594	-0.109067	-1	-1	-1
0	256	6.47051	-6.67712	-1	-1	-1
0	256	7.08158	-2.87205	-1	-1	-1
0	256	-4.48522	6.60544	-1	-1	-1
0	256	-5.90979	-2.60191	1634	1698.06	-1
0	256	-3.44688	6.01018	-1	-1	-1
0	256	6.25441	2.70497	-1	-1	-1
0	256	7.03428	-1.97361	-1	-1	-1
0	256	-1.94477	3.38713	-1	-1	-1
0	256	-5.64178	6.78876	3230	3350.53	-1
0	256	7.09847	0.914871	-1	-1	-1
0	256	-6.44952	7.05116	-1	-1	-1
0	256	-4.83367	-1.09968	756	865.094	-1
0	256	-5.03488	6.88528	-1	-1	-1
0	256	-0.166279	7.13334	4381	4441.88	-1
0	256	-2.80317	5.02863	-1	-1	-1
0	256	-6.07483	-1.80446	-1	-1	-1
0	256	7.08424	1.45394	-1	-1	-1
0	256	9.10719	1.27181	-1	-1	-1
0	256	3.02493	-5.60298	-1	-1	-1
0	256	7.35867	1.10211	-1	-1	-1
0	256	-7.69865	-2.57333	-1	-1	-1
0	256	-5.06891	5.55472	-1	-1	-1
0	256	2.08433	2.8575	-1	-1	-1
0	256	-8.71517	1.86416	-1	-1	-1
0	256	-2.10394	-3.68458	4562	4704.22	-1
0	256	-1.38632	9.23852	-1	-1	-1
0	256	4.34316	4.54488	2378	2522.94	-1
0	256	-5.98785	1.86513	364	503.188	-1
0	256	-7.38629	0.53599	-1	-1	-1
0	256	7.49496	3.75166	-1	-1	-1
0	256	-6.19848	-5.14451	-1	-1	-1
0	256	-5.97722	-7.56204	-1	-1	-1
0	256	7.34408	-4.54919	-1	-1	-1
0	256	-5.55613	-1.27227	3237	3280.97	-1
0	256	-7.19473	2.09744	-1	-1	-1
0	256	2.81429	-8.75214	-1	-1	-1
0	256	1.08343	-7.41933	-1	-1	-1
0	256	0.404768	6.5094	1452	1559.97	-1
0	256	8.72855	-7.87907	4166	4248.25	-1
0	256	1.16381	-4.58859	4014	4053.84	-1
0	256	-2.4211	2.03992	4432	4462.78	-1
0	256	-6.06326	3.33398	-1	-1	-1
0	256	-0.0167424	-7.41028	-1	-1	-1
0	256	4.98097	-8.26934	-1	-1	-1
