Pile ID	Distribution Type	X-Position	Y-Position	Pickup Time	Drop Off Time	Ant ID
1	1	-5.33793	-4.91457	-1	-1	-1
1	1	-5.18793	-4.91457	-1	-1	-1
1	1	-5.03793	-4.91457	-1	-1	-1
1	1	-4.88793	-4.91457	-1	-1	-1
1	1	-4.73793	-4.91457	-1	-1	-1
1	1	-4.58793	-4.91457	-1	-1	-1
1	1	-4.43793	-4.91457	-1	-1	-1
1	1	-4.28793	-4.91457	-1	-1	-1
1	1	-4.13793	-4.91457	-1	-1	-1
1	1	-3.98793	-4.91457	-1	-1	-1
1	1	-3.83793	-4.91457	-1	-1	-1
1	1	-3.68793	-4.91457	-1	-1	-1
1	1	-3.53793	-4.91457	-1	-1	-1
1	1	-3.38793	-4.91457	-1	-1	-1
1	1	-3.23793	-4.91457	-1	-1	-1
1	1	-3.08793	-4.91457	2638	2684.84	-1
1	1	-5.33793	-4.76457	-1	-1	-1
1	1	-5.18793	-4.76457	-1	-1	-1
1	1	-5.03793	-4.76457	-1	-1	-1
1	1	-4.88793	-4.76457	-1	-1	-1
1	1	-4.73793	-4.76457	-1	-1	-1
1	1	-4.58793	-4.76457	-1	-1	-1
1	1	-4.43793	-4.76457	-1	-1	-1
1	1	-4.28793	-4.76457	-1	-1	-1
1	1	-4.13793	-4.76457	-1	-1	-1
1	1	-3.98793	-4.76457	-1	-1	-1
1	1	-3.83793	-4.76457	-1	-1	-1
1	1	-3.68793	-4.76457	-1	-1	-1
1	1	-3.53793	-4.76457	-1	-1	-1
1	1	-3.38793	-4.76457	-1	-1	-1
1	1	-3.23793	-4.76457	-1	-1	-1
1	1	-3.08793	-4.76457	-1	-1	-1
1	1	-5.33793	-4.61457	-1	-1	-1
1	1	-5.18793	-4.61457	-1	-1	-1
1	1	-5.03793	-4.61457	-1	-1	-1
1	1	-4.88793	-4.61457	-1	-1	-1
1	1	-4.73793	-4.61457	-1	-1	-1
1	1	-4.58793	-4.61457	-1	-1	-1
1	1	-4.43793	-4.61457	-1	-1	-1
1	1	-4.28793	-4.61457	-1	-1	-1
1	1	-4.13793	-4.61457	-1	-1	-1
1	1	-3.98793	-4.61457	-1	-1	-1
1	1	-3.83793	-4.61457	-1	-1	-1
1	1	-3.68793	-4.61457	-1	-1	-1
1	1	-3.53793	-4.61457	-1	-1	-1
1	1	-3.38793	-4.61457	-1	-1	-1
1	1	-3.23793	-4.61457	-1	-1	-1
1	1	-3.08793	-4.61457	-1	-1	-1
1	1	-5.33793	-4.46457	-1	-1	-1
1	1	-5.18793	-4.46457	-1	-1	-1
1	1	-5.03793	-4.46457	-1	-1	-1
1	1	-4.88793	-4.46457	-1	-1	-1
1	1	-4.73793	-4.46457	-1	-1	-1
1	1	-4.58793	-4.46457	-1	-1	-1
1	1	-4.43793	-4.46457	-1	-1	-1
1	1	-4.28793	-4.46457	-1	-1	-1
1	1	-4.13793	-4.46457	-1	-1	-1
1	1	-3.98793	-4.46457	-1	-1	-1
1	1	-3.83793	-4.46457	4328	4393.91	-1
1	1	-3.68793	-4.46457	4643	4689.72	-1
1	1	-3.53793	-4.46457	-1	-1	-1
1	1	-3.38793	-4.46457	-1	-1	-1
1	1	-3.23793	-4.46457	-1	-1	-1
1	1	-3.08793	-4.46457	4634	4685.53	-1
1	1	-5.33793	-4.31457	-1	-1	-1
1	1	-5.18793	-4.31457	-1	-1	-1
1	1	-5.03793	-4.31457	-1	-1	-1
1	1	-4.88793	-4.31457	-1	-1	-1
1	1	-4.73793	-4.31457	-1	-1	-1
1	1	-4.58793	-4.31457	-1	-1	-1
1	1	-4.43793	-4.31457	-1	-1	-1
1	1	-4.28793	-4.31457	-1	-1	-1
1	1	-4.13793	-4.31457	-1	-1	-1
1	1	-3.98793	-4.31457	4525	4598.91	-1
1	1	-3.83793	-4.31457	4300	4356.09	-1
1	1	-3.68793	-4.31457	4186	4241.97	-1
1	1	-3.53793	-4.31457	4552	4613.28	-1
1	1	-3.38793	-4.31457	-1	-1	-1
1	1	-3.23793	-4.31457	-1	-1	-1
1	1	-3.08793	-4.31457	4517	4573.91	-1
1	1	-5.33793	-4.16457	-1	-1	-1
1	1	-5.18793	-4.16457	-1	-1	-1
1	1	-5.03793	-4.16457	-1	-1	-1
1	1	-4.88793	-4.16457	-1	-1	-1
1	1	-4.73793	-4.16457	-1	-1	-1
1	1	-4.58793	-4.16457	-1	-1	-1
1	1	-4.43793	-4.16457	-1	-1	-1
1	1	-4.28793	-4.16457	-1	-1	-1
1	1	-4.13793	-4.16457	-1	-1	-1
1	1	-3.98793	-4.16457	4326	4373.91	-1
1	1	-3.83793	-4.16457	3972	4126.84	-1
1	1	-3.68793	-4.16457	3484	3575.19	-1
1	1	-3.53793	-4.16457	3299	3359.09	-1
1	1	-3.38793	-4.16457	5207	5355.34	-1
1	1	-3.23793	-4.16457	3367	3409.59	-1
1	1	-3.08793	-4.16457	-1	-1	-1
1	1	-5.33793	-4.01457	-1	-1	-1
1	1	-5.18793	-4.01457	-1	-1	-1
1	1	-5.03793	-4.01457	-1	-1	-1
1	1	-4.88793	-4.01457	-1	-1	-1
1	1	-4.73793	-4.01457	-1	-1	-1
1	1	-4.58793	-4.01457	-1	-1	-1
1	1	-4.43793	-4.01457	1192	1261.44	-1
1	1	-4.28793	-4.01457	1020	1080.34	-1
1	1	-4.13793	-4.01457	-1	-1	-1
1	1	-3.98793	-4.01457	4416	4467.84	-1
1	1	-3.83793	-4.01457	4168	4221.31	-1
1	1	-3.68793	-4.01457	3253	3391.53	-1
1	1	-3.53793	-4.01457	3191	3236.47	-1
1	1	-3.38793	-4.01457	3022	3112.38	-1
1	1	-3.23793	-4.01457	2985	3034.41	-1
1	1	-3.08793	-4.01457	3454	3494.88	-1
1	1	-5.33793	-3.86457	-1	-1	-1
1	1	-5.18793	-3.86457	-1	-1	-1
1	1	-5.03793	-3.86457	-1	-1	-1
1	1	-4.88793	-3.86457	-1	-1	-1
1	1	-4.73793	-3.86457	-1	-1	-1
1	1	-4.58793	-3.86457	911	985.375	-1
1	1	-4.43793	-3.86457	965	1019.62	-1
1	1	-4.28793	-3.86457	925	978.844	-1
1	1	-4.13793	-3.86457	-1	-1	-1
1	1	-3.98793	-3.86457	-1	-1	-1
1	1	-3.83793	-3.86457	-1	-1	-1
1	1	-3.68793	-3.86457	3297	3343.75	-1
1	1	-3.53793	-3.86457	2903	2953.97	-1
1	1	-3.38793	-3.86457	2631	2801.84	-1
1	1	-3.23793	-3.86457	1845	1885.56	-1
1	1	-3.08793	-3.86457	2875	2921.75	-1
1	1	-5.33793	-3.71457	-1	-1	-1
1	1	-5.18793	-3.71457	-1	-1	-1
1	1	-5.03793	-3.71457	-1	-1	-1
1	1	-4.88793	-3.71457	-1	-1	-1
1	1	-4.73793	-3.71457	-1	-1	-1
1	1	-4.58793	-3.71457	780	857.125	-1
1	1	-4.43793	-3.71457	534	684.531	-1
1	1	-4.28793	-3.71457	725	804.438	-1
1	1	-4.13793	-3.71457	883	954.125	-1
1	1	-3.98793	-3.71457	-1	-1	-1
1	1	-3.83793	-3.71457	3497	3546.56	-1
1	1	-3.68793	-3.71457	3383	3440.72	-1
1	1	-3.53793	-3.71457	2875	2942.03	-1
1	1	-3.38793	-3.71457	1857	1916.56	-1
1	1	-3.23793	-3.71457	1754	1797.75	-1
1	1	-3.08793	-3.71457	635	676.625	-1
1	1	-5.33793	-3.56457	-1	-1	-1
1	1	-5.18793	-3.56457	-1	-1	-1
1	1	-5.03793	-3.56457	-1	-1	-1
1	1	-4.88793	-3.56457	-1	-1	-1
1	1	-4.73793	-3.56457	839	908.938	-1
1	1	-4.58793	-3.56457	801	853.75	-1
1	1	-4.43793	-3.56457	741	819.344	-1
1	1	-4.28793	-3.56457	788	849.969	-1
1	1	-4.13793	-3.56457	1072	1121.53	-1
1	1	-3.98793	-3.56457	-1	-1	-1
1	1	-3.83793	-3.56457	-1	-1	-1
1	1	-3.68793	-3.56457	3603	3645.62	-1
1	1	-3.53793	-3.56457	1952	1993.72	-1
1	1	-3.38793	-3.56457	1747	1802.34	-1
1	1	-3.23793	-3.56457	1532	1696.78	-1
1	1	-3.08793	-3.56457	515	553.531	-1
1	1	-5.33793	-3.41457	-1	-1	-1
1	1	-5.18793	-3.41457	-1	-1	-1
1	1	-5.03793	-3.41457	-1	-1	-1
1	1	-4.88793	-3.41457	-1	-1	-1
1	1	-4.73793	-3.41457	1006	1065.91	-1
1	1	-4.58793	-3.41457	1026	1071.91	-1
1	1	-4.43793	-3.41457	980	1029.53	-1
1	1	-4.28793	-3.41457	-1	-1	-1
1	1	-4.13793	-3.41457	-1	-1	-1
1	1	-3.98793	-3.41457	-1	-1	-1
1	1	-3.83793	-3.41457	-1	-1	-1
1	1	-3.68793	-3.41457	-1	-1	-1
1	1	-3.53793	-3.41457	2995	3056.47	-1
1	1	-3.38793	-3.41457	3163	3200.91	-1
1	1	-3.23793	-3.41457	1774	1811.72	-1
1	1	-3.08793	-3.41457	313	471.656	-1
1	1	-5.33793	-3.26457	-1	-1	-1
1	1	-5.18793	-3.26457	-1	-1	-1
1	1	-5.03793	-3.26457	-1	-1	-1
1	1	-4.88793	-3.26457	-1	-1	-1
1	1	-4.73793	-3.26457	-1	-1	-1
1	1	-4.58793	-3.26457	1120	1199.25	-1
1	1	-4.43793	-3.26457	-1	-1	-1
1	1	-4.28793	-3.26457	-1	-1	-1
1	1	-4.13793	-3.26457	-1	-1	-1
1	1	-3.98793	-3.26457	-1	-1	-1
1	1	-3.83793	-3.26457	-1	-1	-1
1	1	-3.68793	-3.26457	-1	-1	-1
1	1	-3.53793	-3.26457	-1	-1	-1
1	1	-3.38793	-3.26457	-1	-1	-1
1	1	-3.23793	-3.26457	2320	2497.97	-1
1	1	-3.08793	-3.26457	817	855.438	-1
1	1	-5.33793	-3.11457	-1	-1	-1
1	1	-5.18793	-3.11457	-1	-1	-1
1	1	-5.03793	-3.11457	-1	-1	-1
1	1	-4.88793	-3.11457	-1	-1	-1
1	1	-4.73793	-3.11457	-1	-1	-1
1	1	-4.58793	-3.11457	-1	-1	-1
1	1	-4.43793	-3.11457	-1	-1	-1
1	1	-4.28793	-3.11457	-1	-1	-1
1	1	-4.13793	-3.11457	-1	-1	-1
1	1	-3.98793	-3.11457	-1	-1	-1
1	1	-3.83793	-3.11457	-1	-1	-1
1	1	-3.68793	-3.11457	-1	-1	-1
1	1	-3.53793	-3.11457	-1	-1	-1
1	1	-3.38793	-3.11457	-1	-1	-1
1	1	-3.23793	-3.11457	2536	2578.12	-1
1	1	-3.08793	-3.11457	2132	2288.59	-1
1	1	-5.33793	-2.96457	-1	-1	-1
1	1	-5.18793	-2.96457	-1	-1	-1
1	1	-5.03793	-2.96457	-1	-1	-1
1	1	-4.88793	-2.96457	-1	-1	-1
1	1	-4.73793	-2.96457	-1	-1	-1
1	1	-4.58793	-2.96457	-1	-1	-1
1	1	-4.43793	-2.96457	-1	-1	-1
1	1	-4.28793	-2.96457	-1	-1	-1
1	1	-4.13793	-2.96457	-1	-1	-1
1	1	-3.98793	-2.96457	-1	-1	-1
1	1	-3.83793	-2.96457	-1	-1	-1
1	1	-3.68793	-2.96457	-1	-1	-1
1	1	-3.53793	-2.96457	-1	-1	-1
1	1	-3.38793	-2.96457	-1	-1	-1
1	1	-3.23793	-2.96457	-1	-1	-1
1	1	-3.08793	-2.96457	2324	2359.09	-1
1	1	-5.33793	-2.81457	-1	-1	-1
1	1	-5.18793	-2.81457	-1	-1	-1
1	1	-5.03793	-2.81457	-1	-1	-1
1	1	-4.88793	-2.81457	-1	-1	-1
1	1	-4.73793	-2.81457	-1	-1	-1
1	1	-4.58793	-2.81457	-1	-1	-1
1	1	-4.43793	-2.81457	-1	-1	-1
1	1	-4.28793	-2.81457	-1	-1	-1
1	1	-4.13793	-2.81457	-1	-1	-1
1	1	-3.98793	-2.81457	-1	-1	-1
1	1	-3.83793	-2.81457	-1	-1	-1
1	1	-3.68793	-2.81457	-1	-1	-1
1	1	-3.53793	-2.81457	-1	-1	-1
1	1	-3.38793	-2.81457	-1	-1	-1
1	1	-3.23793	-2.81457	5098	5240.84	-1
1	1	-3.08793	-2.81457	2426	2462.19	-1
1	1	-5.33793	-2.66457	-1	-1	-1
1	1	-5.18793	-2.66457	-1	-1	-1
1	1	-5.03793	-2.66457	-1	-1	-1
1	1	-4.88793	-2.66457	-1	-1	-1
1	1	-4.73793	-2.66457	-1	-1	-1
1	1	-4.58793	-2.66457	-1	-1	-1
1	1	-4.43793	-2.66457	2655	2704.75	-1
1	1	-4.28793	-2.66457	-1	-1	-1
1	1	-4.13793	-2.66457	-1	-1	-1
1	1	-3.98793	-2.66457	-1	-1	-1
1	1	-3.83793	-2.66457	-1	-1	-1
1	1	-3.68793	-2.66457	3236	3377.72	-1
1	1	-3.53793	-2.66457	-1	-1	-1
1	1	-3.38793	-2.66457	5279	5313.81	-1
1	1	-3.23793	-2.66457	4953	4987.03	-1
1	1	-3.08793	-2.66457	3013	3163.34	-1
2	4	-7.51244	6.188	5135	5207.28	-1
2	4	-7.36244	6.188	-1	-1	-1
2	4	-7.21244	6.188	-1	-1	-1
2	4	-7.06244	6.188	-1	-1	-1
2	4	-6.91244	6.188	-1	-1	-1
2	4	-6.76244	6.188	-1	-1	-1
2	4	-6.61244	6.188	4983	5066.94	-1
2	4	-6.46244	6.188	1199	1337.91	-1
2	4	-7.51244	6.338	-1	-1	-1
2	4	-7.36244	6.338	-1	-1	-1
2	4	-7.21244	6.338	-1	-1	-1
2	4	-7.06244	6.338	-1	-1	-1
2	4	-6.91244	6.338	-1	-1	-1
2	4	-6.76244	6.338	-1	-1	-1
2	4	-6.61244	6.338	-1	-1	-1
2	4	-6.46244	6.338	3716	3786.41	-1
2	4	-7.51244	6.488	-1	-1	-1
2	4	-7.36244	6.488	-1	-1	-1
2	4	-7.21244	6.488	-1	-1	-1
2	4	-7.06244	6.488	-1	-1	-1
2	4	-6.91244	6.488	-1	-1	-1
2	4	-6.76244	6.488	-1	-1	-1
2	4	-6.61244	6.488	-1	-1	-1
2	4	-6.46244	6.488	-1	-1	-1
2	4	-7.51244	6.638	-1	-1	-1
2	4	-7.36244	6.638	-1	-1	-1
2	4	-7.21244	6.638	-1	-1	-1
2	4	-7.06244	6.638	-1	-1	-1
2	4	-6.91244	6.638	-1	-1	-1
2	4	-6.76244	6.638	-1	-1	-1
2	4	-6.61244	6.638	-1	-1	-1
2	4	-6.46244	6.638	-1	-1	-1
2	4	-7.51244	6.788	-1	-1	-1
2	4	-7.36244	6.788	-1	-1	-1
2	4	-7.21244	6.788	-1	-1	-1
2	4	-7.06244	6.788	-1	-1	-1
2	4	-6.91244	6.788	-1	-1	-1
2	4	-6.76244	6.788	-1	-1	-1
2	4	-6.61244	6.788	-1	-1	-1
2	4	-6.46244	6.788	-1	-1	-1
2	4	-7.51244	6.938	-1	-1	-1
2	4	-7.36244	6.938	-1	-1	-1
2	4	-7.21244	6.938	-1	-1	-1
2	4	-7.06244	6.938	-1	-1	-1
2	4	-6.91244	6.938	-1	-1	-1
2	4	-6.76244	6.938	-1	-1	-1
2	4	-6.61244	6.938	-1	-1	-1
2	4	-6.46244	6.938	-1	-1	-1
2	4	-7.51244	7.088	-1	-1	-1
2	4	-7.36244	7.088	-1	-1	-1
2	4	-7.21244	7.088	-1	-1	-1
2	4	-7.06244	7.088	-1	-1	-1
2	4	-6.91244	7.088	-1	-1	-1
2	4	-6.76244	7.088	-1	-1	-1
2	4	-6.61244	7.088	-1	-1	-1
2	4	-6.46244	7.088	3685	3768.22	-1
2	4	-7.51244	7.238	-1	-1	-1
2	4	-7.36244	7.238	-1	-1	-1
2	4	-7.21244	7.238	-1	-1	-1
2	4	-7.06244	7.238	-1	-1	-1
2	4	-6.91244	7.238	-1	-1	-1
2	4	-6.76244	7.238	-1	-1	-1
2	4	-6.61244	7.238	3785	3864.31	-1
2	4	-6.46244	7.238	3494	3618.31	-1
3	4	3.27798	-8.43814	-1	-1	-1
3	4	3.42798	-8.43814	-1	-1	-1
3	4	3.57798	-8.43814	-1	-1	-1
3	4	3.72798	-8.43814	-1	-1	-1
3	4	3.87798	-8.43814	-1	-1	-1
3	4	4.02798	-8.43814	-1	-1	-1
3	4	4.17798	-8.43814	-1	-1	-1
3	4	4.32798	-8.43814	-1	-1	-1
3	4	3.27798	-8.28814	-1	-1	-1
3	4	3.42798	-8.28814	-1	-1	-1
3	4	3.57798	-8.28814	-1	-1	-1
3	4	3.72798	-8.28814	-1	-1	-1
3	4	3.87798	-8.28814	-1	-1	-1
3	4	4.02798	-8.28814	-1	-1	-1
3	4	4.17798	-8.28814	-1	-1	-1
3	4	4.32798	-8.28814	-1	-1	-1
3	4	3.27798	-8.13814	-1	-1	-1
3	4	3.42798	-8.13814	-1	-1	-1
3	4	3.57798	-8.13814	-1	-1	-1
3	4	3.72798	-8.13814	-1	-1	-1
3	4	3.87798	-8.13814	-1	-1	-1
3	4	4.02798	-8.13814	-1	-1	-1
3	4	4.17798	-8.13814	-1	-1	-1
3	4	4.32798	-8.13814	-1	-1	-1
3	4	3.27798	-7.98814	-1	-1	-1
3	4	3.42798	-7.98814	-1	-1	-1
3	4	3.57798	-7.98814	-1	-1	-1
3	4	3.72798	-7.98814	-1	-1	-1
3	4	3.87798	-7.98814	-1	-1	-1
3	4	4.02798	-7.98814	-1	-1	-1
3	4	4.17798	-7.98814	-1	-1	-1
3	4	4.32798	-7.98814	-1	-1	-1
3	4	3.27798	-7.83814	-1	-1	-1
3	4	3.42798	-7.83814	-1	-1	-1
3	4	3.57798	-7.83814	-1	-1	-1
3	4	3.72798	-7.83814	-1	-1	-1
3	4	3.87798	-7.83814	-1	-1	-1
3	4	4.02798	-7.83814	-1	-1	-1
3	4	4.17798	-7.83814	-1	-1	-1
3	4	4.32798	-7.83814	-1	-1	-1
3	4	3.27798	-7.68814	-1	-1	-1
3	4	3.42798	-7.68814	-1	-1	-1
3	4	3.57798	-7.68814	-1	-1	-1
3	4	3.72798	-7.68814	-1	-1	-1
3	4	3.87798	-7.68814	-1	-1	-1
3	4	4.02798	-7.68814	-1	-1	-1
3	4	4.17798	-7.68814	-1	-1	-1
3	4	4.32798	-7.68814	-1	-1	-1
3	4	3.27798	-7.53814	-1	-1	-1
3	4	3.42798	-7.53814	609	669.844	-1
3	4	3.57798	-7.53814	625	727.094	-1
3	4	3.72798	-7.53814	471	544.562	-1
3	4	3.87798	-7.53814	-1	-1	-1
3	4	4.02798	-7.53814	-1	-1	-1
3	4	4.17798	-7.53814	-1	-1	-1
3	4	4.32798	-7.53814	-1	-1	-1
3	4	3.27798	-7.38814	2784	2880	-1
3	4	3.42798	-7.38814	519	584.062	-1
3	4	3.57798	-7.38814	437	532.812	-1
3	4	3.72798	-7.38814	277	380.969	-1
3	4	3.87798	-7.38814	-1	-1	-1
3	4	4.02798	-7.38814	-1	-1	-1
3	4	4.17798	-7.38814	-1	-1	-1
3	4	4.32798	-7.38814	-1	-1	-1
4	4	-5.71582	8.08672	-1	-1	-1
4	4	-5.56582	8.08672	-1	-1	-1
4	4	-5.41582	8.08672	-1	-1	-1
4	4	-5.26582	8.08672	5084	5192.94	-1
4	4	-5.11582	8.08672	5263	5335.53	-1
4	4	-4.96582	8.08672	-1	-1	-1
4	4	-4.81582	8.08672	-1	-1	-1
4	4	-4.66582	8.08672	-1	-1	-1
4	4	-5.71582	8.23672	-1	-1	-1
4	4	-5.56582	8.23672	-1	-1	-1
4	4	-5.41582	8.23672	-1	-1	-1
4	4	-5.26582	8.23672	-1	-1	-1
4	4	-5.11582	8.23672	-1	-1	-1
4	4	-4.96582	8.23672	-1	-1	-1
4	4	-4.81582	8.23672	-1	-1	-1
4	4	-4.66582	8.23672	-1	-1	-1
4	4	-5.71582	8.38672	-1	-1	-1
4	4	-5.56582	8.38672	-1	-1	-1
4	4	-5.41582	8.38672	-1	-1	-1
4	4	-5.26582	8.38672	-1	-1	-1
4	4	-5.11582	8.38672	-1	-1	-1
4	4	-4.96582	8.38672	-1	-1	-1
4	4	-4.81582	8.38672	-1	-1	-1
4	4	-4.66582	8.38672	-1	-1	-1
4	4	-5.71582	8.53672	-1	-1	-1
4	4	-5.56582	8.53672	-1	-1	-1
4	4	-5.41582	8.53672	-1	-1	-1
4	4	-5.26582	8.53672	-1	-1	-1
4	4	-5.11582	8.53672	-1	-1	-1
4	4	-4.96582	8.53672	-1	-1	-1
4	4	-4.81582	8.53672	-1	-1	-1
4	4	-4.66582	8.53672	-1	-1	-1
4	4	-5.71582	8.68672	2392	2480.31	-1
4	4	-5.56582	8.68672	-1	-1	-1
4	4	-5.41582	8.68672	-1	-1	-1
4	4	-5.26582	8.68672	-1	-1	-1
4	4	-5.11582	8.68672	-1	-1	-1
4	4	-4.96582	8.68672	-1	-1	-1
4	4	-4.81582	8.68672	-1	-1	-1
4	4	-4.66582	8.68672	-1	-1	-1
4	4	-5.71582	8.83672	2014	2090.09	-1
4	4	-5.56582	8.83672	-1	-1	-1
4	4	-5.41582	8.83672	-1	-1	-1
4	4	-5.26582	8.83672	-1	-1	-1
4	4	-5.11582	8.83672	-1	-1	-1
4	4	-4.96582	8.83672	-1	-1	-1
4	4	-4.81582	8.83672	-1	-1	-1
4	4	-4.66582	8.83672	-1	-1	-1
4	4	-5.71582	8.98672	2168	2246.78	-1
4	4	-5.56582	8.98672	-1	-1	-1
4	4	-5.41582	8.98672	-1	-1	-1
4	4	-5.26582	8.98672	-1	-1	-1
4	4	-5.11582	8.98672	-1	-1	-1
4	4	-4.96582	8.98672	-1	-1	-1
4	4	-4.81582	8.98672	-1	-1	-1
4	4	-4.66582	8.98672	-1	-1	-1
4	4	-5.71582	9.13672	4963	5070.62	-1
4	4	-5.56582	9.13672	-1	-1	-1
4	4	-5.41582	9.13672	-1	-1	-1
4	4	-5.26582	9.13672	-1	-1	-1
4	4	-5.11582	9.13672	-1	-1	-1
4	4	-4.96582	9.13672	-1	-1	-1
4	4	-4.81582	9.13672	-1	-1	-1
4	4	-4.66582	9.13672	-1	-1	-1
5	4	5.66867	1.08899	4725	4835.19	-1
5	4	5.81867	1.08899	5277	5321.72	-1
5	4	5.96867	1.08899	-1	-1	-1
5	4	6.11867	1.08899	5086	5138.5	-1
5	4	6.26867	1.08899	4929	4979.34	-1
5	4	6.41867	1.08899	-1	-1	-1
5	4	6.56867	1.08899	-1	-1	-1
5	4	6.71867	1.08899	-1	-1	-1
5	4	5.66867	1.23899	1551	1656.31	-1
5	4	5.81867	1.23899	-1	-1	-1
5	4	5.96867	1.23899	-1	-1	-1
5	4	6.11867	1.23899	-1	-1	-1
5	4	6.26867	1.23899	-1	-1	-1
5	4	6.41867	1.23899	-1	-1	-1
5	4	6.56867	1.23899	-1	-1	-1
5	4	6.71867	1.23899	-1	-1	-1
5	4	5.66867	1.38899	1872	1936.94	-1
5	4	5.81867	1.38899	-1	-1	-1
5	4	5.96867	1.38899	-1	-1	-1
5	4	6.11867	1.38899	-1	-1	-1
5	4	6.26867	1.38899	-1	-1	-1
5	4	6.41867	1.38899	-1	-1	-1
5	4	6.56867	1.38899	-1	-1	-1
5	4	6.71867	1.38899	-1	-1	-1
5	4	5.66867	1.53899	1211	1255.31	-1
5	4	5.81867	1.53899	1822	1910.09	-1
5	4	5.96867	1.53899	1845	1918.53	-1
5	4	6.11867	1.53899	-1	-1	-1
5	4	6.26867	1.53899	-1	-1	-1
5	4	6.41867	1.53899	-1	-1	-1
5	4	6.56867	1.53899	-1	-1	-1
5	4	6.71867	1.53899	-1	-1	-1
5	4	5.66867	1.68899	1068	1170.62	-1
5	4	5.81867	1.68899	1677	1775.25	-1
5	4	5.96867	1.68899	1977	2033.88	-1
5	4	6.11867	1.68899	-1	-1	-1
5	4	6.26867	1.68899	-1	-1	-1
5	4	6.41867	1.68899	-1	-1	-1
5	4	6.56867	1.68899	-1	-1	-1
5	4	6.71867	1.68899	-1	-1	-1
5	4	5.66867	1.83899	-1	-1	-1
5	4	5.81867	1.83899	-1	-1	-1
5	4	5.96867	1.83899	-1	-1	-1
5	4	6.11867	1.83899	-1	-1	-1
5	4	6.26867	1.83899	-1	-1	-1
5	4	6.41867	1.83899	-1	-1	-1
5	4	6.56867	1.83899	-1	-1	-1
5	4	6.71867	1.83899	-1	-1	-1
5	4	5.66867	1.98899	-1	-1	-1
5	4	5.81867	1.98899	-1	-1	-1
5	4	5.96867	1.98899	-1	-1	-1
5	4	6.11867	1.98899	-1	-1	-1
5	4	6.26867	1.98899	-1	-1	-1
5	4	6.41867	1.98899	-1	-1	-1
5	4	6.56867	1.98899	-1	-1	-1
5	4	6.71867	1.98899	-1	-1	-1
5	4	5.66867	2.13899	1577	1688.44	-1
5	4	5.81867	2.13899	3837	3889.06	-1
5	4	5.96867	2.13899	-1	-1	-1
5	4	6.11867	2.13899	-1	-1	-1
5	4	6.26867	2.13899	-1	-1	-1
5	4	6.41867	2.13899	-1	-1	-1
5	4	6.56867	2.13899	-1	-1	-1
5	4	6.71867	2.13899	-1	-1	-1
6	16	5.7798	-5.88751	5389	-1	-1
6	16	5.9298	-5.88751	-1	-1	-1
6	16	6.0798	-5.88751	-1	-1	-1
6	16	6.2298	-5.88751	-1	-1	-1
6	16	5.7798	-5.73751	5038	5166.38	-1
6	16	5.9298	-5.73751	-1	-1	-1
6	16	6.0798	-5.73751	-1	-1	-1
6	16	6.2298	-5.73751	-1	-1	-1
6	16	5.7798	-5.58751	5229	5292.84	-1
6	16	5.9298	-5.58751	-1	-1	-1
6	16	6.0798	-5.58751	-1	-1	-1
6	16	6.2298	-5.58751	-1	-1	-1
6	16	5.7798	-5.43751	-1	-1	-1
6	16	5.9298	-5.43751	-1	-1	-1
6	16	6.0798	-5.43751	-1	-1	-1
6	16	6.2298	-5.43751	-1	-1	-1
7	16	2.40008	5.68739	3601	3718.47	-1
7	16	2.55008	5.68739	-1	-1	-1
7	16	2.70008	5.68739	4329	4379.56	-1
7	16	2.85008	5.68739	5367	-1	-1
7	16	2.40008	5.83739	3368	3440.22	-1
7	16	2.55008	5.83739	-1	-1	-1
7	16	2.70008	5.83739	-1	-1	-1
7	16	2.85008	5.83739	-1	-1	-1
7	16	2.40008	5.98739	3176	3292.28	-1
7	16	2.55008	5.98739	-1	-1	-1
7	16	2.70008	5.98739	-1	-1	-1
7	16	2.85008	5.98739	-1	-1	-1
7	16	2.40008	6.13739	-1	-1	-1
7	16	2.55008	6.13739	-1	-1	-1
7	16	2.70008	6.13739	-1	-1	-1
7	16	2.85008	6.13739	-1	-1	-1
8	16	-1.14997	-8.28969	-1	-1	-1
8	16	-0.999973	-8.28969	-1	-1	-1
8	16	-0.849973	-8.28969	5394	-1	-1
8	16	-0.699973	-8.28969	2794	2859.22	-1
8	16	-1.14997	-8.13969	-1	-1	-1
8	16	-0.999973	-8.13969	-1	-1	-1
8	16	-0.849973	-8.13969	-1	-1	-1
8	16	-0.699973	-8.13969	-1	-1	-1
8	16	-1.14997	-7.98969	-1	-1	-1
8	16	-0.999973	-7.98969	-1	-1	-1
8	16	-0.849973	-7.98969	-1	-1	-1
8	16	-0.699973	-7.98969	-1	-1	-1
8	16	-1.14997	-7.83969	-1	-1	-1
8	16	-0.999973	-7.83969	-1	-1	-1
8	16	-0.849973	-7.83969	-1	-1	-1
8	16	-0.699973	-7.83969	-1	-1	-1
9	16	8.79442	3.63238	-1	-1	-1
9	16	8.94442	3.63238	-1	-1	-1
9	16	9.09442	3.63238	-1	-1	-1
9	16	9.24442	3.63238	-1	-1	-1
9	16	8.79442	3.78238	-1	-1	-1
9	16	8.94442	3.78238	-1	-1	-1
9	16	9.09442	3.78238	-1	-1	-1
9	16	9.24442	3.78238	-1	-1	-1
9	16	8.79442	3.93238	-1	-1	-1
9	16	8.94442	3.93238	-1	-1	-1
9	16	9.09442	3.93238	-1	-1	-1
9	16	9.24442	3.93238	-1	-1	-1
9	16	8.79442	4.08238	-1	-1	-1
9	16	8.94442	4.08238	-1	-1	-1
9	16	9.09442	4.08238	-1	-1	-1
9	16	9.24442	4.08238	-1	-1	-1
10	16	3.44312	-2.26127	294	349.125	-1
10	16	3.59312	-2.26127	448	500.094	-1
10	16	3.74312	-2.26127	562	602.812	-1
10	16	3.89312	-2.26127	-1	-1	-1
10	16	3.44312	-2.11127	115	245.281	-1
10	16	3.59312	-2.11127	348	408.062	-1
10	16	3.74312	-2.11127	649	701.531	-1
10	16	3.89312	-2.11127	-1	-1	-1
10	16	3.44312	-1.96127	287	332.188	-1
10	16	3.59312	-1.96127	390	435.281	-1
10	16	3.74312	-1.96127	-1	-1	-1
10	16	3.89312	-1.96127	-1	-1	-1
10	16	3.44312	-1.81127	647	685.844	-1
10	16	3.59312	-1.81127	2197	2316.25	-1
10	16	3.74312	-1.81127	4490	4525.97	-1
10	16	3.89312	-1.81127	4272	4388.31	-1
11	16	0.663886	7.09254	2124	2219.72	-1
11	16	0.813886	7.09254	-1	-1	-1
11	16	0.963886	7.09254	-1	-1	-1
11	16	1.11389	7.09254	1539	1640.66	-1
11	16	0.663886	7.24254	-1	-1	-1
11	16	0.813886	7.24254	-1	-1	-1
11	16	0.963886	7.24254	-1	-1	-1
11	16	1.11389	7.24254	-1	-1	-1
11	16	0.663886	7.39254	-1	-1	-1
11	16	0.813886	7.39254	-1	-1	-1
11	16	0.963886	7.39254	-1	-1	-1
11	16	1.11389	7.39254	-1	-1	-1
11	16	0.663886	7.54254	-1	-1	-1
11	16	0.813886	7.54254	-1	-1	-1
11	16	0.963886	7.54254	-1	-1	-1
11	16	1.11389	7.54254	5141	5200.81	-1
12	16	7.69284	0.896905	-1	-1	-1
12	16	7.84284	0.896905	-1	-1	-1
12	16	7.99284	0.896905	-1	-1	-1
12	16	8.14284	0.896905	-1	-1	-1
12	16	7.69284	1.0469	-1	-1	-1
12	16	7.84284	1.0469	-1	-1	-1
12	16	7.99284	1.0469	-1	-1	-1
12	16	8.14284	1.0469	-1	-1	-1
12	16	7.69284	1.1969	-1	-1	-1
12	16	7.84284	1.1969	-1	-1	-1
12	16	7.99284	1.1969	-1	-1	-1
12	16	8.14284	1.1969	-1	-1	-1
12	16	7.69284	1.3469	-1	-1	-1
12	16	7.84284	1.3469	-1	-1	-1
12	16	7.99284	1.3469	-1	-1	-1
12	16	8.14284	1.3469	-1	-1	-1
13	16	-2.095	3.67967	-1	-1	-1
13	16	-1.945	3.67967	-1	-1	-1
13	16	-1.795	3.67967	4601	4737.44	-1
13	16	-1.645	3.67967	1935	2072.56	-1
13	16	-2.095	3.82967	-1	-1	-1
13	16	-1.945	3.82967	-1	-1	-1
13	16	-1.795	3.82967	-1	-1	-1
13	16	-1.645	3.82967	3243	3278.06	-1
13	16	-2.095	3.97967	-1	-1	-1
13	16	-1.945	3.97967	-1	-1	-1
13	16	-1.795	3.97967	-1	-1	-1
13	16	-1.645	3.97967	-1	-1	-1
13	16	-2.095	4.12967	-1	-1	-1
13	16	-1.945	4.12967	-1	-1	-1
13	16	-1.795	4.12967	-1	-1	-1
13	16	-1.645	4.12967	-1	-1	-1
14	16	6.28969	3.78577	-1	-1	-1
14	16	6.43969	3.78577	-1	-1	-1
14	16	6.58969	3.78577	-1	-1	-1
14	16	6.73969	3.78577	-1	-1	-1
14	16	6.28969	3.93577	-1	-1	-1
14	16	6.43969	3.93577	-1	-1	-1
14	16	6.58969	3.93577	-1	-1	-1
14	16	6.73969	3.93577	-1	-1	-1
14	16	6.28969	4.08577	-1	-1	-1
14	16	6.43969	4.08577	-1	-1	-1
14	16	6.58969	4.08577	-1	-1	-1
14	16	6.73969	4.08577	-1	-1	-1
14	16	6.28969	4.23577	-1	-1	-1
14	16	6.43969	4.23577	-1	-1	-1
14	16	6.58969	4.23577	-1	-1	-1
14	16	6.73969	4.23577	-1	-1	-1
15	16	-7.07851	-3.96499	3147	3204.84	-1
15	16	-6.92851	-3.96499	2857	2914.91	-1
15	16	-6.77851	-3.96499	2977	3045.03	-1
15	16	-6.62851	-3.96499	-1	-1	-1
15	16	-7.07851	-3.81499	2686	2780.34	-1
15	16	-6.92851	-3.81499	2568	2624.44	-1
15	16	-6.77851	-3.81499	2709	2773.62	-1
15	16	-6.62851	-3.81499	-1	-1	-1
15	16	-7.07851	-3.66499	2728	2793.28	-1
15	16	-6.92851	-3.66499	2527	2601.81	-1
15	16	-6.77851	-3.66499	2364	2448.56	-1
15	16	-6.62851	-3.66499	2541	2616.25	-1
15	16	-7.07851	-3.51499	2858	2924.59	-1
15	16	-6.92851	-3.51499	2324	2393.66	-1
15	16	-6.77851	-3.51499	2185	2239.91	-1
15	16	-6.62851	-3.51499	2076	2130.69	-1
16	16	6.02333	-1.91072	-1	-1	-1
16	16	6.17333	-1.91072	-1	-1	-1
16	16	6.32333	-1.91072	-1	-1	-1
16	16	6.47333	-1.91072	-1	-1	-1
16	16	6.02333	-1.76072	-1	-1	-1
16	16	6.17333	-1.76072	1882	1951.09	-1
16	16	6.32333	-1.76072	-1	-1	-1
16	16	6.47333	-1.76072	-1	-1	-1
16	16	6.02333	-1.61072	1516	1584.28	-1
16	16	6.17333	-1.61072	1766	1816.94	-1
16	16	6.32333	-1.61072	-1	-1	-1
16	16	6.47333	-1.61072	-1	-1	-1
16	16	6.02333	-1.46072	1393	1443.19	-1
16	16	6.17333	-1.46072	68	117.281	-1
16	16	6.32333	-1.46072	5119	5172.53	-1
16	16	6.47333	-1.46072	-1	-1	-1
17	16	0.287425	-6.90165	-1	-1	-1
17	16	0.437425	-6.90165	-1	-1	-1
17	16	0.587425	-6.90165	-1	-1	-1
17	16	0.737425	-6.90165	-1	-1	-1
17	16	0.287425	-6.75165	4850	4899.75	-1
17	16	0.437425	-6.75165	-1	-1	-1
17	16	0.587425	-6.75165	-1	-1	-1
17	16	0.737425	-6.75165	-1	-1	-1
17	16	0.287425	-6.60165	4130	4240.59	-1
17	16	0.437425	-6.60165	-1	-1	-1
17	16	0.587425	-6.60165	-1	-1	-1
17	16	0.737425	-6.60165	-1	-1	-1
17	16	0.287425	-6.45165	2975	3079.53	-1
17	16	0.437425	-6.45165	-1	-1	-1
17	16	0.587425	-6.45165	1749	1796.81	-1
17	16	0.737425	-6.45165	-1	-1	-1
18	16	3.54387	6.05546	-1	-1	-1
18	16	3.69387	6.05546	-1	-1	-1
18	16	3.84387	6.05546	-1	-1	-1
18	16	3.99387	6.05546	3998	4128.94	-1
18	16	3.54387	6.20546	-1	-1	-1
18	16	3.69387	6.20546	-1	-1	-1
18	16	3.84387	6.20546	-1	-1	-1
18	16	3.99387	6.20546	-1	-1	-1
18	16	3.54387	6.35546	-1	-1	-1
18	16	3.69387	6.35546	-1	-1	-1
18	16	3.84387	6.35546	-1	-1	-1
18	16	3.99387	6.35546	-1	-1	-1
18	16	3.54387	6.50546	-1	-1	-1
18	16	3.69387	6.50546	-1	-1	-1
18	16	3.84387	6.50546	-1	-1	-1
18	16	3.99387	6.50546	-1	-1	-1
19	16	4.5407	-7.31574	-1	-1	-1
19	16	4.6907	-7.31574	-1	-1	-1
19	16	4.8407	-7.31574	-1	-1	-1
19	16	4.9907	-7.31574	-1	-1	-1
19	16	4.5407	-7.16574	-1	-1	-1
19	16	4.6907	-7.16574	-1	-1	-1
19	16	4.8407	-7.16574	-1	-1	-1
19	16	4.9907	-7.16574	-1	-1	-1
19	16	4.5407	-7.01574	-1	-1	-1
19	16	4.6907	-7.01574	-1	-1	-1
19	16	4.8407	-7.01574	-1	-1	-1
19	16	4.9907	-7.01574	-1	-1	-1
19	16	4.5407	-6.86574	-1	-1	-1
19	16	4.6907	-6.86574	2895	3015.59	-1
19	16	4.8407	-6.86574	-1	-1	-1
19	16	4.9907	-6.86574	-1	-1	-1
20	16	2.01217	2.43278	615	644.156	-1
20	16	2.16217	2.43278	400	569.25	-1
20	16	2.31217	2.43278	1431	1602.72	-1
20	16	2.46217	2.43278	85	115.906	-1
20	16	2.01217	2.58278	1365	1518.16	-1
20	16	2.16217	2.58278	1697	1728.88	-1
20	16	2.31217	2.58278	2633	2803.06	-1
20	16	2.46217	2.58278	3967	4136.56	-1
20	16	2.01217	2.73278	1786	1820.34	-1
20	16	2.16217	2.73278	3242	3405.12	-1
20	16	2.31217	2.73278	3936	4087.09	-1
20	16	2.46217	2.73278	4198	4232.03	-1
20	16	2.01217	2.88278	2590	2738.53	-1
20	16	2.16217	2.88278	2912	3064.38	-1
20	16	2.31217	2.88278	4107	4141.5	-1
20	16	2.46217	2.88278	4276	4318.47	-1
21	16	2.26422	8.3809	-1	-1	-1
21	16	2.41422	8.3809	-1	-1	-1
21	16	2.56422	8.3809	-1	-1	-1
21	16	2.71422	8.3809	-1	-1	-1
21	16	2.26422	8.5309	-1	-1	-1
21	16	2.41422	8.5309	-1	-1	-1
21	16	2.56422	8.5309	-1	-1	-1
21	16	2.71422	8.5309	-1	-1	-1
21	16	2.26422	8.6809	-1	-1	-1
21	16	2.41422	8.6809	-1	-1	-1
21	16	2.56422	8.6809	-1	-1	-1
21	16	2.71422	8.6809	-1	-1	-1
21	16	2.26422	8.8309	-1	-1	-1
21	16	2.41422	8.8309	-1	-1	-1
21	16	2.56422	8.8309	-1	-1	-1
21	16	2.71422	8.8309	-1	-1	-1
0	256	-1.7314	9.30499	-1	-1	-1
0	256	8.15221	3.49667	-1	-1	-1
0	256	-6.50048	6.03444	4058	4197.56	-1
0	256	4.95242	3.34685	-1	-1	-1
0	256	6.94684	-5.74815	-1	-1	-1
0	256	0.388369	3.68123	53	87.875	-1
0	256	-7.06825	3.85411	-1	-1	-1
0	256	-4.21316	-0.629133	-1	-1	-1
0	256	-6.84906	-1.80051	-1	-1	-1
0	256	-3.59387	-0.773299	3953	3982.75	-1
0	256	4.81015	3.21599	-1	-1	-1
0	256	3.01798	3.46119	-1	-1	-1
0	256	6.60287	-4.19065	-1	-1	-1
0	256	-8.27408	2.63318	853	940.812	-1
0	256	-4.20214	-1.23817	3203	3333.25	-1
0	256	-2.19642	-8.47176	-1	-1	-1
0	256	7.02285	-6.41468	-1	-1	-1
0	256	-4.6206	-0.769651	-1	-1	-1
0	256	8.21188	4.81933	-1	-1	-1
0	256	-4.64524	2.75545	3224	3352.53	-1
0	256	2.85776	9.33171	-1	-1	-1
0	256	-6.3684	-6.04677	-1	-1	-1
0	256	7.88405	3.5925	-1	-1	-1
0	256	-6.95014	-2.32402	-1	-1	-1
0	256	-0.823235	-9.2867	-1	-1	-1
0	256	9.08473	-3.63605	-1	-1	-1
0	256	2.15322	3.68788	3601	3737.12	-1
0	256	-2.33447	-5.08976	1261	1387.12	-1
0	256	-7.78377	3.95375	-1	-1	-1
0	256	5.61102	7.62225	-1	-1	-1
0	256	-6.72723	-4.09728	4112	4167.59	-1
0	256	4.99474	-5.54209	4971	5025.84	-1
0	256	3.10963	-0.659363	4244	4277.25	-1
0	256	0.180014	4.28667	970	1088.12	-1
0	256	1.81483	2.80761	1864	1894.41	-1
0	256	-8.86943	-2.05687	2905	2973.59	-1
0	256	1.52903	-7.44147	3771	3870.69	-1
0	256	6.30776	2.6177	5280	5379.25	-1
0	256	3.45922	-5.49899	65	116.156	-1
0	256	4.06992	-5.20222	1940	2068.16	-1
0	256	3.65529	-0.934969	2363	2393.97	-1
0	256	-2.04237	-3.07239	366	524.156	-1
0	256	5.89161	-1.50739	1907	1961.88	-1
0	256	-5.75833	-3.74393	-1	-1	-1
0	256	4.42385	-7.49333	-1	-1	-1
0	256	-1.11301	-3.64391	2177	2209.47	-1
0	256	-3.10664	-7.72075	-1	-1	-1
0	256	-3.50731	-2.19634	1670	1814.91	-1
0	256	1.60764	4.19058	92	216.5	-1
0	256	-4.04434	8.38378	-1	-1	-1
0	256	3.30823	-4.29274	538	699.719	-1
0	256	-0.293203	-6.23168	4422	4519.28	-1
0	256	-5.54762	-3.82014	-1	-1	-1
0	256	-6.98184	5.97971	-1	-1	-1
0	256	-3.36362	8.28586	-1	-1	-1
0	256	2.61297	7.32397	3953	4050.25	-1
0	256	8.43294	-8.81115	-1	-1	-1
0	256	-2.12161	2.29481	2305	2471.56	-1
0	256	1.98474	8.53275	2228	2291.72	-1
0	256	5.25264	-7.48744	-1	-1	-1
0	256	0.29052	8.18845	-1	-1	-1
0	256	0.697324	6.28708	-1	-1	-1
0	256	9.00131	-2.0921	-1	-1	-1
0	256	-7.61498	-5.43592	-1	-1	-1
0	256	6.10417	0.863803	4729	4829.62	-1
0	256	-2.33116	6.06428	-1	-1	-1
0	256	5.94919	3.15541	-1	-1	-1
0	256	-5.43366	-2.55342	4785	4829.19	-1
0	256	-2.80558	3.41198	69	220.531	-1
0	256	4.7194	-8.28255	-1	-1	-1
0	256	-1.0185	6.99781	2970	3022.34	-1
0	256	8.22678	5.40059	-1	-1	-1
0	256	-6.80742	5.88242	-1	-1	-1
0	256	6.3834	3.47347	-1	-1	-1
0	256	3.39729	3.12943	1058	1094.03	-1
0	256	3.80764	-0.836395	4163	4195.25	-1
0	256	-3.1974	-8.75248	-1	-1	-1
0	256	3.36552	5.8824	-1	-1	-1
0	256	4.86398	3.72797	1252	1379.34	-1
0	256	3.03572	-4.88776	1379	1498.31	-1
0	256	-9.38285	-1.27437	-1	-1	-1
0	256	7.08268	3.1148	-1	-1	-1
0	256	-2.3285	-6.53496	-1	-1	-1
0	256	-2.73979	-9.10978	3414	3492.28	-1
0	256	-7.78868	-6.05225	-1	-1	-1
0	256	4.41941	-1.49069	4770	4898.41	-1
0	256	1.41077	7.10722	155	251.156	-1
0	256	7.97835	-4.4319	-1	-1	-1
0	256	-4.19501	-5.75853	-1	-1	-1
0	256	-1.72123	0.203986	32	61.875	-1
0	256	-1.3015	8.97502	-1	-1	-1
0	256	-0.485454	-7.84865	2060	2115.34	-1
0	256	3.35262	-5.46657	168	240.5	-1
0	256	8.79701	1.85394	-1	-1	-1
0	256	9.29809	3.06328	4478	4548.75	-1
0	256	-6.04905	-0.793309	-1	-1	-1
0	256	2.71809	-7.30208	-1	-1	-1
0	256	2.82913	-2.47507	3759	3918.62	-1
0	256	2.93902	3.38503	-1	-1	-1
0	256	2.68194	1.61083	141	279.594	-1
0	256	0.377999	-8.46087	-1	-1	-1
0	256	5.33896	1.05537	74	123.75	-1
0	256	-3.34852	-7.60509	-1	-1	-1
0	256	1.49623	-8.57153	3569	3656.31	-1
0	256	-3.41922	2.70953	3930	3966	-1
0	256	-0.539451	-7.52844	-1	-1	-1
0	256	-3.36904	8.56473	-1	-1	-1
0	256	-1.12239	-3.26249	1385	1517.22	-1
0	256	-8.87918	3.25986	2508	2592.78	-1
0	256	5.56118	4.02137	2194	2257.16	-1
0	256	-4.70583	-8.08623	-1	-1	-1
0	256	1.68625	-6.81657	162	214	-1
0	256	0.401686	6.49864	-1	-1	-1
0	256	-2.019	8.40589	-1	-1	-1
0	256	5.31058	3.61009	-1	-1	-1
0	256	-7.2551	-5.41405	-1	-1	-1
0	256	3.48577	-6.36201	-1	-1	-1
0	256	-2.30505	7.98515	-1	-1	-1
0	256	-1.80133	6.48646	-1	-1	-1
0	256	-5.39182	-0.970203	1554	1667.38	-1
0	256	-2.08424	-3.38642	1368	1512.97	-1
0	256	-5.51447	3.115	4641	4708.78	-1
0	256	-8.17073	-3.35277	-1	-1	-1
0	256	-0.735229	-8.80104	4797	4864.41	-1
0	256	2.21734	4.97057	795	916.844	-1
0	256	8.70136	3.28943	-1	-1	-1
0	256	4.99006	5.18615	-1	-1	-1
0	256	3.12337	-6.56885	-1	-1	-1
0	256	-2.02686	8.14255	-1	-1	-1
0	256	1.65592	7.42254	-1	-1	-1
0	256	0.813764	2.92503	3603	3630.34	-1
0	256	0.852604	-2.95432	1421	1550.09	-1
0	256	3.57466	8.64316	-1	-1	-1
0	256	8.49351	0.349993	4800	4902.06	-1
0	256	1.50389	7.50719	-1	-1	-1
0	256	-6.55025	3.70698	256	355.906	-1
0	256	6.54533	5.9778	-1	-1	-1
0	256	3.77643	-5.16992	185	238.469	-1
0	256	-4.10085	2.64409	5009	5062.28	-1
0	256	-3.14802	8.23197	-1	-1	-1
0	256	-3.24477	-1.43409	1082	1200.25	-1
0	256	-0.975154	4.72922	-1	-1	-1
0	256	-2.81346	8.45091	-1	-1	-1
0	256	5.07286	-3.18239	-1	-1	-1
0	256	-5.59728	-6.90152	-1	-1	-1
0	256	1.92821	-9.53511	4414	4485.97	-1
0	256	3.20712	5.61634	-1	-1	-1
0	256	-4.25894	8.98007	-1	-1	-1
0	256	-4.56933	-1.75013	764	881.25	-1
0	256	4.98413	2.42737	64	105.938	-1
0	256	-2.00771	6.24529	4283	4335.44	-1
0	256	6.11111	2.93374	4014	4122.78	-1
0	256	-5.29773	2.30131	4499	4540.81	-1
0	256	-8.19471	-3.8823	-1	-1	-1
0	256	-4.21079	-7.57934	2151	2246.81	-1
0	256	8.32863	-2.32729	-1	-1	-1
0	256	-3.81396	-8.02737	-1	-1	-1
0	256	1.77924	-3.5961	3993	4113.03	-1
0	256	6.5841	-7.66639	-1	-1	-1
0	256	8.6479	-0.958069	3667	3753	-1
0	256	8.9456	3.05473	-1	-1	-1
0	256	-3.99471	-7.52621	-1	-1	-1
0	256	-5.58828	-6.47491	-1	-1	-1
0	256	6.70527	4.73071	-1	-1	-1
0	256	0.0189179	7.6746	-1	-1	-1
0	256	5.3229	-8.14808	4753	4823.34	-1
0	256	3.0179	-8.08736	-1	-1	-1
0	256	-4.12022	-8.8943	-1	-1	-1
0	256	0.191642	-8.27654	-1	-1	-1
0	256	-4.38702	4.16365	708	865.906	-1
0	256	-7.30178	2.15024	-1	-1	-1
0	256	-4.56115	-0.0386979	2022	2061.72	-1
0	256	5.01212	-4.82131	-1	-1	-1
0	256	8.52581	2.59141	-1	-1	-1
0	256	4.59766	4.67119	-1	-1	-1
0	256	-7.62023	6.13817	4448	4571.09	-1
0	256	-5.87864	-1.75309	-1	-1	-1
0	256	-7.74912	-0.754257	136	194.219	-1
0	256	-2.72999	-7.8308	-1	-1	-1
0	256	-2.52411	-5.88365	3852	3911.12	-1
0	256	3.67407	-2.46718	-1	-1	-1
0	256	-0.399617	7.7683	-1	-1	-1
0	256	-5.20885	-8.33214	-1	-1	-1
0	256	4.22436	-8.58864	-1	-1	-1
0	256	-6.1797	-2.50356	-1	-1	-1
0	256	-3.13282	7.49806	2779	2841.16	-1
0	256	-3.28979	8.00344	-1	-1	-1
0	256	-6.22511	-4.77118	-1	-1	-1
0	256	-4.82297	-5.16533	-1	-1	-1
0	256	-3.82403	3.87611	-1	-1	-1
0	256	1.48906	7.40223	-1	-1	-1
0	256	-1.44362	-9.77389	-1	-1	-1
0	256	6.26232	0.524456	4091	4205.88	-1
0	256	-1.26736	-9.30717	-1	-1	-1
0	256	2.5934	-8.97459	3662	3732.81	-1
0	256	-7.04405	0.763463	-1	-1	-1
0	256	-3.17768	3.26691	-1	-1	-1
0	256	4.71269	-1.4566	4341	4386.56	-1
0	256	-0.291207	7.57093	2575	2674.06	-1
0	256	1.17715	-9.20107	-1	-1	-1
0	256	4.67655	-5.94915	-1	-1	-1
0	256	2.77494	6.49101	-1	-1	-1
0	256	-6.93656	-6.57035	-1	-1	-1
0	256	-9.2633	2.13389	-1	-1	-1
0	256	-3.89835	0.129412	1237	1358.34	-1
0	256	-7.41134	-8.36692	-1	-1	-1
0	256	1.85229	-7.25074	-1	-1	-1
0	256	-2.15501	-5.16779	255	300.875	-1
0	256	-2.82833	7.56994	-1	-1	-1
0	256	-1.80048	-7.9761	-1	-1	-1
0	256	6.05276	3.08746	-1	-1	-1
0	256	3.12119	-8.04278	-1	-1	-1
0	256	-5.21776	-7.08457	-1	-1	-1
0	256	3.02303	0.207261	4751	4885.44	-1
0	256	9.4773	-1.30557	-1	-1	-1
0	256	8.20308	-2.61538	-1	-1	-1
0	256	2.8069	-7.00642	-1	-1	-1
0	256	4.72456	4.08488	2140	2190.19	-1
0	256	-1.55573	-4.40973	2441	2555.19	-1
0	256	2.19936	-3.52213	1468	1507	-1
0	256	-0.435163	-5.45853	4607	4724.12	-1
0	256	-6.49524	7.63448	4929	5005.81	-1
0	256	6.22354	-7.1637	-1	-1	-1
0	256	-8.22981	-0.90934	1616	1680.41	-1
0	256	5.87099	3.41027	3256	3366.84	-1
0	256	-5.95037	0.121627	4358	4473.44	-1
0	256	8.85798	1.02407	-1	-1	-1
0	256	7.24064	3.69362	-1	-1	-1
0	256	-3.73447	-0.190622	1058	1104.47	-1
0	256	-1.4412	8.0067	2737	2834.16	-1
0	256	-0.565937	-8.10648	-1	-1	-1
0	256	-3.42656	5.1344	1199	1320.66	-1
0	256	1.53416	-9.4598	1465	1563.19	-1
0	256	-7.58366	4.26823	-1	-1	-1
0	256	-6.44547	-4.93369	-1	-1	-1
0	256	4.53475	-3.72649	-1	-1	-1
0	256	-2.37016	8.78475	-1	-1	-1
0	256	4.91729	5.89344	5387	-1	-1
0	256	-6.26643	4.41639	1294	1407	-1
0	256	-4.94963	-7.77337	-1	-1	-1
0	256	-2.66529	3.68074	4637	4772.47	-1
0	256	-4.4454	-0.700474	-1	-1	-1
0	256	4.05089	-4.43176	1785	1834.97	-1
0	256	-0.677977	7.86765	700	797.625	-1
0	256	-0.210486	-7.90661	-1	-1	-1
0	256	0.288711	7.47554	2788	2893.66	-1
0	256	-6.3889	-5.69648	-1	-1	-1
0	256	3.34933	0.164726	-1	-1	-1
0	256	8.19066	-5.51429	4305	4380.97	-1
0	256	4.73037	8.27328	-1	-1	-1
0	256	5.06096	-1.55489	4493	4608.03	-1
0	256	3.94106	0.287889	-1	-1	-1
0	256	1.43385	-5.79956	282	382.469	-1
0	256	8.06285	3.75695	-1	-1	-1
0	256	-4.84265	0.333989	1440	1478	-1
0	256	4.28597	-6.60385	3788	3911.16	-1
