Pile ID	Distribution Type	X-Position	Y-Position	Pickup Time	Drop Off Time	Ant ID
1	1	-2.74078	1.9305	2190	2253.56	-1
1	1	-2.59078	1.9305	1795	1951.03	-1
1	1	-2.44078	1.9305	2200	2236.53	-1
1	1	-2.29078	1.9305	1804	1963.75	-1
1	1	-2.14078	1.9305	162	187.938	-1
1	1	-1.99078	1.9305	88	118.406	-1
1	1	-1.84078	1.9305	3499	3674.34	-1
1	1	-1.69078	1.9305	104	132.219	-1
1	1	-1.54078	1.9305	390	422.281	-1
1	1	-1.39078	1.9305	23	45.9375	-1
1	1	-1.24078	1.9305	116	266.875	-1
1	1	-1.09078	1.9305	320	360.688	-1
1	1	-0.940776	1.9305	-1	-1	-1
1	1	-0.790776	1.9305	-1	-1	-1
1	1	-0.640776	1.9305	712	764.125	-1
1	1	-0.490776	1.9305	786	808.562	-1
1	1	-2.74078	2.0805	1977	2013.81	-1
1	1	-2.59078	2.0805	2038	2075.44	-1
1	1	-2.44078	2.0805	2074	2102.12	-1
1	1	-2.29078	2.0805	2249	2286.78	-1
1	1	-2.14078	2.0805	4605	4632.34	-1
1	1	-1.99078	2.0805	4368	4547.94	-1
1	1	-1.84078	2.0805	3141	3304.03	-1
1	1	-1.69078	2.0805	529	583.5	-1
1	1	-1.54078	2.0805	453	479.156	-1
1	1	-1.39078	2.0805	307	348.312	-1
1	1	-1.24078	2.0805	338	367.281	-1
1	1	-1.09078	2.0805	-1	-1	-1
1	1	-0.940776	2.0805	-1	-1	-1
1	1	-0.790776	2.0805	-1	-1	-1
1	1	-0.640776	2.0805	2210	2348.75	-1
1	1	-0.490776	2.0805	111	135.312	-1
1	1	-2.74078	2.2305	2148	2193.97	-1
1	1	-2.59078	2.2305	2279	2368.91	-1
1	1	-2.44078	2.2305	3144	3179.41	-1
1	1	-2.29078	2.2305	2419	2484.22	-1
1	1	-2.14078	2.2305	2121	2283.62	-1
1	1	-1.99078	2.2305	2532	2582.5	-1
1	1	-1.84078	2.2305	5236	5263.72	-1
1	1	-1.69078	2.2305	689	719.625	-1
1	1	-1.54078	2.2305	538	577.969	-1
1	1	-1.39078	2.2305	3792	3952.75	-1
1	1	-1.24078	2.2305	-1	-1	-1
1	1	-1.09078	2.2305	-1	-1	-1
1	1	-0.940776	2.2305	-1	-1	-1
1	1	-0.790776	2.2305	-1	-1	-1
1	1	-0.640776	2.2305	-1	-1	-1
1	1	-0.490776	2.2305	5234	5356.69	-1
1	1	-2.74078	2.3805	-1	-1	-1
1	1	-2.59078	2.3805	3055	3092.75	-1
1	1	-2.44078	2.3805	2516	2608.81	-1
1	1	-2.29078	2.3805	2437	2492.28	-1
1	1	-2.14078	2.3805	2321	2391.19	-1
1	1	-1.99078	2.3805	2386	2420.03	-1
1	1	-1.84078	2.3805	-1	-1	-1
1	1	-1.69078	2.3805	-1	-1	-1
1	1	-1.54078	2.3805	3989	4015.59	-1
1	1	-1.39078	2.3805	4119	4150.31	-1
1	1	-1.24078	2.3805	4120	4163.03	-1
1	1	-1.09078	2.3805	4003	4033	-1
1	1	-0.940776	2.3805	4305	4333.66	-1
1	1	-0.790776	2.3805	3791	3820.94	-1
1	1	-0.640776	2.3805	-1	-1	-1
1	1	-0.490776	2.3805	-1	-1	-1
1	1	-2.74078	2.5305	3075	3110.12	-1
1	1	-2.59078	2.5305	2886	2919.59	-1
1	1	-2.44078	2.5305	2649	2722.12	-1
1	1	-2.29078	2.5305	2602	2654.69	-1
1	1	-2.14078	2.5305	2519	2564.06	-1
1	1	-1.99078	2.5305	2499	2531.78	-1
1	1	-1.84078	2.5305	-1	-1	-1
1	1	-1.69078	2.5305	-1	-1	-1
1	1	-1.54078	2.5305	-1	-1	-1
1	1	-1.39078	2.5305	4201	4280.41	-1
1	1	-1.24078	2.5305	4067	4092.56	-1
1	1	-1.09078	2.5305	3851	3931.5	-1
1	1	-0.940776	2.5305	3675	3724.81	-1
1	1	-0.790776	2.5305	3295	3433.66	-1
1	1	-0.640776	2.5305	3792	3830.53	-1
1	1	-0.490776	2.5305	3979	4012.56	-1
1	1	-2.74078	2.6805	3148	3189.56	-1
1	1	-2.59078	2.6805	2959	3017.28	-1
1	1	-2.44078	2.6805	2779	2842.88	-1
1	1	-2.29078	2.6805	3016	3056.06	-1
1	1	-2.14078	2.6805	2653	2709.25	-1
1	1	-1.99078	2.6805	-1	-1	-1
1	1	-1.84078	2.6805	-1	-1	-1
1	1	-1.69078	2.6805	-1	-1	-1
1	1	-1.54078	2.6805	-1	-1	-1
1	1	-1.39078	2.6805	4378	4414.06	-1
1	1	-1.24078	2.6805	4270	4308.19	-1
1	1	-1.09078	2.6805	3784	3815	-1
1	1	-0.940776	2.6805	3653	3715.72	-1
1	1	-0.790776	2.6805	3487	3519.69	-1
1	1	-0.640776	2.6805	3571	3594.88	-1
1	1	-0.490776	2.6805	3876	3910.12	-1
1	1	-2.74078	2.8305	5396	-1	-1
1	1	-2.59078	2.8305	-1	-1	-1
1	1	-2.44078	2.8305	2951	3000.31	-1
1	1	-2.29078	2.8305	3039	3082.97	-1
1	1	-2.14078	2.8305	-1	-1	-1
1	1	-1.99078	2.8305	-1	-1	-1
1	1	-1.84078	2.8305	-1	-1	-1
1	1	-1.69078	2.8305	-1	-1	-1
1	1	-1.54078	2.8305	-1	-1	-1
1	1	-1.39078	2.8305	-1	-1	-1
1	1	-1.24078	2.8305	4419	4459.69	-1
1	1	-1.09078	2.8305	4113	4152.97	-1
1	1	-0.940776	2.8305	3737	3774.84	-1
1	1	-0.790776	2.8305	3504	3539.25	-1
1	1	-0.640776	2.8305	3619	3682.06	-1
1	1	-0.490776	2.8305	3985	4015.44	-1
1	1	-2.74078	2.9805	-1	-1	-1
1	1	-2.59078	2.9805	-1	-1	-1
1	1	-2.44078	2.9805	-1	-1	-1
1	1	-2.29078	2.9805	-1	-1	-1
1	1	-2.14078	2.9805	-1	-1	-1
1	1	-1.99078	2.9805	-1	-1	-1
1	1	-1.84078	2.9805	-1	-1	-1
1	1	-1.69078	2.9805	-1	-1	-1
1	1	-1.54078	2.9805	-1	-1	-1
1	1	-1.39078	2.9805	-1	-1	-1
1	1	-1.24078	2.9805	4513	4554.62	-1
1	1	-1.09078	2.9805	4491	4524.78	-1
1	1	-0.940776	2.9805	4100	4179.69	-1
1	1	-0.790776	2.9805	3800	3838.38	-1
1	1	-0.640776	2.9805	3871	3925.72	-1
1	1	-0.490776	2.9805	-1	-1	-1
1	1	-2.74078	3.1305	-1	-1	-1
1	1	-2.59078	3.1305	-1	-1	-1
1	1	-2.44078	3.1305	942	993.875	-1
1	1	-2.29078	3.1305	1080	1179.19	-1
1	1	-2.14078	3.1305	948	998.25	-1
1	1	-1.99078	3.1305	1117	1175.97	-1
1	1	-1.84078	3.1305	2956	3011.78	-1
1	1	-1.69078	3.1305	-1	-1	-1
1	1	-1.54078	3.1305	-1	-1	-1
1	1	-1.39078	3.1305	-1	-1	-1
1	1	-1.24078	3.1305	4541	4581.16	-1
1	1	-1.09078	3.1305	4286	4366.75	-1
1	1	-0.940776	3.1305	4187	4234.41	-1
1	1	-0.790776	3.1305	4015	4054.41	-1
1	1	-0.640776	3.1305	4092	4131.59	-1
1	1	-0.490776	3.1305	4217	4250.56	-1
1	1	-2.74078	3.2805	-1	-1	-1
1	1	-2.59078	3.2805	1047	1094.53	-1
1	1	-2.44078	3.2805	877	942.062	-1
1	1	-2.29078	3.2805	841	909.281	-1
1	1	-2.14078	3.2805	830	872.719	-1
1	1	-1.99078	3.2805	926	969.75	-1
1	1	-1.84078	3.2805	2928	2969.16	-1
1	1	-1.69078	3.2805	2828	2872.31	-1
1	1	-1.54078	3.2805	-1	-1	-1
1	1	-1.39078	3.2805	3151	3195.38	-1
1	1	-1.24078	3.2805	1792	1828.81	-1
1	1	-1.09078	3.2805	4462	4508.16	-1
1	1	-0.940776	3.2805	4419	4485.75	-1
1	1	-0.790776	3.2805	4212	4283.81	-1
1	1	-0.640776	3.2805	4326	4401.5	-1
1	1	-0.490776	3.2805	3329	3456.47	-1
1	1	-2.74078	3.4305	-1	-1	-1
1	1	-2.59078	3.4305	854	919.75	-1
1	1	-2.44078	3.4305	586	631.469	-1
1	1	-2.29078	3.4305	675	711.938	-1
1	1	-2.14078	3.4305	730	784.062	-1
1	1	-1.99078	3.4305	1041	1104.72	-1
1	1	-1.84078	3.4305	2745	2782.62	-1
1	1	-1.69078	3.4305	2651	2683.62	-1
1	1	-1.54078	3.4305	2844	2892.81	-1
1	1	-1.39078	3.4305	1490	1609.81	-1
1	1	-1.24078	3.4305	1642	1683.06	-1
1	1	-1.09078	3.4305	2005	2048.72	-1
1	1	-0.940776	3.4305	4504	4573.16	-1
1	1	-0.790776	3.4305	4382	4420.66	-1
1	1	-0.640776	3.4305	4487	4542.28	-1
1	1	-0.490776	3.4305	2433	2477.09	-1
1	1	-2.74078	3.5805	1081	1146.78	-1
1	1	-2.59078	3.5805	661	728.188	-1
1	1	-2.44078	3.5805	253	419.031	-1
1	1	-2.29078	3.5805	455	515.688	-1
1	1	-2.14078	3.5805	664	726.031	-1
1	1	-1.99078	3.5805	1243	1278.84	-1
1	1	-1.84078	3.5805	2760	2820.66	-1
1	1	-1.69078	3.5805	2424	2463.28	-1
1	1	-1.54078	3.5805	2295	2341.78	-1
1	1	-1.39078	3.5805	1771	1816.66	-1
1	1	-1.24078	3.5805	1660	1706.84	-1
1	1	-1.09078	3.5805	1943	1984.56	-1
1	1	-0.940776	3.5805	2855	2899.09	-1
1	1	-0.790776	3.5805	4621	4652.47	-1
1	1	-0.640776	3.5805	4565	4616.5	-1
1	1	-0.490776	3.5805	2506	2544.88	-1
1	1	-2.74078	3.7305	884	958.594	-1
1	1	-2.59078	3.7305	567	627.031	-1
1	1	-2.44078	3.7305	490	594.719	-1
1	1	-2.29078	3.7305	559	605.469	-1
1	1	-2.14078	3.7305	777	839.875	-1
1	1	-1.99078	3.7305	3084	3121.38	-1
1	1	-1.84078	3.7305	2876	2925.03	-1
1	1	-1.69078	3.7305	2386	2443.34	-1
1	1	-1.54078	3.7305	2231	2266.56	-1
1	1	-1.39078	3.7305	2146	2179.84	-1
1	1	-1.24078	3.7305	2026	2064.81	-1
1	1	-1.09078	3.7305	2629	2664.62	-1
1	1	-0.940776	3.7305	2945	2977.28	-1
1	1	-0.790776	3.7305	4716	4761.12	-1
1	1	-0.640776	3.7305	-1	-1	-1
1	1	-0.490776	3.7305	783	815.844	-1
1	1	-2.74078	3.8805	-1	-1	-1
1	1	-2.59078	3.8805	-1	-1	-1
1	1	-2.44078	3.8805	705	776.469	-1
1	1	-2.29078	3.8805	825	900.188	-1
1	1	-2.14078	3.8805	881	1026.72	-1
1	1	-1.99078	3.8805	-1	-1	-1
1	1	-1.84078	3.8805	2653	2701.47	-1
1	1	-1.69078	3.8805	2503	2569.75	-1
1	1	-1.54078	3.8805	2447	2500.66	-1
1	1	-1.39078	3.8805	2410	2456.41	-1
1	1	-1.24078	3.8805	2501	2554.88	-1
1	1	-1.09078	3.8805	4886	4939.53	-1
1	1	-0.940776	3.8805	3021	3068.34	-1
1	1	-0.790776	3.8805	-1	-1	-1
1	1	-0.640776	3.8805	-1	-1	-1
1	1	-0.490776	3.8805	627	739.562	-1
1	1	-2.74078	4.0305	-1	-1	-1
1	1	-2.59078	4.0305	-1	-1	-1
1	1	-2.44078	4.0305	-1	-1	-1
1	1	-2.29078	4.0305	-1	-1	-1
1	1	-2.14078	4.0305	1149	1191.78	-1
1	1	-1.99078	4.0305	-1	-1	-1
1	1	-1.84078	4.0305	-1	-1	-1
1	1	-1.69078	4.0305	-1	-1	-1
1	1	-1.54078	4.0305	2582	2632.88	-1
1	1	-1.39078	4.0305	-1	-1	-1
1	1	-1.24078	4.0305	-1	-1	-1
1	1	-1.09078	4.0305	-1	-1	-1
1	1	-0.940776	4.0305	-1	-1	-1
1	1	-0.790776	4.0305	-1	-1	-1
1	1	-0.640776	4.0305	-1	-1	-1
1	1	-0.490776	4.0305	-1	-1	-1
1	1	-2.74078	4.1805	-1	-1	-1
1	1	-2.59078	4.1805	-1	-1	-1
1	1	-2.44078	4.1805	-1	-1	-1
1	1	-2.29078	4.1805	-1	-1	-1
1	1	-2.14078	4.1805	-1	-1	-1
1	1	-1.99078	4.1805	-1	-1	-1
1	1	-1.84078	4.1805	-1	-1	-1
1	1	-1.69078	4.1805	-1	-1	-1
1	1	-1.54078	4.1805	-1	-1	-1
1	1	-1.39078	4.1805	-1	-1	-1
1	1	-1.24078	4.1805	-1	-1	-1
1	1	-1.09078	4.1805	-1	-1	-1
1	1	-0.940776	4.1805	-1	-1	-1
1	1	-0.790776	4.1805	-1	-1	-1
1	1	-0.640776	4.1805	-1	-1	-1
1	1	-0.490776	4.1805	-1	-1	-1
2	4	-1.13121	-4.00208	-1	-1	-1
2	4	-0.981209	-4.00208	-1	-1	-1
2	4	-0.831209	-4.00208	-1	-1	-1
2	4	-0.681209	-4.00208	-1	-1	-1
2	4	-0.531209	-4.00208	-1	-1	-1
2	4	-0.381209	-4.00208	-1	-1	-1
2	4	-0.231209	-4.00208	-1	-1	-1
2	4	-0.0812094	-4.00208	-1	-1	-1
2	4	-1.13121	-3.85208	-1	-1	-1
2	4	-0.981209	-3.85208	-1	-1	-1
2	4	-0.831209	-3.85208	-1	-1	-1
2	4	-0.681209	-3.85208	-1	-1	-1
2	4	-0.531209	-3.85208	-1	-1	-1
2	4	-0.381209	-3.85208	-1	-1	-1
2	4	-0.231209	-3.85208	-1	-1	-1
2	4	-0.0812094	-3.85208	-1	-1	-1
2	4	-1.13121	-3.70208	-1	-1	-1
2	4	-0.981209	-3.70208	-1	-1	-1
2	4	-0.831209	-3.70208	-1	-1	-1
2	4	-0.681209	-3.70208	-1	-1	-1
2	4	-0.531209	-3.70208	-1	-1	-1
2	4	-0.381209	-3.70208	-1	-1	-1
2	4	-0.231209	-3.70208	-1	-1	-1
2	4	-0.0812094	-3.70208	-1	-1	-1
2	4	-1.13121	-3.55208	-1	-1	-1
2	4	-0.981209	-3.55208	-1	-1	-1
2	4	-0.831209	-3.55208	-1	-1	-1
2	4	-0.681209	-3.55208	-1	-1	-1
2	4	-0.531209	-3.55208	-1	-1	-1
2	4	-0.381209	-3.55208	-1	-1	-1
2	4	-0.231209	-3.55208	-1	-1	-1
2	4	-0.0812094	-3.55208	-1	-1	-1
2	4	-1.13121	-3.40208	-1	-1	-1
2	4	-0.981209	-3.40208	-1	-1	-1
2	4	-0.831209	-3.40208	-1	-1	-1
2	4	-0.681209	-3.40208	-1	-1	-1
2	4	-0.531209	-3.40208	-1	-1	-1
2	4	-0.381209	-3.40208	-1	-1	-1
2	4	-0.231209	-3.40208	-1	-1	-1
2	4	-0.0812094	-3.40208	-1	-1	-1
2	4	-1.13121	-3.25208	-1	-1	-1
2	4	-0.981209	-3.25208	-1	-1	-1
2	4	-0.831209	-3.25208	3189	3221.22	-1
2	4	-0.681209	-3.25208	3044	3072.75	-1
2	4	-0.531209	-3.25208	1728	1772.72	-1
2	4	-0.381209	-3.25208	1717	1749.47	-1
2	4	-0.231209	-3.25208	4576	4708.69	-1
2	4	-0.0812094	-3.25208	3606	3724.53	-1
2	4	-1.13121	-3.10208	-1	-1	-1
2	4	-0.981209	-3.10208	-1	-1	-1
2	4	-0.831209	-3.10208	3097	3129.12	-1
2	4	-0.681209	-3.10208	1699	1762.72	-1
2	4	-0.531209	-3.10208	1536	1564.34	-1
2	4	-0.381209	-3.10208	1605	1635.09	-1
2	4	-0.231209	-3.10208	141	168	-1
2	4	-0.0812094	-3.10208	1306	1340.19	-1
2	4	-1.13121	-2.95208	1773	1934.66	-1
2	4	-0.981209	-2.95208	4643	4674.31	-1
2	4	-0.831209	-2.95208	73	191.219	-1
2	4	-0.681209	-2.95208	1620	1658.12	-1
2	4	-0.531209	-2.95208	1362	1493.56	-1
2	4	-0.381209	-2.95208	1435	1571.62	-1
2	4	-0.231209	-2.95208	30	65.7188	-1
2	4	-0.0812094	-2.95208	282	307.844	-1
3	4	3.76153	-1.74726	1348	1466.38	-1
3	4	3.91153	-1.74726	-1	-1	-1
3	4	4.06153	-1.74726	-1	-1	-1
3	4	4.21153	-1.74726	-1	-1	-1
3	4	4.36153	-1.74726	-1	-1	-1
3	4	4.51153	-1.74726	-1	-1	-1
3	4	4.66153	-1.74726	-1	-1	-1
3	4	4.81153	-1.74726	-1	-1	-1
3	4	3.76153	-1.59726	5347	-1	-1
3	4	3.91153	-1.59726	5148	5241.72	-1
3	4	4.06153	-1.59726	5309	5386.38	-1
3	4	4.21153	-1.59726	-1	-1	-1
3	4	4.36153	-1.59726	-1	-1	-1
3	4	4.51153	-1.59726	-1	-1	-1
3	4	4.66153	-1.59726	-1	-1	-1
3	4	4.81153	-1.59726	-1	-1	-1
3	4	3.76153	-1.44726	3916	4037.38	-1
3	4	3.91153	-1.44726	5003	5055.34	-1
3	4	4.06153	-1.44726	5120	5252.38	-1
3	4	4.21153	-1.44726	-1	-1	-1
3	4	4.36153	-1.44726	-1	-1	-1
3	4	4.51153	-1.44726	-1	-1	-1
3	4	4.66153	-1.44726	-1	-1	-1
3	4	4.81153	-1.44726	-1	-1	-1
3	4	3.76153	-1.29726	4082	4117.91	-1
3	4	3.91153	-1.29726	4909	4956.31	-1
3	4	4.06153	-1.29726	5028	5108.5	-1
3	4	4.21153	-1.29726	-1	-1	-1
3	4	4.36153	-1.29726	-1	-1	-1
3	4	4.51153	-1.29726	-1	-1	-1
3	4	4.66153	-1.29726	-1	-1	-1
3	4	4.81153	-1.29726	-1	-1	-1
3	4	3.76153	-1.14726	4658	4778.56	-1
3	4	3.91153	-1.14726	4839	4878.47	-1
3	4	4.06153	-1.14726	5110	5180.91	-1
3	4	4.21153	-1.14726	-1	-1	-1
3	4	4.36153	-1.14726	-1	-1	-1
3	4	4.51153	-1.14726	-1	-1	-1
3	4	4.66153	-1.14726	-1	-1	-1
3	4	4.81153	-1.14726	-1	-1	-1
3	4	3.76153	-0.997256	4306	4420.31	-1
3	4	3.91153	-0.997256	4807	4847	-1
3	4	4.06153	-0.997256	4937	4998.16	-1
3	4	4.21153	-0.997256	5029	5096.97	-1
3	4	4.36153	-0.997256	-1	-1	-1
3	4	4.51153	-0.997256	-1	-1	-1
3	4	4.66153	-0.997256	-1	-1	-1
3	4	4.81153	-0.997256	-1	-1	-1
3	4	3.76153	-0.847256	5211	5263.56	-1
3	4	3.91153	-0.847256	5048	5121.34	-1
3	4	4.06153	-0.847256	5155	5204.28	-1
3	4	4.21153	-0.847256	-1	-1	-1
3	4	4.36153	-0.847256	-1	-1	-1
3	4	4.51153	-0.847256	-1	-1	-1
3	4	4.66153	-0.847256	-1	-1	-1
3	4	4.81153	-0.847256	-1	-1	-1
3	4	3.76153	-0.697256	1381	1413.19	-1
3	4	3.91153	-0.697256	1997	2060.91	-1
3	4	4.06153	-0.697256	1840	1955.53	-1
3	4	4.21153	-0.697256	2137	2182.59	-1
3	4	4.36153	-0.697256	-1	-1	-1
3	4	4.51153	-0.697256	-1	-1	-1
3	4	4.66153	-0.697256	-1	-1	-1
3	4	4.81153	-0.697256	4662	4701.81	-1
4	4	-8.33683	-3.72621	-1	-1	-1
4	4	-8.18683	-3.72621	-1	-1	-1
4	4	-8.03683	-3.72621	-1	-1	-1
4	4	-7.88683	-3.72621	-1	-1	-1
4	4	-7.73683	-3.72621	-1	-1	-1
4	4	-7.58683	-3.72621	-1	-1	-1
4	4	-7.43683	-3.72621	-1	-1	-1
4	4	-7.28683	-3.72621	-1	-1	-1
4	4	-8.33683	-3.57621	-1	-1	-1
4	4	-8.18683	-3.57621	-1	-1	-1
4	4	-8.03683	-3.57621	-1	-1	-1
4	4	-7.88683	-3.57621	-1	-1	-1
4	4	-7.73683	-3.57621	-1	-1	-1
4	4	-7.58683	-3.57621	-1	-1	-1
4	4	-7.43683	-3.57621	-1	-1	-1
4	4	-7.28683	-3.57621	-1	-1	-1
4	4	-8.33683	-3.42621	-1	-1	-1
4	4	-8.18683	-3.42621	-1	-1	-1
4	4	-8.03683	-3.42621	-1	-1	-1
4	4	-7.88683	-3.42621	-1	-1	-1
4	4	-7.73683	-3.42621	-1	-1	-1
4	4	-7.58683	-3.42621	-1	-1	-1
4	4	-7.43683	-3.42621	-1	-1	-1
4	4	-7.28683	-3.42621	-1	-1	-1
4	4	-8.33683	-3.27621	-1	-1	-1
4	4	-8.18683	-3.27621	-1	-1	-1
4	4	-8.03683	-3.27621	-1	-1	-1
4	4	-7.88683	-3.27621	-1	-1	-1
4	4	-7.73683	-3.27621	-1	-1	-1
4	4	-7.58683	-3.27621	-1	-1	-1
4	4	-7.43683	-3.27621	-1	-1	-1
4	4	-7.28683	-3.27621	-1	-1	-1
4	4	-8.33683	-3.12621	-1	-1	-1
4	4	-8.18683	-3.12621	-1	-1	-1
4	4	-8.03683	-3.12621	-1	-1	-1
4	4	-7.88683	-3.12621	-1	-1	-1
4	4	-7.73683	-3.12621	-1	-1	-1
4	4	-7.58683	-3.12621	-1	-1	-1
4	4	-7.43683	-3.12621	-1	-1	-1
4	4	-7.28683	-3.12621	-1	-1	-1
4	4	-8.33683	-2.97621	-1	-1	-1
4	4	-8.18683	-2.97621	-1	-1	-1
4	4	-8.03683	-2.97621	-1	-1	-1
4	4	-7.88683	-2.97621	-1	-1	-1
4	4	-7.73683	-2.97621	-1	-1	-1
4	4	-7.58683	-2.97621	-1	-1	-1
4	4	-7.43683	-2.97621	-1	-1	-1
4	4	-7.28683	-2.97621	-1	-1	-1
4	4	-8.33683	-2.82621	-1	-1	-1
4	4	-8.18683	-2.82621	-1	-1	-1
4	4	-8.03683	-2.82621	-1	-1	-1
4	4	-7.88683	-2.82621	-1	-1	-1
4	4	-7.73683	-2.82621	-1	-1	-1
4	4	-7.58683	-2.82621	-1	-1	-1
4	4	-7.43683	-2.82621	-1	-1	-1
4	4	-7.28683	-2.82621	-1	-1	-1
4	4	-8.33683	-2.67621	-1	-1	-1
4	4	-8.18683	-2.67621	-1	-1	-1
4	4	-8.03683	-2.67621	-1	-1	-1
4	4	-7.88683	-2.67621	-1	-1	-1
4	4	-7.73683	-2.67621	-1	-1	-1
4	4	-7.58683	-2.67621	-1	-1	-1
4	4	-7.43683	-2.67621	-1	-1	-1
4	4	-7.28683	-2.67621	-1	-1	-1
5	4	3.91396	3.27227	636	685.812	-1
5	4	4.06396	3.27227	1942	2085.97	-1
5	4	4.21396	3.27227	1421	1557.06	-1
5	4	4.36396	3.27227	399	531.5	-1
5	4	4.51396	3.27227	-1	-1	-1
5	4	4.66396	3.27227	-1	-1	-1
5	4	4.81396	3.27227	-1	-1	-1
5	4	4.96396	3.27227	-1	-1	-1
5	4	3.91396	3.42227	375	524.719	-1
5	4	4.06396	3.42227	3180	3242	-1
5	4	4.21396	3.42227	3108	3152.72	-1
5	4	4.36396	3.42227	3135	3189.25	-1
5	4	4.51396	3.42227	3490	3549.53	-1
5	4	4.66396	3.42227	-1	-1	-1
5	4	4.81396	3.42227	-1	-1	-1
5	4	4.96396	3.42227	-1	-1	-1
5	4	3.91396	3.57227	582	639.719	-1
5	4	4.06396	3.57227	2882	2935	-1
5	4	4.21396	3.57227	3019	3065.25	-1
5	4	4.36396	3.57227	3219	3282.34	-1
5	4	4.51396	3.57227	3315	3408.94	-1
5	4	4.66396	3.57227	3950	3995.53	-1
5	4	4.81396	3.57227	-1	-1	-1
5	4	4.96396	3.57227	-1	-1	-1
5	4	3.91396	3.72227	3368	3417.84	-1
5	4	4.06396	3.72227	3262	3321.31	-1
5	4	4.21396	3.72227	3153	3214.59	-1
5	4	4.36396	3.72227	3299	3383	-1
5	4	4.51396	3.72227	3684	3754.75	-1
5	4	4.66396	3.72227	4037	4084.62	-1
5	4	4.81396	3.72227	-1	-1	-1
5	4	4.96396	3.72227	-1	-1	-1
5	4	3.91396	3.87227	3810	3960.44	-1
5	4	4.06396	3.87227	-1	-1	-1
5	4	4.21396	3.87227	3566	3615.5	-1
5	4	4.36396	3.87227	3460	3512.53	-1
5	4	4.51396	3.87227	4798	4932.12	-1
5	4	4.66396	3.87227	4992	5051.25	-1
5	4	4.81396	3.87227	-1	-1	-1
5	4	4.96396	3.87227	-1	-1	-1
5	4	3.91396	4.02227	5376	-1	-1
5	4	4.06396	4.02227	-1	-1	-1
5	4	4.21396	4.02227	3664	3721.09	-1
5	4	4.36396	4.02227	-1	-1	-1
5	4	4.51396	4.02227	-1	-1	-1
5	4	4.66396	4.02227	-1	-1	-1
5	4	4.81396	4.02227	-1	-1	-1
5	4	4.96396	4.02227	-1	-1	-1
5	4	3.91396	4.17227	-1	-1	-1
5	4	4.06396	4.17227	-1	-1	-1
5	4	4.21396	4.17227	-1	-1	-1
5	4	4.36396	4.17227	-1	-1	-1
5	4	4.51396	4.17227	-1	-1	-1
5	4	4.66396	4.17227	-1	-1	-1
5	4	4.81396	4.17227	-1	-1	-1
5	4	4.96396	4.17227	-1	-1	-1
5	4	3.91396	4.32227	-1	-1	-1
5	4	4.06396	4.32227	-1	-1	-1
5	4	4.21396	4.32227	-1	-1	-1
5	4	4.36396	4.32227	-1	-1	-1
5	4	4.51396	4.32227	-1	-1	-1
5	4	4.66396	4.32227	-1	-1	-1
5	4	4.81396	4.32227	-1	-1	-1
5	4	4.96396	4.32227	-1	-1	-1
6	16	-3.76288	3.16315	-1	-1	-1
6	16	-3.61288	3.16315	3837	3971.84	-1
6	16	-3.46288	3.16315	4010	4058.69	-1
6	16	-3.31288	3.16315	-1	-1	-1
6	16	-3.76288	3.31315	-1	-1	-1
6	16	-3.61288	3.31315	-1	-1	-1
6	16	-3.46288	3.31315	-1	-1	-1
6	16	-3.31288	3.31315	-1	-1	-1
6	16	-3.76288	3.46315	-1	-1	-1
6	16	-3.61288	3.46315	-1	-1	-1
6	16	-3.46288	3.46315	-1	-1	-1
6	16	-3.31288	3.46315	-1	-1	-1
6	16	-3.76288	3.61315	-1	-1	-1
6	16	-3.61288	3.61315	-1	-1	-1
6	16	-3.46288	3.61315	-1	-1	-1
6	16	-3.31288	3.61315	-1	-1	-1
7	16	-8.52038	-0.904845	-1	-1	-1
7	16	-8.37038	-0.904845	-1	-1	-1
7	16	-8.22038	-0.904845	1847	1909.72	-1
7	16	-8.07038	-0.904845	1650	1741.75	-1
7	16	-8.52038	-0.754845	-1	-1	-1
7	16	-8.37038	-0.754845	-1	-1	-1
7	16	-8.22038	-0.754845	-1	-1	-1
7	16	-8.07038	-0.754845	1977	2040.25	-1
7	16	-8.52038	-0.604845	-1	-1	-1
7	16	-8.37038	-0.604845	-1	-1	-1
7	16	-8.22038	-0.604845	-1	-1	-1
7	16	-8.07038	-0.604845	-1	-1	-1
7	16	-8.52038	-0.454845	-1	-1	-1
7	16	-8.37038	-0.454845	-1	-1	-1
7	16	-8.22038	-0.454845	-1	-1	-1
7	16	-8.07038	-0.454845	-1	-1	-1
8	16	-0.907702	-8.28168	-1	-1	-1
8	16	-0.757702	-8.28168	-1	-1	-1
8	16	-0.607702	-8.28168	-1	-1	-1
8	16	-0.457702	-8.28168	-1	-1	-1
8	16	-0.907702	-8.13168	-1	-1	-1
8	16	-0.757702	-8.13168	-1	-1	-1
8	16	-0.607702	-8.13168	-1	-1	-1
8	16	-0.457702	-8.13168	-1	-1	-1
8	16	-0.907702	-7.98168	-1	-1	-1
8	16	-0.757702	-7.98168	-1	-1	-1
8	16	-0.607702	-7.98168	-1	-1	-1
8	16	-0.457702	-7.98168	-1	-1	-1
8	16	-0.907702	-7.83168	-1	-1	-1
8	16	-0.757702	-7.83168	-1	-1	-1
8	16	-0.607702	-7.83168	-1	-1	-1
8	16	-0.457702	-7.83168	-1	-1	-1
9	16	-5.30187	3.66125	-1	-1	-1
9	16	-5.15187	3.66125	-1	-1	-1
9	16	-5.00187	3.66125	-1	-1	-1
9	16	-4.85187	3.66125	-1	-1	-1
9	16	-5.30187	3.81125	-1	-1	-1
9	16	-5.15187	3.81125	-1	-1	-1
9	16	-5.00187	3.81125	-1	-1	-1
9	16	-4.85187	3.81125	-1	-1	-1
9	16	-5.30187	3.96125	-1	-1	-1
9	16	-5.15187	3.96125	-1	-1	-1
9	16	-5.00187	3.96125	-1	-1	-1
9	16	-4.85187	3.96125	-1	-1	-1
9	16	-5.30187	4.11125	-1	-1	-1
9	16	-5.15187	4.11125	-1	-1	-1
9	16	-5.00187	4.11125	-1	-1	-1
9	16	-4.85187	4.11125	-1	-1	-1
10	16	-3.90302	7.05195	-1	-1	-1
10	16	-3.75302	7.05195	-1	-1	-1
10	16	-3.60302	7.05195	-1	-1	-1
10	16	-3.45302	7.05195	-1	-1	-1
10	16	-3.90302	7.20195	-1	-1	-1
10	16	-3.75302	7.20195	-1	-1	-1
10	16	-3.60302	7.20195	-1	-1	-1
10	16	-3.45302	7.20195	-1	-1	-1
10	16	-3.90302	7.35195	-1	-1	-1
10	16	-3.75302	7.35195	-1	-1	-1
10	16	-3.60302	7.35195	-1	-1	-1
10	16	-3.45302	7.35195	-1	-1	-1
10	16	-3.90302	7.50195	-1	-1	-1
10	16	-3.75302	7.50195	-1	-1	-1
10	16	-3.60302	7.50195	-1	-1	-1
10	16	-3.45302	7.50195	-1	-1	-1
11	16	-1.64809	-7.02968	-1	-1	-1
11	16	-1.49809	-7.02968	-1	-1	-1
11	16	-1.34809	-7.02968	-1	-1	-1
11	16	-1.19809	-7.02968	-1	-1	-1
11	16	-1.64809	-6.87968	-1	-1	-1
11	16	-1.49809	-6.87968	-1	-1	-1
11	16	-1.34809	-6.87968	-1	-1	-1
11	16	-1.19809	-6.87968	-1	-1	-1
11	16	-1.64809	-6.72968	-1	-1	-1
11	16	-1.49809	-6.72968	-1	-1	-1
11	16	-1.34809	-6.72968	-1	-1	-1
11	16	-1.19809	-6.72968	-1	-1	-1
11	16	-1.64809	-6.57968	-1	-1	-1
11	16	-1.49809	-6.57968	-1	-1	-1
11	16	-1.34809	-6.57968	-1	-1	-1
11	16	-1.19809	-6.57968	-1	-1	-1
12	16	0.204445	5.66545	5214	5264.62	-1
12	16	0.354445	5.66545	-1	-1	-1
12	16	0.504445	5.66545	-1	-1	-1
12	16	0.654445	5.66545	1411	1521.03	-1
12	16	0.204445	5.81545	-1	-1	-1
12	16	0.354445	5.81545	-1	-1	-1
12	16	0.504445	5.81545	-1	-1	-1
12	16	0.654445	5.81545	-1	-1	-1
12	16	0.204445	5.96545	-1	-1	-1
12	16	0.354445	5.96545	-1	-1	-1
12	16	0.504445	5.96545	-1	-1	-1
12	16	0.654445	5.96545	-1	-1	-1
12	16	0.204445	6.11545	-1	-1	-1
12	16	0.354445	6.11545	-1	-1	-1
12	16	0.504445	6.11545	-1	-1	-1
12	16	0.654445	6.11545	-1	-1	-1
13	16	-1.709	7.57681	-1	-1	-1
13	16	-1.559	7.57681	-1	-1	-1
13	16	-1.409	7.57681	-1	-1	-1
13	16	-1.259	7.57681	-1	-1	-1
13	16	-1.709	7.72681	-1	-1	-1
13	16	-1.559	7.72681	-1	-1	-1
13	16	-1.409	7.72681	-1	-1	-1
13	16	-1.259	7.72681	-1	-1	-1
13	16	-1.709	7.87681	-1	-1	-1
13	16	-1.559	7.87681	-1	-1	-1
13	16	-1.409	7.87681	-1	-1	-1
13	16	-1.259	7.87681	-1	-1	-1
13	16	-1.709	8.02681	-1	-1	-1
13	16	-1.559	8.02681	-1	-1	-1
13	16	-1.409	8.02681	-1	-1	-1
13	16	-1.259	8.02681	-1	-1	-1
14	16	5.77824	-4.90975	-1	-1	-1
14	16	5.92824	-4.90975	-1	-1	-1
14	16	6.07824	-4.90975	-1	-1	-1
14	16	6.22824	-4.90975	-1	-1	-1
14	16	5.77824	-4.75975	-1	-1	-1
14	16	5.92824	-4.75975	-1	-1	-1
14	16	6.07824	-4.75975	-1	-1	-1
14	16	6.22824	-4.75975	-1	-1	-1
14	16	5.77824	-4.60975	-1	-1	-1
14	16	5.92824	-4.60975	-1	-1	-1
14	16	6.07824	-4.60975	-1	-1	-1
14	16	6.22824	-4.60975	-1	-1	-1
14	16	5.77824	-4.45975	375	485.031	-1
14	16	5.92824	-4.45975	3718	3840.91	-1
14	16	6.07824	-4.45975	-1	-1	-1
14	16	6.22824	-4.45975	-1	-1	-1
15	16	-9.57763	-2.41335	3491	3563.22	-1
15	16	-9.42763	-2.41335	-1	-1	-1
15	16	-9.27763	-2.41335	-1	-1	-1
15	16	-9.12763	-2.41335	-1	-1	-1
15	16	-9.57763	-2.26335	-1	-1	-1
15	16	-9.42763	-2.26335	-1	-1	-1
15	16	-9.27763	-2.26335	-1	-1	-1
15	16	-9.12763	-2.26335	1278	1346.56	-1
15	16	-9.57763	-2.11335	-1	-1	-1
15	16	-9.42763	-2.11335	-1	-1	-1
15	16	-9.27763	-2.11335	-1	-1	-1
15	16	-9.12763	-2.11335	645	739.438	-1
15	16	-9.57763	-1.96335	-1	-1	-1
15	16	-9.42763	-1.96335	-1	-1	-1
15	16	-9.27763	-1.96335	1222	1319.5	-1
15	16	-9.12763	-1.96335	1047	1137.62	-1
16	16	-3.95762	8.5915	-1	-1	-1
16	16	-3.80762	8.5915	-1	-1	-1
16	16	-3.65762	8.5915	-1	-1	-1
16	16	-3.50762	8.5915	-1	-1	-1
16	16	-3.95762	8.7415	-1	-1	-1
16	16	-3.80762	8.7415	-1	-1	-1
16	16	-3.65762	8.7415	-1	-1	-1
16	16	-3.50762	8.7415	-1	-1	-1
16	16	-3.95762	8.8915	-1	-1	-1
16	16	-3.80762	8.8915	-1	-1	-1
16	16	-3.65762	8.8915	-1	-1	-1
16	16	-3.50762	8.8915	-1	-1	-1
16	16	-3.95762	9.0415	-1	-1	-1
16	16	-3.80762	9.0415	-1	-1	-1
16	16	-3.65762	9.0415	-1	-1	-1
16	16	-3.50762	9.0415	-1	-1	-1
17	16	-5.81563	-5.81342	-1	-1	-1
17	16	-5.66563	-5.81342	-1	-1	-1
17	16	-5.51563	-5.81342	-1	-1	-1
17	16	-5.36563	-5.81342	-1	-1	-1
17	16	-5.81563	-5.66342	-1	-1	-1
17	16	-5.66563	-5.66342	-1	-1	-1
17	16	-5.51563	-5.66342	-1	-1	-1
17	16	-5.36563	-5.66342	-1	-1	-1
17	16	-5.81563	-5.51342	-1	-1	-1
17	16	-5.66563	-5.51342	-1	-1	-1
17	16	-5.51563	-5.51342	-1	-1	-1
17	16	-5.36563	-5.51342	-1	-1	-1
17	16	-5.81563	-5.36342	-1	-1	-1
17	16	-5.66563	-5.36342	-1	-1	-1
17	16	-5.51563	-5.36342	-1	-1	-1
17	16	-5.36563	-5.36342	-1	-1	-1
18	16	2.52769	3.94133	-1	-1	-1
18	16	2.67769	3.94133	4613	4757.31	-1
18	16	2.82769	3.94133	1812	1851.47	-1
18	16	2.97769	3.94133	110	148.75	-1
18	16	2.52769	4.09133	-1	-1	-1
18	16	2.67769	4.09133	-1	-1	-1
18	16	2.82769	4.09133	-1	-1	-1
18	16	2.97769	4.09133	265	309.469	-1
18	16	2.52769	4.24133	-1	-1	-1
18	16	2.67769	4.24133	-1	-1	-1
18	16	2.82769	4.24133	-1	-1	-1
18	16	2.97769	4.24133	-1	-1	-1
18	16	2.52769	4.39133	1212	1333.28	-1
18	16	2.67769	4.39133	3997	4055.91	-1
18	16	2.82769	4.39133	-1	-1	-1
18	16	2.97769	4.39133	-1	-1	-1
19	16	5.02588	8.42572	-1	-1	-1
19	16	5.17588	8.42572	-1	-1	-1
19	16	5.32588	8.42572	-1	-1	-1
19	16	5.47588	8.42572	-1	-1	-1
19	16	5.02588	8.57572	-1	-1	-1
19	16	5.17588	8.57572	-1	-1	-1
19	16	5.32588	8.57572	-1	-1	-1
19	16	5.47588	8.57572	-1	-1	-1
19	16	5.02588	8.72572	-1	-1	-1
19	16	5.17588	8.72572	-1	-1	-1
19	16	5.32588	8.72572	-1	-1	-1
19	16	5.47588	8.72572	-1	-1	-1
19	16	5.02588	8.87572	-1	-1	-1
19	16	5.17588	8.87572	-1	-1	-1
19	16	5.32588	8.87572	-1	-1	-1
19	16	5.47588	8.87572	-1	-1	-1
20	16	6.52039	-7.03462	5280	-1	-1
20	16	6.67039	-7.03462	-1	-1	-1
20	16	6.82039	-7.03462	-1	-1	-1
20	16	6.97039	-7.03462	-1	-1	-1
20	16	6.52039	-6.88462	1859	1991.84	-1
20	16	6.67039	-6.88462	-1	-1	-1
20	16	6.82039	-6.88462	-1	-1	-1
20	16	6.97039	-6.88462	-1	-1	-1
20	16	6.52039	-6.73462	2099	2169.72	-1
20	16	6.67039	-6.73462	-1	-1	-1
20	16	6.82039	-6.73462	-1	-1	-1
20	16	6.97039	-6.73462	-1	-1	-1
20	16	6.52039	-6.58462	-1	-1	-1
20	16	6.67039	-6.58462	2436	2553.19	-1
20	16	6.82039	-6.58462	-1	-1	-1
20	16	6.97039	-6.58462	-1	-1	-1
21	16	-2.7884	-2.89798	4870	5033.59	-1
21	16	-2.6384	-2.89798	4921	4957.59	-1
21	16	-2.4884	-2.89798	-1	-1	-1
21	16	-2.3384	-2.89798	3308	3473.81	-1
21	16	-2.7884	-2.74798	4838	4884.53	-1
21	16	-2.6384	-2.74798	4779	4810.06	-1
21	16	-2.4884	-2.74798	-1	-1	-1
21	16	-2.3384	-2.74798	3161	3312.72	-1
21	16	-2.7884	-2.59798	1963	2000.72	-1
21	16	-2.6384	-2.59798	1725	1904.25	-1
21	16	-2.4884	-2.59798	4596	4765.59	-1
21	16	-2.3384	-2.59798	2205	2369.75	-1
21	16	-2.7884	-2.44798	1942	1976.91	-1
21	16	-2.6384	-2.44798	1979	2013	-1
21	16	-2.4884	-2.44798	1626	1670	-1
21	16	-2.3384	-2.44798	1565	1594.34	-1
0	256	-0.449333	5.07221	-1	-1	-1
0	256	-4.47771	-6.66352	-1	-1	-1
0	256	2.75263	-2.34035	3808	3841.47	-1
0	256	-0.645657	-9.38229	-1	-1	-1
0	256	-0.357189	6.98427	3524	3623.53	-1
0	256	-5.23055	2.04842	-1	-1	-1
0	256	-7.14843	1.26102	-1	-1	-1
0	256	1.28312	4.11299	-1	-1	-1
0	256	-8.66701	-5.88393	-1	-1	-1
0	256	-0.718439	-6.43689	-1	-1	-1
0	256	-3.85778	2.54857	273	399.812	-1
0	256	-9.05643	-1.57644	-1	-1	-1
0	256	4.90304	-5.36443	183	310.094	-1
0	256	-3.58408	-1.85805	56	192.188	-1
0	256	-3.62194	-7.42795	-1	-1	-1
0	256	0.0539597	-4.53188	-1	-1	-1
0	256	-3.4727	-5.72481	4817	4948.19	-1
0	256	0.46698	-5.32519	59	100.469	-1
0	256	6.51726	-2.12808	-1	-1	-1
0	256	1.36478	-6.39521	175	281.719	-1
0	256	-4.76259	7.47733	-1	-1	-1
0	256	-1.33429	-3.71284	-1	-1	-1
0	256	2.55592	-8.63113	-1	-1	-1
0	256	1.53066	-9.36222	1576	1654.44	-1
0	256	-8.04876	4.70486	-1	-1	-1
0	256	5.34353	1.05746	51	91.8438	-1
0	256	-7.04305	-2.34376	-1	-1	-1
0	256	-2.70334	6.86246	-1	-1	-1
0	256	-3.64608	2.83319	-1	-1	-1
0	256	-7.74928	2.57378	-1	-1	-1
0	256	-0.24321	-7.87372	-1	-1	-1
0	256	-6.45992	4.82753	-1	-1	-1
0	256	-6.198	-1.08433	5106	5156.91	-1
0	256	-2.10889	-4.69238	-1	-1	-1
0	256	2.65352	-7.5692	-1	-1	-1
0	256	-4.62631	1.07352	-1	-1	-1
0	256	-7.87861	1.5221	-1	-1	-1
0	256	-4.50574	3.50723	4742	4890.81	-1
0	256	3.95818	-3.61032	-1	-1	-1
0	256	3.41362	-0.79757	3857	3892.41	-1
0	256	-6.13557	6.93413	-1	-1	-1
0	256	7.47551	-5.21356	-1	-1	-1
0	256	1.20792	3.16839	1806	1839	-1
0	256	-5.67685	5.05104	-1	-1	-1
0	256	2.12014	-6.4075	-1	-1	-1
0	256	0.0324822	-7.78365	-1	-1	-1
0	256	2.37299	-4.04705	1445	1592.09	-1
0	256	-5.43271	-1.03174	-1	-1	-1
0	256	-3.5929	-0.438936	4229	4346.59	-1
0	256	-9.48884	-2.56363	1650	1718.88	-1
0	256	-4.92328	6.60408	-1	-1	-1
0	256	0.242556	3.13017	215	340.375	-1
0	256	-7.05026	5.91949	-1	-1	-1
0	256	0.852364	-5.01768	-1	-1	-1
0	256	7.45388	-3.77066	4693	4794.66	-1
0	256	-7.02194	-6.7964	-1	-1	-1
0	256	9.65806	1.55204	1662	1736.59	-1
0	256	7.05495	3.703	-1	-1	-1
0	256	-3.93212	-2.00894	3987	4023.16	-1
0	256	7.32902	-4.79966	-1	-1	-1
0	256	2.09159	6.30034	-1	-1	-1
0	256	6.39102	-2.8004	-1	-1	-1
0	256	-2.75577	8.00707	-1	-1	-1
0	256	-6.61306	4.34863	-1	-1	-1
0	256	-5.19598	5.2162	-1	-1	-1
0	256	-7.07186	-6.0958	-1	-1	-1
0	256	-0.12848	9.53456	-1	-1	-1
0	256	-4.98214	1.7386	459	499.375	-1
0	256	6.26381	-5.74906	-1	-1	-1
0	256	1.44235	9.53532	-1	-1	-1
0	256	-3.27764	-0.350142	1883	1929.12	-1
0	256	1.53209	8.46826	-1	-1	-1
0	256	2.17844	8.8482	-1	-1	-1
0	256	-3.05039	-0.335074	26	62.0938	-1
0	256	-7.73732	4.20651	-1	-1	-1
0	256	-7.80258	2.73794	-1	-1	-1
0	256	-4.66442	-8.63816	-1	-1	-1
0	256	-8.13102	-2.45655	1990	2095.47	-1
0	256	7.47826	-3.11346	-1	-1	-1
0	256	2.91331	-8.48623	-1	-1	-1
0	256	4.47387	6.20007	-1	-1	-1
0	256	-9.21391	3.62462	-1	-1	-1
0	256	-3.64978	6.8181	-1	-1	-1
0	256	-8.4521	5.22057	-1	-1	-1
0	256	3.89279	2.44153	1480	1620.94	-1
0	256	-6.42639	5.52091	-1	-1	-1
0	256	5.97767	0.43117	-1	-1	-1
0	256	2.48714	-6.75111	-1	-1	-1
0	256	-7.03541	-3.80874	3620	3676.88	-1
0	256	6.16085	4.85404	-1	-1	-1
0	256	-9.15974	-0.120722	778	861.25	-1
0	256	-3.79315	-6.66663	-1	-1	-1
0	256	-0.711359	5.43258	2397	2441.12	-1
0	256	-6.20196	3.34964	2842	2896.78	-1
0	256	4.50853	-0.591634	-1	-1	-1
0	256	-4.63069	-4.64025	-1	-1	-1
0	256	1.03416	4.49552	-1	-1	-1
0	256	1.02988	-5.2047	50	90.8125	-1
0	256	0.82289	-7.19149	2518	2622.31	-1
0	256	-3.21975	-8.06256	-1	-1	-1
0	256	1.19138	-2.911	2619	2742.97	-1
0	256	-6.72026	-5.44967	-1	-1	-1
0	256	7.86453	-3.39909	-1	-1	-1
0	256	1.13019	-8.0295	-1	-1	-1
0	256	9.62445	-0.279597	2120	2189.41	-1
0	256	1.86077	-4.41888	3020	3056.62	-1
0	256	8.87033	-1.69584	-1	-1	-1
0	256	4.19851	2.36112	-1	-1	-1
0	256	-7.4306	2.83675	-1	-1	-1
0	256	-2.07287	-2.58887	1701	1730.62	-1
0	256	-8.29223	3.64069	-1	-1	-1
0	256	-5.07003	-3.04553	2421	2469.97	-1
0	256	9.38476	-2.23004	-1	-1	-1
0	256	2.27975	6.73007	-1	-1	-1
0	256	3.11166	-0.732091	1308	1433.81	-1
0	256	5.43872	-1.19963	-1	-1	-1
0	256	4.79294	-4.18646	3534	3581.31	-1
0	256	1.83384	7.558	-1	-1	-1
0	256	6.98805	6.73341	-1	-1	-1
0	256	-6.17988	5.29916	-1	-1	-1
0	256	-0.379661	9.48022	-1	-1	-1
0	256	-4.12566	-5.9409	4769	4905.41	-1
0	256	-3.54493	-2.86256	1085	1221.16	-1
0	256	4.88481	-4.30726	-1	-1	-1
0	256	-2.52626	6.48043	-1	-1	-1
0	256	5.83845	1.20228	3719	3820.81	-1
0	256	-6.01166	0.368828	2774	2832	-1
0	256	-7.35182	-4.86304	-1	-1	-1
0	256	-7.1296	-3.05226	-1	-1	-1
0	256	6.33608	2.50931	-1	-1	-1
0	256	-7.54862	-5.23225	-1	-1	-1
0	256	-1.70341	-9.5417	-1	-1	-1
0	256	0.688087	-6.99736	624	753.875	-1
0	256	-7.74598	-0.67557	-1	-1	-1
0	256	-9.75234	-0.132633	-1	-1	-1
0	256	4.52726	5.01757	-1	-1	-1
0	256	-7.17874	4.48235	-1	-1	-1
0	256	2.8237	-7.77153	-1	-1	-1
0	256	-6.48523	-5.42296	-1	-1	-1
0	256	-4.91925	4.68536	-1	-1	-1
0	256	-1.15864	5.65991	-1	-1	-1
0	256	7.60035	-0.367569	-1	-1	-1
0	256	-5.16729	2.62844	-1	-1	-1
0	256	-7.19541	6.30336	-1	-1	-1
0	256	7.73274	-4.21242	-1	-1	-1
0	256	-8.17755	0.866017	-1	-1	-1
0	256	-5.56896	-3.14495	-1	-1	-1
0	256	-7.61912	2.83025	-1	-1	-1
0	256	3.63357	-6.23772	-1	-1	-1
0	256	9.31427	-1.07288	-1	-1	-1
0	256	8.17897	0.192994	3641	3750.09	-1
0	256	5.75189	3.95066	-1	-1	-1
0	256	-6.92617	-1.04935	4649	4744.66	-1
0	256	9.42377	-0.81828	-1	-1	-1
0	256	0.446879	-8.34402	-1	-1	-1
0	256	-9.37788	-3.31453	-1	-1	-1
0	256	-7.7874	1.99198	1473	1530.72	-1
0	256	-4.67476	7.64515	-1	-1	-1
0	256	2.0523	-2.82348	-1	-1	-1
0	256	9.20732	-3.80792	-1	-1	-1
0	256	-7.61578	-4.79747	-1	-1	-1
0	256	5.93348	-3.40066	2679	2799.19	-1
0	256	5.89534	3.71545	2692	2799.09	-1
0	256	-1.038	7.55074	-1	-1	-1
0	256	-6.56512	-0.120835	-1	-1	-1
0	256	-5.75491	0.914985	5106	5150.47	-1
0	256	-3.32366	-6.113	-1	-1	-1
0	256	-0.611598	8.51775	-1	-1	-1
0	256	-4.92379	4.28508	-1	-1	-1
0	256	2.38924	-8.28093	4102	4163.81	-1
0	256	-2.42466	-3.51335	-1	-1	-1
0	256	-4.11953	-4.46187	-1	-1	-1
0	256	3.83342	-3.26405	-1	-1	-1
0	256	3.56094	6.52381	-1	-1	-1
0	256	-3.01024	1.34446	-1	-1	-1
0	256	-3.66007	-2.99923	5232	5378	-1
0	256	-5.89208	1.02632	-1	-1	-1
0	256	-8.50857	1.05937	-1	-1	-1
0	256	-6.11913	1.64764	-1	-1	-1
0	256	-6.14986	6.06618	-1	-1	-1
0	256	5.66154	-2.30167	-1	-1	-1
0	256	6.78166	-5.04125	-1	-1	-1
0	256	3.00987	4.73144	-1	-1	-1
0	256	2.29508	-3.30528	1352	1384.88	-1
0	256	6.35855	4.77001	-1	-1	-1
0	256	5.41466	7.12233	-1	-1	-1
0	256	-1.95326	-2.96853	1489	1646.25	-1
0	256	-1.07754	7.30944	-1	-1	-1
0	256	3.13401	-3.31738	492	638.281	-1
0	256	5.36737	-2.26674	-1	-1	-1
0	256	8.50755	4.48021	-1	-1	-1
0	256	-8.71261	0.519206	-1	-1	-1
0	256	-5.89809	7.12357	-1	-1	-1
0	256	7.71544	-1.40489	-1	-1	-1
0	256	-0.0779218	-4.10303	-1	-1	-1
0	256	1.20251	-6.36384	-1	-1	-1
0	256	-1.46854	-6.46058	-1	-1	-1
0	256	-2.80826	5.32547	-1	-1	-1
0	256	-6.07281	-2.27801	-1	-1	-1
0	256	-3.3164	6.25853	-1	-1	-1
0	256	-0.161642	-6.1596	-1	-1	-1
0	256	-4.56458	-7.29339	-1	-1	-1
0	256	-3.94955	-2.24724	-1	-1	-1
0	256	4.04947	-2.78667	3241	3279.69	-1
0	256	4.78472	8.7473	-1	-1	-1
0	256	-4.36004	3.00538	-1	-1	-1
0	256	0.408551	-5.96925	-1	-1	-1
0	256	6.70653	6.92582	-1	-1	-1
0	256	-0.313293	7.10759	-1	-1	-1
0	256	-8.22855	-5.67492	-1	-1	-1
0	256	-3.38077	-8.68989	-1	-1	-1
0	256	8.2076	-1.31496	-1	-1	-1
0	256	-1.85304	1.45238	332	355.438	-1
0	256	3.03959	6.83772	4519	4575.38	-1
0	256	-5.3711	1.25789	-1	-1	-1
0	256	4.39649	8.46554	-1	-1	-1
0	256	1.01046	-8.54176	-1	-1	-1
0	256	-2.90124	6.55009	-1	-1	-1
0	256	-0.190136	-4.98928	-1	-1	-1
0	256	3.4217	-1.47068	1779	1810.28	-1
0	256	1.72884	-8.18756	-1	-1	-1
0	256	-6.13418	-1.9257	-1	-1	-1
0	256	-1.35237	-7.34308	-1	-1	-1
0	256	2.05206	4.48187	60	109.719	-1
0	256	1.72846	-5.63215	-1	-1	-1
0	256	-1.94362	6.17958	-1	-1	-1
0	256	-7.4224	-5.86414	-1	-1	-1
0	256	-3.15653	4.35331	-1	-1	-1
0	256	9.1514	2.08476	-1	-1	-1
0	256	-7.31728	-0.270648	-1	-1	-1
0	256	4.95739	7.16803	-1	-1	-1
0	256	-3.77747	4.34918	-1	-1	-1
0	256	-5.86996	-5.97247	-1	-1	-1
0	256	4.53712	7.35462	-1	-1	-1
0	256	-3.76937	2.62157	63	206	-1
0	256	-6.35933	4.33806	-1	-1	-1
0	256	-3.97539	-3.52417	-1	-1	-1
0	256	6.28916	-5.08359	-1	-1	-1
0	256	0.934442	5.62545	1315	1428.81	-1
0	256	4.46884	-5.72191	4610	4662.59	-1
0	256	-8.93246	-3.16395	-1	-1	-1
0	256	-8.87398	0.214682	-1	-1	-1
0	256	-5.96249	0.263202	-1	-1	-1
0	256	2.54038	-6.98118	-1	-1	-1
0	256	-8.37786	-3.89612	-1	-1	-1
0	256	-3.71693	-1.1701	1204	1324.78	-1
0	256	7.31194	-6.53754	-1	-1	-1
0	256	-3.25486	-0.163108	3090	3117.59	-1
0	256	-1.06028	-4.35018	-1	-1	-1
0	256	-6.44665	2.33538	-1	-1	-1
0	256	3.75929	1.92016	-1	-1	-1
0	256	1.62448	-4.70135	2656	2792.84	-1
0	256	-6.26024	5.39371	-1	-1	-1
0	256	-1.01277	5.08133	-1	-1	-1
0	256	2.70857	4.70363	-1	-1	-1
0	256	-7.23047	2.40668	-1	-1	-1
