Pile ID	Distribution Type	X-Position	Y-Position	Pickup Time	Drop Off Time	Ant ID
1	1	-3.80766	-6.93388	-1	-1	-1
1	1	-3.65766	-6.93388	-1	-1	-1
1	1	-3.50766	-6.93388	-1	-1	-1
1	1	-3.35766	-6.93388	-1	-1	-1
1	1	-3.20766	-6.93388	-1	-1	-1
1	1	-3.05766	-6.93388	-1	-1	-1
1	1	-2.90766	-6.93388	-1	-1	-1
1	1	-2.75766	-6.93388	-1	-1	-1
1	1	-2.60766	-6.93388	-1	-1	-1
1	1	-2.45766	-6.93388	-1	-1	-1
1	1	-2.30766	-6.93388	-1	-1	-1
1	1	-2.15766	-6.93388	-1	-1	-1
1	1	-2.00766	-6.93388	-1	-1	-1
1	1	-1.85766	-6.93388	-1	-1	-1
1	1	-1.70766	-6.93388	-1	-1	-1
1	1	-1.55766	-6.93388	4971	5024.88	-1
1	1	-3.80766	-6.78388	-1	-1	-1
1	1	-3.65766	-6.78388	-1	-1	-1
1	1	-3.50766	-6.78388	-1	-1	-1
1	1	-3.35766	-6.78388	-1	-1	-1
1	1	-3.20766	-6.78388	-1	-1	-1
1	1	-3.05766	-6.78388	-1	-1	-1
1	1	-2.90766	-6.78388	-1	-1	-1
1	1	-2.75766	-6.78388	-1	-1	-1
1	1	-2.60766	-6.78388	-1	-1	-1
1	1	-2.45766	-6.78388	-1	-1	-1
1	1	-2.30766	-6.78388	-1	-1	-1
1	1	-2.15766	-6.78388	-1	-1	-1
1	1	-2.00766	-6.78388	-1	-1	-1
1	1	-1.85766	-6.78388	-1	-1	-1
1	1	-1.70766	-6.78388	-1	-1	-1
1	1	-1.55766	-6.78388	-1	-1	-1
1	1	-3.80766	-6.63388	-1	-1	-1
1	1	-3.65766	-6.63388	-1	-1	-1
1	1	-3.50766	-6.63388	-1	-1	-1
1	1	-3.35766	-6.63388	-1	-1	-1
1	1	-3.20766	-6.63388	-1	-1	-1
1	1	-3.05766	-6.63388	-1	-1	-1
1	1	-2.90766	-6.63388	-1	-1	-1
1	1	-2.75766	-6.63388	-1	-1	-1
1	1	-2.60766	-6.63388	-1	-1	-1
1	1	-2.45766	-6.63388	-1	-1	-1
1	1	-2.30766	-6.63388	-1	-1	-1
1	1	-2.15766	-6.63388	-1	-1	-1
1	1	-2.00766	-6.63388	-1	-1	-1
1	1	-1.85766	-6.63388	-1	-1	-1
1	1	-1.70766	-6.63388	-1	-1	-1
1	1	-1.55766	-6.63388	-1	-1	-1
1	1	-3.80766	-6.48388	-1	-1	-1
1	1	-3.65766	-6.48388	-1	-1	-1
1	1	-3.50766	-6.48388	-1	-1	-1
1	1	-3.35766	-6.48388	-1	-1	-1
1	1	-3.20766	-6.48388	-1	-1	-1
1	1	-3.05766	-6.48388	-1	-1	-1
1	1	-2.90766	-6.48388	-1	-1	-1
1	1	-2.75766	-6.48388	-1	-1	-1
1	1	-2.60766	-6.48388	-1	-1	-1
1	1	-2.45766	-6.48388	-1	-1	-1
1	1	-2.30766	-6.48388	-1	-1	-1
1	1	-2.15766	-6.48388	-1	-1	-1
1	1	-2.00766	-6.48388	-1	-1	-1
1	1	-1.85766	-6.48388	-1	-1	-1
1	1	-1.70766	-6.48388	-1	-1	-1
1	1	-1.55766	-6.48388	-1	-1	-1
1	1	-3.80766	-6.33388	-1	-1	-1
1	1	-3.65766	-6.33388	-1	-1	-1
1	1	-3.50766	-6.33388	-1	-1	-1
1	1	-3.35766	-6.33388	-1	-1	-1
1	1	-3.20766	-6.33388	-1	-1	-1
1	1	-3.05766	-6.33388	-1	-1	-1
1	1	-2.90766	-6.33388	-1	-1	-1
1	1	-2.75766	-6.33388	-1	-1	-1
1	1	-2.60766	-6.33388	-1	-1	-1
1	1	-2.45766	-6.33388	-1	-1	-1
1	1	-2.30766	-6.33388	-1	-1	-1
1	1	-2.15766	-6.33388	-1	-1	-1
1	1	-2.00766	-6.33388	-1	-1	-1
1	1	-1.85766	-6.33388	-1	-1	-1
1	1	-1.70766	-6.33388	-1	-1	-1
1	1	-1.55766	-6.33388	-1	-1	-1
1	1	-3.80766	-6.18388	-1	-1	-1
1	1	-3.65766	-6.18388	-1	-1	-1
1	1	-3.50766	-6.18388	-1	-1	-1
1	1	-3.35766	-6.18388	-1	-1	-1
1	1	-3.20766	-6.18388	-1	-1	-1
1	1	-3.05766	-6.18388	-1	-1	-1
1	1	-2.90766	-6.18388	-1	-1	-1
1	1	-2.75766	-6.18388	-1	-1	-1
1	1	-2.60766	-6.18388	-1	-1	-1
1	1	-2.45766	-6.18388	-1	-1	-1
1	1	-2.30766	-6.18388	-1	-1	-1
1	1	-2.15766	-6.18388	-1	-1	-1
1	1	-2.00766	-6.18388	-1	-1	-1
1	1	-1.85766	-6.18388	-1	-1	-1
1	1	-1.70766	-6.18388	-1	-1	-1
1	1	-1.55766	-6.18388	-1	-1	-1
1	1	-3.80766	-6.03388	-1	-1	-1
1	1	-3.65766	-6.03388	-1	-1	-1
1	1	-3.50766	-6.03388	-1	-1	-1
1	1	-3.35766	-6.03388	-1	-1	-1
1	1	-3.20766	-6.03388	-1	-1	-1
1	1	-3.05766	-6.03388	-1	-1	-1
1	1	-2.90766	-6.03388	-1	-1	-1
1	1	-2.75766	-6.03388	-1	-1	-1
1	1	-2.60766	-6.03388	-1	-1	-1
1	1	-2.45766	-6.03388	-1	-1	-1
1	1	-2.30766	-6.03388	-1	-1	-1
1	1	-2.15766	-6.03388	-1	-1	-1
1	1	-2.00766	-6.03388	-1	-1	-1
1	1	-1.85766	-6.03388	-1	-1	-1
1	1	-1.70766	-6.03388	-1	-1	-1
1	1	-1.55766	-6.03388	-1	-1	-1
1	1	-3.80766	-5.88388	-1	-1	-1
1	1	-3.65766	-5.88388	-1	-1	-1
1	1	-3.50766	-5.88388	-1	-1	-1
1	1	-3.35766	-5.88388	-1	-1	-1
1	1	-3.20766	-5.88388	-1	-1	-1
1	1	-3.05766	-5.88388	-1	-1	-1
1	1	-2.90766	-5.88388	-1	-1	-1
1	1	-2.75766	-5.88388	-1	-1	-1
1	1	-2.60766	-5.88388	-1	-1	-1
1	1	-2.45766	-5.88388	-1	-1	-1
1	1	-2.30766	-5.88388	-1	-1	-1
1	1	-2.15766	-5.88388	-1	-1	-1
1	1	-2.00766	-5.88388	-1	-1	-1
1	1	-1.85766	-5.88388	-1	-1	-1
1	1	-1.70766	-5.88388	-1	-1	-1
1	1	-1.55766	-5.88388	-1	-1	-1
1	1	-3.80766	-5.73388	-1	-1	-1
1	1	-3.65766	-5.73388	-1	-1	-1
1	1	-3.50766	-5.73388	-1	-1	-1
1	1	-3.35766	-5.73388	-1	-1	-1
1	1	-3.20766	-5.73388	-1	-1	-1
1	1	-3.05766	-5.73388	-1	-1	-1
1	1	-2.90766	-5.73388	-1	-1	-1
1	1	-2.75766	-5.73388	-1	-1	-1
1	1	-2.60766	-5.73388	-1	-1	-1
1	1	-2.45766	-5.73388	-1	-1	-1
1	1	-2.30766	-5.73388	-1	-1	-1
1	1	-2.15766	-5.73388	-1	-1	-1
1	1	-2.00766	-5.73388	-1	-1	-1
1	1	-1.85766	-5.73388	-1	-1	-1
1	1	-1.70766	-5.73388	-1	-1	-1
1	1	-1.55766	-5.73388	-1	-1	-1
1	1	-3.80766	-5.58388	-1	-1	-1
1	1	-3.65766	-5.58388	-1	-1	-1
1	1	-3.50766	-5.58388	-1	-1	-1
1	1	-3.35766	-5.58388	-1	-1	-1
1	1	-3.20766	-5.58388	-1	-1	-1
1	1	-3.05766	-5.58388	-1	-1	-1
1	1	-2.90766	-5.58388	-1	-1	-1
1	1	-2.75766	-5.58388	-1	-1	-1
1	1	-2.60766	-5.58388	-1	-1	-1
1	1	-2.45766	-5.58388	-1	-1	-1
1	1	-2.30766	-5.58388	-1	-1	-1
1	1	-2.15766	-5.58388	-1	-1	-1
1	1	-2.00766	-5.58388	-1	-1	-1
1	1	-1.85766	-5.58388	-1	-1	-1
1	1	-1.70766	-5.58388	-1	-1	-1
1	1	-1.55766	-5.58388	-1	-1	-1
1	1	-3.80766	-5.43388	-1	-1	-1
1	1	-3.65766	-5.43388	-1	-1	-1
1	1	-3.50766	-5.43388	-1	-1	-1
1	1	-3.35766	-5.43388	-1	-1	-1
1	1	-3.20766	-5.43388	-1	-1	-1
1	1	-3.05766	-5.43388	-1	-1	-1
1	1	-2.90766	-5.43388	-1	-1	-1
1	1	-2.75766	-5.43388	-1	-1	-1
1	1	-2.60766	-5.43388	-1	-1	-1
1	1	-2.45766	-5.43388	-1	-1	-1
1	1	-2.30766	-5.43388	-1	-1	-1
1	1	-2.15766	-5.43388	-1	-1	-1
1	1	-2.00766	-5.43388	-1	-1	-1
1	1	-1.85766	-5.43388	-1	-1	-1
1	1	-1.70766	-5.43388	-1	-1	-1
1	1	-1.55766	-5.43388	-1	-1	-1
1	1	-3.80766	-5.28388	-1	-1	-1
1	1	-3.65766	-5.28388	-1	-1	-1
1	1	-3.50766	-5.28388	-1	-1	-1
1	1	-3.35766	-5.28388	-1	-1	-1
1	1	-3.20766	-5.28388	-1	-1	-1
1	1	-3.05766	-5.28388	-1	-1	-1
1	1	-2.90766	-5.28388	-1	-1	-1
1	1	-2.75766	-5.28388	-1	-1	-1
1	1	-2.60766	-5.28388	-1	-1	-1
1	1	-2.45766	-5.28388	-1	-1	-1
1	1	-2.30766	-5.28388	-1	-1	-1
1	1	-2.15766	-5.28388	-1	-1	-1
1	1	-2.00766	-5.28388	-1	-1	-1
1	1	-1.85766	-5.28388	-1	-1	-1
1	1	-1.70766	-5.28388	-1	-1	-1
1	1	-1.55766	-5.28388	-1	-1	-1
1	1	-3.80766	-5.13388	-1	-1	-1
1	1	-3.65766	-5.13388	-1	-1	-1
1	1	-3.50766	-5.13388	4645	4712.06	-1
1	1	-3.35766	-5.13388	2061	2123.56	-1
1	1	-3.20766	-5.13388	4314	4364.59	-1
1	1	-3.05766	-5.13388	-1	-1	-1
1	1	-2.90766	-5.13388	-1	-1	-1
1	1	-2.75766	-5.13388	-1	-1	-1
1	1	-2.60766	-5.13388	-1	-1	-1
1	1	-2.45766	-5.13388	-1	-1	-1
1	1	-2.30766	-5.13388	-1	-1	-1
1	1	-2.15766	-5.13388	-1	-1	-1
1	1	-2.00766	-5.13388	-1	-1	-1
1	1	-1.85766	-5.13388	-1	-1	-1
1	1	-1.70766	-5.13388	-1	-1	-1
1	1	-1.55766	-5.13388	-1	-1	-1
1	1	-3.80766	-4.98388	-1	-1	-1
1	1	-3.65766	-4.98388	2082	2142.62	-1
1	1	-3.50766	-4.98388	1834	1883.84	-1
1	1	-3.35766	-4.98388	1697	1748.88	-1
1	1	-3.20766	-4.98388	1791	1844.28	-1
1	1	-3.05766	-4.98388	-1	-1	-1
1	1	-2.90766	-4.98388	-1	-1	-1
1	1	-2.75766	-4.98388	-1	-1	-1
1	1	-2.60766	-4.98388	2976	3045.06	-1
1	1	-2.45766	-4.98388	2854	2905.44	-1
1	1	-2.30766	-4.98388	3917	4035.75	-1
1	1	-2.15766	-4.98388	-1	-1	-1
1	1	-2.00766	-4.98388	4137	4178.25	-1
1	1	-1.85766	-4.98388	4215	4265.97	-1
1	1	-1.70766	-4.98388	-1	-1	-1
1	1	-1.55766	-4.98388	-1	-1	-1
1	1	-3.80766	-4.83388	5256	5306.81	-1
1	1	-3.65766	-4.83388	2044	2110.59	-1
1	1	-3.50766	-4.83388	1929	1981.94	-1
1	1	-3.35766	-4.83388	1477	1531.25	-1
1	1	-3.20766	-4.83388	1580	1628.22	-1
1	1	-3.05766	-4.83388	2189	2329.41	-1
1	1	-2.90766	-4.83388	2372	2414.44	-1
1	1	-2.75766	-4.83388	4444	4571.47	-1
1	1	-2.60766	-4.83388	2729	2787	-1
1	1	-2.45766	-4.83388	2824	2874.94	-1
1	1	-2.30766	-4.83388	3029	3075.06	-1
1	1	-2.15766	-4.83388	3674	3798.41	-1
1	1	-2.00766	-4.83388	3053	3112.09	-1
1	1	-1.85766	-4.83388	3176	3215.88	-1
1	1	-1.70766	-4.83388	-1	-1	-1
1	1	-1.55766	-4.83388	4861	4970.56	-1
1	1	-3.80766	-4.68388	5357	-1	-1
1	1	-3.65766	-4.68388	-1	-1	-1
1	1	-3.50766	-4.68388	1976	2030.41	-1
1	1	-3.35766	-4.68388	1107	1246.88	-1
1	1	-3.20766	-4.68388	1288	1334.12	-1
1	1	-3.05766	-4.68388	1382	1437.75	-1
1	1	-2.90766	-4.68388	1821	1959.72	-1
1	1	-2.75766	-4.68388	3673	3829.69	-1
1	1	-2.60766	-4.68388	2452	2583.53	-1
1	1	-2.45766	-4.68388	2630	2673.22	-1
1	1	-2.30766	-4.68388	2771	2819.38	-1
1	1	-2.15766	-4.68388	3038	3125.53	-1
1	1	-2.00766	-4.68388	2937	2985	-1
1	1	-1.85766	-4.68388	2257	2386.41	-1
1	1	-1.70766	-4.68388	-1	-1	-1
1	1	-1.55766	-4.68388	1913	1951.22	-1
2	4	-9.45022	5.96617	-1	-1	-1
2	4	-9.30022	5.96617	-1	-1	-1
2	4	-9.15022	5.96617	-1	-1	-1
2	4	-9.00022	5.96617	-1	-1	-1
2	4	-8.85022	5.96617	-1	-1	-1
2	4	-8.70022	5.96617	-1	-1	-1
2	4	-8.55022	5.96617	-1	-1	-1
2	4	-8.40022	5.96617	-1	-1	-1
2	4	-9.45022	6.11617	-1	-1	-1
2	4	-9.30022	6.11617	-1	-1	-1
2	4	-9.15022	6.11617	-1	-1	-1
2	4	-9.00022	6.11617	-1	-1	-1
2	4	-8.85022	6.11617	-1	-1	-1
2	4	-8.70022	6.11617	-1	-1	-1
2	4	-8.55022	6.11617	-1	-1	-1
2	4	-8.40022	6.11617	-1	-1	-1
2	4	-9.45022	6.26617	-1	-1	-1
2	4	-9.30022	6.26617	-1	-1	-1
2	4	-9.15022	6.26617	-1	-1	-1
2	4	-9.00022	6.26617	-1	-1	-1
2	4	-8.85022	6.26617	-1	-1	-1
2	4	-8.70022	6.26617	-1	-1	-1
2	4	-8.55022	6.26617	-1	-1	-1
2	4	-8.40022	6.26617	-1	-1	-1
2	4	-9.45022	6.41617	-1	-1	-1
2	4	-9.30022	6.41617	-1	-1	-1
2	4	-9.15022	6.41617	-1	-1	-1
2	4	-9.00022	6.41617	-1	-1	-1
2	4	-8.85022	6.41617	-1	-1	-1
2	4	-8.70022	6.41617	-1	-1	-1
2	4	-8.55022	6.41617	-1	-1	-1
2	4	-8.40022	6.41617	-1	-1	-1
2	4	-9.45022	6.56617	-1	-1	-1
2	4	-9.30022	6.56617	-1	-1	-1
2	4	-9.15022	6.56617	-1	-1	-1
2	4	-9.00022	6.56617	-1	-1	-1
2	4	-8.85022	6.56617	-1	-1	-1
2	4	-8.70022	6.56617	-1	-1	-1
2	4	-8.55022	6.56617	-1	-1	-1
2	4	-8.40022	6.56617	-1	-1	-1
2	4	-9.45022	6.71617	-1	-1	-1
2	4	-9.30022	6.71617	-1	-1	-1
2	4	-9.15022	6.71617	-1	-1	-1
2	4	-9.00022	6.71617	-1	-1	-1
2	4	-8.85022	6.71617	-1	-1	-1
2	4	-8.70022	6.71617	-1	-1	-1
2	4	-8.55022	6.71617	-1	-1	-1
2	4	-8.40022	6.71617	-1	-1	-1
2	4	-9.45022	6.86617	-1	-1	-1
2	4	-9.30022	6.86617	-1	-1	-1
2	4	-9.15022	6.86617	-1	-1	-1
2	4	-9.00022	6.86617	-1	-1	-1
2	4	-8.85022	6.86617	-1	-1	-1
2	4	-8.70022	6.86617	-1	-1	-1
2	4	-8.55022	6.86617	-1	-1	-1
2	4	-8.40022	6.86617	-1	-1	-1
2	4	-9.45022	7.01617	-1	-1	-1
2	4	-9.30022	7.01617	-1	-1	-1
2	4	-9.15022	7.01617	-1	-1	-1
2	4	-9.00022	7.01617	-1	-1	-1
2	4	-8.85022	7.01617	-1	-1	-1
2	4	-8.70022	7.01617	-1	-1	-1
2	4	-8.55022	7.01617	-1	-1	-1
2	4	-8.40022	7.01617	-1	-1	-1
3	4	-6.01576	-7.1498	-1	-1	-1
3	4	-5.86576	-7.1498	-1	-1	-1
3	4	-5.71576	-7.1498	-1	-1	-1
3	4	-5.56576	-7.1498	-1	-1	-1
3	4	-5.41576	-7.1498	-1	-1	-1
3	4	-5.26576	-7.1498	-1	-1	-1
3	4	-5.11576	-7.1498	-1	-1	-1
3	4	-4.96576	-7.1498	-1	-1	-1
3	4	-6.01576	-6.9998	-1	-1	-1
3	4	-5.86576	-6.9998	-1	-1	-1
3	4	-5.71576	-6.9998	-1	-1	-1
3	4	-5.56576	-6.9998	-1	-1	-1
3	4	-5.41576	-6.9998	-1	-1	-1
3	4	-5.26576	-6.9998	-1	-1	-1
3	4	-5.11576	-6.9998	-1	-1	-1
3	4	-4.96576	-6.9998	-1	-1	-1
3	4	-6.01576	-6.8498	-1	-1	-1
3	4	-5.86576	-6.8498	-1	-1	-1
3	4	-5.71576	-6.8498	-1	-1	-1
3	4	-5.56576	-6.8498	-1	-1	-1
3	4	-5.41576	-6.8498	-1	-1	-1
3	4	-5.26576	-6.8498	-1	-1	-1
3	4	-5.11576	-6.8498	-1	-1	-1
3	4	-4.96576	-6.8498	-1	-1	-1
3	4	-6.01576	-6.6998	-1	-1	-1
3	4	-5.86576	-6.6998	-1	-1	-1
3	4	-5.71576	-6.6998	-1	-1	-1
3	4	-5.56576	-6.6998	-1	-1	-1
3	4	-5.41576	-6.6998	-1	-1	-1
3	4	-5.26576	-6.6998	-1	-1	-1
3	4	-5.11576	-6.6998	-1	-1	-1
3	4	-4.96576	-6.6998	-1	-1	-1
3	4	-6.01576	-6.5498	-1	-1	-1
3	4	-5.86576	-6.5498	-1	-1	-1
3	4	-5.71576	-6.5498	-1	-1	-1
3	4	-5.56576	-6.5498	-1	-1	-1
3	4	-5.41576	-6.5498	-1	-1	-1
3	4	-5.26576	-6.5498	-1	-1	-1
3	4	-5.11576	-6.5498	-1	-1	-1
3	4	-4.96576	-6.5498	-1	-1	-1
3	4	-6.01576	-6.3998	-1	-1	-1
3	4	-5.86576	-6.3998	-1	-1	-1
3	4	-5.71576	-6.3998	-1	-1	-1
3	4	-5.56576	-6.3998	-1	-1	-1
3	4	-5.41576	-6.3998	-1	-1	-1
3	4	-5.26576	-6.3998	-1	-1	-1
3	4	-5.11576	-6.3998	-1	-1	-1
3	4	-4.96576	-6.3998	-1	-1	-1
3	4	-6.01576	-6.2498	-1	-1	-1
3	4	-5.86576	-6.2498	-1	-1	-1
3	4	-5.71576	-6.2498	-1	-1	-1
3	4	-5.56576	-6.2498	-1	-1	-1
3	4	-5.41576	-6.2498	-1	-1	-1
3	4	-5.26576	-6.2498	-1	-1	-1
3	4	-5.11576	-6.2498	-1	-1	-1
3	4	-4.96576	-6.2498	-1	-1	-1
3	4	-6.01576	-6.0998	4411	4537.25	-1
3	4	-5.86576	-6.0998	-1	-1	-1
3	4	-5.71576	-6.0998	-1	-1	-1
3	4	-5.56576	-6.0998	-1	-1	-1
3	4	-5.41576	-6.0998	-1	-1	-1
3	4	-5.26576	-6.0998	-1	-1	-1
3	4	-5.11576	-6.0998	-1	-1	-1
3	4	-4.96576	-6.0998	-1	-1	-1
4	4	7.42047	-3.16636	-1	-1	-1
4	4	7.57047	-3.16636	-1	-1	-1
4	4	7.72047	-3.16636	-1	-1	-1
4	4	7.87047	-3.16636	-1	-1	-1
4	4	8.02047	-3.16636	-1	-1	-1
4	4	8.17047	-3.16636	-1	-1	-1
4	4	8.32047	-3.16636	-1	-1	-1
4	4	8.47047	-3.16636	-1	-1	-1
4	4	7.42047	-3.01636	-1	-1	-1
4	4	7.57047	-3.01636	-1	-1	-1
4	4	7.72047	-3.01636	-1	-1	-1
4	4	7.87047	-3.01636	-1	-1	-1
4	4	8.02047	-3.01636	-1	-1	-1
4	4	8.17047	-3.01636	-1	-1	-1
4	4	8.32047	-3.01636	-1	-1	-1
4	4	8.47047	-3.01636	-1	-1	-1
4	4	7.42047	-2.86636	-1	-1	-1
4	4	7.57047	-2.86636	-1	-1	-1
4	4	7.72047	-2.86636	-1	-1	-1
4	4	7.87047	-2.86636	-1	-1	-1
4	4	8.02047	-2.86636	-1	-1	-1
4	4	8.17047	-2.86636	-1	-1	-1
4	4	8.32047	-2.86636	-1	-1	-1
4	4	8.47047	-2.86636	-1	-1	-1
4	4	7.42047	-2.71636	-1	-1	-1
4	4	7.57047	-2.71636	-1	-1	-1
4	4	7.72047	-2.71636	-1	-1	-1
4	4	7.87047	-2.71636	-1	-1	-1
4	4	8.02047	-2.71636	-1	-1	-1
4	4	8.17047	-2.71636	-1	-1	-1
4	4	8.32047	-2.71636	-1	-1	-1
4	4	8.47047	-2.71636	-1	-1	-1
4	4	7.42047	-2.56636	-1	-1	-1
4	4	7.57047	-2.56636	-1	-1	-1
4	4	7.72047	-2.56636	-1	-1	-1
4	4	7.87047	-2.56636	-1	-1	-1
4	4	8.02047	-2.56636	-1	-1	-1
4	4	8.17047	-2.56636	-1	-1	-1
4	4	8.32047	-2.56636	-1	-1	-1
4	4	8.47047	-2.56636	-1	-1	-1
4	4	7.42047	-2.41636	-1	-1	-1
4	4	7.57047	-2.41636	-1	-1	-1
4	4	7.72047	-2.41636	-1	-1	-1
4	4	7.87047	-2.41636	-1	-1	-1
4	4	8.02047	-2.41636	-1	-1	-1
4	4	8.17047	-2.41636	-1	-1	-1
4	4	8.32047	-2.41636	-1	-1	-1
4	4	8.47047	-2.41636	-1	-1	-1
4	4	7.42047	-2.26636	-1	-1	-1
4	4	7.57047	-2.26636	-1	-1	-1
4	4	7.72047	-2.26636	-1	-1	-1
4	4	7.87047	-2.26636	-1	-1	-1
4	4	8.02047	-2.26636	-1	-1	-1
4	4	8.17047	-2.26636	-1	-1	-1
4	4	8.32047	-2.26636	-1	-1	-1
4	4	8.47047	-2.26636	-1	-1	-1
4	4	7.42047	-2.11636	-1	-1	-1
4	4	7.57047	-2.11636	3885	3957.97	-1
4	4	7.72047	-2.11636	3714	3807.59	-1
4	4	7.87047	-2.11636	3943	4004.94	-1
4	4	8.02047	-2.11636	-1	-1	-1
4	4	8.17047	-2.11636	-1	-1	-1
4	4	8.32047	-2.11636	4751	4840.41	-1
4	4	8.47047	-2.11636	4930	4999.41	-1
5	4	-2.95494	5.99443	-1	-1	-1
5	4	-2.80494	5.99443	-1	-1	-1
5	4	-2.65494	5.99443	-1	-1	-1
5	4	-2.50494	5.99443	438	551.625	-1
5	4	-2.35494	5.99443	593	643.719	-1
5	4	-2.20494	5.99443	688	768.938	-1
5	4	-2.05494	5.99443	766	818.281	-1
5	4	-1.90494	5.99443	-1	-1	-1
5	4	-2.95494	6.14443	-1	-1	-1
5	4	-2.80494	6.14443	-1	-1	-1
5	4	-2.65494	6.14443	-1	-1	-1
5	4	-2.50494	6.14443	987	1038.12	-1
5	4	-2.35494	6.14443	1083	1133.75	-1
5	4	-2.20494	6.14443	886	942.312	-1
5	4	-2.05494	6.14443	988	1038.16	-1
5	4	-1.90494	6.14443	-1	-1	-1
5	4	-2.95494	6.29443	-1	-1	-1
5	4	-2.80494	6.29443	-1	-1	-1
5	4	-2.65494	6.29443	-1	-1	-1
5	4	-2.50494	6.29443	-1	-1	-1
5	4	-2.35494	6.29443	-1	-1	-1
5	4	-2.20494	6.29443	-1	-1	-1
5	4	-2.05494	6.29443	-1	-1	-1
5	4	-1.90494	6.29443	-1	-1	-1
5	4	-2.95494	6.44443	-1	-1	-1
5	4	-2.80494	6.44443	-1	-1	-1
5	4	-2.65494	6.44443	-1	-1	-1
5	4	-2.50494	6.44443	-1	-1	-1
5	4	-2.35494	6.44443	-1	-1	-1
5	4	-2.20494	6.44443	-1	-1	-1
5	4	-2.05494	6.44443	-1	-1	-1
5	4	-1.90494	6.44443	-1	-1	-1
5	4	-2.95494	6.59443	-1	-1	-1
5	4	-2.80494	6.59443	-1	-1	-1
5	4	-2.65494	6.59443	-1	-1	-1
5	4	-2.50494	6.59443	-1	-1	-1
5	4	-2.35494	6.59443	-1	-1	-1
5	4	-2.20494	6.59443	-1	-1	-1
5	4	-2.05494	6.59443	-1	-1	-1
5	4	-1.90494	6.59443	-1	-1	-1
5	4	-2.95494	6.74443	-1	-1	-1
5	4	-2.80494	6.74443	-1	-1	-1
5	4	-2.65494	6.74443	-1	-1	-1
5	4	-2.50494	6.74443	-1	-1	-1
5	4	-2.35494	6.74443	-1	-1	-1
5	4	-2.20494	6.74443	-1	-1	-1
5	4	-2.05494	6.74443	-1	-1	-1
5	4	-1.90494	6.74443	-1	-1	-1
5	4	-2.95494	6.89443	-1	-1	-1
5	4	-2.80494	6.89443	-1	-1	-1
5	4	-2.65494	6.89443	-1	-1	-1
5	4	-2.50494	6.89443	-1	-1	-1
5	4	-2.35494	6.89443	-1	-1	-1
5	4	-2.20494	6.89443	-1	-1	-1
5	4	-2.05494	6.89443	-1	-1	-1
5	4	-1.90494	6.89443	-1	-1	-1
5	4	-2.95494	7.04443	-1	-1	-1
5	4	-2.80494	7.04443	-1	-1	-1
5	4	-2.65494	7.04443	-1	-1	-1
5	4	-2.50494	7.04443	-1	-1	-1
5	4	-2.35494	7.04443	-1	-1	-1
5	4	-2.20494	7.04443	-1	-1	-1
5	4	-2.05494	7.04443	-1	-1	-1
5	4	-1.90494	7.04443	-1	-1	-1
6	16	5.2724	2.02717	-1	-1	-1
6	16	5.4224	2.02717	3375	3486.66	-1
6	16	5.5724	2.02717	-1	-1	-1
6	16	5.7224	2.02717	1398	1458.22	-1
6	16	5.2724	2.17717	3615	3718.53	-1
6	16	5.4224	2.17717	-1	-1	-1
6	16	5.5724	2.17717	-1	-1	-1
6	16	5.7224	2.17717	-1	-1	-1
6	16	5.2724	2.32717	1556	1607.06	-1
6	16	5.4224	2.32717	-1	-1	-1
6	16	5.5724	2.32717	-1	-1	-1
6	16	5.7224	2.32717	-1	-1	-1
6	16	5.2724	2.47717	2583	2694.88	-1
6	16	5.4224	2.47717	3371	3492.53	-1
6	16	5.5724	2.47717	-1	-1	-1
6	16	5.7224	2.47717	-1	-1	-1
7	16	7.24158	-0.0431267	-1	-1	-1
7	16	7.39158	-0.0431267	-1	-1	-1
7	16	7.54158	-0.0431267	-1	-1	-1
7	16	7.69158	-0.0431267	-1	-1	-1
7	16	7.24158	0.106873	-1	-1	-1
7	16	7.39158	0.106873	-1	-1	-1
7	16	7.54158	0.106873	-1	-1	-1
7	16	7.69158	0.106873	-1	-1	-1
7	16	7.24158	0.256873	-1	-1	-1
7	16	7.39158	0.256873	-1	-1	-1
7	16	7.54158	0.256873	-1	-1	-1
7	16	7.69158	0.256873	-1	-1	-1
7	16	7.24158	0.406873	4104	4201.78	-1
7	16	7.39158	0.406873	-1	-1	-1
7	16	7.54158	0.406873	-1	-1	-1
7	16	7.69158	0.406873	-1	-1	-1
8	16	5.38332	1.34106	1150	1200.03	-1
8	16	5.53332	1.34106	1163	1224.91	-1
8	16	5.68332	1.34106	1871	1975.66	-1
8	16	5.83332	1.34106	2416	2515.81	-1
8	16	5.38332	1.49106	955	1031.16	-1
8	16	5.53332	1.49106	1031	1085.16	-1
8	16	5.68332	1.49106	1199	1253.53	-1
8	16	5.83332	1.49106	1336	1392.03	-1
8	16	5.38332	1.64106	780	888.406	-1
8	16	5.53332	1.64106	945	1006.03	-1
8	16	5.68332	1.64106	1066	1121.09	-1
8	16	5.83332	1.64106	1214	1295.28	-1
8	16	5.38332	1.79106	1619	1662.59	-1
8	16	5.53332	1.79106	1360	1425.97	-1
8	16	5.68332	1.79106	1174	1254.28	-1
8	16	5.83332	1.79106	1280	1344.5	-1
9	16	1.55989	5.01096	-1	-1	-1
9	16	1.70989	5.01096	3610	3651.75	-1
9	16	1.85989	5.01096	-1	-1	-1
9	16	2.00989	5.01096	-1	-1	-1
9	16	1.55989	5.16096	-1	-1	-1
9	16	1.70989	5.16096	-1	-1	-1
9	16	1.85989	5.16096	-1	-1	-1
9	16	2.00989	5.16096	-1	-1	-1
9	16	1.55989	5.31096	-1	-1	-1
9	16	1.70989	5.31096	-1	-1	-1
9	16	1.85989	5.31096	-1	-1	-1
9	16	2.00989	5.31096	-1	-1	-1
9	16	1.55989	5.46096	-1	-1	-1
9	16	1.70989	5.46096	-1	-1	-1
9	16	1.85989	5.46096	-1	-1	-1
9	16	2.00989	5.46096	-1	-1	-1
10	16	2.20186	8.90098	3832	3913.88	-1
10	16	2.35186	8.90098	-1	-1	-1
10	16	2.50186	8.90098	-1	-1	-1
10	16	2.65186	8.90098	-1	-1	-1
10	16	2.20186	9.05098	3976	4056.56	-1
10	16	2.35186	9.05098	-1	-1	-1
10	16	2.50186	9.05098	-1	-1	-1
10	16	2.65186	9.05098	-1	-1	-1
10	16	2.20186	9.20098	-1	-1	-1
10	16	2.35186	9.20098	-1	-1	-1
10	16	2.50186	9.20098	-1	-1	-1
10	16	2.65186	9.20098	-1	-1	-1
10	16	2.20186	9.35098	1044	1115.5	-1
10	16	2.35186	9.35098	-1	-1	-1
10	16	2.50186	9.35098	-1	-1	-1
10	16	2.65186	9.35098	-1	-1	-1
11	16	-4.79727	-5.6671	-1	-1	-1
11	16	-4.64727	-5.6671	-1	-1	-1
11	16	-4.49727	-5.6671	-1	-1	-1
11	16	-4.34727	-5.6671	-1	-1	-1
11	16	-4.79727	-5.5171	-1	-1	-1
11	16	-4.64727	-5.5171	-1	-1	-1
11	16	-4.49727	-5.5171	-1	-1	-1
11	16	-4.34727	-5.5171	-1	-1	-1
11	16	-4.79727	-5.3671	-1	-1	-1
11	16	-4.64727	-5.3671	-1	-1	-1
11	16	-4.49727	-5.3671	-1	-1	-1
11	16	-4.34727	-5.3671	-1	-1	-1
11	16	-4.79727	-5.2171	-1	-1	-1
11	16	-4.64727	-5.2171	3715	3770.47	-1
11	16	-4.49727	-5.2171	3900	3958.28	-1
11	16	-4.34727	-5.2171	-1	-1	-1
12	16	-0.0919412	-7.02449	-1	-1	-1
12	16	0.0580588	-7.02449	-1	-1	-1
12	16	0.208059	-7.02449	-1	-1	-1
12	16	0.358059	-7.02449	-1	-1	-1
12	16	-0.0919412	-6.87449	-1	-1	-1
12	16	0.0580588	-6.87449	-1	-1	-1
12	16	0.208059	-6.87449	-1	-1	-1
12	16	0.358059	-6.87449	-1	-1	-1
12	16	-0.0919412	-6.72449	-1	-1	-1
12	16	0.0580588	-6.72449	-1	-1	-1
12	16	0.208059	-6.72449	-1	-1	-1
12	16	0.358059	-6.72449	-1	-1	-1
12	16	-0.0919412	-6.57449	4682	4792.72	-1
12	16	0.0580588	-6.57449	300	406.938	-1
12	16	0.208059	-6.57449	-1	-1	-1
12	16	0.358059	-6.57449	-1	-1	-1
13	16	-2.89956	1.92993	3341	3377.75	-1
13	16	-2.74956	1.92993	3451	3496.69	-1
13	16	-2.59956	1.92993	5047	5201.16	-1
13	16	-2.44956	1.92993	3333	3409.75	-1
13	16	-2.89956	2.07993	-1	-1	-1
13	16	-2.74956	2.07993	-1	-1	-1
13	16	-2.59956	2.07993	-1	-1	-1
13	16	-2.44956	2.07993	2527	2706.91	-1
13	16	-2.89956	2.22993	-1	-1	-1
13	16	-2.74956	2.22993	-1	-1	-1
13	16	-2.59956	2.22993	-1	-1	-1
13	16	-2.44956	2.22993	4386	4550.41	-1
13	16	-2.89956	2.37993	-1	-1	-1
13	16	-2.74956	2.37993	-1	-1	-1
13	16	-2.59956	2.37993	5201	5369.91	-1
13	16	-2.44956	2.37993	101	131.031	-1
14	16	1.77899	-7.54408	2032	2099.62	-1
14	16	1.92899	-7.54408	-1	-1	-1
14	16	2.07899	-7.54408	-1	-1	-1
14	16	2.22899	-7.54408	-1	-1	-1
14	16	1.77899	-7.39408	2013	2074.16	-1
14	16	1.92899	-7.39408	-1	-1	-1
14	16	2.07899	-7.39408	-1	-1	-1
14	16	2.22899	-7.39408	-1	-1	-1
14	16	1.77899	-7.24408	1882	1940.31	-1
14	16	1.92899	-7.24408	-1	-1	-1
14	16	2.07899	-7.24408	-1	-1	-1
14	16	2.22899	-7.24408	-1	-1	-1
14	16	1.77899	-7.09408	-1	-1	-1
14	16	1.92899	-7.09408	-1	-1	-1
14	16	2.07899	-7.09408	-1	-1	-1
14	16	2.22899	-7.09408	-1	-1	-1
15	16	4.11438	2.67733	2459	2589.31	-1
15	16	4.26438	2.67733	-1	-1	-1
15	16	4.41438	2.67733	-1	-1	-1
15	16	4.56438	2.67733	-1	-1	-1
15	16	4.11438	2.82733	2759	2801.16	-1
15	16	4.26438	2.82733	-1	-1	-1
15	16	4.41438	2.82733	-1	-1	-1
15	16	4.56438	2.82733	-1	-1	-1
15	16	4.11438	2.97733	3075	3214.22	-1
15	16	4.26438	2.97733	-1	-1	-1
15	16	4.41438	2.97733	-1	-1	-1
15	16	4.56438	2.97733	-1	-1	-1
15	16	4.11438	3.12733	3105	3259.22	-1
15	16	4.26438	3.12733	4180	4305.81	-1
15	16	4.41438	3.12733	-1	-1	-1
15	16	4.56438	3.12733	-1	-1	-1
16	16	3.39495	-4.24935	2189	2339.06	-1
16	16	3.54495	-4.24935	4042	4084.75	-1
16	16	3.69495	-4.24935	-1	-1	-1
16	16	3.84495	-4.24935	-1	-1	-1
16	16	3.39495	-4.09935	2379	2422.47	-1
16	16	3.54495	-4.09935	3933	3977.75	-1
16	16	3.69495	-4.09935	-1	-1	-1
16	16	3.84495	-4.09935	-1	-1	-1
16	16	3.39495	-3.94935	3491	3625.88	-1
16	16	3.54495	-3.94935	3779	3820.09	-1
16	16	3.69495	-3.94935	4856	5014.12	-1
16	16	3.84495	-3.94935	4379	4529.53	-1
16	16	3.39495	-3.79935	3665	3705.09	-1
16	16	3.54495	-3.79935	4828	4986.75	-1
16	16	3.69495	-3.79935	2815	2959.16	-1
16	16	3.84495	-3.79935	2997	3040.94	-1
17	16	-2.80969	8.85997	-1	-1	-1
17	16	-2.65969	8.85997	-1	-1	-1
17	16	-2.50969	8.85997	-1	-1	-1
17	16	-2.35969	8.85997	-1	-1	-1
17	16	-2.80969	9.00997	-1	-1	-1
17	16	-2.65969	9.00997	-1	-1	-1
17	16	-2.50969	9.00997	-1	-1	-1
17	16	-2.35969	9.00997	-1	-1	-1
17	16	-2.80969	9.15997	-1	-1	-1
17	16	-2.65969	9.15997	-1	-1	-1
17	16	-2.50969	9.15997	-1	-1	-1
17	16	-2.35969	9.15997	-1	-1	-1
17	16	-2.80969	9.30997	-1	-1	-1
17	16	-2.65969	9.30997	-1	-1	-1
17	16	-2.50969	9.30997	-1	-1	-1
17	16	-2.35969	9.30997	-1	-1	-1
18	16	-7.30408	5.54856	-1	-1	-1
18	16	-7.15408	5.54856	3379	3449.38	-1
18	16	-7.00408	5.54856	2991	3120.75	-1
18	16	-6.85408	5.54856	3195	3278.5	-1
18	16	-7.30408	5.69856	-1	-1	-1
18	16	-7.15408	5.69856	-1	-1	-1
18	16	-7.00408	5.69856	-1	-1	-1
18	16	-6.85408	5.69856	-1	-1	-1
18	16	-7.30408	5.84856	-1	-1	-1
18	16	-7.15408	5.84856	-1	-1	-1
18	16	-7.00408	5.84856	-1	-1	-1
18	16	-6.85408	5.84856	-1	-1	-1
18	16	-7.30408	5.99856	-1	-1	-1
18	16	-7.15408	5.99856	-1	-1	-1
18	16	-7.00408	5.99856	-1	-1	-1
18	16	-6.85408	5.99856	-1	-1	-1
19	16	3.23148	-2.63575	-1	-1	-1
19	16	3.38148	-2.63575	901	936.094	-1
19	16	3.53148	-2.63575	827	869.781	-1
19	16	3.68148	-2.63575	2236	2372.56	-1
19	16	3.23148	-2.48575	3619	3651.75	-1
19	16	3.38148	-2.48575	587	621.188	-1
19	16	3.53148	-2.48575	669	717.062	-1
19	16	3.68148	-2.48575	1408	1443.34	-1
19	16	3.23148	-2.33575	736	783.25	-1
19	16	3.38148	-2.33575	220	363.906	-1
19	16	3.53148	-2.33575	516	551.25	-1
19	16	3.68148	-2.33575	1763	1921.12	-1
19	16	3.23148	-2.18575	170	313.156	-1
19	16	3.38148	-2.18575	156	189.938	-1
19	16	3.53148	-2.18575	399	439	-1
19	16	3.68148	-2.18575	428	471.562	-1
20	16	-4.15814	0.258408	-1	-1	-1
20	16	-4.00814	0.258408	4565	4689.22	-1
20	16	-3.85814	0.258408	4224	4349.56	-1
20	16	-3.70814	0.258408	2353	2393.97	-1
20	16	-4.15814	0.408408	-1	-1	-1
20	16	-4.00814	0.408408	-1	-1	-1
20	16	-3.85814	0.408408	4086	4118.12	-1
20	16	-3.70814	0.408408	443	560.656	-1
20	16	-4.15814	0.558408	-1	-1	-1
20	16	-4.00814	0.558408	4770	4887.22	-1
20	16	-3.85814	0.558408	235	356.031	-1
20	16	-3.70814	0.558408	1967	1997.97	-1
20	16	-4.15814	0.708408	-1	-1	-1
20	16	-4.00814	0.708408	571	603.75	-1
20	16	-3.85814	0.708408	387	433.469	-1
20	16	-3.70814	0.708408	404	446.25	-1
21	16	4.62911	6.17627	4737	4864.34	-1
21	16	4.77911	6.17627	3085	3197.97	-1
21	16	4.92911	6.17627	3301	3357.91	-1
21	16	5.07911	6.17627	3265	3334.62	-1
21	16	4.62911	6.32627	-1	-1	-1
21	16	4.77911	6.32627	-1	-1	-1
21	16	4.92911	6.32627	5360	-1	-1
21	16	5.07911	6.32627	3941	4056.47	-1
21	16	4.62911	6.47627	-1	-1	-1
21	16	4.77911	6.47627	-1	-1	-1
21	16	4.92911	6.47627	-1	-1	-1
21	16	5.07911	6.47627	-1	-1	-1
21	16	4.62911	6.62627	-1	-1	-1
21	16	4.77911	6.62627	-1	-1	-1
21	16	4.92911	6.62627	-1	-1	-1
21	16	5.07911	6.62627	-1	-1	-1
0	256	3.45397	1.03761	32	62.375	-1
0	256	2.9211	-8.91784	-1	-1	-1
0	256	-8.64465	-3.73513	-1	-1	-1
0	256	-0.367428	-4.15525	248	370.062	-1
0	256	-2.33902	-8.46123	-1	-1	-1
0	256	2.18101	-4.95455	443	571.094	-1
0	256	2.22475	6.90803	-1	-1	-1
0	256	-6.04326	-2.01899	5092	5194.47	-1
0	256	7.19233	-6.41609	-1	-1	-1
0	256	-6.5327	-2.67676	-1	-1	-1
0	256	-6.56958	5.38414	4257	4370.59	-1
0	256	9.40026	2.60771	-1	-1	-1
0	256	7.50125	-3.87422	-1	-1	-1
0	256	-7.2489	4.49998	-1	-1	-1
0	256	-1.41557	-5.37461	-1	-1	-1
0	256	9.10196	-0.225401	-1	-1	-1
0	256	-5.90515	4.18219	-1	-1	-1
0	256	6.69688	2.69149	2350	2403.22	-1
0	256	-6.50294	-3.72318	4147	4255.28	-1
0	256	-7.19318	-2.24698	5396	-1	-1
0	256	2.69328	1.73646	71	197.469	-1
0	256	1.78395	7.41021	769	835.031	-1
0	256	-5.36296	0.194504	614	659.875	-1
0	256	2.92585	4.34281	3737	3873	-1
0	256	-7.88697	-4.32618	-1	-1	-1
0	256	-6.45698	0.48014	-1	-1	-1
0	256	6.00895	-2.54176	1712	1821.66	-1
0	256	7.59778	-6.12833	570	642.344	-1
0	256	-9.22459	-1.75494	5294	5362.34	-1
0	256	6.86994	-5.44468	-1	-1	-1
0	256	-5.59055	-1.29562	124	228.906	-1
0	256	-5.94653	1.29914	-1	-1	-1
0	256	0.313462	-1.84822	1540	1669.12	-1
0	256	-9.28118	-0.474679	3425	3511.69	-1
0	256	-8.7723	-3.9435	-1	-1	-1
0	256	8.08071	-3.84063	-1	-1	-1
0	256	-4.94339	7.99935	-1	-1	-1
0	256	4.952	-5.02183	-1	-1	-1
0	256	-9.66906	6.72853	-1	-1	-1
0	256	2.53542	7.11837	-1	-1	-1
0	256	7.17533	5.70403	-1	-1	-1
0	256	-5.43536	1.69205	-1	-1	-1
0	256	6.13491	-4.45643	-1	-1	-1
0	256	-3.0826	0.734518	-1	-1	-1
0	256	-4.43591	7.91766	-1	-1	-1
0	256	6.9727	-1.04929	2659	2713.97	-1
0	256	-6.7664	-0.747253	-1	-1	-1
0	256	-1.47708	-2.74285	354	482.781	-1
0	256	1.82601	4.52953	3412	3456.12	-1
0	256	-5.88871	2.90382	3214	3262.97	-1
0	256	-1.55686	4.86874	4051	4159.62	-1
0	256	3.93364	9.00077	-1	-1	-1
0	256	6.24215	1.13026	539	636.219	-1
0	256	-4.16733	6.37374	-1	-1	-1
0	256	7.02771	5.48817	-1	-1	-1
0	256	-3.99471	4.73624	3809	3946.47	-1
0	256	8.68403	3.93613	-1	-1	-1
0	256	0.615479	3.17846	94	122.031	-1
0	256	1.71337	-3.16137	455	488.531	-1
0	256	-9.76697	2.08097	1202	1270.44	-1
0	256	-8.07728	4.66769	4374	4439.91	-1
0	256	-7.5573	-2.20612	-1	-1	-1
0	256	-3.70127	-8.93377	-1	-1	-1
0	256	3.31055	2.52694	271	410.281	-1
0	256	-4.4789	5.6132	-1	-1	-1
0	256	-6.44297	-7.36088	-1	-1	-1
0	256	-8.65299	-1.75218	2611	2703.41	-1
0	256	5.96986	-6.84438	-1	-1	-1
0	256	9.64651	8.96455	-1	-1	-1
0	256	-8.35764	1.06944	-1	-1	-1
0	256	4.25945	-6.41277	-1	-1	-1
0	256	-3.58575	-8.67417	-1	-1	-1
0	256	6.43166	7.46161	-1	-1	-1
0	256	-1.15412	5.0223	-1	-1	-1
0	256	-8.81411	1.31943	-1	-1	-1
0	256	7.07519	2.69494	-1	-1	-1
0	256	6.80558	6.50366	-1	-1	-1
0	256	-6.64736	-1.00522	1587	1692.03	-1
0	256	4.20469	-6.18598	1775	1898.66	-1
0	256	4.84332	-3.80387	-1	-1	-1
0	256	2.60512	-9.03756	-1	-1	-1
0	256	-3.12898	7.28862	-1	-1	-1
0	256	-7.67653	5.67481	-1	-1	-1
0	256	-9.04544	2.62916	-1	-1	-1
0	256	9.14625	-3.08975	-1	-1	-1
0	256	-6.67042	-5.26796	-1	-1	-1
0	256	-8.39226	1.59948	-1	-1	-1
0	256	2.94778	3.64626	1217	1369.62	-1
0	256	6.9535	-4.67532	1914	1977.03	-1
0	256	-4.02823	-4.18297	-1	-1	-1
0	256	3.66837	-1.75217	-1	-1	-1
0	256	3.89859	6.05474	-1	-1	-1
0	256	7.72583	2.64802	1735	1832.28	-1
0	256	4.2141	5.11759	2930	3070.38	-1
0	256	9.1046	-1.3737	-1	-1	-1
0	256	7.00574	-4.86236	-1	-1	-1
0	256	5.51024	7.93366	3597	3670.75	-1
0	256	-6.27178	0.245363	-1	-1	-1
0	256	6.25235	3.62318	-1	-1	-1
0	256	2.79865	-2.41027	2354	2505.91	-1
0	256	0.00154227	-9.54573	-1	-1	-1
0	256	-3.8737	1.80064	-1	-1	-1
0	256	4.42783	8.13128	-1	-1	-1
0	256	-0.744941	-9.61787	-1	-1	-1
0	256	7.79018	-1.89971	2028	2124.56	-1
0	256	4.9944	-7.93286	-1	-1	-1
0	256	1.75819	-8.06253	2327	2414.62	-1
0	256	-5.09024	-3.85628	4152	4205.84	-1
0	256	-4.20971	-4.68893	2842	2992.66	-1
0	256	1.51856	-4.65429	625	666.969	-1
0	256	-4.22685	4.50329	-1	-1	-1
0	256	-3.42082	7.84374	-1	-1	-1
0	256	-2.53087	-7.49171	-1	-1	-1
0	256	2.14057	2.56727	58	86.2812	-1
0	256	4.84428	8.04213	-1	-1	-1
0	256	6.51683	6.22561	4700	4827.31	-1
0	256	-4.17456	6.97594	1064	1175.41	-1
0	256	3.38923	3.88775	4779	4819.06	-1
0	256	-1.77333	4.9959	-1	-1	-1
0	256	-9.71209	7.70129	-1	-1	-1
0	256	3.71975	8.79282	4447	4523.28	-1
0	256	2.01415	-4.8508	3517	3558.66	-1
0	256	-4.31108	4.61072	-1	-1	-1
0	256	-5.29644	7.6723	-1	-1	-1
0	256	-4.53496	8.48495	-1	-1	-1
0	256	-4.10828	7.66948	-1	-1	-1
0	256	6.58775	-6.11911	-1	-1	-1
0	256	3.00494	-2.26974	2055	2203.78	-1
0	256	8.24025	3.45009	-1	-1	-1
0	256	-2.08331	2.47961	1200	1362.19	-1
0	256	-5.5396	-3.72516	5302	-1	-1
0	256	-7.6892	4.07828	2573	2663.5	-1
0	256	-9.10481	-1.86274	-1	-1	-1
0	256	5.99314	-6.97222	-1	-1	-1
0	256	1.9291	7.5925	-1	-1	-1
0	256	-1.19911	8.66244	-1	-1	-1
0	256	-0.519474	7.33091	-1	-1	-1
0	256	9.11342	3.31705	-1	-1	-1
0	256	-4.94705	4.4816	4038	4090.22	-1
0	256	-1.64438	-2.6893	40	67.4688	-1
0	256	8.93274	4.16495	-1	-1	-1
0	256	6.54515	3.85465	-1	-1	-1
0	256	-4.58576	-5.78115	-1	-1	-1
0	256	-7.52253	-4.10726	-1	-1	-1
0	256	7.75978	-4.40382	-1	-1	-1
0	256	-8.01187	-1.98585	-1	-1	-1
0	256	-3.66734	6.79691	-1	-1	-1
0	256	-4.98148	-2.4467	-1	-1	-1
0	256	-7.67185	-5.34587	4305	4425.31	-1
0	256	0.180701	6.26263	-1	-1	-1
0	256	3.22512	-0.324517	2906	2934.22	-1
0	256	4.18222	6.86162	-1	-1	-1
0	256	-3.60269	0.974928	4595	4675.28	-1
0	256	8.34323	5.23339	-1	-1	-1
0	256	-3.51421	3.68192	268	422.5	-1
0	256	-2.76475	-3.20927	5249	5394.78	-1
0	256	-0.441434	5.96546	1733	1845.03	-1
0	256	1.44038	-5.56266	3090	3143.31	-1
0	256	4.36137	-2.03971	4202	4248.06	-1
0	256	7.19731	-1.53029	2173	2269.5	-1
0	256	7.72831	0.541594	-1	-1	-1
0	256	-3.20649	-2.89638	2140	2175.88	-1
0	256	-6.36096	7.47428	-1	-1	-1
0	256	0.0939127	8.47715	4260	4359.56	-1
0	256	0.00160953	3.42717	2787	2816.81	-1
0	256	-4.04938	7.99511	-1	-1	-1
0	256	1.88512	-5.94292	-1	-1	-1
0	256	-3.83604	-9.1133	-1	-1	-1
0	256	4.15587	-3.25131	4097	4228.03	-1
0	256	-6.57592	1.78123	-1	-1	-1
0	256	-4.70378	1.74458	2428	2533.66	-1
0	256	3.55831	-9.19801	-1	-1	-1
0	256	-4.45864	-3.15232	158	207.688	-1
0	256	7.32928	6.6182	1101	1210.28	-1
0	256	-6.25147	5.24466	-1	-1	-1
0	256	-5.18469	2.24336	-1	-1	-1
0	256	4.92903	-0.812919	2649	2687.59	-1
0	256	5.31458	-1.29191	1529	1641	-1
0	256	-7.76292	-4.29606	-1	-1	-1
0	256	6.61615	7.72473	-1	-1	-1
0	256	-2.23736	9.59451	-1	-1	-1
0	256	8.72655	-3.6339	209	276.906	-1
0	256	1.68003	-2.66206	1060	1091.38	-1
0	256	4.06893	-0.165109	914	948.031	-1
0	256	-3.44684	-4.08295	1245	1388.44	-1
0	256	1.83082	-3.09345	2346	2380.38	-1
0	256	-0.936563	5.49475	3479	3584.84	-1
0	256	-4.11999	-5.34412	-1	-1	-1
0	256	-1.7129	7.04524	-1	-1	-1
0	256	-2.20617	2.44549	41	72.5625	-1
0	256	-9.39405	0.809026	-1	-1	-1
0	256	1.43871	-9.67557	2193	2267.72	-1
0	256	1.7888	-3.33873	2971	3104.69	-1
0	256	-0.120637	8.05339	-1	-1	-1
0	256	8.91979	4.47434	-1	-1	-1
0	256	1.78332	6.99314	-1	-1	-1
0	256	3.24863	-6.31884	-1	-1	-1
0	256	-0.572373	3.0974	1421	1543.44	-1
0	256	-7.74746	4.95461	4918	4986	-1
0	256	-4.3453	2.91585	-1	-1	-1
0	256	-8.25234	-5.62414	-1	-1	-1
0	256	1.78302	5.93652	-1	-1	-1
0	256	-4.53496	5.78212	-1	-1	-1
0	256	3.90413	-8.95741	-1	-1	-1
0	256	7.6316	1.64913	-1	-1	-1
0	256	-4.90839	-1.64345	3898	4017.62	-1
0	256	-0.921604	-4.3397	-1	-1	-1
0	256	1.79309	-4.87259	-1	-1	-1
0	256	-6.3045	-0.722014	-1	-1	-1
0	256	3.63437	-7.85107	5062	5168.22	-1
0	256	-0.475782	-6.74852	3719	3769.84	-1
0	256	3.00818	7.44821	4466	4530.78	-1
0	256	3.47591	-5.45956	4202	4330.75	-1
0	256	-2.66421	5.06297	-1	-1	-1
0	256	-9.05017	0.38541	-1	-1	-1
0	256	4.01009	1.60756	196	317.312	-1
0	256	-5.1273	-4.66472	4405	4570.28	-1
0	256	-6.06636	6.9078	4602	4718.59	-1
0	256	5.61222	-4.2872	-1	-1	-1
0	256	0.275877	8.63333	79	144.438	-1
0	256	8.08306	1.37289	-1	-1	-1
0	256	0.864912	3.10419	2762	2886.5	-1
0	256	0.502211	3.61472	1699	1728.91	-1
0	256	4.25968	7.85565	-1	-1	-1
0	256	-7.90875	5.55566	5310	5380.69	-1
0	256	6.5759	-6.44575	-1	-1	-1
0	256	3.19747	-7.5577	-1	-1	-1
0	256	-7.16062	6.22577	-1	-1	-1
0	256	-0.162369	5.10286	-1	-1	-1
0	256	-0.524304	5.37367	-1	-1	-1
0	256	-3.01715	-2.83731	2902	3062.22	-1
0	256	1.3284	-3.6958	79	120.812	-1
0	256	-4.66417	3.96124	820	970.438	-1
0	256	-7.42364	8.93117	-1	-1	-1
0	256	6.89951	-2.69804	2349	2409.88	-1
0	256	-7.93515	-0.194479	2544	2601	-1
0	256	-1.80261	8.13906	-1	-1	-1
0	256	4.91658	-7.30464	-1	-1	-1
0	256	1.90778	-8.47853	-1	-1	-1
0	256	-0.0697915	4.24412	3547	3665.59	-1
0	256	-0.729172	8.35698	-1	-1	-1
0	256	-3.79151	-4.40258	58	107.219	-1
0	256	-1.4106	-9.24153	-1	-1	-1
0	256	8.77593	2.61434	-1	-1	-1
0	256	-6.20397	1.78786	-1	-1	-1
0	256	-6.43594	4.96935	-1	-1	-1
0	256	-1.0971	-7.94925	391	451.875	-1
0	256	-5.55317	6.10344	-1	-1	-1
0	256	-8.20884	2.40009	-1	-1	-1
0	256	-0.174076	-7.46345	-1	-1	-1
0	256	0.277745	-4.09128	2139	2173.22	-1
0	256	-5.29131	-0.567957	1429	1549.62	-1
0	256	8.53818	3.04828	-1	-1	-1
0	256	-0.71753	-4.22317	57	96.9062	-1
0	256	6.50838	-2.51259	174	280.062	-1
0	256	-0.557863	-8.83167	-1	-1	-1
