Pile ID	Distribution Type	X-Position	Y-Position	Pickup Time	Drop Off Time	Ant ID
1	1	-8.38396	-3.5736	-1	-1	-1
1	1	-8.23396	-3.5736	-1	-1	-1
1	1	-8.08396	-3.5736	-1	-1	-1
1	1	-7.93396	-3.5736	-1	-1	-1
1	1	-7.78396	-3.5736	-1	-1	-1
1	1	-7.63396	-3.5736	-1	-1	-1
1	1	-7.48396	-3.5736	-1	-1	-1
1	1	-7.33396	-3.5736	-1	-1	-1
1	1	-7.18396	-3.5736	-1	-1	-1
1	1	-7.03396	-3.5736	-1	-1	-1
1	1	-6.88396	-3.5736	-1	-1	-1
1	1	-6.73396	-3.5736	-1	-1	-1
1	1	-6.58396	-3.5736	-1	-1	-1
1	1	-6.43396	-3.5736	-1	-1	-1
1	1	-6.28396	-3.5736	-1	-1	-1
1	1	-6.13396	-3.5736	-1	-1	-1
1	1	-8.38396	-3.4236	-1	-1	-1
1	1	-8.23396	-3.4236	-1	-1	-1
1	1	-8.08396	-3.4236	-1	-1	-1
1	1	-7.93396	-3.4236	-1	-1	-1
1	1	-7.78396	-3.4236	-1	-1	-1
1	1	-7.63396	-3.4236	-1	-1	-1
1	1	-7.48396	-3.4236	-1	-1	-1
1	1	-7.33396	-3.4236	-1	-1	-1
1	1	-7.18396	-3.4236	-1	-1	-1
1	1	-7.03396	-3.4236	-1	-1	-1
1	1	-6.88396	-3.4236	-1	-1	-1
1	1	-6.73396	-3.4236	-1	-1	-1
1	1	-6.58396	-3.4236	-1	-1	-1
1	1	-6.43396	-3.4236	-1	-1	-1
1	1	-6.28396	-3.4236	-1	-1	-1
1	1	-6.13396	-3.4236	-1	-1	-1
1	1	-8.38396	-3.2736	-1	-1	-1
1	1	-8.23396	-3.2736	-1	-1	-1
1	1	-8.08396	-3.2736	-1	-1	-1
1	1	-7.93396	-3.2736	-1	-1	-1
1	1	-7.78396	-3.2736	-1	-1	-1
1	1	-7.63396	-3.2736	-1	-1	-1
1	1	-7.48396	-3.2736	-1	-1	-1
1	1	-7.33396	-3.2736	-1	-1	-1
1	1	-7.18396	-3.2736	-1	-1	-1
1	1	-7.03396	-3.2736	-1	-1	-1
1	1	-6.88396	-3.2736	-1	-1	-1
1	1	-6.73396	-3.2736	-1	-1	-1
1	1	-6.58396	-3.2736	-1	-1	-1
1	1	-6.43396	-3.2736	-1	-1	-1
1	1	-6.28396	-3.2736	-1	-1	-1
1	1	-6.13396	-3.2736	2818	2952.38	-1
1	1	-8.38396	-3.1236	-1	-1	-1
1	1	-8.23396	-3.1236	-1	-1	-1
1	1	-8.08396	-3.1236	-1	-1	-1
1	1	-7.93396	-3.1236	-1	-1	-1
1	1	-7.78396	-3.1236	-1	-1	-1
1	1	-7.63396	-3.1236	-1	-1	-1
1	1	-7.48396	-3.1236	-1	-1	-1
1	1	-7.33396	-3.1236	-1	-1	-1
1	1	-7.18396	-3.1236	-1	-1	-1
1	1	-7.03396	-3.1236	-1	-1	-1
1	1	-6.88396	-3.1236	-1	-1	-1
1	1	-6.73396	-3.1236	-1	-1	-1
1	1	-6.58396	-3.1236	-1	-1	-1
1	1	-6.43396	-3.1236	-1	-1	-1
1	1	-6.28396	-3.1236	-1	-1	-1
1	1	-6.13396	-3.1236	2398	2505.31	-1
1	1	-8.38396	-2.9736	-1	-1	-1
1	1	-8.23396	-2.9736	-1	-1	-1
1	1	-8.08396	-2.9736	-1	-1	-1
1	1	-7.93396	-2.9736	-1	-1	-1
1	1	-7.78396	-2.9736	-1	-1	-1
1	1	-7.63396	-2.9736	-1	-1	-1
1	1	-7.48396	-2.9736	-1	-1	-1
1	1	-7.33396	-2.9736	-1	-1	-1
1	1	-7.18396	-2.9736	-1	-1	-1
1	1	-7.03396	-2.9736	-1	-1	-1
1	1	-6.88396	-2.9736	-1	-1	-1
1	1	-6.73396	-2.9736	-1	-1	-1
1	1	-6.58396	-2.9736	-1	-1	-1
1	1	-6.43396	-2.9736	-1	-1	-1
1	1	-6.28396	-2.9736	-1	-1	-1
1	1	-6.13396	-2.9736	-1	-1	-1
1	1	-8.38396	-2.8236	-1	-1	-1
1	1	-8.23396	-2.8236	-1	-1	-1
1	1	-8.08396	-2.8236	-1	-1	-1
1	1	-7.93396	-2.8236	-1	-1	-1
1	1	-7.78396	-2.8236	-1	-1	-1
1	1	-7.63396	-2.8236	-1	-1	-1
1	1	-7.48396	-2.8236	-1	-1	-1
1	1	-7.33396	-2.8236	-1	-1	-1
1	1	-7.18396	-2.8236	-1	-1	-1
1	1	-7.03396	-2.8236	-1	-1	-1
1	1	-6.88396	-2.8236	-1	-1	-1
1	1	-6.73396	-2.8236	-1	-1	-1
1	1	-6.58396	-2.8236	-1	-1	-1
1	1	-6.43396	-2.8236	-1	-1	-1
1	1	-6.28396	-2.8236	-1	-1	-1
1	1	-6.13396	-2.8236	3777	3831.16	-1
1	1	-8.38396	-2.6736	-1	-1	-1
1	1	-8.23396	-2.6736	-1	-1	-1
1	1	-8.08396	-2.6736	-1	-1	-1
1	1	-7.93396	-2.6736	-1	-1	-1
1	1	-7.78396	-2.6736	-1	-1	-1
1	1	-7.63396	-2.6736	-1	-1	-1
1	1	-7.48396	-2.6736	-1	-1	-1
1	1	-7.33396	-2.6736	-1	-1	-1
1	1	-7.18396	-2.6736	-1	-1	-1
1	1	-7.03396	-2.6736	-1	-1	-1
1	1	-6.88396	-2.6736	-1	-1	-1
1	1	-6.73396	-2.6736	-1	-1	-1
1	1	-6.58396	-2.6736	-1	-1	-1
1	1	-6.43396	-2.6736	-1	-1	-1
1	1	-6.28396	-2.6736	-1	-1	-1
1	1	-6.13396	-2.6736	3620	3727.91	-1
1	1	-8.38396	-2.5236	-1	-1	-1
1	1	-8.23396	-2.5236	-1	-1	-1
1	1	-8.08396	-2.5236	-1	-1	-1
1	1	-7.93396	-2.5236	-1	-1	-1
1	1	-7.78396	-2.5236	-1	-1	-1
1	1	-7.63396	-2.5236	-1	-1	-1
1	1	-7.48396	-2.5236	-1	-1	-1
1	1	-7.33396	-2.5236	-1	-1	-1
1	1	-7.18396	-2.5236	-1	-1	-1
1	1	-7.03396	-2.5236	-1	-1	-1
1	1	-6.88396	-2.5236	-1	-1	-1
1	1	-6.73396	-2.5236	-1	-1	-1
1	1	-6.58396	-2.5236	-1	-1	-1
1	1	-6.43396	-2.5236	-1	-1	-1
1	1	-6.28396	-2.5236	-1	-1	-1
1	1	-6.13396	-2.5236	3814	3864.91	-1
1	1	-8.38396	-2.3736	-1	-1	-1
1	1	-8.23396	-2.3736	-1	-1	-1
1	1	-8.08396	-2.3736	-1	-1	-1
1	1	-7.93396	-2.3736	-1	-1	-1
1	1	-7.78396	-2.3736	-1	-1	-1
1	1	-7.63396	-2.3736	-1	-1	-1
1	1	-7.48396	-2.3736	-1	-1	-1
1	1	-7.33396	-2.3736	-1	-1	-1
1	1	-7.18396	-2.3736	-1	-1	-1
1	1	-7.03396	-2.3736	-1	-1	-1
1	1	-6.88396	-2.3736	-1	-1	-1
1	1	-6.73396	-2.3736	-1	-1	-1
1	1	-6.58396	-2.3736	-1	-1	-1
1	1	-6.43396	-2.3736	-1	-1	-1
1	1	-6.28396	-2.3736	-1	-1	-1
1	1	-6.13396	-2.3736	1984	2106.62	-1
1	1	-8.38396	-2.2236	-1	-1	-1
1	1	-8.23396	-2.2236	-1	-1	-1
1	1	-8.08396	-2.2236	-1	-1	-1
1	1	-7.93396	-2.2236	-1	-1	-1
1	1	-7.78396	-2.2236	-1	-1	-1
1	1	-7.63396	-2.2236	-1	-1	-1
1	1	-7.48396	-2.2236	-1	-1	-1
1	1	-7.33396	-2.2236	-1	-1	-1
1	1	-7.18396	-2.2236	-1	-1	-1
1	1	-7.03396	-2.2236	-1	-1	-1
1	1	-6.88396	-2.2236	-1	-1	-1
1	1	-6.73396	-2.2236	-1	-1	-1
1	1	-6.58396	-2.2236	-1	-1	-1
1	1	-6.43396	-2.2236	-1	-1	-1
1	1	-6.28396	-2.2236	-1	-1	-1
1	1	-6.13396	-2.2236	-1	-1	-1
1	1	-8.38396	-2.0736	-1	-1	-1
1	1	-8.23396	-2.0736	-1	-1	-1
1	1	-8.08396	-2.0736	-1	-1	-1
1	1	-7.93396	-2.0736	-1	-1	-1
1	1	-7.78396	-2.0736	-1	-1	-1
1	1	-7.63396	-2.0736	-1	-1	-1
1	1	-7.48396	-2.0736	-1	-1	-1
1	1	-7.33396	-2.0736	-1	-1	-1
1	1	-7.18396	-2.0736	-1	-1	-1
1	1	-7.03396	-2.0736	-1	-1	-1
1	1	-6.88396	-2.0736	-1	-1	-1
1	1	-6.73396	-2.0736	-1	-1	-1
1	1	-6.58396	-2.0736	-1	-1	-1
1	1	-6.43396	-2.0736	-1	-1	-1
1	1	-6.28396	-2.0736	-1	-1	-1
1	1	-6.13396	-2.0736	-1	-1	-1
1	1	-8.38396	-1.9236	-1	-1	-1
1	1	-8.23396	-1.9236	-1	-1	-1
1	1	-8.08396	-1.9236	-1	-1	-1
1	1	-7.93396	-1.9236	-1	-1	-1
1	1	-7.78396	-1.9236	5129	5189.66	-1
1	1	-7.63396	-1.9236	5099	5154.88	-1
1	1	-7.48396	-1.9236	-1	-1	-1
1	1	-7.33396	-1.9236	4398	4468.72	-1
1	1	-7.18396	-1.9236	4242	4314.62	-1
1	1	-7.03396	-1.9236	-1	-1	-1
1	1	-6.88396	-1.9236	-1	-1	-1
1	1	-6.73396	-1.9236	-1	-1	-1
1	1	-6.58396	-1.9236	-1	-1	-1
1	1	-6.43396	-1.9236	-1	-1	-1
1	1	-6.28396	-1.9236	-1	-1	-1
1	1	-6.13396	-1.9236	-1	-1	-1
1	1	-8.38396	-1.7736	-1	-1	-1
1	1	-8.23396	-1.7736	-1	-1	-1
1	1	-8.08396	-1.7736	-1	-1	-1
1	1	-7.93396	-1.7736	5139	5201.72	-1
1	1	-7.78396	-1.7736	4939	5006.44	-1
1	1	-7.63396	-1.7736	4813	4868.34	-1
1	1	-7.48396	-1.7736	4394	4458	-1
1	1	-7.33396	-1.7736	4172	4267.44	-1
1	1	-7.18396	-1.7736	3988	4066.81	-1
1	1	-7.03396	-1.7736	4044	4103.22	-1
1	1	-6.88396	-1.7736	3668	3728.41	-1
1	1	-6.73396	-1.7736	3613	3670.97	-1
1	1	-6.58396	-1.7736	-1	-1	-1
1	1	-6.43396	-1.7736	-1	-1	-1
1	1	-6.28396	-1.7736	-1	-1	-1
1	1	-6.13396	-1.7736	-1	-1	-1
1	1	-8.38396	-1.6236	3653	3712.72	-1
1	1	-8.23396	-1.6236	-1	-1	-1
1	1	-8.08396	-1.6236	-1	-1	-1
1	1	-7.93396	-1.6236	5273	5351.94	-1
1	1	-7.78396	-1.6236	4991	5053.91	-1
1	1	-7.63396	-1.6236	4592	4703.31	-1
1	1	-7.48396	-1.6236	4315	4402.53	-1
1	1	-7.33396	-1.6236	4170	4234.12	-1
1	1	-7.18396	-1.6236	3853	3924.94	-1
1	1	-7.03396	-1.6236	3442	3511.66	-1
1	1	-6.88396	-1.6236	3320	3374.62	-1
1	1	-6.73396	-1.6236	3504	3561.5	-1
1	1	-6.58396	-1.6236	2931	3013.25	-1
1	1	-6.43396	-1.6236	-1	-1	-1
1	1	-6.28396	-1.6236	-1	-1	-1
1	1	-6.13396	-1.6236	-1	-1	-1
1	1	-8.38396	-1.4736	3779	3839.56	-1
1	1	-8.23396	-1.4736	3925	4003.72	-1
1	1	-8.08396	-1.4736	-1	-1	-1
1	1	-7.93396	-1.4736	-1	-1	-1
1	1	-7.78396	-1.4736	-1	-1	-1
1	1	-7.63396	-1.4736	4437	4513.59	-1
1	1	-7.48396	-1.4736	4258	4328.78	-1
1	1	-7.33396	-1.4736	4198	4273.66	-1
1	1	-7.18396	-1.4736	4023	4113.56	-1
1	1	-7.03396	-1.4736	3260	3318.25	-1
1	1	-6.88396	-1.4736	3102	3156.53	-1
1	1	-6.73396	-1.4736	2705	2785.59	-1
1	1	-6.58396	-1.4736	2717	2801.41	-1
1	1	-6.43396	-1.4736	2777	2837.22	-1
1	1	-6.28396	-1.4736	-1	-1	-1
1	1	-6.13396	-1.4736	-1	-1	-1
1	1	-8.38396	-1.3236	3910	3984.53	-1
1	1	-8.23396	-1.3236	-1	-1	-1
1	1	-8.08396	-1.3236	-1	-1	-1
1	1	-7.93396	-1.3236	-1	-1	-1
1	1	-7.78396	-1.3236	-1	-1	-1
1	1	-7.63396	-1.3236	4624	4690.38	-1
1	1	-7.48396	-1.3236	4466	4528.31	-1
1	1	-7.33396	-1.3236	4406	4479.81	-1
1	1	-7.18396	-1.3236	4349	4414.62	-1
1	1	-7.03396	-1.3236	3445	3506.31	-1
1	1	-6.88396	-1.3236	2918	3029.72	-1
1	1	-6.73396	-1.3236	2370	2421.44	-1
1	1	-6.58396	-1.3236	2470	2520.34	-1
1	1	-6.43396	-1.3236	2579	2626.62	-1
1	1	-6.28396	-1.3236	2798	2854.91	-1
1	1	-6.13396	-1.3236	-1	-1	-1
2	4	-9.39179	1.70983	-1	-1	-1
2	4	-9.24179	1.70983	-1	-1	-1
2	4	-9.09179	1.70983	-1	-1	-1
2	4	-8.94179	1.70983	-1	-1	-1
2	4	-8.79179	1.70983	-1	-1	-1
2	4	-8.64179	1.70983	-1	-1	-1
2	4	-8.49179	1.70983	-1	-1	-1
2	4	-8.34179	1.70983	-1	-1	-1
2	4	-9.39179	1.85983	-1	-1	-1
2	4	-9.24179	1.85983	-1	-1	-1
2	4	-9.09179	1.85983	-1	-1	-1
2	4	-8.94179	1.85983	-1	-1	-1
2	4	-8.79179	1.85983	-1	-1	-1
2	4	-8.64179	1.85983	-1	-1	-1
2	4	-8.49179	1.85983	-1	-1	-1
2	4	-8.34179	1.85983	-1	-1	-1
2	4	-9.39179	2.00983	-1	-1	-1
2	4	-9.24179	2.00983	-1	-1	-1
2	4	-9.09179	2.00983	-1	-1	-1
2	4	-8.94179	2.00983	-1	-1	-1
2	4	-8.79179	2.00983	-1	-1	-1
2	4	-8.64179	2.00983	-1	-1	-1
2	4	-8.49179	2.00983	-1	-1	-1
2	4	-8.34179	2.00983	-1	-1	-1
2	4	-9.39179	2.15983	-1	-1	-1
2	4	-9.24179	2.15983	-1	-1	-1
2	4	-9.09179	2.15983	-1	-1	-1
2	4	-8.94179	2.15983	-1	-1	-1
2	4	-8.79179	2.15983	-1	-1	-1
2	4	-8.64179	2.15983	-1	-1	-1
2	4	-8.49179	2.15983	-1	-1	-1
2	4	-8.34179	2.15983	-1	-1	-1
2	4	-9.39179	2.30983	-1	-1	-1
2	4	-9.24179	2.30983	-1	-1	-1
2	4	-9.09179	2.30983	-1	-1	-1
2	4	-8.94179	2.30983	-1	-1	-1
2	4	-8.79179	2.30983	-1	-1	-1
2	4	-8.64179	2.30983	-1	-1	-1
2	4	-8.49179	2.30983	-1	-1	-1
2	4	-8.34179	2.30983	-1	-1	-1
2	4	-9.39179	2.45983	-1	-1	-1
2	4	-9.24179	2.45983	-1	-1	-1
2	4	-9.09179	2.45983	-1	-1	-1
2	4	-8.94179	2.45983	-1	-1	-1
2	4	-8.79179	2.45983	-1	-1	-1
2	4	-8.64179	2.45983	-1	-1	-1
2	4	-8.49179	2.45983	-1	-1	-1
2	4	-8.34179	2.45983	-1	-1	-1
2	4	-9.39179	2.60983	-1	-1	-1
2	4	-9.24179	2.60983	-1	-1	-1
2	4	-9.09179	2.60983	-1	-1	-1
2	4	-8.94179	2.60983	-1	-1	-1
2	4	-8.79179	2.60983	-1	-1	-1
2	4	-8.64179	2.60983	-1	-1	-1
2	4	-8.49179	2.60983	-1	-1	-1
2	4	-8.34179	2.60983	-1	-1	-1
2	4	-9.39179	2.75983	-1	-1	-1
2	4	-9.24179	2.75983	-1	-1	-1
2	4	-9.09179	2.75983	-1	-1	-1
2	4	-8.94179	2.75983	-1	-1	-1
2	4	-8.79179	2.75983	-1	-1	-1
2	4	-8.64179	2.75983	-1	-1	-1
2	4	-8.49179	2.75983	-1	-1	-1
2	4	-8.34179	2.75983	-1	-1	-1
3	4	2.14809	3.22954	2400	2484.09	-1
3	4	2.29809	3.22954	2219	2371.84	-1
3	4	2.44809	3.22954	2469	2521.28	-1
3	4	2.59809	3.22954	3153	3299.88	-1
3	4	2.74809	3.22954	5125	5159.16	-1
3	4	2.89809	3.22954	298	343.656	-1
3	4	3.04809	3.22954	194	232.875	-1
3	4	3.19809	3.22954	121	161.219	-1
3	4	2.14809	3.37954	2568	2601.16	-1
3	4	2.29809	3.37954	2566	2607.94	-1
3	4	2.44809	3.37954	2587	2633.88	-1
3	4	2.59809	3.37954	-1	-1	-1
3	4	2.74809	3.37954	-1	-1	-1
3	4	2.89809	3.37954	-1	-1	-1
3	4	3.04809	3.37954	2534	2692.41	-1
3	4	3.19809	3.37954	3624	3808.66	-1
3	4	2.14809	3.52954	3521	3553.91	-1
3	4	2.29809	3.52954	3689	3722.22	-1
3	4	2.44809	3.52954	4454	4594.59	-1
3	4	2.59809	3.52954	4509	4595.28	-1
3	4	2.74809	3.52954	-1	-1	-1
3	4	2.89809	3.52954	-1	-1	-1
3	4	3.04809	3.52954	-1	-1	-1
3	4	3.19809	3.52954	-1	-1	-1
3	4	2.14809	3.67954	3614	3653.19	-1
3	4	2.29809	3.67954	3799	3848.22	-1
3	4	2.44809	3.67954	4640	4675.66	-1
3	4	2.59809	3.67954	5270	5330.62	-1
3	4	2.74809	3.67954	-1	-1	-1
3	4	2.89809	3.67954	-1	-1	-1
3	4	3.04809	3.67954	-1	-1	-1
3	4	3.19809	3.67954	-1	-1	-1
3	4	2.14809	3.82954	-1	-1	-1
3	4	2.29809	3.82954	4810	4939.91	-1
3	4	2.44809	3.82954	-1	-1	-1
3	4	2.59809	3.82954	-1	-1	-1
3	4	2.74809	3.82954	-1	-1	-1
3	4	2.89809	3.82954	-1	-1	-1
3	4	3.04809	3.82954	-1	-1	-1
3	4	3.19809	3.82954	-1	-1	-1
3	4	2.14809	3.97954	-1	-1	-1
3	4	2.29809	3.97954	-1	-1	-1
3	4	2.44809	3.97954	-1	-1	-1
3	4	2.59809	3.97954	-1	-1	-1
3	4	2.74809	3.97954	-1	-1	-1
3	4	2.89809	3.97954	-1	-1	-1
3	4	3.04809	3.97954	-1	-1	-1
3	4	3.19809	3.97954	-1	-1	-1
3	4	2.14809	4.12954	1861	1905.62	-1
3	4	2.29809	4.12954	-1	-1	-1
3	4	2.44809	4.12954	-1	-1	-1
3	4	2.59809	4.12954	-1	-1	-1
3	4	2.74809	4.12954	-1	-1	-1
3	4	2.89809	4.12954	-1	-1	-1
3	4	3.04809	4.12954	-1	-1	-1
3	4	3.19809	4.12954	-1	-1	-1
3	4	2.14809	4.27954	1791	1827.59	-1
3	4	2.29809	4.27954	-1	-1	-1
3	4	2.44809	4.27954	-1	-1	-1
3	4	2.59809	4.27954	-1	-1	-1
3	4	2.74809	4.27954	-1	-1	-1
3	4	2.89809	4.27954	-1	-1	-1
3	4	3.04809	4.27954	-1	-1	-1
3	4	3.19809	4.27954	-1	-1	-1
4	4	-1.13616	-5.28337	-1	-1	-1
4	4	-0.986161	-5.28337	3999	4107.12	-1
4	4	-0.836161	-5.28337	-1	-1	-1
4	4	-0.686161	-5.28337	-1	-1	-1
4	4	-0.536161	-5.28337	-1	-1	-1
4	4	-0.386161	-5.28337	-1	-1	-1
4	4	-0.236161	-5.28337	-1	-1	-1
4	4	-0.0861614	-5.28337	-1	-1	-1
4	4	-1.13616	-5.13337	4145	4188.31	-1
4	4	-0.986161	-5.13337	3005	3046.47	-1
4	4	-0.836161	-5.13337	3088	3138.59	-1
4	4	-0.686161	-5.13337	-1	-1	-1
4	4	-0.536161	-5.13337	-1	-1	-1
4	4	-0.386161	-5.13337	-1	-1	-1
4	4	-0.236161	-5.13337	-1	-1	-1
4	4	-0.0861614	-5.13337	-1	-1	-1
4	4	-1.13616	-4.98337	-1	-1	-1
4	4	-0.986161	-4.98337	1502	1543.88	-1
4	4	-0.836161	-4.98337	1417	1462.72	-1
4	4	-0.686161	-4.98337	3208	3248.09	-1
4	4	-0.536161	-4.98337	-1	-1	-1
4	4	-0.386161	-4.98337	-1	-1	-1
4	4	-0.236161	-4.98337	-1	-1	-1
4	4	-0.0861614	-4.98337	-1	-1	-1
4	4	-1.13616	-4.83337	3192	3232.16	-1
4	4	-0.986161	-4.83337	1305	1361.88	-1
4	4	-0.836161	-4.83337	1254	1314.12	-1
4	4	-0.686161	-4.83337	-1	-1	-1
4	4	-0.536161	-4.83337	-1	-1	-1
4	4	-0.386161	-4.83337	-1	-1	-1
4	4	-0.236161	-4.83337	-1	-1	-1
4	4	-0.0861614	-4.83337	-1	-1	-1
4	4	-1.13616	-4.68337	1346	1422.31	-1
4	4	-0.986161	-4.68337	1162	1243.31	-1
4	4	-0.836161	-4.68337	994	1085.34	-1
4	4	-0.686161	-4.68337	1138	1189.12	-1
4	4	-0.536161	-4.68337	1408	1452.19	-1
4	4	-0.386161	-4.68337	-1	-1	-1
4	4	-0.236161	-4.68337	-1	-1	-1
4	4	-0.0861614	-4.68337	-1	-1	-1
4	4	-1.13616	-4.53337	4825	4947.28	-1
4	4	-0.986161	-4.53337	867	923.281	-1
4	4	-0.836161	-4.53337	740	793.562	-1
4	4	-0.686161	-4.53337	981	1028.19	-1
4	4	-0.536161	-4.53337	1249	1297.69	-1
4	4	-0.386161	-4.53337	-1	-1	-1
4	4	-0.236161	-4.53337	-1	-1	-1
4	4	-0.0861614	-4.53337	-1	-1	-1
4	4	-1.13616	-4.38337	4722	4758.19	-1
4	4	-0.986161	-4.38337	1007	1056.31	-1
4	4	-0.836161	-4.38337	603	648.219	-1
4	4	-0.686161	-4.38337	619	664.438	-1
4	4	-0.536161	-4.38337	794	840.625	-1
4	4	-0.386161	-4.38337	-1	-1	-1
4	4	-0.236161	-4.38337	-1	-1	-1
4	4	-0.0861614	-4.38337	-1	-1	-1
4	4	-1.13616	-4.23337	39	81.2812	-1
4	4	-0.986161	-4.23337	188	221.062	-1
4	4	-0.836161	-4.23337	412	526.375	-1
4	4	-0.686161	-4.23337	563	611	-1
4	4	-0.536161	-4.23337	737	778.219	-1
4	4	-0.386161	-4.23337	2249	2285.38	-1
4	4	-0.236161	-4.23337	2057	2132.03	-1
4	4	-0.0861614	-4.23337	1975	2008.66	-1
5	4	-9.30062	3.62052	-1	-1	-1
5	4	-9.15062	3.62052	-1	-1	-1
5	4	-9.00062	3.62052	-1	-1	-1
5	4	-8.85062	3.62052	2838	2929.44	-1
5	4	-8.70062	3.62052	-1	-1	-1
5	4	-8.55062	3.62052	-1	-1	-1
5	4	-8.40062	3.62052	-1	-1	-1
5	4	-8.25062	3.62052	-1	-1	-1
5	4	-9.30062	3.77052	-1	-1	-1
5	4	-9.15062	3.77052	-1	-1	-1
5	4	-9.00062	3.77052	-1	-1	-1
5	4	-8.85062	3.77052	-1	-1	-1
5	4	-8.70062	3.77052	-1	-1	-1
5	4	-8.55062	3.77052	-1	-1	-1
5	4	-8.40062	3.77052	-1	-1	-1
5	4	-8.25062	3.77052	-1	-1	-1
5	4	-9.30062	3.92052	-1	-1	-1
5	4	-9.15062	3.92052	-1	-1	-1
5	4	-9.00062	3.92052	-1	-1	-1
5	4	-8.85062	3.92052	-1	-1	-1
5	4	-8.70062	3.92052	-1	-1	-1
5	4	-8.55062	3.92052	-1	-1	-1
5	4	-8.40062	3.92052	-1	-1	-1
5	4	-8.25062	3.92052	-1	-1	-1
5	4	-9.30062	4.07052	-1	-1	-1
5	4	-9.15062	4.07052	-1	-1	-1
5	4	-9.00062	4.07052	-1	-1	-1
5	4	-8.85062	4.07052	-1	-1	-1
5	4	-8.70062	4.07052	-1	-1	-1
5	4	-8.55062	4.07052	-1	-1	-1
5	4	-8.40062	4.07052	-1	-1	-1
5	4	-8.25062	4.07052	-1	-1	-1
5	4	-9.30062	4.22052	-1	-1	-1
5	4	-9.15062	4.22052	-1	-1	-1
5	4	-9.00062	4.22052	-1	-1	-1
5	4	-8.85062	4.22052	-1	-1	-1
5	4	-8.70062	4.22052	-1	-1	-1
5	4	-8.55062	4.22052	-1	-1	-1
5	4	-8.40062	4.22052	-1	-1	-1
5	4	-8.25062	4.22052	-1	-1	-1
5	4	-9.30062	4.37052	-1	-1	-1
5	4	-9.15062	4.37052	-1	-1	-1
5	4	-9.00062	4.37052	-1	-1	-1
5	4	-8.85062	4.37052	-1	-1	-1
5	4	-8.70062	4.37052	-1	-1	-1
5	4	-8.55062	4.37052	-1	-1	-1
5	4	-8.40062	4.37052	-1	-1	-1
5	4	-8.25062	4.37052	-1	-1	-1
5	4	-9.30062	4.52052	-1	-1	-1
5	4	-9.15062	4.52052	-1	-1	-1
5	4	-9.00062	4.52052	-1	-1	-1
5	4	-8.85062	4.52052	-1	-1	-1
5	4	-8.70062	4.52052	-1	-1	-1
5	4	-8.55062	4.52052	-1	-1	-1
5	4	-8.40062	4.52052	-1	-1	-1
5	4	-8.25062	4.52052	-1	-1	-1
5	4	-9.30062	4.67052	-1	-1	-1
5	4	-9.15062	4.67052	-1	-1	-1
5	4	-9.00062	4.67052	-1	-1	-1
5	4	-8.85062	4.67052	-1	-1	-1
5	4	-8.70062	4.67052	-1	-1	-1
5	4	-8.55062	4.67052	-1	-1	-1
5	4	-8.40062	4.67052	-1	-1	-1
5	4	-8.25062	4.67052	-1	-1	-1
6	16	-6.7132	-5.40641	-1	-1	-1
6	16	-6.5632	-5.40641	780	847.094	-1
6	16	-6.4132	-5.40641	645	708.219	-1
6	16	-6.2632	-5.40641	3148	3283.62	-1
6	16	-6.7132	-5.25641	-1	-1	-1
6	16	-6.5632	-5.25641	-1	-1	-1
6	16	-6.4132	-5.25641	-1	-1	-1
6	16	-6.2632	-5.25641	-1	-1	-1
6	16	-6.7132	-5.10641	-1	-1	-1
6	16	-6.5632	-5.10641	-1	-1	-1
6	16	-6.4132	-5.10641	-1	-1	-1
6	16	-6.2632	-5.10641	2180	2239.34	-1
6	16	-6.7132	-4.95641	-1	-1	-1
6	16	-6.5632	-4.95641	-1	-1	-1
6	16	-6.4132	-4.95641	-1	-1	-1
6	16	-6.2632	-4.95641	2293	2352.53	-1
7	16	3.91406	6.96191	-1	-1	-1
7	16	4.06406	6.96191	-1	-1	-1
7	16	4.21406	6.96191	-1	-1	-1
7	16	4.36406	6.96191	-1	-1	-1
7	16	3.91406	7.11191	-1	-1	-1
7	16	4.06406	7.11191	-1	-1	-1
7	16	4.21406	7.11191	-1	-1	-1
7	16	4.36406	7.11191	-1	-1	-1
7	16	3.91406	7.26191	-1	-1	-1
7	16	4.06406	7.26191	-1	-1	-1
7	16	4.21406	7.26191	-1	-1	-1
7	16	4.36406	7.26191	-1	-1	-1
7	16	3.91406	7.41191	-1	-1	-1
7	16	4.06406	7.41191	-1	-1	-1
7	16	4.21406	7.41191	-1	-1	-1
7	16	4.36406	7.41191	-1	-1	-1
8	16	-9.04338	-3.85318	-1	-1	-1
8	16	-8.89338	-3.85318	-1	-1	-1
8	16	-8.74338	-3.85318	-1	-1	-1
8	16	-8.59338	-3.85318	-1	-1	-1
8	16	-9.04338	-3.70318	-1	-1	-1
8	16	-8.89338	-3.70318	-1	-1	-1
8	16	-8.74338	-3.70318	-1	-1	-1
8	16	-8.59338	-3.70318	-1	-1	-1
8	16	-9.04338	-3.55318	-1	-1	-1
8	16	-8.89338	-3.55318	-1	-1	-1
8	16	-8.74338	-3.55318	-1	-1	-1
8	16	-8.59338	-3.55318	-1	-1	-1
8	16	-9.04338	-3.40318	-1	-1	-1
8	16	-8.89338	-3.40318	-1	-1	-1
8	16	-8.74338	-3.40318	-1	-1	-1
8	16	-8.59338	-3.40318	-1	-1	-1
9	16	5.57422	-6.75577	-1	-1	-1
9	16	5.72422	-6.75577	-1	-1	-1
9	16	5.87422	-6.75577	-1	-1	-1
9	16	6.02422	-6.75577	-1	-1	-1
9	16	5.57422	-6.60577	-1	-1	-1
9	16	5.72422	-6.60577	-1	-1	-1
9	16	5.87422	-6.60577	-1	-1	-1
9	16	6.02422	-6.60577	-1	-1	-1
9	16	5.57422	-6.45577	-1	-1	-1
9	16	5.72422	-6.45577	-1	-1	-1
9	16	5.87422	-6.45577	-1	-1	-1
9	16	6.02422	-6.45577	-1	-1	-1
9	16	5.57422	-6.30577	-1	-1	-1
9	16	5.72422	-6.30577	4382	4507.69	-1
9	16	5.87422	-6.30577	-1	-1	-1
9	16	6.02422	-6.30577	-1	-1	-1
10	16	-7.86732	8.10742	-1	-1	-1
10	16	-7.71732	8.10742	-1	-1	-1
10	16	-7.56732	8.10742	-1	-1	-1
10	16	-7.41732	8.10742	-1	-1	-1
10	16	-7.86732	8.25742	-1	-1	-1
10	16	-7.71732	8.25742	-1	-1	-1
10	16	-7.56732	8.25742	-1	-1	-1
10	16	-7.41732	8.25742	1956	2048	-1
10	16	-7.86732	8.40742	-1	-1	-1
10	16	-7.71732	8.40742	-1	-1	-1
10	16	-7.56732	8.40742	-1	-1	-1
10	16	-7.41732	8.40742	1505	1615.12	-1
10	16	-7.86732	8.55742	-1	-1	-1
10	16	-7.71732	8.55742	-1	-1	-1
10	16	-7.56732	8.55742	-1	-1	-1
10	16	-7.41732	8.55742	1690	1772.25	-1
11	16	6.1589	-1.18315	3850	3953.53	-1
11	16	6.3089	-1.18315	-1	-1	-1
11	16	6.4589	-1.18315	-1	-1	-1
11	16	6.6089	-1.18315	-1	-1	-1
11	16	6.1589	-1.03315	4186	4294.81	-1
11	16	6.3089	-1.03315	-1	-1	-1
11	16	6.4589	-1.03315	-1	-1	-1
11	16	6.6089	-1.03315	-1	-1	-1
11	16	6.1589	-0.883152	-1	-1	-1
11	16	6.3089	-0.883152	-1	-1	-1
11	16	6.4589	-0.883152	-1	-1	-1
11	16	6.6089	-0.883152	-1	-1	-1
11	16	6.1589	-0.733152	1781	1883.44	-1
11	16	6.3089	-0.733152	-1	-1	-1
11	16	6.4589	-0.733152	-1	-1	-1
11	16	6.6089	-0.733152	-1	-1	-1
12	16	-8.13745	1.38291	-1	-1	-1
12	16	-7.98745	1.38291	-1	-1	-1
12	16	-7.83745	1.38291	-1	-1	-1
12	16	-7.68745	1.38291	-1	-1	-1
12	16	-8.13745	1.53291	-1	-1	-1
12	16	-7.98745	1.53291	-1	-1	-1
12	16	-7.83745	1.53291	-1	-1	-1
12	16	-7.68745	1.53291	-1	-1	-1
12	16	-8.13745	1.68291	-1	-1	-1
12	16	-7.98745	1.68291	-1	-1	-1
12	16	-7.83745	1.68291	-1	-1	-1
12	16	-7.68745	1.68291	-1	-1	-1
12	16	-8.13745	1.83291	-1	-1	-1
12	16	-7.98745	1.83291	-1	-1	-1
12	16	-7.83745	1.83291	-1	-1	-1
12	16	-7.68745	1.83291	-1	-1	-1
13	16	6.83711	2.11744	-1	-1	-1
13	16	6.98711	2.11744	-1	-1	-1
13	16	7.13711	2.11744	-1	-1	-1
13	16	7.28711	2.11744	-1	-1	-1
13	16	6.83711	2.26744	1450	1560.91	-1
13	16	6.98711	2.26744	1834	1888.97	-1
13	16	7.13711	2.26744	-1	-1	-1
13	16	7.28711	2.26744	-1	-1	-1
13	16	6.83711	2.41744	1618	1674.47	-1
13	16	6.98711	2.41744	2273	2368.56	-1
13	16	7.13711	2.41744	-1	-1	-1
13	16	7.28711	2.41744	-1	-1	-1
13	16	6.83711	2.56744	2122	2225.62	-1
13	16	6.98711	2.56744	-1	-1	-1
13	16	7.13711	2.56744	-1	-1	-1
13	16	7.28711	2.56744	-1	-1	-1
14	16	0.0303988	-7.56628	-1	-1	-1
14	16	0.180399	-7.56628	-1	-1	-1
14	16	0.330399	-7.56628	-1	-1	-1
14	16	0.480399	-7.56628	-1	-1	-1
14	16	0.0303988	-7.41628	-1	-1	-1
14	16	0.180399	-7.41628	-1	-1	-1
14	16	0.330399	-7.41628	-1	-1	-1
14	16	0.480399	-7.41628	-1	-1	-1
14	16	0.0303988	-7.26628	-1	-1	-1
14	16	0.180399	-7.26628	-1	-1	-1
14	16	0.330399	-7.26628	-1	-1	-1
14	16	0.480399	-7.26628	-1	-1	-1
14	16	0.0303988	-7.11628	-1	-1	-1
14	16	0.180399	-7.11628	-1	-1	-1
14	16	0.330399	-7.11628	-1	-1	-1
14	16	0.480399	-7.11628	-1	-1	-1
15	16	-1.92813	-7.15255	-1	-1	-1
15	16	-1.77813	-7.15255	-1	-1	-1
15	16	-1.62813	-7.15255	-1	-1	-1
15	16	-1.47813	-7.15255	-1	-1	-1
15	16	-1.92813	-7.00255	-1	-1	-1
15	16	-1.77813	-7.00255	-1	-1	-1
15	16	-1.62813	-7.00255	-1	-1	-1
15	16	-1.47813	-7.00255	-1	-1	-1
15	16	-1.92813	-6.85255	-1	-1	-1
15	16	-1.77813	-6.85255	-1	-1	-1
15	16	-1.62813	-6.85255	-1	-1	-1
15	16	-1.47813	-6.85255	-1	-1	-1
15	16	-1.92813	-6.70255	-1	-1	-1
15	16	-1.77813	-6.70255	-1	-1	-1
15	16	-1.62813	-6.70255	-1	-1	-1
15	16	-1.47813	-6.70255	-1	-1	-1
16	16	-3.36341	0.745301	-1	-1	-1
16	16	-3.21341	0.745301	-1	-1	-1
16	16	-3.06341	0.745301	3252	3383.34	-1
16	16	-2.91341	0.745301	1984	2010.34	-1
16	16	-3.36341	0.895301	-1	-1	-1
16	16	-3.21341	0.895301	-1	-1	-1
16	16	-3.06341	0.895301	-1	-1	-1
16	16	-2.91341	0.895301	-1	-1	-1
16	16	-3.36341	1.0453	-1	-1	-1
16	16	-3.21341	1.0453	-1	-1	-1
16	16	-3.06341	1.0453	-1	-1	-1
16	16	-2.91341	1.0453	-1	-1	-1
16	16	-3.36341	1.1953	4543	4571.84	-1
16	16	-3.21341	1.1953	4481	4511.66	-1
16	16	-3.06341	1.1953	-1	-1	-1
16	16	-2.91341	1.1953	-1	-1	-1
17	16	-6.99343	-4.22196	-1	-1	-1
17	16	-6.84343	-4.22196	-1	-1	-1
17	16	-6.69343	-4.22196	-1	-1	-1
17	16	-6.54343	-4.22196	-1	-1	-1
17	16	-6.99343	-4.07196	-1	-1	-1
17	16	-6.84343	-4.07196	-1	-1	-1
17	16	-6.69343	-4.07196	-1	-1	-1
17	16	-6.54343	-4.07196	-1	-1	-1
17	16	-6.99343	-3.92196	-1	-1	-1
17	16	-6.84343	-3.92196	-1	-1	-1
17	16	-6.69343	-3.92196	-1	-1	-1
17	16	-6.54343	-3.92196	-1	-1	-1
17	16	-6.99343	-3.77196	-1	-1	-1
17	16	-6.84343	-3.77196	-1	-1	-1
17	16	-6.69343	-3.77196	-1	-1	-1
17	16	-6.54343	-3.77196	-1	-1	-1
18	16	7.53984	3.64433	1972	2032.5	-1
18	16	7.68984	3.64433	-1	-1	-1
18	16	7.83984	3.64433	-1	-1	-1
18	16	7.98984	3.64433	-1	-1	-1
18	16	7.53984	3.79433	1796	1912.03	-1
18	16	7.68984	3.79433	-1	-1	-1
18	16	7.83984	3.79433	-1	-1	-1
18	16	7.98984	3.79433	5268	5335.31	-1
18	16	7.53984	3.94433	2119	2191.81	-1
18	16	7.68984	3.94433	-1	-1	-1
18	16	7.83984	3.94433	-1	-1	-1
18	16	7.98984	3.94433	-1	-1	-1
18	16	7.53984	4.09433	-1	-1	-1
18	16	7.68984	4.09433	-1	-1	-1
18	16	7.83984	4.09433	-1	-1	-1
18	16	7.98984	4.09433	-1	-1	-1
19	16	2.48094	-3.76712	3616	3761.66	-1
19	16	2.63094	-3.76712	-1	-1	-1
19	16	2.78094	-3.76712	-1	-1	-1
19	16	2.93094	-3.76712	-1	-1	-1
19	16	2.48094	-3.61712	472	506.781	-1
19	16	2.63094	-3.61712	5186	5303.12	-1
19	16	2.78094	-3.61712	-1	-1	-1
19	16	2.93094	-3.61712	-1	-1	-1
19	16	2.48094	-3.46712	2203	2333.62	-1
19	16	2.63094	-3.46712	3529	3563.47	-1
19	16	2.78094	-3.46712	-1	-1	-1
19	16	2.93094	-3.46712	4015	4051.28	-1
19	16	2.48094	-3.31712	1623	1771.59	-1
19	16	2.63094	-3.31712	1398	1433.84	-1
19	16	2.78094	-3.31712	629	773.562	-1
19	16	2.93094	-3.31712	817	891.969	-1
20	16	-3.15165	-4.00096	-1	-1	-1
20	16	-3.00165	-4.00096	-1	-1	-1
20	16	-2.85165	-4.00096	-1	-1	-1
20	16	-2.70165	-4.00096	4631	4772.72	-1
20	16	-3.15165	-3.85096	-1	-1	-1
20	16	-3.00165	-3.85096	-1	-1	-1
20	16	-2.85165	-3.85096	-1	-1	-1
20	16	-2.70165	-3.85096	2822	2864.34	-1
20	16	-3.15165	-3.70096	-1	-1	-1
20	16	-3.00165	-3.70096	-1	-1	-1
20	16	-2.85165	-3.70096	-1	-1	-1
20	16	-2.70165	-3.70096	2606	2752.56	-1
20	16	-3.15165	-3.55096	5093	5130.5	-1
20	16	-3.00165	-3.55096	4642	4800.19	-1
20	16	-2.85165	-3.55096	3552	3587.66	-1
20	16	-2.70165	-3.55096	665	803.375	-1
21	16	-1.15604	8.24403	-1	-1	-1
21	16	-1.00604	8.24403	-1	-1	-1
21	16	-0.856036	8.24403	-1	-1	-1
21	16	-0.706036	8.24403	-1	-1	-1
21	16	-1.15604	8.39403	-1	-1	-1
21	16	-1.00604	8.39403	-1	-1	-1
21	16	-0.856036	8.39403	-1	-1	-1
21	16	-0.706036	8.39403	-1	-1	-1
21	16	-1.15604	8.54403	-1	-1	-1
21	16	-1.00604	8.54403	-1	-1	-1
21	16	-0.856036	8.54403	-1	-1	-1
21	16	-0.706036	8.54403	-1	-1	-1
21	16	-1.15604	8.69403	-1	-1	-1
21	16	-1.00604	8.69403	-1	-1	-1
21	16	-0.856036	8.69403	-1	-1	-1
21	16	-0.706036	8.69403	-1	-1	-1
0	256	2.40648	-5.92464	4456	4564.84	-1
0	256	3.18094	-2.36385	1290	1439.28	-1
0	256	6.59655	-7.02413	-1	-1	-1
0	256	1.0567	-8.40385	-1	-1	-1
0	256	-6.22225	-3.88782	-1	-1	-1
0	256	4.35726	-2.94308	3288	3411.22	-1
0	256	-3.78804	-8.61077	-1	-1	-1
0	256	8.25081	-4.89011	-1	-1	-1
0	256	2.54497	-8.70481	-1	-1	-1
0	256	3.12873	-4.82964	-1	-1	-1
0	256	7.54037	2.32645	-1	-1	-1
0	256	-5.86633	6.97528	-1	-1	-1
0	256	4.97544	-5.61717	-1	-1	-1
0	256	-0.966098	-8.29929	-1	-1	-1
0	256	-3.71656	-8.21112	-1	-1	-1
0	256	1.54408	3.78702	638	759.062	-1
0	256	-7.23036	-5.4292	-1	-1	-1
0	256	8.06547	5.88822	-1	-1	-1
0	256	7.78897	-1.41624	-1	-1	-1
0	256	3.7238	0.879294	291	408.688	-1
0	256	-3.63849	6.17131	220	273.062	-1
0	256	-8.48572	-3.15772	-1	-1	-1
0	256	-3.4416	5.17435	-1	-1	-1
0	256	-2.82936	-2.96572	-1	-1	-1
0	256	5.18219	-3.39887	1134	1181.31	-1
0	256	-6.16313	5.16524	-1	-1	-1
0	256	0.562598	-3.37141	1025	1145.31	-1
0	256	5.85803	3.85606	1962	2021.5	-1
0	256	0.00120246	-3.93071	426	560.875	-1
0	256	4.22685	-8.95335	-1	-1	-1
0	256	2.18903	-3.35973	435	567.344	-1
0	256	-1.75693	-8.51085	-1	-1	-1
0	256	9.21728	-3.56622	-1	-1	-1
0	256	4.10046	-7.29616	813	917.844	-1
0	256	5.64175	4.37527	3808	3930.78	-1
0	256	3.33388	1.52755	3644	3772.91	-1
0	256	-4.49561	5.51665	-1	-1	-1
0	256	-5.3763	2.48962	2513	2640.56	-1
0	256	1.88736	-2.57362	345	502.438	-1
0	256	2.52306	-5.99285	-1	-1	-1
0	256	1.20687	4.76658	5307	-1	-1
0	256	4.3101	6.48787	-1	-1	-1
0	256	-5.26591	-5.25748	2791	2930.16	-1
0	256	-8.78409	-2.07876	-1	-1	-1
0	256	4.39111	1.36069	-1	-1	-1
0	256	-4.76917	-1.24694	-1	-1	-1
0	256	1.07286	8.39804	3580	3646.06	-1
0	256	3.14415	-8.89281	1124	1224.28	-1
0	256	6.90367	-1.32791	-1	-1	-1
0	256	-2.87441	8.18237	-1	-1	-1
0	256	-2.01415	8.18967	-1	-1	-1
0	256	-5.19968	0.764409	2948	3065.03	-1
0	256	-0.802651	-9.25696	-1	-1	-1
0	256	7.79891	5.87088	-1	-1	-1
0	256	6.67651	-1.41175	3839	3940.19	-1
0	256	-4.89117	-2.0685	3379	3489.75	-1
0	256	-4.43384	3.05835	4834	4963.28	-1
0	256	-7.19307	6.26803	-1	-1	-1
0	256	0.480553	-4.48763	4843	4879.12	-1
0	256	-6.40533	1.55771	-1	-1	-1
0	256	0.511795	1.9254	289	439.219	-1
0	256	-4.61491	1.46321	-1	-1	-1
0	256	-4.15214	4.22999	281	330.562	-1
0	256	5.08015	1.4344	2439	2546.34	-1
0	256	4.75185	-3.91711	4060	4198.38	-1
0	256	1.11579	5.39149	4257	4302.34	-1
0	256	-2.1581	-4.74181	1947	2074.47	-1
0	256	-3.61251	5.08953	1963	2017.41	-1
0	256	-3.97419	-8.8504	-1	-1	-1
0	256	2.34241	-6.86406	1356	1409.12	-1
0	256	4.7136	6.80486	-1	-1	-1
0	256	-3.63038	-0.993354	-1	-1	-1
0	256	-5.69528	-1.41715	3173	3225.81	-1
0	256	-4.89337	-0.200712	1704	1742.28	-1
0	256	0.288035	-6.06585	775	882.031	-1
0	256	2.57613	7.80547	-1	-1	-1
0	256	-9.29609	-3.60671	-1	-1	-1
0	256	-9.00738	-1.49416	-1	-1	-1
0	256	-3.68789	-2.52147	-1	-1	-1
0	256	-4.00124	2.36547	102	139.156	-1
0	256	-7.34999	3.29877	2337	2445.88	-1
0	256	3.07112	6.2257	-1	-1	-1
0	256	7.07567	1.2143	544	635.188	-1
0	256	-8.02723	4.30402	-1	-1	-1
0	256	6.22481	6.2119	-1	-1	-1
0	256	-4.17248	-4.89238	-1	-1	-1
0	256	-2.73985	-5.97381	-1	-1	-1
0	256	-4.93949	-0.372041	262	378.75	-1
0	256	-6.57709	5.69633	-1	-1	-1
0	256	6.224	-6.66684	-1	-1	-1
0	256	0.923285	-7.5083	-1	-1	-1
0	256	9.08471	3.17259	1164	1256.5	-1
0	256	-7.40566	-6.09187	-1	-1	-1
0	256	7.33426	-2.98116	3147	3253.94	-1
0	256	3.12823	6.73193	2995	3092.72	-1
0	256	4.83879	-2.77501	-1	-1	-1
0	256	-3.29478	-0.358271	50	91.125	-1
0	256	-3.51403	-8.2465	4708	4797.5	-1
0	256	-3.28647	5.92608	-1	-1	-1
0	256	6.65153	1.63991	-1	-1	-1
0	256	6.71706	-6.74199	-1	-1	-1
0	256	1.45356	3.73996	312	435.125	-1
0	256	-3.86813	-2.71697	-1	-1	-1
0	256	3.66347	-9.26532	-1	-1	-1
0	256	5.27309	-5.29161	1581	1710.44	-1
0	256	-1.10955	-8.36052	-1	-1	-1
0	256	-7.76892	-6.08292	-1	-1	-1
0	256	7.59023	3.53508	2130	2218.69	-1
0	256	4.31481	-5.72314	-1	-1	-1
0	256	6.20464	4.28199	487	598.281	-1
0	256	0.607514	6.99406	1469	1587.41	-1
0	256	-3.21189	-2.23579	1606	1739.22	-1
0	256	2.78689	-8.8596	-1	-1	-1
0	256	6.33224	2.00788	-1	-1	-1
0	256	7.22087	1.61118	-1	-1	-1
0	256	6.41057	-2.08074	461	514.688	-1
0	256	7.95605	-0.762702	607	668.188	-1
0	256	-3.25975	8.90452	-1	-1	-1
0	256	3.87576	-6.10617	-1	-1	-1
0	256	-6.15243	3.64307	-1	-1	-1
0	256	7.67003	5.7458	-1	-1	-1
0	256	3.3601	9.08821	-1	-1	-1
0	256	5.04818	0.189179	-1	-1	-1
0	256	-3.84709	-4.62915	-1	-1	-1
0	256	-2.30133	-2.60189	222	394.031	-1
0	256	-5.55016	-7.73304	-1	-1	-1
0	256	-6.48554	7.98121	-1	-1	-1
0	256	6.51557	5.901	4629	4747.16	-1
0	256	9.42936	1.30064	-1	-1	-1
0	256	-8.08082	-6.62048	-1	-1	-1
0	256	-1.53347	-4.98643	-1	-1	-1
0	256	0.131185	-4.80005	-1	-1	-1
0	256	-5.59639	-3.3138	-1	-1	-1
0	256	3.62191	-1.96481	155	289.406	-1
0	256	-3.89104	3.68739	3148	3305.88	-1
0	256	6.99317	5.94276	3567	3685.81	-1
0	256	-8.91382	-0.844386	-1	-1	-1
0	256	8.02946	-0.509116	-1	-1	-1
0	256	-6.90372	0.547514	-1	-1	-1
0	256	-1.2274	3.97926	630	665.156	-1
0	256	-8.44553	5.39418	-1	-1	-1
0	256	-2.28288	-2.81547	40	70.6875	-1
0	256	-9.26911	3.13645	-1	-1	-1
0	256	-3.83076	-9.09903	-1	-1	-1
0	256	-0.738736	-5.7915	-1	-1	-1
0	256	-1.97624	-4.05446	948	1076.06	-1
0	256	-6.01167	5.15051	2714	2860.28	-1
0	256	-8.61423	1.15232	-1	-1	-1
0	256	-8.31115	-1.69469	-1	-1	-1
0	256	-4.77889	1.46384	-1	-1	-1
0	256	-7.35614	-5.97438	-1	-1	-1
0	256	2.26738	9.16209	-1	-1	-1
0	256	7.61253	-3.3177	-1	-1	-1
0	256	-2.36063	3.04963	1735	1883.47	-1
0	256	-4.56479	-5.35114	-1	-1	-1
0	256	1.71946	-7.10834	-1	-1	-1
0	256	9.44057	-0.319153	-1	-1	-1
0	256	-4.50884	6.94392	3350	3419.41	-1
0	256	9.53142	2.16083	-1	-1	-1
0	256	-0.909746	-6.11969	-1	-1	-1
0	256	-3.10479	7.32495	4852	4957.12	-1
0	256	3.33002	1.87761	1440	1581.03	-1
0	256	-8.04048	-0.818811	1814	1910.97	-1
0	256	0.0571404	6.66087	1755	1803.81	-1
0	256	8.73242	3.17017	-1	-1	-1
0	256	7.18487	2.76879	646	702.562	-1
0	256	6.69761	6.71474	-1	-1	-1
0	256	-0.71684	-2.74012	356	381.594	-1
0	256	-7.81057	-0.229649	-1	-1	-1
0	256	9.17418	1.20412	-1	-1	-1
0	256	-3.79375	4.88581	-1	-1	-1
0	256	-2.78948	6.03714	1523	1573.44	-1
0	256	-6.66686	3.21416	-1	-1	-1
0	256	-5.0465	-3.43718	-1	-1	-1
0	256	2.30897	4.99839	103	144.719	-1
0	256	8.53374	3.85062	-1	-1	-1
0	256	-4.24475	-6.08945	-1	-1	-1
0	256	7.0411	-4.47123	466	574.906	-1
0	256	-3.07579	3.02052	480	515.312	-1
0	256	-3.41172	2.56665	2240	2389.41	-1
0	256	-3.35634	7.75922	-1	-1	-1
0	256	5.53146	-1.76013	-1	-1	-1
0	256	-3.23641	-9.08264	-1	-1	-1
0	256	-4.92479	-4.07964	-1	-1	-1
0	256	1.6741	-9.26225	-1	-1	-1
0	256	1.17261	7.00578	1270	1372.75	-1
0	256	-3.97971	-5.08924	3880	4020.16	-1
0	256	-0.981385	3.80725	1972	2097.84	-1
0	256	-4.69067	2.54206	472	590.562	-1
0	256	-5.15136	0.582287	-1	-1	-1
0	256	-3.96202	-1.83911	49	96.9062	-1
0	256	5.15061	0.348062	-1	-1	-1
0	256	-0.567963	-9.30669	-1	-1	-1
0	256	0.938326	-8.36959	-1	-1	-1
0	256	1.44643	9.17311	2995	3076.94	-1
0	256	6.25578	3.5318	-1	-1	-1
0	256	3.37041	5.80574	-1	-1	-1
0	256	2.76218	7.21742	-1	-1	-1
0	256	-7.34706	1.30389	-1	-1	-1
0	256	-7.79864	-4.34376	-1	-1	-1
0	256	-8.30992	5.14943	-1	-1	-1
0	256	-4.95395	-3.60927	-1	-1	-1
0	256	-1.52085	2.85747	118	156.156	-1
0	256	6.98654	-4.69892	3616	3676.69	-1
0	256	4.24158	-7.00598	4209	4287.06	-1
0	256	4.97927	5.67472	-1	-1	-1
0	256	-2.92598	4.06541	-1	-1	-1
0	256	-5.82174	-4.62535	-1	-1	-1
0	256	-2.887	-2.52509	2170	2202	-1
0	256	1.52465	9.62977	2224	2295.84	-1
0	256	-0.342057	9.11642	5163	5255.91	-1
0	256	0.634416	-5.23622	-1	-1	-1
0	256	1.32396	-8.32173	-1	-1	-1
0	256	-3.41783	-2.78893	-1	-1	-1
0	256	-8.11544	0.615483	-1	-1	-1
0	256	-3.07749	-8.12451	-1	-1	-1
0	256	6.04764	1.45263	-1	-1	-1
0	256	-7.61399	-0.837546	473	533.938	-1
0	256	3.86554	-7.45826	-1	-1	-1
0	256	2.61174	8.35192	2425	2512.56	-1
0	256	-5.68697	-3.65321	-1	-1	-1
0	256	-5.29734	-3.12475	-1	-1	-1
0	256	-2.23555	-6.59951	-1	-1	-1
0	256	4.86818	1.12443	-1	-1	-1
0	256	3.88658	8.1956	-1	-1	-1
0	256	3.06138	8.48137	-1	-1	-1
0	256	-4.08122	1.60823	41	76.2812	-1
0	256	-2.23491	-2.21926	1190	1353.25	-1
0	256	3.30429	8.91547	-1	-1	-1
0	256	6.01509	-6.11883	4475	4603.31	-1
0	256	0.534527	-6.00287	-1	-1	-1
0	256	3.8537	-2.00911	3985	4114.75	-1
0	256	-2.6373	-2.85615	2292	2451.69	-1
0	256	-6.49056	2.27702	-1	-1	-1
0	256	2.44612	-8.94542	4949	5020.16	-1
0	256	-1.99695	3.41882	1915	2050.03	-1
0	256	-2.84189	9.0262	-1	-1	-1
0	256	2.85961	-4.61142	139	265.719	-1
0	256	1.99323	-9.26336	1742	1810.88	-1
0	256	1.39653	4.29787	-1	-1	-1
0	256	-1.55746	-8.01026	-1	-1	-1
0	256	-1.33736	3.98221	695	730.031	-1
0	256	2.22686	-6.66742	-1	-1	-1
0	256	9.41157	-2.82323	1537	1608.47	-1
0	256	9.32106	3.00673	5172	5246.66	-1
0	256	-2.87018	-6.42615	-1	-1	-1
0	256	-7.50099	-3.84306	-1	-1	-1
0	256	4.87179	-4.69643	183	322.188	-1
0	256	6.30252	4.09449	-1	-1	-1
0	256	-3.5587	-4.29803	-1	-1	-1
0	256	-7.19178	3.70175	942	1053	-1
0	256	6.29232	-6.98132	-1	-1	-1
0	256	0.461157	-5.84368	-1	-1	-1
0	256	-4.93518	-2.55745	1361	1403.41	-1
0	256	2.3832	9.08754	-1	-1	-1
0	256	-0.983633	3.48414	3282	3409.34	-1
