Pile ID	Distribution Type	X-Position	Y-Position	Pickup Time	Drop Off Time	Ant ID
1	1	-1.71717	1.04248	1284	1355.81	-1
1	1	-1.56717	1.04248	1103	1179.25	-1
1	1	-1.41717	1.04248	34	59.6562	-1
1	1	-1.26717	1.04248	1690	1708.5	-1
1	1	-1.11717	1.04248	1956	1975.84	-1
1	1	-0.967175	1.04248	1575	1757.72	-1
1	1	-0.817175	1.04248	4337	4486.78	-1
1	1	-0.667175	1.04248	1337	1374.22	-1
1	1	-0.517175	1.04248	1412	1457.97	-1
1	1	-0.367175	1.04248	30	75.4688	-1
1	1	-0.217175	1.04248	401	441.188	-1
1	1	-0.0671749	1.04248	36	57.8438	-1
1	1	0.0828251	1.04248	141	164.156	-1
1	1	0.232825	1.04248	81	95.0938	-1
1	1	0.382825	1.04248	204	222.219	-1
1	1	0.532825	1.04248	5363	5378.28	-1
1	1	-1.71717	1.19248	1207	1227.19	-1
1	1	-1.56717	1.19248	822	857.469	-1
1	1	-1.41717	1.19248	685	749.375	-1
1	1	-1.26717	1.19248	689	771.375	-1
1	1	-1.11717	1.19248	612	649.344	-1
1	1	-0.967175	1.19248	846	875.531	-1
1	1	-0.817175	1.19248	1381	1423	-1
1	1	-0.667175	1.19248	1239	1262.06	-1
1	1	-0.517175	1.19248	1368	1397.53	-1
1	1	-0.367175	1.19248	1476	1493.12	-1
1	1	-0.217175	1.19248	1515	1538.69	-1
1	1	-0.0671749	1.19248	4124	4139.91	-1
1	1	0.0828251	1.19248	4367	4392.53	-1
1	1	0.232825	1.19248	119	134.531	-1
1	1	0.382825	1.19248	238	256.062	-1
1	1	0.532825	1.19248	-1	-1	-1
1	1	-1.71717	1.34248	637	683.438	-1
1	1	-1.56717	1.34248	606	657.125	-1
1	1	-1.41717	1.34248	556	595.219	-1
1	1	-1.26717	1.34248	566	620.125	-1
1	1	-1.11717	1.34248	517	560.062	-1
1	1	-0.967175	1.34248	1785	1804.19	-1
1	1	-0.817175	1.34248	856	894.438	-1
1	1	-0.667175	1.34248	989	1035.94	-1
1	1	-0.517175	1.34248	1303	1346.06	-1
1	1	-0.367175	1.34248	1392	1460.94	-1
1	1	-0.217175	1.34248	4090	4105	-1
1	1	-0.0671749	1.34248	4191	4228.5	-1
1	1	0.0828251	1.34248	-1	-1	-1
1	1	0.232825	1.34248	-1	-1	-1
1	1	0.382825	1.34248	5391	-1	-1
1	1	0.532825	1.34248	-1	-1	-1
1	1	-1.71717	1.49248	663	707.062	-1
1	1	-1.56717	1.49248	461	491.938	-1
1	1	-1.41717	1.49248	355	382.531	-1
1	1	-1.26717	1.49248	409	428.906	-1
1	1	-1.11717	1.49248	438	475.875	-1
1	1	-0.967175	1.49248	706	778.281	-1
1	1	-0.817175	1.49248	719	753.281	-1
1	1	-0.667175	1.49248	923	943.656	-1
1	1	-0.517175	1.49248	1728	1762.75	-1
1	1	-0.367175	1.49248	4231	4251.69	-1
1	1	-0.217175	1.49248	4158	4174.5	-1
1	1	-0.0671749	1.49248	3532	3565.31	-1
1	1	0.0828251	1.49248	3427	3444.47	-1
1	1	0.232825	1.49248	3477	3498.69	-1
1	1	0.382825	1.49248	-1	-1	-1
1	1	0.532825	1.49248	-1	-1	-1
1	1	-1.71717	1.64248	760	790.969	-1
1	1	-1.56717	1.64248	529	574.406	-1
1	1	-1.41717	1.64248	170	336.875	-1
1	1	-1.26717	1.64248	369	395.219	-1
1	1	-1.11717	1.64248	469	509.281	-1
1	1	-0.967175	1.64248	631	671.25	-1
1	1	-0.817175	1.64248	784	868.094	-1
1	1	-0.667175	1.64248	907	1004.28	-1
1	1	-0.517175	1.64248	2159	2187.84	-1
1	1	-0.367175	1.64248	4665	4685.03	-1
1	1	-0.217175	1.64248	4625	4643.53	-1
1	1	-0.0671749	1.64248	2395	2425.88	-1
1	1	0.0828251	1.64248	3042	3078.94	-1
1	1	0.232825	1.64248	3354	3407.84	-1
1	1	0.382825	1.64248	3693	3728.94	-1
1	1	0.532825	1.64248	3653	3677.34	-1
1	1	-1.71717	1.79248	1172	1225.09	-1
1	1	-1.56717	1.79248	800	862.531	-1
1	1	-1.41717	1.79248	670	723.281	-1
1	1	-1.26717	1.79248	513	552.281	-1
1	1	-1.11717	1.79248	550	607.938	-1
1	1	-0.967175	1.79248	818	868.938	-1
1	1	-0.817175	1.79248	952	1008.97	-1
1	1	-0.667175	1.79248	940	968.375	-1
1	1	-0.517175	1.79248	1138	1156.94	-1
1	1	-0.367175	1.79248	1914	1941.25	-1
1	1	-0.217175	1.79248	2545	2572.88	-1
1	1	-0.0671749	1.79248	2348	2371.78	-1
1	1	0.0828251	1.79248	2608	2631.84	-1
1	1	0.232825	1.79248	2439	2458.53	-1
1	1	0.382825	1.79248	2534	2553.12	-1
1	1	0.532825	1.79248	2556	2582.06	-1
1	1	-1.71717	1.94248	1052	1131.25	-1
1	1	-1.56717	1.94248	834	930.375	-1
1	1	-1.41717	1.94248	753	839.688	-1
1	1	-1.26717	1.94248	685	802.688	-1
1	1	-1.11717	1.94248	591	635.312	-1
1	1	-0.967175	1.94248	886	923.062	-1
1	1	-0.817175	1.94248	1044	1115.31	-1
1	1	-0.667175	1.94248	1012	1058.81	-1
1	1	-0.517175	1.94248	1183	1207	-1
1	1	-0.367175	1.94248	1605	1653.81	-1
1	1	-0.217175	1.94248	1865	1887.97	-1
1	1	-0.0671749	1.94248	2056	2096.03	-1
1	1	0.0828251	1.94248	2237	2258.19	-1
1	1	0.232825	1.94248	2325	2362.41	-1
1	1	0.382825	1.94248	2476	2497.56	-1
1	1	0.532825	1.94248	2623	2645.72	-1
1	1	-1.71717	2.09248	1256	1322.19	-1
1	1	-1.56717	2.09248	1088	1152.75	-1
1	1	-1.41717	2.09248	858	880.406	-1
1	1	-1.26717	2.09248	1197	1237.53	-1
1	1	-1.11717	2.09248	709	754.406	-1
1	1	-0.967175	2.09248	963	1004.28	-1
1	1	-0.817175	2.09248	1374	1428.78	-1
1	1	-0.667175	2.09248	1483	1512.25	-1
1	1	-0.517175	2.09248	1553	1572.28	-1
1	1	-0.367175	2.09248	1708	1736.09	-1
1	1	-0.217175	2.09248	1993	2026.28	-1
1	1	-0.0671749	2.09248	2152	2187.88	-1
1	1	0.0828251	2.09248	2275	2302.56	-1
1	1	0.232825	2.09248	2384	2412.81	-1
1	1	0.382825	2.09248	2580	2627.59	-1
1	1	0.532825	2.09248	2733	2756.12	-1
1	1	-1.71717	2.24248	779	828.562	-1
1	1	-1.56717	2.24248	1226	1266.88	-1
1	1	-1.41717	2.24248	957	1001.09	-1
1	1	-1.26717	2.24248	1050	1101.97	-1
1	1	-1.11717	2.24248	1162	1214.88	-1
1	1	-0.967175	2.24248	1615	1663.66	-1
1	1	-0.817175	2.24248	1598	1623.53	-1
1	1	-0.667175	2.24248	1652	1694.78	-1
1	1	-0.517175	2.24248	1688	1720.72	-1
1	1	-0.367175	2.24248	1753	1798.34	-1
1	1	-0.217175	2.24248	2020	2056.28	-1
1	1	-0.0671749	2.24248	2192	2230.03	-1
1	1	0.0828251	2.24248	2366	2399.62	-1
1	1	0.232825	2.24248	2482	2515.03	-1
1	1	0.382825	2.24248	2676	2703.19	-1
1	1	0.532825	2.24248	2760	2781.5	-1
1	1	-1.71717	2.39248	989	1053.66	-1
1	1	-1.56717	2.39248	1379	1446.09	-1
1	1	-1.41717	2.39248	1227	1304.28	-1
1	1	-1.26717	2.39248	1143	1190.41	-1
1	1	-1.11717	2.39248	1783	1808.09	-1
1	1	-0.967175	2.39248	2038	2073.25	-1
1	1	-0.817175	2.39248	1813	1844.88	-1
1	1	-0.667175	2.39248	1795	1826.84	-1
1	1	-0.517175	2.39248	1879	1905.88	-1
1	1	-0.367175	2.39248	2849	2872.88	-1
1	1	-0.217175	2.39248	2085	2145.59	-1
1	1	-0.0671749	2.39248	2422	2452.47	-1
1	1	0.0828251	2.39248	2491	2517.28	-1
1	1	0.232825	2.39248	2908	2964.03	-1
1	1	0.382825	2.39248	3094	3122.88	-1
1	1	0.532825	2.39248	3185	3210.53	-1
1	1	-1.71717	2.54248	926	957.719	-1
1	1	-1.56717	2.54248	1490	1556.09	-1
1	1	-1.41717	2.54248	1281	1325.62	-1
1	1	-1.26717	2.54248	1253	1329.81	-1
1	1	-1.11717	2.54248	1359	1440.09	-1
1	1	-0.967175	2.54248	2075	2122.09	-1
1	1	-0.817175	2.54248	1937	1996.34	-1
1	1	-0.667175	2.54248	2016	2044.53	-1
1	1	-0.517175	2.54248	3601	3629.47	-1
1	1	-0.367175	2.54248	2932	2991.03	-1
1	1	-0.217175	2.54248	2776	2809.53	-1
1	1	-0.0671749	2.54248	2673	2745.34	-1
1	1	0.0828251	2.54248	2530	2585.06	-1
1	1	0.232825	2.54248	2797	2827.34	-1
1	1	0.382825	2.54248	3156	3199.59	-1
1	1	0.532825	2.54248	-1	-1	-1
1	1	-1.71717	2.69248	1149	1197.56	-1
1	1	-1.56717	2.69248	1708	1746.78	-1
1	1	-1.41717	2.69248	2195	2240.56	-1
1	1	-1.26717	2.69248	4709	4736.78	-1
1	1	-1.11717	2.69248	3610	3639.41	-1
1	1	-0.967175	2.69248	3531	3564.47	-1
1	1	-0.817175	2.69248	3587	3625.16	-1
1	1	-0.667175	2.69248	-1	-1	-1
1	1	-0.517175	2.69248	-1	-1	-1
1	1	-0.367175	2.69248	3679	3731.69	-1
1	1	-0.217175	2.69248	3498	3526.66	-1
1	1	-0.0671749	2.69248	3019	3047.88	-1
1	1	0.0828251	2.69248	2861	2886.94	-1
1	1	0.232825	2.69248	2939	2993.75	-1
1	1	0.382825	2.69248	3099	3126.03	-1
1	1	0.532825	2.69248	3453	3502.44	-1
1	1	-1.71717	2.84248	500	537.344	-1
1	1	-1.56717	2.84248	1592	1634.31	-1
1	1	-1.41717	2.84248	-1	-1	-1
1	1	-1.26717	2.84248	4765	4790.91	-1
1	1	-1.11717	2.84248	-1	-1	-1
1	1	-0.967175	2.84248	-1	-1	-1
1	1	-0.817175	2.84248	-1	-1	-1
1	1	-0.667175	2.84248	-1	-1	-1
1	1	-0.517175	2.84248	-1	-1	-1
1	1	-0.367175	2.84248	4866	4995.28	-1
1	1	-0.217175	2.84248	3575	3607.88	-1
1	1	-0.0671749	2.84248	3334	3363.97	-1
1	1	0.0828251	2.84248	3249	3296.03	-1
1	1	0.232825	2.84248	3012	3058.31	-1
1	1	0.382825	2.84248	3120	3160.91	-1
1	1	0.532825	2.84248	3422	3451.12	-1
1	1	-1.71717	2.99248	317	460.188	-1
1	1	-1.56717	2.99248	-1	-1	-1
1	1	-1.41717	2.99248	-1	-1	-1
1	1	-1.26717	2.99248	-1	-1	-1
1	1	-1.11717	2.99248	-1	-1	-1
1	1	-0.967175	2.99248	-1	-1	-1
1	1	-0.817175	2.99248	-1	-1	-1
1	1	-0.667175	2.99248	-1	-1	-1
1	1	-0.517175	2.99248	-1	-1	-1
1	1	-0.367175	2.99248	-1	-1	-1
1	1	-0.217175	2.99248	3728	3762.94	-1
1	1	-0.0671749	2.99248	3418	3464.12	-1
1	1	0.0828251	2.99248	3292	3340.03	-1
1	1	0.232825	2.99248	3157	3210.91	-1
1	1	0.382825	2.99248	3197	3234.94	-1
1	1	0.532825	2.99248	3275	3307.72	-1
1	1	-1.71717	3.14248	-1	-1	-1
1	1	-1.56717	3.14248	3177	3216.38	-1
1	1	-1.41717	3.14248	-1	-1	-1
1	1	-1.26717	3.14248	-1	-1	-1
1	1	-1.11717	3.14248	-1	-1	-1
1	1	-0.967175	3.14248	-1	-1	-1
1	1	-0.817175	3.14248	-1	-1	-1
1	1	-0.667175	3.14248	-1	-1	-1
1	1	-0.517175	3.14248	-1	-1	-1
1	1	-0.367175	3.14248	-1	-1	-1
1	1	-0.217175	3.14248	5026	5053.25	-1
1	1	-0.0671749	3.14248	3517	3578.34	-1
1	1	0.0828251	3.14248	3334	3369.62	-1
1	1	0.232825	3.14248	3226	3272.16	-1
1	1	0.382825	3.14248	3323	3390.12	-1
1	1	0.532825	3.14248	3508	3540.78	-1
1	1	-1.71717	3.29248	-1	-1	-1
1	1	-1.56717	3.29248	3026	3056.56	-1
1	1	-1.41717	3.29248	3095	3143.75	-1
1	1	-1.26717	3.29248	-1	-1	-1
1	1	-1.11717	3.29248	-1	-1	-1
1	1	-0.967175	3.29248	-1	-1	-1
1	1	-0.817175	3.29248	-1	-1	-1
1	1	-0.667175	3.29248	-1	-1	-1
1	1	-0.517175	3.29248	-1	-1	-1
1	1	-0.367175	3.29248	-1	-1	-1
1	1	-0.217175	3.29248	-1	-1	-1
1	1	-0.0671749	3.29248	3606	3665.72	-1
1	1	0.0828251	3.29248	697	736.188	-1
1	1	0.232825	3.29248	3414	3473.34	-1
1	1	0.382825	3.29248	3508	3553.88	-1
1	1	0.532825	3.29248	4349	4386.84	-1
2	4	1.2553	4.77422	3996	4041.28	-1
2	4	1.4053	4.77422	3716	3766.31	-1
2	4	1.5553	4.77422	3794	3834.94	-1
2	4	1.7053	4.77422	3599	3646.78	-1
2	4	1.8553	4.77422	3684	3731.06	-1
2	4	2.0053	4.77422	3775	3837.25	-1
2	4	2.1553	4.77422	3931	3989.62	-1
2	4	2.3053	4.77422	4459	4500.25	-1
2	4	1.2553	4.92422	4083	4124.56	-1
2	4	1.4053	4.92422	3977	4019.16	-1
2	4	1.5553	4.92422	3877	3927.41	-1
2	4	1.7053	4.92422	3819	3867.19	-1
2	4	1.8553	4.92422	3886	3937.41	-1
2	4	2.0053	4.92422	4012	4067.22	-1
2	4	2.1553	4.92422	4115	4157.84	-1
2	4	2.3053	4.92422	4203	4247.66	-1
2	4	1.2553	5.07422	-1	-1	-1
2	4	1.4053	5.07422	-1	-1	-1
2	4	1.5553	5.07422	-1	-1	-1
2	4	1.7053	5.07422	-1	-1	-1
2	4	1.8553	5.07422	-1	-1	-1
2	4	2.0053	5.07422	-1	-1	-1
2	4	2.1553	5.07422	4272	4394.84	-1
2	4	2.3053	5.07422	4438	4496.22	-1
2	4	1.2553	5.22422	-1	-1	-1
2	4	1.4053	5.22422	-1	-1	-1
2	4	1.5553	5.22422	-1	-1	-1
2	4	1.7053	5.22422	-1	-1	-1
2	4	1.8553	5.22422	-1	-1	-1
2	4	2.0053	5.22422	-1	-1	-1
2	4	2.1553	5.22422	-1	-1	-1
2	4	2.3053	5.22422	4545	4593.03	-1
2	4	1.2553	5.37422	-1	-1	-1
2	4	1.4053	5.37422	-1	-1	-1
2	4	1.5553	5.37422	-1	-1	-1
2	4	1.7053	5.37422	-1	-1	-1
2	4	1.8553	5.37422	-1	-1	-1
2	4	2.0053	5.37422	-1	-1	-1
2	4	2.1553	5.37422	-1	-1	-1
2	4	2.3053	5.37422	4633	4694.84	-1
2	4	1.2553	5.52422	-1	-1	-1
2	4	1.4053	5.52422	-1	-1	-1
2	4	1.5553	5.52422	-1	-1	-1
2	4	1.7053	5.52422	-1	-1	-1
2	4	1.8553	5.52422	-1	-1	-1
2	4	2.0053	5.52422	-1	-1	-1
2	4	2.1553	5.52422	-1	-1	-1
2	4	2.3053	5.52422	-1	-1	-1
2	4	1.2553	5.67422	-1	-1	-1
2	4	1.4053	5.67422	-1	-1	-1
2	4	1.5553	5.67422	-1	-1	-1
2	4	1.7053	5.67422	-1	-1	-1
2	4	1.8553	5.67422	-1	-1	-1
2	4	2.0053	5.67422	-1	-1	-1
2	4	2.1553	5.67422	-1	-1	-1
2	4	2.3053	5.67422	-1	-1	-1
2	4	1.2553	5.82422	-1	-1	-1
2	4	1.4053	5.82422	-1	-1	-1
2	4	1.5553	5.82422	-1	-1	-1
2	4	1.7053	5.82422	-1	-1	-1
2	4	1.8553	5.82422	-1	-1	-1
2	4	2.0053	5.82422	-1	-1	-1
2	4	2.1553	5.82422	-1	-1	-1
2	4	2.3053	5.82422	-1	-1	-1
3	4	-4.40657	-7.17127	4165	4238.09	-1
3	4	-4.25657	-7.17127	-1	-1	-1
3	4	-4.10657	-7.17127	-1	-1	-1
3	4	-3.95657	-7.17127	-1	-1	-1
3	4	-3.80657	-7.17127	-1	-1	-1
3	4	-3.65657	-7.17127	-1	-1	-1
3	4	-3.50657	-7.17127	-1	-1	-1
3	4	-3.35657	-7.17127	-1	-1	-1
3	4	-4.40657	-7.02127	-1	-1	-1
3	4	-4.25657	-7.02127	-1	-1	-1
3	4	-4.10657	-7.02127	-1	-1	-1
3	4	-3.95657	-7.02127	-1	-1	-1
3	4	-3.80657	-7.02127	-1	-1	-1
3	4	-3.65657	-7.02127	-1	-1	-1
3	4	-3.50657	-7.02127	-1	-1	-1
3	4	-3.35657	-7.02127	-1	-1	-1
3	4	-4.40657	-6.87127	-1	-1	-1
3	4	-4.25657	-6.87127	-1	-1	-1
3	4	-4.10657	-6.87127	-1	-1	-1
3	4	-3.95657	-6.87127	-1	-1	-1
3	4	-3.80657	-6.87127	-1	-1	-1
3	4	-3.65657	-6.87127	-1	-1	-1
3	4	-3.50657	-6.87127	-1	-1	-1
3	4	-3.35657	-6.87127	-1	-1	-1
3	4	-4.40657	-6.72127	-1	-1	-1
3	4	-4.25657	-6.72127	-1	-1	-1
3	4	-4.10657	-6.72127	-1	-1	-1
3	4	-3.95657	-6.72127	-1	-1	-1
3	4	-3.80657	-6.72127	-1	-1	-1
3	4	-3.65657	-6.72127	-1	-1	-1
3	4	-3.50657	-6.72127	-1	-1	-1
3	4	-3.35657	-6.72127	-1	-1	-1
3	4	-4.40657	-6.57127	-1	-1	-1
3	4	-4.25657	-6.57127	-1	-1	-1
3	4	-4.10657	-6.57127	-1	-1	-1
3	4	-3.95657	-6.57127	-1	-1	-1
3	4	-3.80657	-6.57127	-1	-1	-1
3	4	-3.65657	-6.57127	-1	-1	-1
3	4	-3.50657	-6.57127	-1	-1	-1
3	4	-3.35657	-6.57127	-1	-1	-1
3	4	-4.40657	-6.42127	-1	-1	-1
3	4	-4.25657	-6.42127	-1	-1	-1
3	4	-4.10657	-6.42127	-1	-1	-1
3	4	-3.95657	-6.42127	-1	-1	-1
3	4	-3.80657	-6.42127	-1	-1	-1
3	4	-3.65657	-6.42127	-1	-1	-1
3	4	-3.50657	-6.42127	-1	-1	-1
3	4	-3.35657	-6.42127	-1	-1	-1
3	4	-4.40657	-6.27127	5024	5106.62	-1
3	4	-4.25657	-6.27127	5164	5222.28	-1
3	4	-4.10657	-6.27127	-1	-1	-1
3	4	-3.95657	-6.27127	-1	-1	-1
3	4	-3.80657	-6.27127	-1	-1	-1
3	4	-3.65657	-6.27127	-1	-1	-1
3	4	-3.50657	-6.27127	-1	-1	-1
3	4	-3.35657	-6.27127	-1	-1	-1
3	4	-4.40657	-6.12127	4897	4968.56	-1
3	4	-4.25657	-6.12127	4583	4714.19	-1
3	4	-4.10657	-6.12127	4877	4935.62	-1
3	4	-3.95657	-6.12127	5006	5064.56	-1
3	4	-3.80657	-6.12127	-1	-1	-1
3	4	-3.65657	-6.12127	-1	-1	-1
3	4	-3.50657	-6.12127	-1	-1	-1
3	4	-3.35657	-6.12127	-1	-1	-1
4	4	3.03482	-5.43949	-1	-1	-1
4	4	3.18482	-5.43949	-1	-1	-1
4	4	3.33482	-5.43949	-1	-1	-1
4	4	3.48482	-5.43949	-1	-1	-1
4	4	3.63482	-5.43949	-1	-1	-1
4	4	3.78482	-5.43949	-1	-1	-1
4	4	3.93482	-5.43949	-1	-1	-1
4	4	4.08482	-5.43949	-1	-1	-1
4	4	3.03482	-5.28949	1849	1967.47	-1
4	4	3.18482	-5.28949	-1	-1	-1
4	4	3.33482	-5.28949	-1	-1	-1
4	4	3.48482	-5.28949	-1	-1	-1
4	4	3.63482	-5.28949	-1	-1	-1
4	4	3.78482	-5.28949	-1	-1	-1
4	4	3.93482	-5.28949	-1	-1	-1
4	4	4.08482	-5.28949	-1	-1	-1
4	4	3.03482	-5.13949	-1	-1	-1
4	4	3.18482	-5.13949	-1	-1	-1
4	4	3.33482	-5.13949	-1	-1	-1
4	4	3.48482	-5.13949	-1	-1	-1
4	4	3.63482	-5.13949	-1	-1	-1
4	4	3.78482	-5.13949	-1	-1	-1
4	4	3.93482	-5.13949	-1	-1	-1
4	4	4.08482	-5.13949	-1	-1	-1
4	4	3.03482	-4.98949	-1	-1	-1
4	4	3.18482	-4.98949	-1	-1	-1
4	4	3.33482	-4.98949	2691	2740.38	-1
4	4	3.48482	-4.98949	-1	-1	-1
4	4	3.63482	-4.98949	-1	-1	-1
4	4	3.78482	-4.98949	4232	4278.03	-1
4	4	3.93482	-4.98949	4726	4864.72	-1
4	4	4.08482	-4.98949	3364	3414.88	-1
4	4	3.03482	-4.83949	2620	2679.84	-1
4	4	3.18482	-4.83949	2513	2571.41	-1
4	4	3.33482	-4.83949	2442	2510.5	-1
4	4	3.48482	-4.83949	2574	2638.16	-1
4	4	3.63482	-4.83949	2798	2843.06	-1
4	4	3.78482	-4.83949	2987	3039.69	-1
4	4	3.93482	-4.83949	-1	-1	-1
4	4	4.08482	-4.83949	3459	3519.41	-1
4	4	3.03482	-4.68949	2633	2734.5	-1
4	4	3.18482	-4.68949	2476	2539.78	-1
4	4	3.33482	-4.68949	2336	2385.78	-1
4	4	3.48482	-4.68949	2245	2289.09	-1
4	4	3.63482	-4.68949	2884	2929.41	-1
4	4	3.78482	-4.68949	2017	2067.31	-1
4	4	3.93482	-4.68949	1994	2040	-1
4	4	4.08482	-4.68949	2981	3026.53	-1
4	4	3.03482	-4.53949	-1	-1	-1
4	4	3.18482	-4.53949	2362	2417.53	-1
4	4	3.33482	-4.53949	2121	2166.12	-1
4	4	3.48482	-4.53949	1765	1833.19	-1
4	4	3.63482	-4.53949	1734	1804.06	-1
4	4	3.78482	-4.53949	1851	1901.75	-1
4	4	3.93482	-4.53949	1897	1948.56	-1
4	4	4.08482	-4.53949	3016	3062	-1
4	4	3.03482	-4.38949	-1	-1	-1
4	4	3.18482	-4.38949	2226	2292.94	-1
4	4	3.33482	-4.38949	2208	2293.12	-1
4	4	3.48482	-4.38949	1656	1703.97	-1
4	4	3.63482	-4.38949	1631	1682.41	-1
4	4	3.78482	-4.38949	1435	1585.59	-1
4	4	3.93482	-4.38949	1777	1837.69	-1
4	4	4.08482	-4.38949	-1	-1	-1
5	4	-6.65115	-2.41377	-1	-1	-1
5	4	-6.50115	-2.41377	-1	-1	-1
5	4	-6.35115	-2.41377	-1	-1	-1
5	4	-6.20115	-2.41377	-1	-1	-1
5	4	-6.05115	-2.41377	-1	-1	-1
5	4	-5.90115	-2.41377	-1	-1	-1
5	4	-5.75115	-2.41377	5225	5271.09	-1
5	4	-5.60115	-2.41377	5080	5131	-1
5	4	-6.65115	-2.26377	-1	-1	-1
5	4	-6.50115	-2.26377	-1	-1	-1
5	4	-6.35115	-2.26377	-1	-1	-1
5	4	-6.20115	-2.26377	-1	-1	-1
5	4	-6.05115	-2.26377	-1	-1	-1
5	4	-5.90115	-2.26377	-1	-1	-1
5	4	-5.75115	-2.26377	-1	-1	-1
5	4	-5.60115	-2.26377	-1	-1	-1
5	4	-6.65115	-2.11377	-1	-1	-1
5	4	-6.50115	-2.11377	-1	-1	-1
5	4	-6.35115	-2.11377	-1	-1	-1
5	4	-6.20115	-2.11377	-1	-1	-1
5	4	-6.05115	-2.11377	-1	-1	-1
5	4	-5.90115	-2.11377	-1	-1	-1
5	4	-5.75115	-2.11377	-1	-1	-1
5	4	-5.60115	-2.11377	-1	-1	-1
5	4	-6.65115	-1.96377	-1	-1	-1
5	4	-6.50115	-1.96377	-1	-1	-1
5	4	-6.35115	-1.96377	-1	-1	-1
5	4	-6.20115	-1.96377	-1	-1	-1
5	4	-6.05115	-1.96377	-1	-1	-1
5	4	-5.90115	-1.96377	-1	-1	-1
5	4	-5.75115	-1.96377	-1	-1	-1
5	4	-5.60115	-1.96377	4466	4573.97	-1
5	4	-6.65115	-1.81377	-1	-1	-1
5	4	-6.50115	-1.81377	-1	-1	-1
5	4	-6.35115	-1.81377	-1	-1	-1
5	4	-6.20115	-1.81377	-1	-1	-1
5	4	-6.05115	-1.81377	-1	-1	-1
5	4	-5.90115	-1.81377	-1	-1	-1
5	4	-5.75115	-1.81377	-1	-1	-1
5	4	-5.60115	-1.81377	4617	4659.81	-1
5	4	-6.65115	-1.66377	-1	-1	-1
5	4	-6.50115	-1.66377	-1	-1	-1
5	4	-6.35115	-1.66377	-1	-1	-1
5	4	-6.20115	-1.66377	-1	-1	-1
5	4	-6.05115	-1.66377	-1	-1	-1
5	4	-5.90115	-1.66377	-1	-1	-1
5	4	-5.75115	-1.66377	-1	-1	-1
5	4	-5.60115	-1.66377	-1	-1	-1
5	4	-6.65115	-1.51377	-1	-1	-1
5	4	-6.50115	-1.51377	-1	-1	-1
5	4	-6.35115	-1.51377	-1	-1	-1
5	4	-6.20115	-1.51377	-1	-1	-1
5	4	-6.05115	-1.51377	-1	-1	-1
5	4	-5.90115	-1.51377	-1	-1	-1
5	4	-5.75115	-1.51377	-1	-1	-1
5	4	-5.60115	-1.51377	1902	2019.94	-1
5	4	-6.65115	-1.36377	-1	-1	-1
5	4	-6.50115	-1.36377	-1	-1	-1
5	4	-6.35115	-1.36377	-1	-1	-1
5	4	-6.20115	-1.36377	-1	-1	-1
5	4	-6.05115	-1.36377	-1	-1	-1
5	4	-5.90115	-1.36377	-1	-1	-1
5	4	-5.75115	-1.36377	-1	-1	-1
5	4	-5.60115	-1.36377	-1	-1	-1
6	16	2.94327	-2.84682	162	324.688	-1
6	16	3.09327	-2.84682	2676	2711.31	-1
6	16	3.24327	-2.84682	2106	2142.78	-1
6	16	3.39327	-2.84682	585	621.781	-1
6	16	2.94327	-2.69682	359	396.531	-1
6	16	3.09327	-2.69682	371	411.781	-1
6	16	3.24327	-2.69682	431	470.406	-1
6	16	3.39327	-2.69682	513	549.156	-1
6	16	2.94327	-2.54682	303	363.781	-1
6	16	3.09327	-2.54682	193	229.656	-1
6	16	3.24327	-2.54682	270	313.688	-1
6	16	3.39327	-2.54682	322	376.531	-1
6	16	2.94327	-2.39682	228	263.688	-1
6	16	3.09327	-2.39682	47	82.4062	-1
6	16	3.24327	-2.39682	124	157.594	-1
6	16	3.39327	-2.39682	408	449.312	-1
7	16	-7.27848	-2.1399	-1	-1	-1
7	16	-7.12848	-2.1399	-1	-1	-1
7	16	-6.97848	-2.1399	-1	-1	-1
7	16	-6.82848	-2.1399	-1	-1	-1
7	16	-7.27848	-1.9899	-1	-1	-1
7	16	-7.12848	-1.9899	-1	-1	-1
7	16	-6.97848	-1.9899	-1	-1	-1
7	16	-6.82848	-1.9899	-1	-1	-1
7	16	-7.27848	-1.8399	-1	-1	-1
7	16	-7.12848	-1.8399	-1	-1	-1
7	16	-6.97848	-1.8399	-1	-1	-1
7	16	-6.82848	-1.8399	-1	-1	-1
7	16	-7.27848	-1.6899	-1	-1	-1
7	16	-7.12848	-1.6899	-1	-1	-1
7	16	-6.97848	-1.6899	-1	-1	-1
7	16	-6.82848	-1.6899	-1	-1	-1
8	16	1.22015	-8.124	-1	-1	-1
8	16	1.37015	-8.124	-1	-1	-1
8	16	1.52015	-8.124	-1	-1	-1
8	16	1.67015	-8.124	-1	-1	-1
8	16	1.22015	-7.974	-1	-1	-1
8	16	1.37015	-7.974	-1	-1	-1
8	16	1.52015	-7.974	-1	-1	-1
8	16	1.67015	-7.974	-1	-1	-1
8	16	1.22015	-7.824	-1	-1	-1
8	16	1.37015	-7.824	-1	-1	-1
8	16	1.52015	-7.824	-1	-1	-1
8	16	1.67015	-7.824	-1	-1	-1
8	16	1.22015	-7.674	-1	-1	-1
8	16	1.37015	-7.674	-1	-1	-1
8	16	1.52015	-7.674	-1	-1	-1
8	16	1.67015	-7.674	-1	-1	-1
9	16	6.19168	-5.4971	-1	-1	-1
9	16	6.34168	-5.4971	-1	-1	-1
9	16	6.49168	-5.4971	-1	-1	-1
9	16	6.64168	-5.4971	-1	-1	-1
9	16	6.19168	-5.3471	3066	3136.81	-1
9	16	6.34168	-5.3471	3322	3384.59	-1
9	16	6.49168	-5.3471	-1	-1	-1
9	16	6.64168	-5.3471	-1	-1	-1
9	16	6.19168	-5.1971	3043	3128.78	-1
9	16	6.34168	-5.1971	3195	3254.53	-1
9	16	6.49168	-5.1971	-1	-1	-1
9	16	6.64168	-5.1971	-1	-1	-1
9	16	6.19168	-5.0471	2853	2979.72	-1
9	16	6.34168	-5.0471	3447	3508.41	-1
9	16	6.49168	-5.0471	-1	-1	-1
9	16	6.64168	-5.0471	-1	-1	-1
10	16	7.72878	-4.69708	-1	-1	-1
10	16	7.87878	-4.69708	-1	-1	-1
10	16	8.02878	-4.69708	-1	-1	-1
10	16	8.17878	-4.69708	4242	4311.25	-1
10	16	7.72878	-4.54708	-1	-1	-1
10	16	7.87878	-4.54708	-1	-1	-1
10	16	8.02878	-4.54708	-1	-1	-1
10	16	8.17878	-4.54708	-1	-1	-1
10	16	7.72878	-4.39708	-1	-1	-1
10	16	7.87878	-4.39708	-1	-1	-1
10	16	8.02878	-4.39708	-1	-1	-1
10	16	8.17878	-4.39708	-1	-1	-1
10	16	7.72878	-4.24708	-1	-1	-1
10	16	7.87878	-4.24708	-1	-1	-1
10	16	8.02878	-4.24708	4843	4942.06	-1
10	16	8.17878	-4.24708	-1	-1	-1
11	16	-5.40708	5.03351	5214	5359	-1
11	16	-5.25708	5.03351	-1	-1	-1
11	16	-5.10708	5.03351	-1	-1	-1
11	16	-4.95708	5.03351	-1	-1	-1
11	16	-5.40708	5.18351	-1	-1	-1
11	16	-5.25708	5.18351	-1	-1	-1
11	16	-5.10708	5.18351	-1	-1	-1
11	16	-4.95708	5.18351	-1	-1	-1
11	16	-5.40708	5.33351	-1	-1	-1
11	16	-5.25708	5.33351	-1	-1	-1
11	16	-5.10708	5.33351	-1	-1	-1
11	16	-4.95708	5.33351	-1	-1	-1
11	16	-5.40708	5.48351	-1	-1	-1
11	16	-5.25708	5.48351	-1	-1	-1
11	16	-5.10708	5.48351	-1	-1	-1
11	16	-4.95708	5.48351	-1	-1	-1
12	16	-5.75473	-4.35647	-1	-1	-1
12	16	-5.60473	-4.35647	-1	-1	-1
12	16	-5.45473	-4.35647	5152	5206.91	-1
12	16	-5.30473	-4.35647	-1	-1	-1
12	16	-5.75473	-4.20647	-1	-1	-1
12	16	-5.60473	-4.20647	-1	-1	-1
12	16	-5.45473	-4.20647	-1	-1	-1
12	16	-5.30473	-4.20647	2281	2334.25	-1
12	16	-5.75473	-4.05647	-1	-1	-1
12	16	-5.60473	-4.05647	-1	-1	-1
12	16	-5.45473	-4.05647	-1	-1	-1
12	16	-5.30473	-4.05647	-1	-1	-1
12	16	-5.75473	-3.90647	-1	-1	-1
12	16	-5.60473	-3.90647	-1	-1	-1
12	16	-5.45473	-3.90647	-1	-1	-1
12	16	-5.30473	-3.90647	-1	-1	-1
13	16	7.57823	6.35026	3996	4066.84	-1
13	16	7.72823	6.35026	-1	-1	-1
13	16	7.87823	6.35026	-1	-1	-1
13	16	8.02823	6.35026	-1	-1	-1
13	16	7.57823	6.50026	669	744.875	-1
13	16	7.72823	6.50026	-1	-1	-1
13	16	7.87823	6.50026	-1	-1	-1
13	16	8.02823	6.50026	-1	-1	-1
13	16	7.57823	6.65026	520	594.75	-1
13	16	7.72823	6.65026	-1	-1	-1
13	16	7.87823	6.65026	-1	-1	-1
13	16	8.02823	6.65026	-1	-1	-1
13	16	7.57823	6.80026	323	437.25	-1
13	16	7.72823	6.80026	821	904.969	-1
13	16	7.87823	6.80026	-1	-1	-1
13	16	8.02823	6.80026	-1	-1	-1
14	16	-3.86921	5.51689	3034	3088.31	-1
14	16	-3.71921	5.51689	2707	2837.28	-1
14	16	-3.56921	5.51689	2271	2395.97	-1
14	16	-3.41921	5.51689	409	582.938	-1
14	16	-3.86921	5.66689	3137	3193.16	-1
14	16	-3.71921	5.66689	2887	2945.91	-1
14	16	-3.56921	5.66689	-1	-1	-1
14	16	-3.41921	5.66689	-1	-1	-1
14	16	-3.86921	5.81689	4838	4959.81	-1
14	16	-3.71921	5.81689	5015	5081.25	-1
14	16	-3.56921	5.81689	-1	-1	-1
14	16	-3.41921	5.81689	-1	-1	-1
14	16	-3.86921	5.96689	-1	-1	-1
14	16	-3.71921	5.96689	-1	-1	-1
14	16	-3.56921	5.96689	-1	-1	-1
14	16	-3.41921	5.96689	-1	-1	-1
15	16	-6.43645	-6.24647	-1	-1	-1
15	16	-6.28645	-6.24647	-1	-1	-1
15	16	-6.13645	-6.24647	-1	-1	-1
15	16	-5.98645	-6.24647	-1	-1	-1
15	16	-6.43645	-6.09647	-1	-1	-1
15	16	-6.28645	-6.09647	-1	-1	-1
15	16	-6.13645	-6.09647	-1	-1	-1
15	16	-5.98645	-6.09647	-1	-1	-1
15	16	-6.43645	-5.94647	-1	-1	-1
15	16	-6.28645	-5.94647	-1	-1	-1
15	16	-6.13645	-5.94647	-1	-1	-1
15	16	-5.98645	-5.94647	-1	-1	-1
15	16	-6.43645	-5.79647	-1	-1	-1
15	16	-6.28645	-5.79647	-1	-1	-1
15	16	-6.13645	-5.79647	-1	-1	-1
15	16	-5.98645	-5.79647	-1	-1	-1
16	16	-6.08775	-3.19848	-1	-1	-1
16	16	-5.93775	-3.19848	-1	-1	-1
16	16	-5.78775	-3.19848	-1	-1	-1
16	16	-5.63775	-3.19848	3018	3066.44	-1
16	16	-6.08775	-3.04848	-1	-1	-1
16	16	-5.93775	-3.04848	-1	-1	-1
16	16	-5.78775	-3.04848	-1	-1	-1
16	16	-5.63775	-3.04848	-1	-1	-1
16	16	-6.08775	-2.89848	-1	-1	-1
16	16	-5.93775	-2.89848	-1	-1	-1
16	16	-5.78775	-2.89848	-1	-1	-1
16	16	-5.63775	-2.89848	-1	-1	-1
16	16	-6.08775	-2.74848	-1	-1	-1
16	16	-5.93775	-2.74848	-1	-1	-1
16	16	-5.78775	-2.74848	-1	-1	-1
16	16	-5.63775	-2.74848	-1	-1	-1
17	16	-4.88653	2.77964	-1	-1	-1
17	16	-4.73653	2.77964	4554	4603.41	-1
17	16	-4.58653	2.77964	4461	4507.91	-1
17	16	-4.43653	2.77964	4417	4460.72	-1
17	16	-4.88653	2.92964	-1	-1	-1
17	16	-4.73653	2.92964	-1	-1	-1
17	16	-4.58653	2.92964	4506	4569	-1
17	16	-4.43653	2.92964	4327	4373.16	-1
17	16	-4.88653	3.07964	-1	-1	-1
17	16	-4.73653	3.07964	-1	-1	-1
17	16	-4.58653	3.07964	-1	-1	-1
17	16	-4.43653	3.07964	4209	4267.19	-1
17	16	-4.88653	3.22964	-1	-1	-1
17	16	-4.73653	3.22964	-1	-1	-1
17	16	-4.58653	3.22964	-1	-1	-1
17	16	-4.43653	3.22964	4119	4164.44	-1
18	16	-4.39025	6.30451	-1	-1	-1
18	16	-4.24025	6.30451	-1	-1	-1
18	16	-4.09025	6.30451	-1	-1	-1
18	16	-3.94025	6.30451	-1	-1	-1
18	16	-4.39025	6.45451	-1	-1	-1
18	16	-4.24025	6.45451	-1	-1	-1
18	16	-4.09025	6.45451	-1	-1	-1
18	16	-3.94025	6.45451	-1	-1	-1
18	16	-4.39025	6.60451	-1	-1	-1
18	16	-4.24025	6.60451	-1	-1	-1
18	16	-4.09025	6.60451	-1	-1	-1
18	16	-3.94025	6.60451	-1	-1	-1
18	16	-4.39025	6.75451	-1	-1	-1
18	16	-4.24025	6.75451	-1	-1	-1
18	16	-4.09025	6.75451	-1	-1	-1
18	16	-3.94025	6.75451	-1	-1	-1
19	16	8.3982	4.48572	-1	-1	-1
19	16	8.5482	4.48572	-1	-1	-1
19	16	8.6982	4.48572	-1	-1	-1
19	16	8.8482	4.48572	-1	-1	-1
19	16	8.3982	4.63572	-1	-1	-1
19	16	8.5482	4.63572	-1	-1	-1
19	16	8.6982	4.63572	-1	-1	-1
19	16	8.8482	4.63572	-1	-1	-1
19	16	8.3982	4.78572	-1	-1	-1
19	16	8.5482	4.78572	-1	-1	-1
19	16	8.6982	4.78572	3510	3584.03	-1
19	16	8.8482	4.78572	-1	-1	-1
19	16	8.3982	4.93572	3838	3912.22	-1
19	16	8.5482	4.93572	3677	3749.53	-1
19	16	8.6982	4.93572	3370	3442.75	-1
19	16	8.8482	4.93572	3188	3261.25	-1
20	16	-7.77707	-3.43316	-1	-1	-1
20	16	-7.62707	-3.43316	-1	-1	-1
20	16	-7.47707	-3.43316	-1	-1	-1
20	16	-7.32707	-3.43316	-1	-1	-1
20	16	-7.77707	-3.28316	-1	-1	-1
20	16	-7.62707	-3.28316	-1	-1	-1
20	16	-7.47707	-3.28316	-1	-1	-1
20	16	-7.32707	-3.28316	-1	-1	-1
20	16	-7.77707	-3.13316	-1	-1	-1
20	16	-7.62707	-3.13316	-1	-1	-1
20	16	-7.47707	-3.13316	-1	-1	-1
20	16	-7.32707	-3.13316	-1	-1	-1
20	16	-7.77707	-2.98316	-1	-1	-1
20	16	-7.62707	-2.98316	-1	-1	-1
20	16	-7.47707	-2.98316	-1	-1	-1
20	16	-7.32707	-2.98316	-1	-1	-1
21	16	6.4078	-6.78056	-1	-1	-1
21	16	6.5578	-6.78056	-1	-1	-1
21	16	6.7078	-6.78056	-1	-1	-1
21	16	6.8578	-6.78056	-1	-1	-1
21	16	6.4078	-6.63056	-1	-1	-1
21	16	6.5578	-6.63056	-1	-1	-1
21	16	6.7078	-6.63056	-1	-1	-1
21	16	6.8578	-6.63056	-1	-1	-1
21	16	6.4078	-6.48056	-1	-1	-1
21	16	6.5578	-6.48056	-1	-1	-1
21	16	6.7078	-6.48056	-1	-1	-1
21	16	6.8578	-6.48056	-1	-1	-1
21	16	6.4078	-6.33056	-1	-1	-1
21	16	6.5578	-6.33056	-1	-1	-1
21	16	6.7078	-6.33056	-1	-1	-1
21	16	6.8578	-6.33056	-1	-1	-1
0	256	5.43004	-0.573442	-1	-1	-1
0	256	6.70061	4.1567	1473	1591.72	-1
0	256	1.09663	8.8159	5060	5122.59	-1
0	256	-3.67681	8.68708	-1	-1	-1
0	256	8.98183	2.27674	-1	-1	-1
0	256	-8.00503	1.46729	-1	-1	-1
0	256	0.100619	6.90504	-1	-1	-1
0	256	-4.19574	-0.0154121	-1	-1	-1
0	256	-8.96258	-3.9545	5026	5094.88	-1
0	256	-0.87557	8.06818	-1	-1	-1
0	256	2.46185	-3.78119	-1	-1	-1
0	256	-8.48417	3.86728	2419	2484.59	-1
0	256	-7.7249	0.0700242	-1	-1	-1
0	256	4.07811	-3.24384	2531	2572.69	-1
0	256	-0.301487	5.77667	-1	-1	-1
0	256	8.87899	-3.32325	5016	5088.19	-1
0	256	1.08071	-6.53636	-1	-1	-1
0	256	-9.54264	-2.87187	-1	-1	-1
0	256	-1.4107	7.02086	-1	-1	-1
0	256	-2.68572	-8.80596	885	968.469	-1
0	256	-3.00508	8.65716	2674	2756.44	-1
0	256	-5.96522	3.74037	2335	2385.97	-1
0	256	-1.62977	-9.6865	-1	-1	-1
0	256	-7.6305	-3.6148	-1	-1	-1
0	256	7.31141	5.78761	-1	-1	-1
0	256	-5.26752	4.53726	-1	-1	-1
0	256	4.17394	-8.34529	-1	-1	-1
0	256	-2.62707	2.32846	2452	2483.09	-1
0	256	4.78133	-0.870727	2007	2049.53	-1
0	256	8.11422	-0.684754	-1	-1	-1
0	256	7.85879	-5.06418	5161	5258.12	-1
0	256	-8.64256	-4.03954	-1	-1	-1
0	256	-2.53934	3.32887	1821	1862.84	-1
0	256	-0.166689	-6.63196	-1	-1	-1
0	256	-0.634581	-9.78647	5075	5177.25	-1
0	256	-3.39939	-4.89284	257	422.062	-1
0	256	5.64094	-3.03635	3369	3418.69	-1
0	256	1.30726	-6.31568	930	980.719	-1
0	256	7.71544	-1.10724	-1	-1	-1
0	256	-1.84107	-4.10088	-1	-1	-1
0	256	-6.9082	7.19961	-1	-1	-1
0	256	3.08445	6.96964	-1	-1	-1
0	256	4.69225	-0.597914	-1	-1	-1
0	256	3.83121	9.15701	-1	-1	-1
0	256	-8.24156	4.88066	-1	-1	-1
0	256	5.47181	-8.3059	-1	-1	-1
0	256	1.78553	-7.90449	-1	-1	-1
0	256	5.06142	7.47904	-1	-1	-1
0	256	5.95147	1.06027	3670	3720.09	-1
0	256	5.63891	2.47924	-1	-1	-1
0	256	-5.98805	4.54579	-1	-1	-1
0	256	4.19455	5.15598	5305	-1	-1
0	256	-3.80505	7.70613	-1	-1	-1
0	256	5.84417	2.32224	-1	-1	-1
0	256	2.82773	4.08947	4480	4522.88	-1
0	256	-4.83593	0.339035	-1	-1	-1
0	256	-0.0608733	-8.47032	-1	-1	-1
0	256	8.26549	2.84164	5314	5394.47	-1
0	256	3.95901	4.84313	2670	2816.56	-1
0	256	3.42679	1.45776	-1	-1	-1
0	256	-1.37037	5.85763	-1	-1	-1
0	256	-3.68738	-5.60506	5096	5230.47	-1
0	256	-1.48543	-8.8485	1724	1794.31	-1
0	256	-2.26341	-1.01836	64	216.188	-1
0	256	9.13787	-0.691885	4360	4428.44	-1
0	256	-1.23152	8.293	-1	-1	-1
0	256	-2.65329	7.32982	-1	-1	-1
0	256	-9.42444	0.717326	-1	-1	-1
0	256	8.87091	2.32411	-1	-1	-1
0	256	1.57054	8.46203	3979	4045.72	-1
0	256	3.47996	-7.55192	-1	-1	-1
0	256	5.58017	7.04211	-1	-1	-1
0	256	5.28541	6.51131	3788	3885.28	-1
0	256	-4.49496	6.49534	-1	-1	-1
0	256	-3.07086	2.78972	2034	2084.31	-1
0	256	1.30669	-4.13976	3802	3836.53	-1
0	256	-4.63832	5.94304	1660	1786.75	-1
0	256	-2.89593	-9.3362	-1	-1	-1
0	256	-3.11482	-8.8898	-1	-1	-1
0	256	4.89616	7.51198	-1	-1	-1
0	256	-9.06589	6.95081	2606	2687.03	-1
0	256	-1.28774	-2.92223	247	275.906	-1
0	256	-2.84005	1.17658	2010	2037.22	-1
0	256	-3.13538	1.50928	793	825.125	-1
0	256	-4.22809	0.733574	1549	1583.25	-1
0	256	-6.13161	-3.41051	-1	-1	-1
0	256	7.68136	-5.13484	-1	-1	-1
0	256	-1.22131	-7.12545	137	197.125	-1
0	256	0.406186	-7.23929	-1	-1	-1
0	256	3.00625	5.93991	-1	-1	-1
0	256	-8.25764	1.55706	-1	-1	-1
0	256	-5.46764	4.35937	-1	-1	-1
0	256	3.78876	-5.71015	-1	-1	-1
0	256	3.82948	-1.89856	4154	4279.81	-1
0	256	7.56035	5.7751	-1	-1	-1
0	256	-1.11815	8.49489	-1	-1	-1
0	256	4.03177	-8.74978	-1	-1	-1
0	256	-6.18836	-3.04868	-1	-1	-1
0	256	-8.07536	3.89718	-1	-1	-1
0	256	4.67374	1.75472	1275	1385.94	-1
0	256	-5.99937	1.83628	2306	2353.06	-1
0	256	-2.99757	6.0735	3634	3688.88	-1
0	256	2.10249	-8.19301	-1	-1	-1
0	256	0.458768	6.83192	-1	-1	-1
0	256	7.05069	0.910591	-1	-1	-1
0	256	4.25641	7.21524	-1	-1	-1
0	256	-1.73903	4.0423	3256	3291.47	-1
0	256	3.95574	0.906474	48	96.4375	-1
0	256	4.80257	4.6274	-1	-1	-1
0	256	-9.05974	6.57313	5289	5372.31	-1
0	256	-2.64094	-4.50926	3891	4018.25	-1
0	256	2.22461	7.23566	3595	3696.03	-1
0	256	-3.94713	-4.47035	-1	-1	-1
0	256	5.8031	2.19844	-1	-1	-1
0	256	-4.79076	2.48606	-1	-1	-1
0	256	-0.104188	9.04452	-1	-1	-1
0	256	3.11284	0.142958	497	527.188	-1
0	256	-2.40722	2.20089	1282	1350.25	-1
0	256	4.90454	2.7308	278	321.75	-1
0	256	6.15096	7.30046	-1	-1	-1
0	256	8.33494	3.76191	3696	3787.75	-1
0	256	-0.901764	8.79671	-1	-1	-1
0	256	-5.10648	7.45731	-1	-1	-1
0	256	-8.14409	5.18397	-1	-1	-1
0	256	-6.53187	5.26949	-1	-1	-1
0	256	1.90999	-7.15618	-1	-1	-1
0	256	-8.42383	-4.64387	-1	-1	-1
0	256	3.84261	4.18872	2773	2931.09	-1
0	256	-3.56013	-3.91848	4069	4116.19	-1
0	256	-5.05658	2.73116	-1	-1	-1
0	256	4.25529	6.65441	-1	-1	-1
0	256	2.19392	-7.82265	-1	-1	-1
0	256	-3.11599	7.76319	-1	-1	-1
0	256	-1.79018	-7.08579	-1	-1	-1
0	256	3.60914	-9.03014	-1	-1	-1
0	256	-0.00181478	-7.4857	-1	-1	-1
0	256	-3.18936	8.23457	-1	-1	-1
0	256	5.60546	-1.68022	2670	2778.88	-1
0	256	-5.55112	0.655806	161	267.031	-1
0	256	1.06304	9.03121	-1	-1	-1
0	256	-7.24569	5.18996	2260	2326.25	-1
0	256	2.87179	-5.51701	-1	-1	-1
0	256	-5.02459	-4.28521	2186	2315.81	-1
0	256	-9.10993	-1.2229	-1	-1	-1
0	256	-3.31749	7.24539	-1	-1	-1
0	256	1.83371	7.89435	-1	-1	-1
0	256	3.15124	-5.58167	-1	-1	-1
0	256	7.53647	4.93457	-1	-1	-1
0	256	-6.95746	-2.74997	-1	-1	-1
0	256	-7.15998	6.3198	4109	4182.88	-1
0	256	6.35863	-3.59651	-1	-1	-1
0	256	-8.1357	-4.35991	5389	-1	-1
0	256	5.88319	-5.5259	-1	-1	-1
0	256	-3.99857	-1.41144	4183	4216.09	-1
0	256	0.743673	5.66696	-1	-1	-1
0	256	4.04129	-8.07703	-1	-1	-1
0	256	-7.19512	-4.9732	-1	-1	-1
0	256	-1.28779	5.1912	-1	-1	-1
0	256	-1.27186	5.66994	4345	4423.12	-1
0	256	0.714549	-4.23049	5331	5364.41	-1
0	256	6.486	2.26572	4090	4144.22	-1
0	256	5.04672	1.12433	3544	3618.03	-1
0	256	3.05087	8.3567	-1	-1	-1
0	256	-7.55266	6.28989	-1	-1	-1
0	256	-7.0109	-5.49269	-1	-1	-1
0	256	2.42042	-2.93679	3814	3962.03	-1
0	256	-2.96884	-6.68942	5287	5344.03	-1
0	256	-3.0726	-6.94061	-1	-1	-1
0	256	6.02959	3.21637	-1	-1	-1
0	256	-4.54339	-4.29573	899	1062.19	-1
0	256	-4.39547	3.8091	2118	2164.56	-1
0	256	2.27101	6.9555	-1	-1	-1
0	256	8.23658	4.89776	-1	-1	-1
0	256	-4.08505	-4.22981	2907	2954.25	-1
0	256	-0.940592	-4.52049	1622	1658.12	-1
0	256	1.46044	-6.09791	-1	-1	-1
0	256	6.25891	7.19363	-1	-1	-1
0	256	2.99641	6.69723	-1	-1	-1
0	256	-4.3515	-8.41477	-1	-1	-1
0	256	-7.62792	-0.75789	-1	-1	-1
0	256	-5.15194	5.71087	-1	-1	-1
0	256	-2.59244	-1.66983	1548	1581.12	-1
0	256	-8.11586	-4.09574	-1	-1	-1
0	256	-8.97504	2.39987	4328	4395.59	-1
0	256	-0.547951	3.68837	-1	-1	-1
0	256	3.6212	-7.81915	-1	-1	-1
0	256	2.75305	-1.86002	118	154.969	-1
0	256	-4.05566	-4.38428	-1	-1	-1
0	256	-0.199141	9.00322	-1	-1	-1
0	256	-8.41408	2.0615	229	292.094	-1
0	256	7.33465	3.90945	4552	4612.12	-1
0	256	-2.71201	-6.3833	-1	-1	-1
0	256	0.696613	5.18343	-1	-1	-1
0	256	4.76386	-0.461535	2403	2445	-1
0	256	-1.43689	4.02096	-1	-1	-1
0	256	2.76939	8.14739	-1	-1	-1
0	256	-1.20129	6.16629	-1	-1	-1
0	256	7.69626	2.56239	3958	4019.09	-1
0	256	4.11668	-1.06824	1478	1521.94	-1
0	256	-3.50245	0.307967	951	988.719	-1
0	256	-7.63157	1.05103	252	350.062	-1
0	256	5.10852	-8.50098	-1	-1	-1
0	256	6.40173	5.09346	-1	-1	-1
0	256	7.87028	0.40543	431	520.281	-1
0	256	7.53975	0.873795	-1	-1	-1
0	256	3.33615	5.62457	4437	4562.81	-1
0	256	-2.7778	-8.25052	3176	3245.53	-1
0	256	-0.648894	6.68843	-1	-1	-1
0	256	-5.40859	-5.09152	-1	-1	-1
0	256	-9.5231	2.47187	3906	3974.12	-1
0	256	3.46741	4.76169	-1	-1	-1
0	256	2.57819	8.29459	-1	-1	-1
0	256	1.00609	7.47801	-1	-1	-1
0	256	-5.02555	8.27851	1473	1562.97	-1
0	256	3.84166	-8.01641	-1	-1	-1
0	256	7.37771	-1.05399	-1	-1	-1
0	256	-6.69271	-5.26794	-1	-1	-1
0	256	0.956701	-3.91451	3731	3763.47	-1
0	256	-5.42247	-5.31086	3940	4078.88	-1
0	256	1.22827	3.77854	3231	3356.88	-1
0	256	6.56341	5.74505	3268	3390.34	-1
0	256	6.15969	-4.91804	3161	3285.25	-1
0	256	0.0613358	-7.96369	-1	-1	-1
0	256	-9.38236	-0.373155	-1	-1	-1
0	256	1.51534	4.58614	3789	3830.75	-1
0	256	-5.83284	2.76238	1201	1252.19	-1
0	256	6.20663	1.30408	-1	-1	-1
0	256	-0.0051688	4.18421	-1	-1	-1
0	256	-2.80442	-8.60735	-1	-1	-1
0	256	2.32964	-8.57952	-1	-1	-1
0	256	4.74104	2.16621	-1	-1	-1
0	256	-3.40239	-7.35903	-1	-1	-1
0	256	1.84282	-7.67818	-1	-1	-1
0	256	0.894503	-3.10362	344	380.719	-1
0	256	-3.21457	-1.83145	5130	5182.78	-1
0	256	3.48391	6.75983	-1	-1	-1
0	256	5.98662	4.73397	4473	4593.97	-1
0	256	-4.09555	-3.41818	-1	-1	-1
0	256	-1.1982	8.80077	-1	-1	-1
0	256	1.43144	-4.4863	-1	-1	-1
0	256	-4.51967	-2.20906	1401	1527.38	-1
0	256	-0.0853002	8.3938	-1	-1	-1
0	256	6.24808	3.63113	-1	-1	-1
0	256	-6.30453	-2.71432	-1	-1	-1
0	256	-1.55855	-6.39721	-1	-1	-1
0	256	5.21293	1.3482	-1	-1	-1
0	256	0.530553	-4.8522	-1	-1	-1
0	256	3.91611	-3.6251	2438	2479.25	-1
0	256	-1.51562	9.10446	-1	-1	-1
0	256	-3.69268	-4.49072	-1	-1	-1
0	256	0.174717	-6.85818	4531	4628.22	-1
0	256	7.71958	0.850225	-1	-1	-1
0	256	2.9731	8.11452	-1	-1	-1
0	256	-7.65428	-0.120708	1889	1948	-1
0	256	0.415336	7.147	-1	-1	-1
0	256	4.86574	-3.38105	-1	-1	-1
