Pile ID	Distribution Type	X-Position	Y-Position	Pickup Time	Drop Off Time	Ant ID
1	1	3.52593	-2.34133	111	145.219	-1
1	1	3.67593	-2.34133	223	280.938	-1
1	1	3.82593	-2.34133	675	710.719	-1
1	1	3.97593	-2.34133	906	971.625	-1
1	1	4.12593	-2.34133	1148	1215.22	-1
1	1	4.27593	-2.34133	1380	1424.44	-1
1	1	4.42593	-2.34133	1477	1521.41	-1
1	1	4.57593	-2.34133	1589	1650.25	-1
1	1	4.72593	-2.34133	1663	1732.09	-1
1	1	4.87593	-2.34133	2068	2111.97	-1
1	1	5.02593	-2.34133	2188	2246.06	-1
1	1	5.17593	-2.34133	2500	2542.53	-1
1	1	5.32593	-2.34133	-1	-1	-1
1	1	5.47593	-2.34133	-1	-1	-1
1	1	5.62593	-2.34133	-1	-1	-1
1	1	5.77593	-2.34133	-1	-1	-1
1	1	3.52593	-2.19133	184	227.438	-1
1	1	3.67593	-2.19133	276	318.094	-1
1	1	3.82593	-2.19133	748	791.906	-1
1	1	3.97593	-2.19133	896	949.531	-1
1	1	4.12593	-2.19133	1034	1091.81	-1
1	1	4.27593	-2.19133	1278	1327.47	-1
1	1	4.42593	-2.19133	1561	1611.09	-1
1	1	4.57593	-2.19133	2409	2452.03	-1
1	1	4.72593	-2.19133	2301	2343.38	-1
1	1	4.87593	-2.19133	-1	-1	-1
1	1	5.02593	-2.19133	-1	-1	-1
1	1	5.17593	-2.19133	-1	-1	-1
1	1	5.32593	-2.19133	-1	-1	-1
1	1	5.47593	-2.19133	-1	-1	-1
1	1	5.62593	-2.19133	-1	-1	-1
1	1	5.77593	-2.19133	-1	-1	-1
1	1	3.52593	-2.04133	357	429.5	-1
1	1	3.67593	-2.04133	462	498.75	-1
1	1	3.82593	-2.04133	997	1062.62	-1
1	1	3.97593	-2.04133	1105	1164.75	-1
1	1	4.12593	-2.04133	1261	1311.47	-1
1	1	4.27593	-2.04133	1379	1415.16	-1
1	1	4.42593	-2.04133	1605	1661.31	-1
1	1	4.57593	-2.04133	-1	-1	-1
1	1	4.72593	-2.04133	-1	-1	-1
1	1	4.87593	-2.04133	-1	-1	-1
1	1	5.02593	-2.04133	-1	-1	-1
1	1	5.17593	-2.04133	-1	-1	-1
1	1	5.32593	-2.04133	-1	-1	-1
1	1	5.47593	-2.04133	-1	-1	-1
1	1	5.62593	-2.04133	-1	-1	-1
1	1	5.77593	-2.04133	-1	-1	-1
1	1	3.52593	-1.89133	832	873.75	-1
1	1	3.67593	-1.89133	861	899.469	-1
1	1	3.82593	-1.89133	960	1013.19	-1
1	1	3.97593	-1.89133	1064	1134.81	-1
1	1	4.12593	-1.89133	1105	1179.19	-1
1	1	4.27593	-1.89133	2073	2148.44	-1
1	1	4.42593	-1.89133	5024	5062.81	-1
1	1	4.57593	-1.89133	-1	-1	-1
1	1	4.72593	-1.89133	-1	-1	-1
1	1	4.87593	-1.89133	-1	-1	-1
1	1	5.02593	-1.89133	-1	-1	-1
1	1	5.17593	-1.89133	-1	-1	-1
1	1	5.32593	-1.89133	-1	-1	-1
1	1	5.47593	-1.89133	-1	-1	-1
1	1	5.62593	-1.89133	-1	-1	-1
1	1	5.77593	-1.89133	-1	-1	-1
1	1	3.52593	-1.74133	767	798.906	-1
1	1	3.67593	-1.74133	888	940.344	-1
1	1	3.82593	-1.74133	1012	1076.75	-1
1	1	3.97593	-1.74133	1409	1459.06	-1
1	1	4.12593	-1.74133	1509	1564.41	-1
1	1	4.27593	-1.74133	2005	2057.03	-1
1	1	4.42593	-1.74133	2090	2143.47	-1
1	1	4.57593	-1.74133	2270	2314.19	-1
1	1	4.72593	-1.74133	-1	-1	-1
1	1	4.87593	-1.74133	-1	-1	-1
1	1	5.02593	-1.74133	-1	-1	-1
1	1	5.17593	-1.74133	-1	-1	-1
1	1	5.32593	-1.74133	-1	-1	-1
1	1	5.47593	-1.74133	-1	-1	-1
1	1	5.62593	-1.74133	-1	-1	-1
1	1	5.77593	-1.74133	-1	-1	-1
1	1	3.52593	-1.59133	988	1034.47	-1
1	1	3.67593	-1.59133	1130	1170.81	-1
1	1	3.82593	-1.59133	1193	1244.59	-1
1	1	3.97593	-1.59133	1215	1256.28	-1
1	1	4.12593	-1.59133	1301	1358.53	-1
1	1	4.27593	-1.59133	1638	1698.31	-1
1	1	4.42593	-1.59133	2187	2225.09	-1
1	1	4.57593	-1.59133	4292	4333.09	-1
1	1	4.72593	-1.59133	-1	-1	-1
1	1	4.87593	-1.59133	-1	-1	-1
1	1	5.02593	-1.59133	-1	-1	-1
1	1	5.17593	-1.59133	-1	-1	-1
1	1	5.32593	-1.59133	-1	-1	-1
1	1	5.47593	-1.59133	-1	-1	-1
1	1	5.62593	-1.59133	-1	-1	-1
1	1	5.77593	-1.59133	-1	-1	-1
1	1	3.52593	-1.44133	55	89.0938	-1
1	1	3.67593	-1.44133	1349	1411.03	-1
1	1	3.82593	-1.44133	1244	1303.78	-1
1	1	3.97593	-1.44133	1271	1343	-1
1	1	4.12593	-1.44133	1322	1374	-1
1	1	4.27593	-1.44133	1527	1582.06	-1
1	1	4.42593	-1.44133	4139	4249.56	-1
1	1	4.57593	-1.44133	4856	4893.41	-1
1	1	4.72593	-1.44133	5105	5143.09	-1
1	1	4.87593	-1.44133	-1	-1	-1
1	1	5.02593	-1.44133	-1	-1	-1
1	1	5.17593	-1.44133	-1	-1	-1
1	1	5.32593	-1.44133	-1	-1	-1
1	1	5.47593	-1.44133	-1	-1	-1
1	1	5.62593	-1.44133	-1	-1	-1
1	1	5.77593	-1.44133	-1	-1	-1
1	1	3.52593	-1.29133	322	446.781	-1
1	1	3.67593	-1.29133	1622	1682.88	-1
1	1	3.82593	-1.29133	1394	1448.12	-1
1	1	3.97593	-1.29133	1412	1469.44	-1
1	1	4.12593	-1.29133	1506	1555.5	-1
1	1	4.27593	-1.29133	1738	1782.69	-1
1	1	4.42593	-1.29133	-1	-1	-1
1	1	4.57593	-1.29133	4940	4979.56	-1
1	1	4.72593	-1.29133	5025	5071.28	-1
1	1	4.87593	-1.29133	-1	-1	-1
1	1	5.02593	-1.29133	-1	-1	-1
1	1	5.17593	-1.29133	-1	-1	-1
1	1	5.32593	-1.29133	-1	-1	-1
1	1	5.47593	-1.29133	-1	-1	-1
1	1	5.62593	-1.29133	-1	-1	-1
1	1	5.77593	-1.29133	-1	-1	-1
1	1	3.52593	-1.14133	490	538.594	-1
1	1	3.67593	-1.14133	1640	1690.28	-1
1	1	3.82593	-1.14133	1831	1869.06	-1
1	1	3.97593	-1.14133	1913	1984.41	-1
1	1	4.12593	-1.14133	1832	1887.56	-1
1	1	4.27593	-1.14133	2304	2342.84	-1
1	1	4.42593	-1.14133	2691	2727.91	-1
1	1	4.57593	-1.14133	-1	-1	-1
1	1	4.72593	-1.14133	-1	-1	-1
1	1	4.87593	-1.14133	-1	-1	-1
1	1	5.02593	-1.14133	-1	-1	-1
1	1	5.17593	-1.14133	-1	-1	-1
1	1	5.32593	-1.14133	-1	-1	-1
1	1	5.47593	-1.14133	-1	-1	-1
1	1	5.62593	-1.14133	-1	-1	-1
1	1	5.77593	-1.14133	-1	-1	-1
1	1	3.52593	-0.991326	2043	2103.62	-1
1	1	3.67593	-0.991326	1745	1798.12	-1
1	1	3.82593	-0.991326	1856	1905.03	-1
1	1	3.97593	-0.991326	2026	2076.56	-1
1	1	4.12593	-0.991326	2214	2261.28	-1
1	1	4.27593	-0.991326	2233	2267.69	-1
1	1	4.42593	-0.991326	2774	2836.12	-1
1	1	4.57593	-0.991326	-1	-1	-1
1	1	4.72593	-0.991326	-1	-1	-1
1	1	4.87593	-0.991326	-1	-1	-1
1	1	5.02593	-0.991326	-1	-1	-1
1	1	5.17593	-0.991326	-1	-1	-1
1	1	5.32593	-0.991326	-1	-1	-1
1	1	5.47593	-0.991326	-1	-1	-1
1	1	5.62593	-0.991326	-1	-1	-1
1	1	5.77593	-0.991326	-1	-1	-1
1	1	3.52593	-0.841326	1974	2018	-1
1	1	3.67593	-0.841326	1939	1988.03	-1
1	1	3.82593	-0.841326	1962	2046.44	-1
1	1	3.97593	-0.841326	2126	2172.53	-1
1	1	4.12593	-0.841326	2386	2454.59	-1
1	1	4.27593	-0.841326	2636	2685.91	-1
1	1	4.42593	-0.841326	5369	-1	-1
1	1	4.57593	-0.841326	-1	-1	-1
1	1	4.72593	-0.841326	-1	-1	-1
1	1	4.87593	-0.841326	-1	-1	-1
1	1	5.02593	-0.841326	-1	-1	-1
1	1	5.17593	-0.841326	-1	-1	-1
1	1	5.32593	-0.841326	-1	-1	-1
1	1	5.47593	-0.841326	-1	-1	-1
1	1	5.62593	-0.841326	-1	-1	-1
1	1	5.77593	-0.841326	-1	-1	-1
1	1	3.52593	-0.691326	2531	2598.19	-1
1	1	3.67593	-0.691326	2429	2476.25	-1
1	1	3.82593	-0.691326	2214	2289.41	-1
1	1	3.97593	-0.691326	2322	2399.16	-1
1	1	4.12593	-0.691326	2455	2512.84	-1
1	1	4.27593	-0.691326	2570	2640.25	-1
1	1	4.42593	-0.691326	-1	-1	-1
1	1	4.57593	-0.691326	-1	-1	-1
1	1	4.72593	-0.691326	-1	-1	-1
1	1	4.87593	-0.691326	-1	-1	-1
1	1	5.02593	-0.691326	-1	-1	-1
1	1	5.17593	-0.691326	-1	-1	-1
1	1	5.32593	-0.691326	-1	-1	-1
1	1	5.47593	-0.691326	-1	-1	-1
1	1	5.62593	-0.691326	-1	-1	-1
1	1	5.77593	-0.691326	-1	-1	-1
1	1	3.52593	-0.541326	556	675.844	-1
1	1	3.67593	-0.541326	2785	2903.31	-1
1	1	3.82593	-0.541326	2342	2381.88	-1
1	1	3.97593	-0.541326	2447	2496.56	-1
1	1	4.12593	-0.541326	2502	2554.25	-1
1	1	4.27593	-0.541326	2622	2677.94	-1
1	1	4.42593	-0.541326	-1	-1	-1
1	1	4.57593	-0.541326	-1	-1	-1
1	1	4.72593	-0.541326	-1	-1	-1
1	1	4.87593	-0.541326	-1	-1	-1
1	1	5.02593	-0.541326	-1	-1	-1
1	1	5.17593	-0.541326	-1	-1	-1
1	1	5.32593	-0.541326	-1	-1	-1
1	1	5.47593	-0.541326	-1	-1	-1
1	1	5.62593	-0.541326	-1	-1	-1
1	1	5.77593	-0.541326	-1	-1	-1
1	1	3.52593	-0.391326	702	737	-1
1	1	3.67593	-0.391326	-1	-1	-1
1	1	3.82593	-0.391326	2540	2609.25	-1
1	1	3.97593	-0.391326	2603	2656.94	-1
1	1	4.12593	-0.391326	-1	-1	-1
1	1	4.27593	-0.391326	-1	-1	-1
1	1	4.42593	-0.391326	-1	-1	-1
1	1	4.57593	-0.391326	-1	-1	-1
1	1	4.72593	-0.391326	-1	-1	-1
1	1	4.87593	-0.391326	-1	-1	-1
1	1	5.02593	-0.391326	-1	-1	-1
1	1	5.17593	-0.391326	-1	-1	-1
1	1	5.32593	-0.391326	-1	-1	-1
1	1	5.47593	-0.391326	-1	-1	-1
1	1	5.62593	-0.391326	-1	-1	-1
1	1	5.77593	-0.391326	-1	-1	-1
1	1	3.52593	-0.241326	-1	-1	-1
1	1	3.67593	-0.241326	-1	-1	-1
1	1	3.82593	-0.241326	2664	2710.31	-1
1	1	3.97593	-0.241326	2739	2774.62	-1
1	1	4.12593	-0.241326	-1	-1	-1
1	1	4.27593	-0.241326	-1	-1	-1
1	1	4.42593	-0.241326	562	601.062	-1
1	1	4.57593	-0.241326	-1	-1	-1
1	1	4.72593	-0.241326	-1	-1	-1
1	1	4.87593	-0.241326	-1	-1	-1
1	1	5.02593	-0.241326	-1	-1	-1
1	1	5.17593	-0.241326	-1	-1	-1
1	1	5.32593	-0.241326	-1	-1	-1
1	1	5.47593	-0.241326	-1	-1	-1
1	1	5.62593	-0.241326	-1	-1	-1
1	1	5.77593	-0.241326	-1	-1	-1
1	1	3.52593	-0.0913261	1535	1569.62	-1
1	1	3.67593	-0.0913261	-1	-1	-1
1	1	3.82593	-0.0913261	2188	2222.62	-1
1	1	3.97593	-0.0913261	2099	2151.81	-1
1	1	4.12593	-0.0913261	-1	-1	-1
1	1	4.27593	-0.0913261	-1	-1	-1
1	1	4.42593	-0.0913261	454	509.875	-1
1	1	4.57593	-0.0913261	361	413.156	-1
1	1	4.72593	-0.0913261	-1	-1	-1
1	1	4.87593	-0.0913261	-1	-1	-1
1	1	5.02593	-0.0913261	-1	-1	-1
1	1	5.17593	-0.0913261	-1	-1	-1
1	1	5.32593	-0.0913261	-1	-1	-1
1	1	5.47593	-0.0913261	-1	-1	-1
1	1	5.62593	-0.0913261	-1	-1	-1
1	1	5.77593	-0.0913261	-1	-1	-1
2	4	7.0085	-5.90508	-1	-1	-1
2	4	7.1585	-5.90508	-1	-1	-1
2	4	7.3085	-5.90508	-1	-1	-1
2	4	7.4585	-5.90508	-1	-1	-1
2	4	7.6085	-5.90508	-1	-1	-1
2	4	7.7585	-5.90508	-1	-1	-1
2	4	7.9085	-5.90508	-1	-1	-1
2	4	8.0585	-5.90508	-1	-1	-1
2	4	7.0085	-5.75508	-1	-1	-1
2	4	7.1585	-5.75508	-1	-1	-1
2	4	7.3085	-5.75508	-1	-1	-1
2	4	7.4585	-5.75508	-1	-1	-1
2	4	7.6085	-5.75508	-1	-1	-1
2	4	7.7585	-5.75508	-1	-1	-1
2	4	7.9085	-5.75508	-1	-1	-1
2	4	8.0585	-5.75508	-1	-1	-1
2	4	7.0085	-5.60508	-1	-1	-1
2	4	7.1585	-5.60508	-1	-1	-1
2	4	7.3085	-5.60508	-1	-1	-1
2	4	7.4585	-5.60508	-1	-1	-1
2	4	7.6085	-5.60508	-1	-1	-1
2	4	7.7585	-5.60508	-1	-1	-1
2	4	7.9085	-5.60508	-1	-1	-1
2	4	8.0585	-5.60508	-1	-1	-1
2	4	7.0085	-5.45508	-1	-1	-1
2	4	7.1585	-5.45508	-1	-1	-1
2	4	7.3085	-5.45508	-1	-1	-1
2	4	7.4585	-5.45508	-1	-1	-1
2	4	7.6085	-5.45508	-1	-1	-1
2	4	7.7585	-5.45508	-1	-1	-1
2	4	7.9085	-5.45508	-1	-1	-1
2	4	8.0585	-5.45508	-1	-1	-1
2	4	7.0085	-5.30508	-1	-1	-1
2	4	7.1585	-5.30508	-1	-1	-1
2	4	7.3085	-5.30508	-1	-1	-1
2	4	7.4585	-5.30508	-1	-1	-1
2	4	7.6085	-5.30508	-1	-1	-1
2	4	7.7585	-5.30508	-1	-1	-1
2	4	7.9085	-5.30508	-1	-1	-1
2	4	8.0585	-5.30508	-1	-1	-1
2	4	7.0085	-5.15508	-1	-1	-1
2	4	7.1585	-5.15508	-1	-1	-1
2	4	7.3085	-5.15508	-1	-1	-1
2	4	7.4585	-5.15508	-1	-1	-1
2	4	7.6085	-5.15508	-1	-1	-1
2	4	7.7585	-5.15508	-1	-1	-1
2	4	7.9085	-5.15508	-1	-1	-1
2	4	8.0585	-5.15508	-1	-1	-1
2	4	7.0085	-5.00508	-1	-1	-1
2	4	7.1585	-5.00508	-1	-1	-1
2	4	7.3085	-5.00508	-1	-1	-1
2	4	7.4585	-5.00508	-1	-1	-1
2	4	7.6085	-5.00508	-1	-1	-1
2	4	7.7585	-5.00508	-1	-1	-1
2	4	7.9085	-5.00508	-1	-1	-1
2	4	8.0585	-5.00508	-1	-1	-1
2	4	7.0085	-4.85508	-1	-1	-1
2	4	7.1585	-4.85508	-1	-1	-1
2	4	7.3085	-4.85508	1464	1570.06	-1
2	4	7.4585	-4.85508	1644	1707.91	-1
2	4	7.6085	-4.85508	1778	1846.06	-1
2	4	7.7585	-4.85508	-1	-1	-1
2	4	7.9085	-4.85508	-1	-1	-1
2	4	8.0585	-4.85508	-1	-1	-1
3	4	-1.71809	4.46548	5190	5227.38	-1
3	4	-1.56809	4.46548	5268	5322.44	-1
3	4	-1.41809	4.46548	5347	-1	-1
3	4	-1.26809	4.46548	-1	-1	-1
3	4	-1.11809	4.46548	-1	-1	-1
3	4	-0.968086	4.46548	-1	-1	-1
3	4	-0.818086	4.46548	-1	-1	-1
3	4	-0.668086	4.46548	-1	-1	-1
3	4	-1.71809	4.61548	-1	-1	-1
3	4	-1.56809	4.61548	-1	-1	-1
3	4	-1.41809	4.61548	5368	-1	-1
3	4	-1.26809	4.61548	-1	-1	-1
3	4	-1.11809	4.61548	-1	-1	-1
3	4	-0.968086	4.61548	-1	-1	-1
3	4	-0.818086	4.61548	-1	-1	-1
3	4	-0.668086	4.61548	5289	5342.22	-1
3	4	-1.71809	4.76548	-1	-1	-1
3	4	-1.56809	4.76548	-1	-1	-1
3	4	-1.41809	4.76548	-1	-1	-1
3	4	-1.26809	4.76548	-1	-1	-1
3	4	-1.11809	4.76548	-1	-1	-1
3	4	-0.968086	4.76548	-1	-1	-1
3	4	-0.818086	4.76548	-1	-1	-1
3	4	-0.668086	4.76548	-1	-1	-1
3	4	-1.71809	4.91548	-1	-1	-1
3	4	-1.56809	4.91548	-1	-1	-1
3	4	-1.41809	4.91548	-1	-1	-1
3	4	-1.26809	4.91548	-1	-1	-1
3	4	-1.11809	4.91548	-1	-1	-1
3	4	-0.968086	4.91548	-1	-1	-1
3	4	-0.818086	4.91548	-1	-1	-1
3	4	-0.668086	4.91548	-1	-1	-1
3	4	-1.71809	5.06548	-1	-1	-1
3	4	-1.56809	5.06548	-1	-1	-1
3	4	-1.41809	5.06548	-1	-1	-1
3	4	-1.26809	5.06548	-1	-1	-1
3	4	-1.11809	5.06548	-1	-1	-1
3	4	-0.968086	5.06548	-1	-1	-1
3	4	-0.818086	5.06548	-1	-1	-1
3	4	-0.668086	5.06548	-1	-1	-1
3	4	-1.71809	5.21548	-1	-1	-1
3	4	-1.56809	5.21548	-1	-1	-1
3	4	-1.41809	5.21548	-1	-1	-1
3	4	-1.26809	5.21548	-1	-1	-1
3	4	-1.11809	5.21548	-1	-1	-1
3	4	-0.968086	5.21548	-1	-1	-1
3	4	-0.818086	5.21548	-1	-1	-1
3	4	-0.668086	5.21548	-1	-1	-1
3	4	-1.71809	5.36548	-1	-1	-1
3	4	-1.56809	5.36548	-1	-1	-1
3	4	-1.41809	5.36548	-1	-1	-1
3	4	-1.26809	5.36548	-1	-1	-1
3	4	-1.11809	5.36548	-1	-1	-1
3	4	-0.968086	5.36548	-1	-1	-1
3	4	-0.818086	5.36548	-1	-1	-1
3	4	-0.668086	5.36548	-1	-1	-1
3	4	-1.71809	5.51548	-1	-1	-1
3	4	-1.56809	5.51548	-1	-1	-1
3	4	-1.41809	5.51548	-1	-1	-1
3	4	-1.26809	5.51548	-1	-1	-1
3	4	-1.11809	5.51548	-1	-1	-1
3	4	-0.968086	5.51548	-1	-1	-1
3	4	-0.818086	5.51548	-1	-1	-1
3	4	-0.668086	5.51548	-1	-1	-1
4	4	-6.44049	5.5868	-1	-1	-1
4	4	-6.29049	5.5868	-1	-1	-1
4	4	-6.14049	5.5868	-1	-1	-1
4	4	-5.99049	5.5868	-1	-1	-1
4	4	-5.84049	5.5868	4640	4702.84	-1
4	4	-5.69049	5.5868	-1	-1	-1
4	4	-5.54049	5.5868	-1	-1	-1
4	4	-5.39049	5.5868	-1	-1	-1
4	4	-6.44049	5.7368	-1	-1	-1
4	4	-6.29049	5.7368	-1	-1	-1
4	4	-6.14049	5.7368	-1	-1	-1
4	4	-5.99049	5.7368	-1	-1	-1
4	4	-5.84049	5.7368	-1	-1	-1
4	4	-5.69049	5.7368	-1	-1	-1
4	4	-5.54049	5.7368	-1	-1	-1
4	4	-5.39049	5.7368	-1	-1	-1
4	4	-6.44049	5.8868	-1	-1	-1
4	4	-6.29049	5.8868	-1	-1	-1
4	4	-6.14049	5.8868	-1	-1	-1
4	4	-5.99049	5.8868	-1	-1	-1
4	4	-5.84049	5.8868	-1	-1	-1
4	4	-5.69049	5.8868	-1	-1	-1
4	4	-5.54049	5.8868	-1	-1	-1
4	4	-5.39049	5.8868	-1	-1	-1
4	4	-6.44049	6.0368	-1	-1	-1
4	4	-6.29049	6.0368	-1	-1	-1
4	4	-6.14049	6.0368	-1	-1	-1
4	4	-5.99049	6.0368	-1	-1	-1
4	4	-5.84049	6.0368	-1	-1	-1
4	4	-5.69049	6.0368	-1	-1	-1
4	4	-5.54049	6.0368	-1	-1	-1
4	4	-5.39049	6.0368	3843	3909.34	-1
4	4	-6.44049	6.1868	-1	-1	-1
4	4	-6.29049	6.1868	-1	-1	-1
4	4	-6.14049	6.1868	-1	-1	-1
4	4	-5.99049	6.1868	-1	-1	-1
4	4	-5.84049	6.1868	-1	-1	-1
4	4	-5.69049	6.1868	-1	-1	-1
4	4	-5.54049	6.1868	-1	-1	-1
4	4	-5.39049	6.1868	1789	1914.69	-1
4	4	-6.44049	6.3368	-1	-1	-1
4	4	-6.29049	6.3368	-1	-1	-1
4	4	-6.14049	6.3368	-1	-1	-1
4	4	-5.99049	6.3368	-1	-1	-1
4	4	-5.84049	6.3368	-1	-1	-1
4	4	-5.69049	6.3368	-1	-1	-1
4	4	-5.54049	6.3368	3994	4059.03	-1
4	4	-5.39049	6.3368	3973	4040.31	-1
4	4	-6.44049	6.4868	-1	-1	-1
4	4	-6.29049	6.4868	-1	-1	-1
4	4	-6.14049	6.4868	-1	-1	-1
4	4	-5.99049	6.4868	-1	-1	-1
4	4	-5.84049	6.4868	-1	-1	-1
4	4	-5.69049	6.4868	-1	-1	-1
4	4	-5.54049	6.4868	-1	-1	-1
4	4	-5.39049	6.4868	4123	4188.41	-1
4	4	-6.44049	6.6368	-1	-1	-1
4	4	-6.29049	6.6368	-1	-1	-1
4	4	-6.14049	6.6368	-1	-1	-1
4	4	-5.99049	6.6368	-1	-1	-1
4	4	-5.84049	6.6368	-1	-1	-1
4	4	-5.69049	6.6368	-1	-1	-1
4	4	-5.54049	6.6368	4289	4354.97	-1
4	4	-5.39049	6.6368	-1	-1	-1
5	4	-3.82937	8.34684	3216	3308.62	-1
5	4	-3.67937	8.34684	2722	2786.88	-1
5	4	-3.52937	8.34684	2849	2933.34	-1
5	4	-3.37937	8.34684	2878	2956.91	-1
5	4	-3.22937	8.34684	3058	3130.94	-1
5	4	-3.07937	8.34684	1693	1761.75	-1
5	4	-2.92937	8.34684	-1	-1	-1
5	4	-2.77937	8.34684	-1	-1	-1
5	4	-3.82937	8.49684	3105	3175.22	-1
5	4	-3.67937	8.49684	2906	2990.84	-1
5	4	-3.52937	8.49684	3069	3150.34	-1
5	4	-3.37937	8.49684	3281	3366.84	-1
5	4	-3.22937	8.49684	3387	3459.94	-1
5	4	-3.07937	8.49684	-1	-1	-1
5	4	-2.92937	8.49684	-1	-1	-1
5	4	-2.77937	8.49684	-1	-1	-1
5	4	-3.82937	8.64684	3443	3515.44	-1
5	4	-3.67937	8.64684	3265	3355.31	-1
5	4	-3.52937	8.64684	3243	3326.75	-1
5	4	-3.37937	8.64684	3443	3527.09	-1
5	4	-3.22937	8.64684	3617	3709.31	-1
5	4	-3.07937	8.64684	3797	3871.47	-1
5	4	-2.92937	8.64684	-1	-1	-1
5	4	-2.77937	8.64684	-1	-1	-1
5	4	-3.82937	8.79684	879	963.156	-1
5	4	-3.67937	8.79684	3417	3491	-1
5	4	-3.52937	8.79684	3306	3376.19	-1
5	4	-3.37937	8.79684	3595	3666.75	-1
5	4	-3.22937	8.79684	3942	4012.22	-1
5	4	-3.07937	8.79684	-1	-1	-1
5	4	-2.92937	8.79684	-1	-1	-1
5	4	-2.77937	8.79684	-1	-1	-1
5	4	-3.82937	8.94684	-1	-1	-1
5	4	-3.67937	8.94684	-1	-1	-1
5	4	-3.52937	8.94684	3607	3696.16	-1
5	4	-3.37937	8.94684	3798	3877.66	-1
5	4	-3.22937	8.94684	3954	4024.44	-1
5	4	-3.07937	8.94684	-1	-1	-1
5	4	-2.92937	8.94684	-1	-1	-1
5	4	-2.77937	8.94684	-1	-1	-1
5	4	-3.82937	9.09684	-1	-1	-1
5	4	-3.67937	9.09684	-1	-1	-1
5	4	-3.52937	9.09684	-1	-1	-1
5	4	-3.37937	9.09684	-1	-1	-1
5	4	-3.22937	9.09684	-1	-1	-1
5	4	-3.07937	9.09684	-1	-1	-1
5	4	-2.92937	9.09684	-1	-1	-1
5	4	-2.77937	9.09684	-1	-1	-1
5	4	-3.82937	9.24684	1535	1611.56	-1
5	4	-3.67937	9.24684	1673	1747.19	-1
5	4	-3.52937	9.24684	-1	-1	-1
5	4	-3.37937	9.24684	3749	3823.56	-1
5	4	-3.22937	9.24684	-1	-1	-1
5	4	-3.07937	9.24684	-1	-1	-1
5	4	-2.92937	9.24684	-1	-1	-1
5	4	-2.77937	9.24684	-1	-1	-1
5	4	-3.82937	9.39684	1366	1441.81	-1
5	4	-3.67937	9.39684	1519	1598.69	-1
5	4	-3.52937	9.39684	1852	1926.97	-1
5	4	-3.37937	9.39684	3595	3670.69	-1
5	4	-3.22937	9.39684	-1	-1	-1
5	4	-3.07937	9.39684	-1	-1	-1
5	4	-2.92937	9.39684	-1	-1	-1
5	4	-2.77937	9.39684	-1	-1	-1
6	16	8.83526	-0.102209	-1	-1	-1
6	16	8.98526	-0.102209	-1	-1	-1
6	16	9.13526	-0.102209	-1	-1	-1
6	16	9.28526	-0.102209	3493	3561.25	-1
6	16	8.83526	0.0477912	-1	-1	-1
6	16	8.98526	0.0477912	-1	-1	-1
6	16	9.13526	0.0477912	-1	-1	-1
6	16	9.28526	0.0477912	4483	4552.03	-1
6	16	8.83526	0.197791	-1	-1	-1
6	16	8.98526	0.197791	-1	-1	-1
6	16	9.13526	0.197791	-1	-1	-1
6	16	9.28526	0.197791	-1	-1	-1
6	16	8.83526	0.347791	4960	5024.59	-1
6	16	8.98526	0.347791	2281	2347.25	-1
6	16	9.13526	0.347791	-1	-1	-1
6	16	9.28526	0.347791	-1	-1	-1
7	16	6.88918	-7.2313	-1	-1	-1
7	16	7.03918	-7.2313	-1	-1	-1
7	16	7.18918	-7.2313	-1	-1	-1
7	16	7.33918	-7.2313	-1	-1	-1
7	16	6.88918	-7.0813	-1	-1	-1
7	16	7.03918	-7.0813	-1	-1	-1
7	16	7.18918	-7.0813	-1	-1	-1
7	16	7.33918	-7.0813	-1	-1	-1
7	16	6.88918	-6.9313	-1	-1	-1
7	16	7.03918	-6.9313	-1	-1	-1
7	16	7.18918	-6.9313	-1	-1	-1
7	16	7.33918	-6.9313	-1	-1	-1
7	16	6.88918	-6.7813	-1	-1	-1
7	16	7.03918	-6.7813	-1	-1	-1
7	16	7.18918	-6.7813	-1	-1	-1
7	16	7.33918	-6.7813	-1	-1	-1
8	16	-8.09	1.98137	-1	-1	-1
8	16	-7.94	1.98137	-1	-1	-1
8	16	-7.79	1.98137	-1	-1	-1
8	16	-7.64	1.98137	-1	-1	-1
8	16	-8.09	2.13137	-1	-1	-1
8	16	-7.94	2.13137	-1	-1	-1
8	16	-7.79	2.13137	-1	-1	-1
8	16	-7.64	2.13137	-1	-1	-1
8	16	-8.09	2.28137	-1	-1	-1
8	16	-7.94	2.28137	-1	-1	-1
8	16	-7.79	2.28137	-1	-1	-1
8	16	-7.64	2.28137	-1	-1	-1
8	16	-8.09	2.43137	-1	-1	-1
8	16	-7.94	2.43137	-1	-1	-1
8	16	-7.79	2.43137	-1	-1	-1
8	16	-7.64	2.43137	-1	-1	-1
9	16	-0.456579	2.25962	204	337.781	-1
9	16	-0.306579	2.25962	358	392.562	-1
9	16	-0.156579	2.25962	387	415.344	-1
9	16	-0.00657898	2.25962	686	708.25	-1
9	16	-0.456579	2.40962	821	845.062	-1
9	16	-0.306579	2.40962	862	883.438	-1
9	16	-0.156579	2.40962	907	934.625	-1
9	16	-0.00657898	2.40962	-1	-1	-1
9	16	-0.456579	2.55962	-1	-1	-1
9	16	-0.306579	2.55962	5042	5173.72	-1
9	16	-0.156579	2.55962	-1	-1	-1
9	16	-0.00657898	2.55962	-1	-1	-1
9	16	-0.456579	2.70962	-1	-1	-1
9	16	-0.306579	2.70962	-1	-1	-1
9	16	-0.156579	2.70962	-1	-1	-1
9	16	-0.00657898	2.70962	-1	-1	-1
10	16	5.66849	-5.50919	-1	-1	-1
10	16	5.81849	-5.50919	-1	-1	-1
10	16	5.96849	-5.50919	-1	-1	-1
10	16	6.11849	-5.50919	-1	-1	-1
10	16	5.66849	-5.35919	-1	-1	-1
10	16	5.81849	-5.35919	-1	-1	-1
10	16	5.96849	-5.35919	-1	-1	-1
10	16	6.11849	-5.35919	-1	-1	-1
10	16	5.66849	-5.20919	4072	4128.28	-1
10	16	5.81849	-5.20919	-1	-1	-1
10	16	5.96849	-5.20919	-1	-1	-1
10	16	6.11849	-5.20919	-1	-1	-1
10	16	5.66849	-5.05919	-1	-1	-1
10	16	5.81849	-5.05919	-1	-1	-1
10	16	5.96849	-5.05919	-1	-1	-1
10	16	6.11849	-5.05919	-1	-1	-1
11	16	6.42509	-5.28377	-1	-1	-1
11	16	6.57509	-5.28377	-1	-1	-1
11	16	6.72509	-5.28377	-1	-1	-1
11	16	6.87509	-5.28377	-1	-1	-1
11	16	6.42509	-5.13377	-1	-1	-1
11	16	6.57509	-5.13377	-1	-1	-1
11	16	6.72509	-5.13377	-1	-1	-1
11	16	6.87509	-5.13377	-1	-1	-1
11	16	6.42509	-4.98377	-1	-1	-1
11	16	6.57509	-4.98377	-1	-1	-1
11	16	6.72509	-4.98377	-1	-1	-1
11	16	6.87509	-4.98377	-1	-1	-1
11	16	6.42509	-4.83377	-1	-1	-1
11	16	6.57509	-4.83377	-1	-1	-1
11	16	6.72509	-4.83377	-1	-1	-1
11	16	6.87509	-4.83377	-1	-1	-1
12	16	-5.44968	2.37789	-1	-1	-1
12	16	-5.29968	2.37789	-1	-1	-1
12	16	-5.14968	2.37789	-1	-1	-1
12	16	-4.99968	2.37789	-1	-1	-1
12	16	-5.44968	2.52789	-1	-1	-1
12	16	-5.29968	2.52789	-1	-1	-1
12	16	-5.14968	2.52789	-1	-1	-1
12	16	-4.99968	2.52789	-1	-1	-1
12	16	-5.44968	2.67789	-1	-1	-1
12	16	-5.29968	2.67789	-1	-1	-1
12	16	-5.14968	2.67789	-1	-1	-1
12	16	-4.99968	2.67789	-1	-1	-1
12	16	-5.44968	2.82789	-1	-1	-1
12	16	-5.29968	2.82789	-1	-1	-1
12	16	-5.14968	2.82789	-1	-1	-1
12	16	-4.99968	2.82789	-1	-1	-1
13	16	6.46301	-0.228017	-1	-1	-1
13	16	6.61301	-0.228017	-1	-1	-1
13	16	6.76301	-0.228017	-1	-1	-1
13	16	6.91301	-0.228017	-1	-1	-1
13	16	6.46301	-0.0780172	-1	-1	-1
13	16	6.61301	-0.0780172	-1	-1	-1
13	16	6.76301	-0.0780172	-1	-1	-1
13	16	6.91301	-0.0780172	-1	-1	-1
13	16	6.46301	0.0719828	-1	-1	-1
13	16	6.61301	0.0719828	-1	-1	-1
13	16	6.76301	0.0719828	3030	3117.03	-1
13	16	6.91301	0.0719828	2889	2943.62	-1
13	16	6.46301	0.221983	-1	-1	-1
13	16	6.61301	0.221983	-1	-1	-1
13	16	6.76301	0.221983	3004	3103.12	-1
13	16	6.91301	0.221983	2755	2815.5	-1
14	16	-0.229395	4.6826	5250	5291.75	-1
14	16	-0.0793951	4.6826	5171	5208.19	-1
14	16	0.0706049	4.6826	609	646.188	-1
14	16	0.220605	4.6826	679	731.219	-1
14	16	-0.229395	4.8326	5385	-1	-1
14	16	-0.0793951	4.8326	-1	-1	-1
14	16	0.0706049	4.8326	-1	-1	-1
14	16	0.220605	4.8326	-1	-1	-1
14	16	-0.229395	4.9826	-1	-1	-1
14	16	-0.0793951	4.9826	-1	-1	-1
14	16	0.0706049	4.9826	-1	-1	-1
14	16	0.220605	4.9826	-1	-1	-1
14	16	-0.229395	5.1326	-1	-1	-1
14	16	-0.0793951	5.1326	-1	-1	-1
14	16	0.0706049	5.1326	-1	-1	-1
14	16	0.220605	5.1326	-1	-1	-1
15	16	-2.34663	7.7261	3310	3384.56	-1
15	16	-2.19663	7.7261	-1	-1	-1
15	16	-2.04663	7.7261	-1	-1	-1
15	16	-1.89663	7.7261	-1	-1	-1
15	16	-2.34663	7.8761	3063	3125.56	-1
15	16	-2.19663	7.8761	3448	3515.78	-1
15	16	-2.04663	7.8761	-1	-1	-1
15	16	-1.89663	7.8761	-1	-1	-1
15	16	-2.34663	8.0261	3183	3245.69	-1
15	16	-2.19663	8.0261	-1	-1	-1
15	16	-2.04663	8.0261	-1	-1	-1
15	16	-1.89663	8.0261	-1	-1	-1
15	16	-2.34663	8.1761	-1	-1	-1
15	16	-2.19663	8.1761	-1	-1	-1
15	16	-2.04663	8.1761	-1	-1	-1
15	16	-1.89663	8.1761	-1	-1	-1
16	16	-0.304406	-2.88403	-1	-1	-1
16	16	-0.154406	-2.88403	1115	1145	-1
16	16	-0.00440559	-2.88403	1081	1123.38	-1
16	16	0.145594	-2.88403	1008	1043.62	-1
16	16	-0.304406	-2.73403	-1	-1	-1
16	16	-0.154406	-2.73403	-1	-1	-1
16	16	-0.00440559	-2.73403	-1	-1	-1
16	16	0.145594	-2.73403	900	933.562	-1
16	16	-0.304406	-2.58403	-1	-1	-1
16	16	-0.154406	-2.58403	-1	-1	-1
16	16	-0.00440559	-2.58403	-1	-1	-1
16	16	0.145594	-2.58403	957	982.625	-1
16	16	-0.304406	-2.43403	-1	-1	-1
16	16	-0.154406	-2.43403	-1	-1	-1
16	16	-0.00440559	-2.43403	-1	-1	-1
16	16	0.145594	-2.43403	21	63.9688	-1
17	16	4.89287	0.5019	-1	-1	-1
17	16	5.04287	0.5019	-1	-1	-1
17	16	5.19287	0.5019	-1	-1	-1
17	16	5.34287	0.5019	-1	-1	-1
17	16	4.89287	0.6519	5366	-1	-1
17	16	5.04287	0.6519	-1	-1	-1
17	16	5.19287	0.6519	-1	-1	-1
17	16	5.34287	0.6519	-1	-1	-1
17	16	4.89287	0.8019	-1	-1	-1
17	16	5.04287	0.8019	-1	-1	-1
17	16	5.19287	0.8019	-1	-1	-1
17	16	5.34287	0.8019	-1	-1	-1
17	16	4.89287	0.9519	225	334.281	-1
17	16	5.04287	0.9519	2276	2324.06	-1
17	16	5.19287	0.9519	-1	-1	-1
17	16	5.34287	0.9519	-1	-1	-1
18	16	1.72149	-8.14964	-1	-1	-1
18	16	1.87149	-8.14964	2726	2796.72	-1
18	16	2.02149	-8.14964	-1	-1	-1
18	16	2.17149	-8.14964	-1	-1	-1
18	16	1.72149	-7.99964	-1	-1	-1
18	16	1.87149	-7.99964	-1	-1	-1
18	16	2.02149	-7.99964	-1	-1	-1
18	16	2.17149	-7.99964	-1	-1	-1
18	16	1.72149	-7.84964	-1	-1	-1
18	16	1.87149	-7.84964	-1	-1	-1
18	16	2.02149	-7.84964	-1	-1	-1
18	16	2.17149	-7.84964	-1	-1	-1
18	16	1.72149	-7.69964	2935	3042.16	-1
18	16	1.87149	-7.69964	3102	3162.22	-1
18	16	2.02149	-7.69964	3223	3279.62	-1
18	16	2.17149	-7.69964	1310	1367.84	-1
19	16	-3.92496	-8.50081	-1	-1	-1
19	16	-3.77496	-8.50081	-1	-1	-1
19	16	-3.62496	-8.50081	-1	-1	-1
19	16	-3.47496	-8.50081	711	781.062	-1
19	16	-3.92496	-8.35081	-1	-1	-1
19	16	-3.77496	-8.35081	-1	-1	-1
19	16	-3.62496	-8.35081	-1	-1	-1
19	16	-3.47496	-8.35081	851	922.906	-1
19	16	-3.92496	-8.20081	-1	-1	-1
19	16	-3.77496	-8.20081	-1	-1	-1
19	16	-3.62496	-8.20081	-1	-1	-1
19	16	-3.47496	-8.20081	998	1064.53	-1
19	16	-3.92496	-8.05081	-1	-1	-1
19	16	-3.77496	-8.05081	-1	-1	-1
19	16	-3.62496	-8.05081	-1	-1	-1
19	16	-3.47496	-8.05081	3976	4046	-1
20	16	-0.677794	7.95635	4878	4975.88	-1
20	16	-0.527794	7.95635	-1	-1	-1
20	16	-0.377794	7.95635	-1	-1	-1
20	16	-0.227794	7.95635	-1	-1	-1
20	16	-0.677794	8.10635	-1	-1	-1
20	16	-0.527794	8.10635	-1	-1	-1
20	16	-0.377794	8.10635	-1	-1	-1
20	16	-0.227794	8.10635	-1	-1	-1
20	16	-0.677794	8.25635	-1	-1	-1
20	16	-0.527794	8.25635	-1	-1	-1
20	16	-0.377794	8.25635	-1	-1	-1
20	16	-0.227794	8.25635	-1	-1	-1
20	16	-0.677794	8.40635	-1	-1	-1
20	16	-0.527794	8.40635	-1	-1	-1
20	16	-0.377794	8.40635	-1	-1	-1
20	16	-0.227794	8.40635	-1	-1	-1
21	16	-7.91513	-5.48536	1697	1764.12	-1
21	16	-7.76513	-5.48536	1835	1913.88	-1
21	16	-7.61513	-5.48536	-1	-1	-1
21	16	-7.46513	-5.48536	-1	-1	-1
21	16	-7.91513	-5.33536	-1	-1	-1
21	16	-7.76513	-5.33536	-1	-1	-1
21	16	-7.61513	-5.33536	-1	-1	-1
21	16	-7.46513	-5.33536	4779	4846.34	-1
21	16	-7.91513	-5.18536	-1	-1	-1
21	16	-7.76513	-5.18536	-1	-1	-1
21	16	-7.61513	-5.18536	-1	-1	-1
21	16	-7.46513	-5.18536	4638	4707.75	-1
21	16	-7.91513	-5.03536	-1	-1	-1
21	16	-7.76513	-5.03536	-1	-1	-1
21	16	-7.61513	-5.03536	4649	4716.94	-1
21	16	-7.46513	-5.03536	4427	4559.53	-1
0	256	6.31974	2.98071	-1	-1	-1
0	256	1.15181	-4.6509	1399	1447.19	-1
0	256	1.09918	8.22339	-1	-1	-1
0	256	5.74786	2.53073	-1	-1	-1
0	256	-1.28547	3.60178	4985	5113.78	-1
0	256	6.76667	1.10626	-1	-1	-1
0	256	-3.64138	0.499942	4562	4681.97	-1
0	256	-2.56767	8.91755	-1	-1	-1
0	256	3.90639	4.35661	-1	-1	-1
0	256	-4.78641	0.782291	-1	-1	-1
0	256	9.36502	8.37055	5307	-1	-1
0	256	5.93217	-7.74737	-1	-1	-1
0	256	2.94448	0.814429	1150	1269.44	-1
0	256	-5.90191	2.50356	-1	-1	-1
0	256	8.18205	0.368437	-1	-1	-1
0	256	-5.63288	-2.55221	610	719.188	-1
0	256	-4.87528	-0.361514	2521	2558.91	-1
0	256	0.633267	8.08972	-1	-1	-1
0	256	-2.6495	-2.46058	2792	2823	-1
0	256	-0.679161	-3.34376	4014	4134.69	-1
0	256	1.76952	5.2508	121	237.75	-1
0	256	0.473546	4.31106	-1	-1	-1
0	256	1.16874	-7.60475	-1	-1	-1
0	256	-7.45505	-0.282998	-1	-1	-1
0	256	2.94499	-8.87577	2553	2621.31	-1
0	256	-9.08169	-0.420757	4984	5048.5	-1
0	256	4.67242	1.425	1336	1374.28	-1
0	256	-7.57917	-3.50246	4573	4636.03	-1
0	256	3.07167	6.71627	-1	-1	-1
0	256	3.37051	5.52596	-1	-1	-1
0	256	3.83227	1.94455	528	651.531	-1
0	256	-3.04623	4.45096	-1	-1	-1
0	256	-5.21086	-7.77655	-1	-1	-1
0	256	1.4916	-5.29408	323	365.75	-1
0	256	0.0533863	-3.43734	912	946.062	-1
0	256	-6.16825	5.25723	-1	-1	-1
0	256	3.58241	-2.8794	1062	1102.78	-1
0	256	5.82714	7.54363	-1	-1	-1
0	256	-7.2407	-2.11231	-1	-1	-1
0	256	-5.95228	-7.18104	-1	-1	-1
0	256	5.00919	4.42626	-1	-1	-1
0	256	5.82311	7.77828	3865	3934.56	-1
0	256	2.93691	4.66253	3347	3468.22	-1
0	256	-0.574541	-6.89666	2180	2235.09	-1
0	256	-1.64667	6.5101	-1	-1	-1
0	256	2.63908	-6.50512	2361	2419.41	-1
0	256	-7.72251	-5.67632	-1	-1	-1
0	256	9.40709	1.6024	5047	5120.22	-1
0	256	7.76391	2.48665	3192	3251.88	-1
0	256	-2.01797	-8.64136	3799	3864.53	-1
0	256	-2.09542	9.09949	-1	-1	-1
0	256	1.45664	6.16558	-1	-1	-1
0	256	2.24679	-8.58515	-1	-1	-1
0	256	-5.95467	5.43005	-1	-1	-1
0	256	-8.59847	1.22802	-1	-1	-1
0	256	1.8345	-7.11609	2936	3033.91	-1
0	256	-6.40536	1.70765	-1	-1	-1
0	256	-4.32575	-7.68185	-1	-1	-1
0	256	6.74727	2.99975	-1	-1	-1
0	256	3.93675	7.65443	-1	-1	-1
0	256	-2.43896	-6.34251	-1	-1	-1
0	256	-2.37002	-4.03076	-1	-1	-1
0	256	-8.39625	-5.25964	-1	-1	-1
0	256	1.16865	-5.73579	1709	1754.66	-1
0	256	-1.60709	7.44692	4136	4197.44	-1
0	256	3.93222	-4.84351	-1	-1	-1
0	256	-4.23452	-7.40321	4600	4665.06	-1
0	256	-3.24381	2.26509	-1	-1	-1
0	256	-7.93819	-4.91377	-1	-1	-1
0	256	5.13487	-7.27968	-1	-1	-1
0	256	-4.55083	4.37853	3664	3803.25	-1
0	256	-9.46786	1.26693	-1	-1	-1
0	256	6.14711	-0.421276	-1	-1	-1
0	256	-1.98858	-1.33809	472	494.719	-1
0	256	1.98364	6.2828	2947	2998.78	-1
0	256	9.66306	0.133302	887	990.594	-1
0	256	3.31848	-8.23746	-1	-1	-1
0	256	-9.3935	-1.97685	1900	1970.94	-1
0	256	8.85526	1.76418	-1	-1	-1
0	256	2.93849	-6.12799	1982	2036.28	-1
0	256	8.67256	3.84836	-1	-1	-1
0	256	-7.04225	5.2225	-1	-1	-1
0	256	4.42757	-7.7594	2407	2471.81	-1
0	256	1.47794	4.97338	5256	5300.53	-1
0	256	4.42296	-5.99625	1056	1110.66	-1
0	256	6.39268	-1.18496	-1	-1	-1
0	256	3.37159	-4.95063	95	140.906	-1
0	256	-2.55034	9.5623	2017	2090.53	-1
0	256	-5.41702	-5.23703	246	382.594	-1
0	256	-6.07691	2.61856	-1	-1	-1
0	256	4.45249	-7.4148	1749	1811.22	-1
0	256	0.246152	-6.12463	1828	1876.62	-1
0	256	1.49637	-4.4719	2367	2411.31	-1
0	256	-2.87495	-1.85551	656	799.375	-1
0	256	4.42608	1.50401	468	513.875	-1
0	256	-5.76458	-4.49039	-1	-1	-1
0	256	-1.35904	3.4559	306	424.406	-1
0	256	-4.8748	-9.5706	2540	2636.91	-1
0	256	-5.79593	-3.5897	-1	-1	-1
0	256	-7.32725	-4.21043	4861	4959.94	-1
0	256	9.43575	2.0056	3906	3975.84	-1
0	256	-1.07071	3.74098	5037	5069.5	-1
0	256	-5.65469	-3.99645	4424	4574.88	-1
0	256	5.76433	-2.58602	-1	-1	-1
0	256	-4.59752	2.14361	338	458.969	-1
0	256	-6.89076	-0.401912	3633	3684.41	-1
0	256	-7.8742	4.78721	-1	-1	-1
0	256	-2.31091	-8.37394	-1	-1	-1
0	256	6.76174	4.23245	-1	-1	-1
0	256	-1.21425	-2.00247	5093	5120.22	-1
0	256	3.52062	-2.60524	193	245.156	-1
0	256	7.38543	2.42844	-1	-1	-1
0	256	-0.0497294	-9.72773	-1	-1	-1
0	256	-5.61607	6.25595	-1	-1	-1
0	256	0.185568	-3.06976	1032	1058.88	-1
0	256	2.20172	-2.82625	162	206.25	-1
0	256	-0.0595009	9.31234	-1	-1	-1
0	256	-4.99633	7.981	-1	-1	-1
0	256	-4.36024	2.63581	-1	-1	-1
0	256	-7.26548	6.50327	-1	-1	-1
0	256	3.40892	-8.19183	-1	-1	-1
0	256	-1.71078	-6.55331	4009	4105.66	-1
0	256	-7.05077	0.0167105	-1	-1	-1
0	256	-0.0657772	-7.25006	743	806.406	-1
0	256	-9.40079	-1.49152	-1	-1	-1
0	256	-2.58096	-2.80188	135	302.375	-1
0	256	3.17934	-8.71359	1444	1513.25	-1
0	256	-1.06394	8.11735	-1	-1	-1
0	256	6.87632	-1.13984	-1	-1	-1
0	256	0.647438	9.45235	-1	-1	-1
0	256	6.09155	6.84086	5345	-1	-1
0	256	7.36482	2.02277	2027	2122.75	-1
0	256	-6.54904	-2.77673	3602	3706.5	-1
0	256	4.35153	1.63822	570	611.719	-1
0	256	-8.87303	1.26988	-1	-1	-1
0	256	-2.37893	3.46705	-1	-1	-1
0	256	-1.35832	7.2428	4293	4347.34	-1
0	256	-3.19731	4.62055	-1	-1	-1
0	256	7.59411	0.264234	-1	-1	-1
0	256	-7.80148	0.0656578	-1	-1	-1
0	256	-7.88335	1.61861	-1	-1	-1
0	256	-5.15671	-4.47052	4006	4084.53	-1
0	256	-2.49187	6.90543	-1	-1	-1
0	256	-9.73773	-2.17075	4822	4891.75	-1
0	256	6.18926	0.490605	-1	-1	-1
0	256	-2.08692	-6.526	-1	-1	-1
0	256	5.15444	-3.89353	-1	-1	-1
0	256	-8.28131	-0.860582	-1	-1	-1
0	256	-1.54415	-6.97335	2320	2372.97	-1
0	256	2.84006	-0.989861	70	188.969	-1
0	256	2.3035	4.92222	4120	4234.81	-1
0	256	6.84855	-3.02773	-1	-1	-1
0	256	8.61021	-0.860201	2895	2963.25	-1
0	256	-3.784	-4.48406	1183	1235.66	-1
0	256	-6.9212	4.45648	-1	-1	-1
0	256	0.171196	5.87415	103	156.688	-1
0	256	2.88374	3.41112	-1	-1	-1
0	256	3.35953	2.92212	4583	4734.75	-1
0	256	4.45668	3.04501	-1	-1	-1
0	256	2.90525	-8.11216	-1	-1	-1
0	256	-6.81252	1.92353	-1	-1	-1
0	256	7.44411	-2.11284	-1	-1	-1
0	256	-0.819411	-7.81025	344	402	-1
0	256	-2.30534	-8.6011	3667	3731.78	-1
0	256	-4.93513	-4.08362	-1	-1	-1
0	256	9.45934	-0.326431	3334	3408.5	-1
0	256	7.89721	0.863366	-1	-1	-1
0	256	6.03976	-3.36995	1931	1988.19	-1
0	256	5.59454	-4.36662	-1	-1	-1
0	256	-1.56722	3.99974	-1	-1	-1
0	256	2.2923	-5.76232	409	529.188	-1
0	256	2.59488	3.04011	2140	2175.59	-1
0	256	-6.41062	5.33372	-1	-1	-1
0	256	-3.28856	7.55362	3476	3541.34	-1
0	256	-0.489639	4.48733	-1	-1	-1
0	256	-8.03532	-3.33527	-1	-1	-1
0	256	-2.16136	4.66169	-1	-1	-1
0	256	-1.97912	7.02212	-1	-1	-1
0	256	-8.09595	-0.77794	-1	-1	-1
0	256	6.28037	-6.73353	-1	-1	-1
0	256	-1.87334	-5.18923	5338	5380.28	-1
0	256	-0.473792	0.366997	13	24.375	-1
0	256	-1.18472	4.30956	-1	-1	-1
0	256	5.68301	-9.76937	-1	-1	-1
0	256	1.53888	7.18854	542	644.031	-1
0	256	5.68541	-7.58985	-1	-1	-1
0	256	9.62006	-1.81585	-1	-1	-1
0	256	1.61207	-2.76602	1119	1149.06	-1
0	256	0.2127	-4.00511	4863	4909.56	-1
0	256	5.7504	-3.48769	2605	2656.44	-1
0	256	5.63109	-7.779	-1	-1	-1
0	256	-0.165012	4.10124	535	569.531	-1
0	256	9.24268	-2.01356	-1	-1	-1
0	256	8.37412	0.363384	-1	-1	-1
0	256	-7.42167	4.53802	-1	-1	-1
0	256	-3.22498	6.68197	3852	3964.97	-1
0	256	7.92289	0.0191186	-1	-1	-1
0	256	-4.52391	1.23077	-1	-1	-1
0	256	8.42049	4.35419	-1	-1	-1
0	256	-1.41331	-2.70605	4952	5093.78	-1
0	256	-7.45592	-1.68958	-1	-1	-1
0	256	4.08659	8.2379	-1	-1	-1
0	256	-6.00058	1.0727	-1	-1	-1
0	256	5.26123	-6.56919	-1	-1	-1
0	256	4.93462	-8.37766	-1	-1	-1
0	256	-6.44514	-5.04793	4421	4485.34	-1
0	256	-1.08313	9.193	4297	4366.94	-1
0	256	6.8792	6.84878	-1	-1	-1
0	256	-0.8132	9.34602	3930	4000.38	-1
0	256	-1.83068	-4.58918	5333	-1	-1
0	256	-2.78705	-4.00972	-1	-1	-1
0	256	3.00061	2.52311	2008	2041.84	-1
0	256	6.89921	-6.36858	-1	-1	-1
0	256	-5.4193	1.6728	-1	-1	-1
0	256	4.75404	2.64531	3680	3721.28	-1
0	256	-3.64545	-7.68455	125	188.969	-1
0	256	-2.80016	-6.33731	-1	-1	-1
0	256	7.94563	-0.993595	-1	-1	-1
0	256	-4.72478	6.95929	-1	-1	-1
0	256	2.97482	5.2455	2177	2303.97	-1
0	256	2.79984	7.0571	-1	-1	-1
0	256	9.25839	2.0253	-1	-1	-1
0	256	-4.4174	6.57087	3490	3550.69	-1
0	256	-0.714583	-7.41229	-1	-1	-1
0	256	-4.15	-5.78409	-1	-1	-1
0	256	6.63223	3.45517	-1	-1	-1
0	256	1.75543	9.5544	-1	-1	-1
0	256	-1.93661	-4.79821	-1	-1	-1
0	256	-1.70652	8.73333	-1	-1	-1
0	256	9.01657	-3.02394	-1	-1	-1
0	256	-0.719457	6.99531	-1	-1	-1
0	256	-6.95145	1.10178	3448	3560.78	-1
0	256	-4.23604	-2.57707	367	498.719	-1
0	256	-3.98092	2.68291	101	139.156	-1
0	256	6.08744	6.16536	4032	4156.81	-1
0	256	-3.10673	2.13889	5186	5338.28	-1
0	256	-0.824791	-9.21362	530	607.156	-1
0	256	-7.57959	6.02852	-1	-1	-1
0	256	-6.89691	-0.294143	2576	2629.22	-1
0	256	-8.05036	-2.76869	3833	3917.38	-1
0	256	-5.22553	4.16451	-1	-1	-1
0	256	-8.79575	0.506808	-1	-1	-1
0	256	7.40601	3.17151	4476	4535.97	-1
0	256	0.540283	-4.91841	-1	-1	-1
0	256	-8.77359	-1.46151	-1	-1	-1
0	256	5.76763	3.74669	97	147.375	-1
0	256	-4.20366	0.00264891	-1	-1	-1
0	256	4.42968	8.03948	-1	-1	-1
0	256	5.8642	0.404751	3890	3991.94	-1
0	256	9.18575	-3.13598	-1	-1	-1
0	256	5.35115	1.82127	2841	2884.12	-1
0	256	-0.538668	3.15522	-1	-1	-1
0	256	-3.65979	-4.44634	577	726.125	-1
0	256	-6.5129	-3.27106	4567	4619.47	-1
0	256	-3.02119	-4.5274	4153	4203.09	-1
0	256	-3.45343	-4.84538	-1	-1	-1
