Pile ID	Distribution Type	X-Position	Y-Position	Pickup Time	Drop Off Time	Ant ID
1	1	-5.62988	3.09118	-1	-1	-1
1	1	-5.47988	3.09118	-1	-1	-1
1	1	-5.32988	3.09118	-1	-1	-1
1	1	-5.17988	3.09118	-1	-1	-1
1	1	-5.02988	3.09118	-1	-1	-1
1	1	-4.87988	3.09118	-1	-1	-1
1	1	-4.72988	3.09118	-1	-1	-1
1	1	-4.57988	3.09118	-1	-1	-1
1	1	-4.42988	3.09118	-1	-1	-1
1	1	-4.27988	3.09118	-1	-1	-1
1	1	-4.12988	3.09118	-1	-1	-1
1	1	-3.97988	3.09118	-1	-1	-1
1	1	-3.82988	3.09118	-1	-1	-1
1	1	-3.67988	3.09118	-1	-1	-1
1	1	-3.52988	3.09118	-1	-1	-1
1	1	-3.37988	3.09118	-1	-1	-1
1	1	-5.62988	3.24118	-1	-1	-1
1	1	-5.47988	3.24118	-1	-1	-1
1	1	-5.32988	3.24118	-1	-1	-1
1	1	-5.17988	3.24118	-1	-1	-1
1	1	-5.02988	3.24118	-1	-1	-1
1	1	-4.87988	3.24118	-1	-1	-1
1	1	-4.72988	3.24118	-1	-1	-1
1	1	-4.57988	3.24118	-1	-1	-1
1	1	-4.42988	3.24118	-1	-1	-1
1	1	-4.27988	3.24118	-1	-1	-1
1	1	-4.12988	3.24118	-1	-1	-1
1	1	-3.97988	3.24118	-1	-1	-1
1	1	-3.82988	3.24118	-1	-1	-1
1	1	-3.67988	3.24118	-1	-1	-1
1	1	-3.52988	3.24118	-1	-1	-1
1	1	-3.37988	3.24118	-1	-1	-1
1	1	-5.62988	3.39118	2448	2496.81	-1
1	1	-5.47988	3.39118	2542	2595.12	-1
1	1	-5.32988	3.39118	-1	-1	-1
1	1	-5.17988	3.39118	-1	-1	-1
1	1	-5.02988	3.39118	1833	1892.88	-1
1	1	-4.87988	3.39118	1857	1907.78	-1
1	1	-4.72988	3.39118	2200	2262.81	-1
1	1	-4.57988	3.39118	2496	2578.94	-1
1	1	-4.42988	3.39118	-1	-1	-1
1	1	-4.27988	3.39118	-1	-1	-1
1	1	-4.12988	3.39118	-1	-1	-1
1	1	-3.97988	3.39118	-1	-1	-1
1	1	-3.82988	3.39118	-1	-1	-1
1	1	-3.67988	3.39118	-1	-1	-1
1	1	-3.52988	3.39118	-1	-1	-1
1	1	-3.37988	3.39118	-1	-1	-1
1	1	-5.62988	3.54118	2321	2401.25	-1
1	1	-5.47988	3.54118	1568	1622.72	-1
1	1	-5.32988	3.54118	1443	1510.19	-1
1	1	-5.17988	3.54118	1737	1793.78	-1
1	1	-5.02988	3.54118	1708	1762.56	-1
1	1	-4.87988	3.54118	1950	2043.62	-1
1	1	-4.72988	3.54118	2098	2149.31	-1
1	1	-4.57988	3.54118	2252	2338.72	-1
1	1	-4.42988	3.54118	-1	-1	-1
1	1	-4.27988	3.54118	-1	-1	-1
1	1	-4.12988	3.54118	-1	-1	-1
1	1	-3.97988	3.54118	-1	-1	-1
1	1	-3.82988	3.54118	-1	-1	-1
1	1	-3.67988	3.54118	-1	-1	-1
1	1	-3.52988	3.54118	-1	-1	-1
1	1	-3.37988	3.54118	-1	-1	-1
1	1	-5.62988	3.69118	1934	2002.41	-1
1	1	-5.47988	3.69118	1511	1564.12	-1
1	1	-5.32988	3.69118	1313	1382.5	-1
1	1	-5.17988	3.69118	1482	1556.31	-1
1	1	-5.02988	3.69118	1397	1465.06	-1
1	1	-4.87988	3.69118	1137	1203.38	-1
1	1	-4.72988	3.69118	1525	1589.06	-1
1	1	-4.57988	3.69118	1321	1402.59	-1
1	1	-4.42988	3.69118	1588	1648.09	-1
1	1	-4.27988	3.69118	-1	-1	-1
1	1	-4.12988	3.69118	-1	-1	-1
1	1	-3.97988	3.69118	-1	-1	-1
1	1	-3.82988	3.69118	-1	-1	-1
1	1	-3.67988	3.69118	-1	-1	-1
1	1	-3.52988	3.69118	-1	-1	-1
1	1	-3.37988	3.69118	4448	4491.12	-1
1	1	-5.62988	3.84118	1627	1713.16	-1
1	1	-5.47988	3.84118	1334	1393.19	-1
1	1	-5.32988	3.84118	1162	1241.62	-1
1	1	-5.17988	3.84118	1052	1120.41	-1
1	1	-5.02988	3.84118	1009	1072.88	-1
1	1	-4.87988	3.84118	882	952.281	-1
1	1	-4.72988	3.84118	1267	1325.94	-1
1	1	-4.57988	3.84118	819	887.5	-1
1	1	-4.42988	3.84118	1454	1517.75	-1
1	1	-4.27988	3.84118	-1	-1	-1
1	1	-4.12988	3.84118	-1	-1	-1
1	1	-3.97988	3.84118	-1	-1	-1
1	1	-3.82988	3.84118	-1	-1	-1
1	1	-3.67988	3.84118	-1	-1	-1
1	1	-3.52988	3.84118	-1	-1	-1
1	1	-3.37988	3.84118	4260	4407.25	-1
1	1	-5.62988	3.99118	1596	1665.5	-1
1	1	-5.47988	3.99118	1460	1539.12	-1
1	1	-5.32988	3.99118	1171	1283.75	-1
1	1	-5.17988	3.99118	904	978.469	-1
1	1	-5.02988	3.99118	868	958.188	-1
1	1	-4.87988	3.99118	725	788.188	-1
1	1	-4.72988	3.99118	285	434.844	-1
1	1	-4.57988	3.99118	488	535.938	-1
1	1	-4.42988	3.99118	698	766.969	-1
1	1	-4.27988	3.99118	-1	-1	-1
1	1	-4.12988	3.99118	-1	-1	-1
1	1	-3.97988	3.99118	-1	-1	-1
1	1	-3.82988	3.99118	-1	-1	-1
1	1	-3.67988	3.99118	-1	-1	-1
1	1	-3.52988	3.99118	-1	-1	-1
1	1	-3.37988	3.99118	-1	-1	-1
1	1	-5.62988	4.14118	1653	1720.91	-1
1	1	-5.47988	4.14118	1617	1695.56	-1
1	1	-5.32988	4.14118	1194	1264	-1
1	1	-5.17988	4.14118	1042	1117.12	-1
1	1	-5.02988	4.14118	907	993.688	-1
1	1	-4.87988	4.14118	739	809.375	-1
1	1	-4.72988	4.14118	608	672.562	-1
1	1	-4.57988	4.14118	580	643.812	-1
1	1	-4.42988	4.14118	1720	1784.38	-1
1	1	-4.27988	4.14118	-1	-1	-1
1	1	-4.12988	4.14118	-1	-1	-1
1	1	-3.97988	4.14118	-1	-1	-1
1	1	-3.82988	4.14118	-1	-1	-1
1	1	-3.67988	4.14118	-1	-1	-1
1	1	-3.52988	4.14118	-1	-1	-1
1	1	-3.37988	4.14118	-1	-1	-1
1	1	-5.62988	4.29118	2358	2417.34	-1
1	1	-5.47988	4.29118	1882	1946.31	-1
1	1	-5.32988	4.29118	1341	1448.16	-1
1	1	-5.17988	4.29118	1514	1567.44	-1
1	1	-5.02988	4.29118	1040	1101.25	-1
1	1	-4.87988	4.29118	777	839.469	-1
1	1	-4.72988	4.29118	754	809.375	-1
1	1	-4.57988	4.29118	995	1048.56	-1
1	1	-4.42988	4.29118	1218	1269.06	-1
1	1	-4.27988	4.29118	1904	1961.59	-1
1	1	-4.12988	4.29118	-1	-1	-1
1	1	-3.97988	4.29118	-1	-1	-1
1	1	-3.82988	4.29118	-1	-1	-1
1	1	-3.67988	4.29118	-1	-1	-1
1	1	-3.52988	4.29118	-1	-1	-1
1	1	-3.37988	4.29118	-1	-1	-1
1	1	-5.62988	4.44118	-1	-1	-1
1	1	-5.47988	4.44118	-1	-1	-1
1	1	-5.32988	4.44118	1761	1814.75	-1
1	1	-5.17988	4.44118	1651	1714.91	-1
1	1	-5.02988	4.44118	1419	1475.12	-1
1	1	-4.87988	4.44118	981	1058.34	-1
1	1	-4.72988	4.44118	853	922.75	-1
1	1	-4.57988	4.44118	1135	1187.38	-1
1	1	-4.42988	4.44118	1330	1421.78	-1
1	1	-4.27988	4.44118	1803	1853.44	-1
1	1	-4.12988	4.44118	2582	2630.69	-1
1	1	-3.97988	4.44118	-1	-1	-1
1	1	-3.82988	4.44118	-1	-1	-1
1	1	-3.67988	4.44118	-1	-1	-1
1	1	-3.52988	4.44118	-1	-1	-1
1	1	-3.37988	4.44118	-1	-1	-1
1	1	-5.62988	4.59118	-1	-1	-1
1	1	-5.47988	4.59118	-1	-1	-1
1	1	-5.32988	4.59118	2111	2166.66	-1
1	1	-5.17988	4.59118	2002	2063.28	-1
1	1	-5.02988	4.59118	1914	1968.38	-1
1	1	-4.87988	4.59118	1265	1366.72	-1
1	1	-4.72988	4.59118	1035	1087.03	-1
1	1	-4.57988	4.59118	1153	1209.41	-1
1	1	-4.42988	4.59118	1939	1991.38	-1
1	1	-4.27988	4.59118	1955	2010.53	-1
1	1	-4.12988	4.59118	2378	2431.38	-1
1	1	-3.97988	4.59118	-1	-1	-1
1	1	-3.82988	4.59118	-1	-1	-1
1	1	-3.67988	4.59118	-1	-1	-1
1	1	-3.52988	4.59118	-1	-1	-1
1	1	-3.37988	4.59118	-1	-1	-1
1	1	-5.62988	4.74118	1581	1657.81	-1
1	1	-5.47988	4.74118	-1	-1	-1
1	1	-5.32988	4.74118	-1	-1	-1
1	1	-5.17988	4.74118	-1	-1	-1
1	1	-5.02988	4.74118	2297	2354.41	-1
1	1	-4.87988	4.74118	1897	1951.91	-1
1	1	-4.72988	4.74118	1442	1501.25	-1
1	1	-4.57988	4.74118	1292	1343.28	-1
1	1	-4.42988	4.74118	1920	1972.47	-1
1	1	-4.27988	4.74118	2234	2288.22	-1
1	1	-4.12988	4.74118	2474	2526.22	-1
1	1	-3.97988	4.74118	-1	-1	-1
1	1	-3.82988	4.74118	-1	-1	-1
1	1	-3.67988	4.74118	-1	-1	-1
1	1	-3.52988	4.74118	-1	-1	-1
1	1	-3.37988	4.74118	-1	-1	-1
1	1	-5.62988	4.89118	1287	1354.75	-1
1	1	-5.47988	4.89118	922	1095.84	-1
1	1	-5.32988	4.89118	-1	-1	-1
1	1	-5.17988	4.89118	-1	-1	-1
1	1	-5.02988	4.89118	2361	2427.84	-1
1	1	-4.87988	4.89118	1656	1729.22	-1
1	1	-4.72988	4.89118	1546	1599.41	-1
1	1	-4.57988	4.89118	1803	1857.97	-1
1	1	-4.42988	4.89118	2017	2072.22	-1
1	1	-4.27988	4.89118	2125	2175.16	-1
1	1	-4.12988	4.89118	2607	2660.5	-1
1	1	-3.97988	4.89118	-1	-1	-1
1	1	-3.82988	4.89118	-1	-1	-1
1	1	-3.67988	4.89118	-1	-1	-1
1	1	-3.52988	4.89118	-1	-1	-1
1	1	-3.37988	4.89118	-1	-1	-1
1	1	-5.62988	5.04118	1170	1227.91	-1
1	1	-5.47988	5.04118	1425	1492.59	-1
1	1	-5.32988	5.04118	-1	-1	-1
1	1	-5.17988	5.04118	-1	-1	-1
1	1	-5.02988	5.04118	2849	2907.81	-1
1	1	-4.87988	5.04118	2022	2077.53	-1
1	1	-4.72988	5.04118	1782	1835.91	-1
1	1	-4.57988	5.04118	2045	2097.25	-1
1	1	-4.42988	5.04118	2035	2086.94	-1
1	1	-4.27988	5.04118	2138	2205.91	-1
1	1	-4.12988	5.04118	2450	2510.19	-1
1	1	-3.97988	5.04118	3098	3149.94	-1
1	1	-3.82988	5.04118	2985	3040.22	-1
1	1	-3.67988	5.04118	-1	-1	-1
1	1	-3.52988	5.04118	-1	-1	-1
1	1	-3.37988	5.04118	-1	-1	-1
1	1	-5.62988	5.19118	-1	-1	-1
1	1	-5.47988	5.19118	-1	-1	-1
1	1	-5.32988	5.19118	-1	-1	-1
1	1	-5.17988	5.19118	-1	-1	-1
1	1	-5.02988	5.19118	2616	2673.78	-1
1	1	-4.87988	5.19118	2265	2376.03	-1
1	1	-4.72988	5.19118	2134	2205.41	-1
1	1	-4.57988	5.19118	2229	2288.94	-1
1	1	-4.42988	5.19118	2173	2231.47	-1
1	1	-4.27988	5.19118	2308	2361.56	-1
1	1	-4.12988	5.19118	-1	-1	-1
1	1	-3.97988	5.19118	3199	3254.31	-1
1	1	-3.82988	5.19118	2868	2926.09	-1
1	1	-3.67988	5.19118	-1	-1	-1
1	1	-3.52988	5.19118	-1	-1	-1
1	1	-3.37988	5.19118	-1	-1	-1
1	1	-5.62988	5.34118	-1	-1	-1
1	1	-5.47988	5.34118	-1	-1	-1
1	1	-5.32988	5.34118	-1	-1	-1
1	1	-5.17988	5.34118	2763	2822.62	-1
1	1	-5.02988	5.34118	2735	2796.28	-1
1	1	-4.87988	5.34118	2467	2535.25	-1
1	1	-4.72988	5.34118	2436	2503.84	-1
1	1	-4.57988	5.34118	-1	-1	-1
1	1	-4.42988	5.34118	-1	-1	-1
1	1	-4.27988	5.34118	-1	-1	-1
1	1	-4.12988	5.34118	-1	-1	-1
1	1	-3.97988	5.34118	-1	-1	-1
1	1	-3.82988	5.34118	2761	2814.25	-1
1	1	-3.67988	5.34118	3003	3071.91	-1
1	1	-3.52988	5.34118	-1	-1	-1
1	1	-3.37988	5.34118	-1	-1	-1
2	4	-3.61067	8.35237	-1	-1	-1
2	4	-3.46067	8.35237	-1	-1	-1
2	4	-3.31067	8.35237	-1	-1	-1
2	4	-3.16067	8.35237	-1	-1	-1
2	4	-3.01067	8.35237	2408	2504.19	-1
2	4	-2.86067	8.35237	2596	2666.22	-1
2	4	-2.71067	8.35237	-1	-1	-1
2	4	-2.56067	8.35237	2132	2193.88	-1
2	4	-3.61067	8.50237	-1	-1	-1
2	4	-3.46067	8.50237	-1	-1	-1
2	4	-3.31067	8.50237	-1	-1	-1
2	4	-3.16067	8.50237	-1	-1	-1
2	4	-3.01067	8.50237	-1	-1	-1
2	4	-2.86067	8.50237	-1	-1	-1
2	4	-2.71067	8.50237	-1	-1	-1
2	4	-2.56067	8.50237	-1	-1	-1
2	4	-3.61067	8.65237	-1	-1	-1
2	4	-3.46067	8.65237	-1	-1	-1
2	4	-3.31067	8.65237	-1	-1	-1
2	4	-3.16067	8.65237	-1	-1	-1
2	4	-3.01067	8.65237	-1	-1	-1
2	4	-2.86067	8.65237	-1	-1	-1
2	4	-2.71067	8.65237	-1	-1	-1
2	4	-2.56067	8.65237	-1	-1	-1
2	4	-3.61067	8.80237	-1	-1	-1
2	4	-3.46067	8.80237	-1	-1	-1
2	4	-3.31067	8.80237	-1	-1	-1
2	4	-3.16067	8.80237	-1	-1	-1
2	4	-3.01067	8.80237	-1	-1	-1
2	4	-2.86067	8.80237	-1	-1	-1
2	4	-2.71067	8.80237	-1	-1	-1
2	4	-2.56067	8.80237	-1	-1	-1
2	4	-3.61067	8.95237	3448	3518.34	-1
2	4	-3.46067	8.95237	-1	-1	-1
2	4	-3.31067	8.95237	-1	-1	-1
2	4	-3.16067	8.95237	-1	-1	-1
2	4	-3.01067	8.95237	-1	-1	-1
2	4	-2.86067	8.95237	-1	-1	-1
2	4	-2.71067	8.95237	-1	-1	-1
2	4	-2.56067	8.95237	-1	-1	-1
2	4	-3.61067	9.10237	-1	-1	-1
2	4	-3.46067	9.10237	3892	3965.69	-1
2	4	-3.31067	9.10237	3746	3819.97	-1
2	4	-3.16067	9.10237	-1	-1	-1
2	4	-3.01067	9.10237	-1	-1	-1
2	4	-2.86067	9.10237	-1	-1	-1
2	4	-2.71067	9.10237	-1	-1	-1
2	4	-2.56067	9.10237	-1	-1	-1
2	4	-3.61067	9.25237	4186	4270.09	-1
2	4	-3.46067	9.25237	4038	4113.16	-1
2	4	-3.31067	9.25237	3598	3671.88	-1
2	4	-3.16067	9.25237	4204	4277.72	-1
2	4	-3.01067	9.25237	-1	-1	-1
2	4	-2.86067	9.25237	-1	-1	-1
2	4	-2.71067	9.25237	-1	-1	-1
2	4	-2.56067	9.25237	-1	-1	-1
2	4	-3.61067	9.40237	5004	5077.19	-1
2	4	-3.46067	9.40237	-1	-1	-1
2	4	-3.31067	9.40237	3288	3364.28	-1
2	4	-3.16067	9.40237	3449	3523.12	-1
2	4	-3.01067	9.40237	-1	-1	-1
2	4	-2.86067	9.40237	-1	-1	-1
2	4	-2.71067	9.40237	-1	-1	-1
2	4	-2.56067	9.40237	2651	2720.28	-1
3	4	-0.226245	7.16827	-1	-1	-1
3	4	-0.0762445	7.16827	-1	-1	-1
3	4	0.0737555	7.16827	-1	-1	-1
3	4	0.223755	7.16827	4795	4864.56	-1
3	4	0.373755	7.16827	-1	-1	-1
3	4	0.523755	7.16827	-1	-1	-1
3	4	0.673755	7.16827	-1	-1	-1
3	4	0.823755	7.16827	-1	-1	-1
3	4	-0.226245	7.31827	-1	-1	-1
3	4	-0.0762445	7.31827	-1	-1	-1
3	4	0.0737555	7.31827	-1	-1	-1
3	4	0.223755	7.31827	-1	-1	-1
3	4	0.373755	7.31827	-1	-1	-1
3	4	0.523755	7.31827	-1	-1	-1
3	4	0.673755	7.31827	-1	-1	-1
3	4	0.823755	7.31827	-1	-1	-1
3	4	-0.226245	7.46827	-1	-1	-1
3	4	-0.0762445	7.46827	-1	-1	-1
3	4	0.0737555	7.46827	-1	-1	-1
3	4	0.223755	7.46827	-1	-1	-1
3	4	0.373755	7.46827	-1	-1	-1
3	4	0.523755	7.46827	-1	-1	-1
3	4	0.673755	7.46827	-1	-1	-1
3	4	0.823755	7.46827	-1	-1	-1
3	4	-0.226245	7.61827	-1	-1	-1
3	4	-0.0762445	7.61827	-1	-1	-1
3	4	0.0737555	7.61827	-1	-1	-1
3	4	0.223755	7.61827	-1	-1	-1
3	4	0.373755	7.61827	-1	-1	-1
3	4	0.523755	7.61827	-1	-1	-1
3	4	0.673755	7.61827	-1	-1	-1
3	4	0.823755	7.61827	-1	-1	-1
3	4	-0.226245	7.76827	-1	-1	-1
3	4	-0.0762445	7.76827	-1	-1	-1
3	4	0.0737555	7.76827	-1	-1	-1
3	4	0.223755	7.76827	-1	-1	-1
3	4	0.373755	7.76827	-1	-1	-1
3	4	0.523755	7.76827	-1	-1	-1
3	4	0.673755	7.76827	-1	-1	-1
3	4	0.823755	7.76827	-1	-1	-1
3	4	-0.226245	7.91827	-1	-1	-1
3	4	-0.0762445	7.91827	-1	-1	-1
3	4	0.0737555	7.91827	-1	-1	-1
3	4	0.223755	7.91827	-1	-1	-1
3	4	0.373755	7.91827	-1	-1	-1
3	4	0.523755	7.91827	-1	-1	-1
3	4	0.673755	7.91827	-1	-1	-1
3	4	0.823755	7.91827	-1	-1	-1
3	4	-0.226245	8.06827	-1	-1	-1
3	4	-0.0762445	8.06827	-1	-1	-1
3	4	0.0737555	8.06827	-1	-1	-1
3	4	0.223755	8.06827	-1	-1	-1
3	4	0.373755	8.06827	-1	-1	-1
3	4	0.523755	8.06827	-1	-1	-1
3	4	0.673755	8.06827	-1	-1	-1
3	4	0.823755	8.06827	-1	-1	-1
3	4	-0.226245	8.21827	-1	-1	-1
3	4	-0.0762445	8.21827	-1	-1	-1
3	4	0.0737555	8.21827	-1	-1	-1
3	4	0.223755	8.21827	-1	-1	-1
3	4	0.373755	8.21827	-1	-1	-1
3	4	0.523755	8.21827	-1	-1	-1
3	4	0.673755	8.21827	-1	-1	-1
3	4	0.823755	8.21827	-1	-1	-1
4	4	4.60013	-7.01136	-1	-1	-1
4	4	4.75013	-7.01136	4833	4904.12	-1
4	4	4.90013	-7.01136	4686	4771.12	-1
4	4	5.05013	-7.01136	4972	5038.59	-1
4	4	5.20013	-7.01136	-1	-1	-1
4	4	5.35013	-7.01136	-1	-1	-1
4	4	5.50013	-7.01136	3825	3917.28	-1
4	4	5.65013	-7.01136	3797	3877.72	-1
4	4	4.60013	-6.86136	4859	4943.81	-1
4	4	4.75013	-6.86136	4723	4790.34	-1
4	4	4.90013	-6.86136	4542	4623.78	-1
4	4	5.05013	-6.86136	5014	5084.28	-1
4	4	5.20013	-6.86136	4186	4255.25	-1
4	4	5.35013	-6.86136	3936	4009.25	-1
4	4	5.50013	-6.86136	3798	3864.5	-1
4	4	5.65013	-6.86136	3641	3722.03	-1
4	4	4.60013	-6.71136	-1	-1	-1
4	4	4.75013	-6.71136	4553	4629.84	-1
4	4	4.90013	-6.71136	4286	4349.44	-1
4	4	5.05013	-6.71136	4130	4199.47	-1
4	4	5.20013	-6.71136	3992	4056.97	-1
4	4	5.35013	-6.71136	3962	4045.72	-1
4	4	5.50013	-6.71136	3650	3732.16	-1
4	4	5.65013	-6.71136	3466	3556.06	-1
4	4	4.60013	-6.56136	-1	-1	-1
4	4	4.75013	-6.56136	-1	-1	-1
4	4	4.90013	-6.56136	4408	4475.19	-1
4	4	5.05013	-6.56136	4145	4209.81	-1
4	4	5.20013	-6.56136	3683	3767.94	-1
4	4	5.35013	-6.56136	3497	3591.97	-1
4	4	5.50013	-6.56136	3307	3394.25	-1
4	4	5.65013	-6.56136	3144	3217.81	-1
4	4	4.60013	-6.41136	1345	1403.75	-1
4	4	4.75013	-6.41136	5206	5271.69	-1
4	4	4.90013	-6.41136	4698	4757.88	-1
4	4	5.05013	-6.41136	4277	4343.69	-1
4	4	5.20013	-6.41136	3550	3625.09	-1
4	4	5.35013	-6.41136	3333	3408.03	-1
4	4	5.50013	-6.41136	3170	3249	-1
4	4	5.65013	-6.41136	3000	3080.16	-1
4	4	4.60013	-6.26136	-1	-1	-1
4	4	4.75013	-6.26136	5368	-1	-1
4	4	4.90013	-6.26136	4827	4892.5	-1
4	4	5.05013	-6.26136	5066	5123.06	-1
4	4	5.20013	-6.26136	3698	3767.22	-1
4	4	5.35013	-6.26136	3469	3571.28	-1
4	4	5.50013	-6.26136	3032	3095.84	-1
4	4	5.65013	-6.26136	2861	2936.97	-1
4	4	4.60013	-6.11136	-1	-1	-1
4	4	4.75013	-6.11136	5353	-1	-1
4	4	4.90013	-6.11136	4953	5011	-1
4	4	5.05013	-6.11136	5180	5251.06	-1
4	4	5.20013	-6.11136	5125	5192.47	-1
4	4	5.35013	-6.11136	3842	3924.53	-1
4	4	5.50013	-6.11136	3639	3711.25	-1
4	4	5.65013	-6.11136	3355	3419.25	-1
4	4	4.60013	-5.96136	-1	-1	-1
4	4	4.75013	-5.96136	-1	-1	-1
4	4	4.90013	-5.96136	-1	-1	-1
4	4	5.05013	-5.96136	-1	-1	-1
4	4	5.20013	-5.96136	-1	-1	-1
4	4	5.35013	-5.96136	-1	-1	-1
4	4	5.50013	-5.96136	-1	-1	-1
4	4	5.65013	-5.96136	-1	-1	-1
5	4	-0.187447	-7.97965	3420	3479.19	-1
5	4	-0.0374474	-7.97965	3171	3233.41	-1
5	4	0.112553	-7.97965	3038	3105.12	-1
5	4	0.262553	-7.97965	-1	-1	-1
5	4	0.412553	-7.97965	-1	-1	-1
5	4	0.562553	-7.97965	-1	-1	-1
5	4	0.712553	-7.97965	-1	-1	-1
5	4	0.862553	-7.97965	-1	-1	-1
5	4	-0.187447	-7.82965	3532	3590.41	-1
5	4	-0.0374474	-7.82965	3295	3359.59	-1
5	4	0.112553	-7.82965	-1	-1	-1
5	4	0.262553	-7.82965	-1	-1	-1
5	4	0.412553	-7.82965	-1	-1	-1
5	4	0.562553	-7.82965	-1	-1	-1
5	4	0.712553	-7.82965	-1	-1	-1
5	4	0.862553	-7.82965	-1	-1	-1
5	4	-0.187447	-7.67965	3550	3614.22	-1
5	4	-0.0374474	-7.67965	3653	3716.03	-1
5	4	0.112553	-7.67965	-1	-1	-1
5	4	0.262553	-7.67965	-1	-1	-1
5	4	0.412553	-7.67965	-1	-1	-1
5	4	0.562553	-7.67965	-1	-1	-1
5	4	0.712553	-7.67965	-1	-1	-1
5	4	0.862553	-7.67965	-1	-1	-1
5	4	-0.187447	-7.52965	-1	-1	-1
5	4	-0.0374474	-7.52965	-1	-1	-1
5	4	0.112553	-7.52965	-1	-1	-1
5	4	0.262553	-7.52965	-1	-1	-1
5	4	0.412553	-7.52965	-1	-1	-1
5	4	0.562553	-7.52965	-1	-1	-1
5	4	0.712553	-7.52965	-1	-1	-1
5	4	0.862553	-7.52965	-1	-1	-1
5	4	-0.187447	-7.37965	-1	-1	-1
5	4	-0.0374474	-7.37965	-1	-1	-1
5	4	0.112553	-7.37965	-1	-1	-1
5	4	0.262553	-7.37965	-1	-1	-1
5	4	0.412553	-7.37965	-1	-1	-1
5	4	0.562553	-7.37965	-1	-1	-1
5	4	0.712553	-7.37965	-1	-1	-1
5	4	0.862553	-7.37965	-1	-1	-1
5	4	-0.187447	-7.22965	-1	-1	-1
5	4	-0.0374474	-7.22965	-1	-1	-1
5	4	0.112553	-7.22965	-1	-1	-1
5	4	0.262553	-7.22965	-1	-1	-1
5	4	0.412553	-7.22965	-1	-1	-1
5	4	0.562553	-7.22965	-1	-1	-1
5	4	0.712553	-7.22965	-1	-1	-1
5	4	0.862553	-7.22965	5085	5142.28	-1
5	4	-0.187447	-7.07965	-1	-1	-1
5	4	-0.0374474	-7.07965	-1	-1	-1
5	4	0.112553	-7.07965	-1	-1	-1
5	4	0.262553	-7.07965	-1	-1	-1
5	4	0.412553	-7.07965	-1	-1	-1
5	4	0.562553	-7.07965	-1	-1	-1
5	4	0.712553	-7.07965	-1	-1	-1
5	4	0.862553	-7.07965	4976	5030.12	-1
5	4	-0.187447	-6.92965	-1	-1	-1
5	4	-0.0374474	-6.92965	-1	-1	-1
5	4	0.112553	-6.92965	-1	-1	-1
5	4	0.262553	-6.92965	-1	-1	-1
5	4	0.412553	-6.92965	-1	-1	-1
5	4	0.562553	-6.92965	-1	-1	-1
5	4	0.712553	-6.92965	-1	-1	-1
5	4	0.862553	-6.92965	-1	-1	-1
6	16	1.88959	-4.06288	-1	-1	-1
6	16	2.03959	-4.06288	1225	1273.5	-1
6	16	2.18959	-4.06288	1120	1158.19	-1
6	16	2.33959	-4.06288	1196	1250.88	-1
6	16	1.88959	-3.91288	-1	-1	-1
6	16	2.03959	-3.91288	-1	-1	-1
6	16	2.18959	-3.91288	-1	-1	-1
6	16	2.33959	-3.91288	-1	-1	-1
6	16	1.88959	-3.76288	-1	-1	-1
6	16	2.03959	-3.76288	-1	-1	-1
6	16	2.18959	-3.76288	-1	-1	-1
6	16	2.33959	-3.76288	839	875.312	-1
6	16	1.88959	-3.61288	-1	-1	-1
6	16	2.03959	-3.61288	-1	-1	-1
6	16	2.18959	-3.61288	-1	-1	-1
6	16	2.33959	-3.61288	2789	2945.5	-1
7	16	-6.2981	-7.01875	-1	-1	-1
7	16	-6.1481	-7.01875	-1	-1	-1
7	16	-5.9981	-7.01875	-1	-1	-1
7	16	-5.8481	-7.01875	-1	-1	-1
7	16	-6.2981	-6.86875	-1	-1	-1
7	16	-6.1481	-6.86875	-1	-1	-1
7	16	-5.9981	-6.86875	-1	-1	-1
7	16	-5.8481	-6.86875	-1	-1	-1
7	16	-6.2981	-6.71875	-1	-1	-1
7	16	-6.1481	-6.71875	-1	-1	-1
7	16	-5.9981	-6.71875	1966	2038.31	-1
7	16	-5.8481	-6.71875	1703	1770.53	-1
7	16	-6.2981	-6.56875	-1	-1	-1
7	16	-6.1481	-6.56875	-1	-1	-1
7	16	-5.9981	-6.56875	2102	2170.56	-1
7	16	-5.8481	-6.56875	1832	1899.91	-1
8	16	4.48976	7.93104	-1	-1	-1
8	16	4.63976	7.93104	-1	-1	-1
8	16	4.78976	7.93104	-1	-1	-1
8	16	4.93976	7.93104	-1	-1	-1
8	16	4.48976	8.08104	-1	-1	-1
8	16	4.63976	8.08104	-1	-1	-1
8	16	4.78976	8.08104	-1	-1	-1
8	16	4.93976	8.08104	-1	-1	-1
8	16	4.48976	8.23104	-1	-1	-1
8	16	4.63976	8.23104	-1	-1	-1
8	16	4.78976	8.23104	-1	-1	-1
8	16	4.93976	8.23104	-1	-1	-1
8	16	4.48976	8.38104	-1	-1	-1
8	16	4.63976	8.38104	-1	-1	-1
8	16	4.78976	8.38104	-1	-1	-1
8	16	4.93976	8.38104	-1	-1	-1
9	16	-4.45752	7.85432	485	555	-1
9	16	-4.30752	7.85432	-1	-1	-1
9	16	-4.15752	7.85432	-1	-1	-1
9	16	-4.00752	7.85432	-1	-1	-1
9	16	-4.45752	8.00432	-1	-1	-1
9	16	-4.30752	8.00432	-1	-1	-1
9	16	-4.15752	8.00432	-1	-1	-1
9	16	-4.00752	8.00432	2276	2345.75	-1
9	16	-4.45752	8.15432	-1	-1	-1
9	16	-4.30752	8.15432	-1	-1	-1
9	16	-4.15752	8.15432	-1	-1	-1
9	16	-4.00752	8.15432	-1	-1	-1
9	16	-4.45752	8.30432	-1	-1	-1
9	16	-4.30752	8.30432	-1	-1	-1
9	16	-4.15752	8.30432	-1	-1	-1
9	16	-4.00752	8.30432	-1	-1	-1
10	16	7.69111	4.54941	3119	3185.28	-1
10	16	7.84111	4.54941	-1	-1	-1
10	16	7.99111	4.54941	-1	-1	-1
10	16	8.14111	4.54941	-1	-1	-1
10	16	7.69111	4.69941	2942	3054.34	-1
10	16	7.84111	4.69941	-1	-1	-1
10	16	7.99111	4.69941	4749	4817.44	-1
10	16	8.14111	4.69941	4603	4676.25	-1
10	16	7.69111	4.84941	-1	-1	-1
10	16	7.84111	4.84941	-1	-1	-1
10	16	7.99111	4.84941	4613	4689.97	-1
10	16	8.14111	4.84941	4309	4378.91	-1
10	16	7.69111	4.99941	708	775.031	-1
10	16	7.84111	4.99941	-1	-1	-1
10	16	7.99111	4.99941	4465	4540.94	-1
10	16	8.14111	4.99941	4442	4526.03	-1
11	16	3.29577	8.69423	-1	-1	-1
11	16	3.44577	8.69423	-1	-1	-1
11	16	3.59577	8.69423	-1	-1	-1
11	16	3.74577	8.69423	-1	-1	-1
11	16	3.29577	8.84423	-1	-1	-1
11	16	3.44577	8.84423	-1	-1	-1
11	16	3.59577	8.84423	-1	-1	-1
11	16	3.74577	8.84423	-1	-1	-1
11	16	3.29577	8.99423	-1	-1	-1
11	16	3.44577	8.99423	-1	-1	-1
11	16	3.59577	8.99423	-1	-1	-1
11	16	3.74577	8.99423	-1	-1	-1
11	16	3.29577	9.14423	-1	-1	-1
11	16	3.44577	9.14423	-1	-1	-1
11	16	3.59577	9.14423	-1	-1	-1
11	16	3.74577	9.14423	107	187.75	-1
12	16	3.72786	5.12694	4620	4753.34	-1
12	16	3.87786	5.12694	4557	4699.59	-1
12	16	4.02786	5.12694	-1	-1	-1
12	16	4.17786	5.12694	-1	-1	-1
12	16	3.72786	5.27694	-1	-1	-1
12	16	3.87786	5.27694	-1	-1	-1
12	16	4.02786	5.27694	-1	-1	-1
12	16	4.17786	5.27694	-1	-1	-1
12	16	3.72786	5.42694	-1	-1	-1
12	16	3.87786	5.42694	-1	-1	-1
12	16	4.02786	5.42694	-1	-1	-1
12	16	4.17786	5.42694	-1	-1	-1
12	16	3.72786	5.57694	-1	-1	-1
12	16	3.87786	5.57694	-1	-1	-1
12	16	4.02786	5.57694	-1	-1	-1
12	16	4.17786	5.57694	-1	-1	-1
13	16	-7.0821	4.48488	-1	-1	-1
13	16	-6.9321	4.48488	-1	-1	-1
13	16	-6.7821	4.48488	-1	-1	-1
13	16	-6.6321	4.48488	-1	-1	-1
13	16	-7.0821	4.63488	-1	-1	-1
13	16	-6.9321	4.63488	-1	-1	-1
13	16	-6.7821	4.63488	-1	-1	-1
13	16	-6.6321	4.63488	1749	1847.38	-1
13	16	-7.0821	4.78488	-1	-1	-1
13	16	-6.9321	4.78488	-1	-1	-1
13	16	-6.7821	4.78488	-1	-1	-1
13	16	-6.6321	4.78488	-1	-1	-1
13	16	-7.0821	4.93488	-1	-1	-1
13	16	-6.9321	4.93488	-1	-1	-1
13	16	-6.7821	4.93488	-1	-1	-1
13	16	-6.6321	4.93488	2078	2137.22	-1
14	16	-5.61339	1.46237	-1	-1	-1
14	16	-5.46339	1.46237	-1	-1	-1
14	16	-5.31339	1.46237	-1	-1	-1
14	16	-5.16339	1.46237	2177	2291.22	-1
14	16	-5.61339	1.61237	-1	-1	-1
14	16	-5.46339	1.61237	-1	-1	-1
14	16	-5.31339	1.61237	-1	-1	-1
14	16	-5.16339	1.61237	-1	-1	-1
14	16	-5.61339	1.76237	-1	-1	-1
14	16	-5.46339	1.76237	-1	-1	-1
14	16	-5.31339	1.76237	-1	-1	-1
14	16	-5.16339	1.76237	-1	-1	-1
14	16	-5.61339	1.91237	-1	-1	-1
14	16	-5.46339	1.91237	-1	-1	-1
14	16	-5.31339	1.91237	-1	-1	-1
14	16	-5.16339	1.91237	2048	2160.31	-1
15	16	-5.07788	8.40116	4619	4690.94	-1
15	16	-4.92788	8.40116	-1	-1	-1
15	16	-4.77788	8.40116	2291	2371.72	-1
15	16	-4.62788	8.40116	2143	2224.69	-1
15	16	-5.07788	8.55116	4758	4833.91	-1
15	16	-4.92788	8.55116	-1	-1	-1
15	16	-4.77788	8.55116	3927	4009.28	-1
15	16	-4.62788	8.55116	3748	3827.16	-1
15	16	-5.07788	8.70116	-1	-1	-1
15	16	-4.92788	8.70116	-1	-1	-1
15	16	-4.77788	8.70116	-1	-1	-1
15	16	-4.62788	8.70116	3596	3675.5	-1
15	16	-5.07788	8.85116	2947	3019	-1
15	16	-4.92788	8.85116	3093	3168.44	-1
15	16	-4.77788	8.85116	3240	3330.94	-1
15	16	-4.62788	8.85116	4496	4570.75	-1
16	16	2.49818	-5.70239	-1	-1	-1
16	16	2.64818	-5.70239	-1	-1	-1
16	16	2.79818	-5.70239	-1	-1	-1
16	16	2.94818	-5.70239	-1	-1	-1
16	16	2.49818	-5.55239	-1	-1	-1
16	16	2.64818	-5.55239	-1	-1	-1
16	16	2.79818	-5.55239	-1	-1	-1
16	16	2.94818	-5.55239	-1	-1	-1
16	16	2.49818	-5.40239	-1	-1	-1
16	16	2.64818	-5.40239	-1	-1	-1
16	16	2.79818	-5.40239	-1	-1	-1
16	16	2.94818	-5.40239	-1	-1	-1
16	16	2.49818	-5.25239	651	780.844	-1
16	16	2.64818	-5.25239	1018	1064.38	-1
16	16	2.79818	-5.25239	-1	-1	-1
16	16	2.94818	-5.25239	-1	-1	-1
17	16	-9.78539	-0.0922682	5158	5229.34	-1
17	16	-9.63539	-0.0922682	-1	-1	-1
17	16	-9.48539	-0.0922682	-1	-1	-1
17	16	-9.33539	-0.0922682	-1	-1	-1
17	16	-9.78539	0.0577318	-1	-1	-1
17	16	-9.63539	0.0577318	-1	-1	-1
17	16	-9.48539	0.0577318	-1	-1	-1
17	16	-9.33539	0.0577318	-1	-1	-1
17	16	-9.78539	0.207732	-1	-1	-1
17	16	-9.63539	0.207732	-1	-1	-1
17	16	-9.48539	0.207732	-1	-1	-1
17	16	-9.33539	0.207732	-1	-1	-1
17	16	-9.78539	0.357732	-1	-1	-1
17	16	-9.63539	0.357732	-1	-1	-1
17	16	-9.48539	0.357732	-1	-1	-1
17	16	-9.33539	0.357732	935	1021.03	-1
18	16	-7.51092	0.582377	-1	-1	-1
18	16	-7.36092	0.582377	-1	-1	-1
18	16	-7.21092	0.582377	-1	-1	-1
18	16	-7.06092	0.582377	-1	-1	-1
18	16	-7.51092	0.732377	-1	-1	-1
18	16	-7.36092	0.732377	-1	-1	-1
18	16	-7.21092	0.732377	-1	-1	-1
18	16	-7.06092	0.732377	-1	-1	-1
18	16	-7.51092	0.882377	-1	-1	-1
18	16	-7.36092	0.882377	-1	-1	-1
18	16	-7.21092	0.882377	-1	-1	-1
18	16	-7.06092	0.882377	-1	-1	-1
18	16	-7.51092	1.03238	-1	-1	-1
18	16	-7.36092	1.03238	-1	-1	-1
18	16	-7.21092	1.03238	4364	4455.66	-1
18	16	-7.06092	1.03238	3269	3322	-1
19	16	4.76335	8.66164	-1	-1	-1
19	16	4.91335	8.66164	-1	-1	-1
19	16	5.06335	8.66164	-1	-1	-1
19	16	5.21335	8.66164	-1	-1	-1
19	16	4.76335	8.81164	-1	-1	-1
19	16	4.91335	8.81164	-1	-1	-1
19	16	5.06335	8.81164	-1	-1	-1
19	16	5.21335	8.81164	-1	-1	-1
19	16	4.76335	8.96164	-1	-1	-1
19	16	4.91335	8.96164	-1	-1	-1
19	16	5.06335	8.96164	-1	-1	-1
19	16	5.21335	8.96164	-1	-1	-1
19	16	4.76335	9.11164	-1	-1	-1
19	16	4.91335	9.11164	-1	-1	-1
19	16	5.06335	9.11164	-1	-1	-1
19	16	5.21335	9.11164	-1	-1	-1
20	16	-2.78567	-6.60816	-1	-1	-1
20	16	-2.63567	-6.60816	-1	-1	-1
20	16	-2.48567	-6.60816	-1	-1	-1
20	16	-2.33567	-6.60816	-1	-1	-1
20	16	-2.78567	-6.45816	-1	-1	-1
20	16	-2.63567	-6.45816	-1	-1	-1
20	16	-2.48567	-6.45816	-1	-1	-1
20	16	-2.33567	-6.45816	-1	-1	-1
20	16	-2.78567	-6.30816	-1	-1	-1
20	16	-2.63567	-6.30816	-1	-1	-1
20	16	-2.48567	-6.30816	-1	-1	-1
20	16	-2.33567	-6.30816	-1	-1	-1
20	16	-2.78567	-6.15816	-1	-1	-1
20	16	-2.63567	-6.15816	-1	-1	-1
20	16	-2.48567	-6.15816	-1	-1	-1
20	16	-2.33567	-6.15816	-1	-1	-1
21	16	-2.56681	-2.1433	-1	-1	-1
21	16	-2.41681	-2.1433	5011	5176.41	-1
21	16	-2.26681	-2.1433	4053	4082.69	-1
21	16	-2.11681	-2.1433	3880	3927.31	-1
21	16	-2.56681	-1.9933	5206	5245.62	-1
21	16	-2.41681	-1.9933	2939	2968.31	-1
21	16	-2.26681	-1.9933	3957	3992.12	-1
21	16	-2.11681	-1.9933	2680	2857.34	-1
21	16	-2.56681	-1.8433	3027	3054.41	-1
21	16	-2.41681	-1.8433	2625	2787.75	-1
21	16	-2.26681	-1.8433	2812	2836.88	-1
21	16	-2.11681	-1.8433	3982	4012.22	-1
21	16	-2.56681	-1.6933	2450	2480.75	-1
21	16	-2.41681	-1.6933	2862	2898.91	-1
21	16	-2.26681	-1.6933	2959	2991.22	-1
21	16	-2.11681	-1.6933	3006	3033.28	-1
0	256	-3.13087	-9.16111	-1	-1	-1
0	256	-3.50606	1.55896	-1	-1	-1
0	256	9.44346	-1.10181	167	236.688	-1
0	256	-2.43313	-5.46322	-1	-1	-1
0	256	-1.8627	9.42477	3446	3517.53	-1
0	256	2.08857	6.84822	-1	-1	-1
0	256	-4.86205	6.9387	-1	-1	-1
0	256	2.21233	-1.19414	622	650.062	-1
0	256	5.54142	-7.1783	4499	4637.34	-1
0	256	-8.15324	-0.288531	537	595.438	-1
0	256	5.62065	-1.48488	-1	-1	-1
0	256	2.46544	-7.92876	4128	4189.09	-1
0	256	-5.22054	-1.23762	3263	3303	-1
0	256	-9.39169	1.29783	-1	-1	-1
0	256	5.14352	0.642617	-1	-1	-1
0	256	0.953625	3.35508	3635	3759.78	-1
0	256	2.10305	2.05807	204	363.281	-1
0	256	5.14567	-3.01418	-1	-1	-1
0	256	1.00115	-4.67606	429	465.812	-1
0	256	-6.76188	-3.25353	-1	-1	-1
0	256	7.45455	2.30124	-1	-1	-1
0	256	-2.65224	2.24259	2688	2761.09	-1
0	256	-8.24632	5.5517	-1	-1	-1
0	256	3.3526	-0.293748	-1	-1	-1
0	256	1.69426	-3.71615	-1	-1	-1
0	256	0.176531	-8.97444	-1	-1	-1
0	256	-0.625281	3.6131	132	184.094	-1
0	256	5.31691	-5.73684	-1	-1	-1
0	256	1.47433	-6.33229	-1	-1	-1
0	256	0.540808	6.60966	-1	-1	-1
0	256	1.77349	5.13504	-1	-1	-1
0	256	-1.56055	5.84832	4940	4993.84	-1
0	256	6.31226	-2.49152	4426	4477.59	-1
0	256	6.34911	3.29424	110	210.719	-1
0	256	-0.0687282	4.25871	-1	-1	-1
0	256	-0.145904	-5.24547	-1	-1	-1
0	256	-2.17754	-7.35869	3690	3751.28	-1
0	256	-3.7755	-2.97722	-1	-1	-1
0	256	7.29576	0.36143	3362	3457.88	-1
0	256	-2.61707	5.93395	3134	3185.25	-1
0	256	-5.95624	6.94903	-1	-1	-1
0	256	-5.96031	2.66554	-1	-1	-1
0	256	-5.43789	-5.79039	-1	-1	-1
0	256	-2.32897	1.91508	-1	-1	-1
0	256	-3.05876	4.81636	-1	-1	-1
0	256	6.55203	-0.14642	176	275.906	-1
0	256	-9.3671	-2.42717	377	451.469	-1
0	256	-0.240875	-3.03545	-1	-1	-1
0	256	-7.01707	5.85061	1904	1989.16	-1
0	256	7.10885	4.70361	-1	-1	-1
0	256	1.64176	-8.55176	-1	-1	-1
0	256	1.06121	8.63723	-1	-1	-1
0	256	1.00968	-8.28735	-1	-1	-1
0	256	1.73146	6.96954	75	131.188	-1
0	256	7.15285	6.09067	426	549.812	-1
0	256	-5.69303	-7.84167	484	597.5	-1
0	256	5.15625	-8.21093	-1	-1	-1
0	256	-8.69926	1.94569	-1	-1	-1
0	256	-0.122982	8.69073	-1	-1	-1
0	256	-0.864514	-5.92258	-1	-1	-1
0	256	-0.0649368	6.04908	-1	-1	-1
0	256	8.11169	2.02318	-1	-1	-1
0	256	9.01758	3.26888	-1	-1	-1
0	256	4.84323	3.47329	5394	-1	-1
0	256	0.563756	5.81034	-1	-1	-1
0	256	-1.12028	-9.14673	-1	-1	-1
0	256	-7.83699	-4.25794	1960	2025.5	-1
0	256	-0.557665	8.47566	-1	-1	-1
0	256	-1.77917	8.44326	-1	-1	-1
0	256	1.90991	-4.65417	-1	-1	-1
0	256	-3.9538	-7.49854	-1	-1	-1
0	256	-1.49909	-6.04405	-1	-1	-1
0	256	0.185899	-4.51799	89	125.625	-1
0	256	-8.17158	1.99202	602	663.625	-1
0	256	-8.29532	2.74299	-1	-1	-1
0	256	-7.96567	-5.45898	-1	-1	-1
0	256	-5.08308	1.17332	3747	3858.59	-1
0	256	-3.14063	4.118	-1	-1	-1
0	256	2.30892	4.34781	123	162.125	-1
0	256	2.8319	-8.50359	389	453.688	-1
0	256	-1.76151	-4.90375	247	365.719	-1
0	256	1.3092	8.49464	-1	-1	-1
0	256	4.02004	-1.12018	-1	-1	-1
0	256	5.08588	1.74447	-1	-1	-1
0	256	-5.66121	-2.41177	3076	3200.97	-1
0	256	-0.440548	-8.72738	-1	-1	-1
0	256	1.60989	-6.68862	-1	-1	-1
0	256	2.50147	4.86918	5203	5331.06	-1
0	256	4.7972	6.79638	-1	-1	-1
0	256	2.99316	-8.04452	3960	4033.25	-1
0	256	-1.26074	4.21524	-1	-1	-1
0	256	5.68787	0.0413102	-1	-1	-1
0	256	-6.3963	-5.37349	-1	-1	-1
0	256	1.27393	3.99238	-1	-1	-1
0	256	-5.27335	-6.39489	1567	1636.28	-1
0	256	-6.63016	0.955948	2554	2603.03	-1
0	256	2.79244	9.29791	-1	-1	-1
0	256	9.50017	-1.98055	-1	-1	-1
0	256	1.8619	-7.66059	-1	-1	-1
0	256	-7.11052	1.78348	2980	3036.03	-1
0	256	4.15463	8.57229	-1	-1	-1
0	256	3.58859	-8.78924	-1	-1	-1
0	256	-3.97515	-3.25422	-1	-1	-1
0	256	4.62657	-3.0804	-1	-1	-1
0	256	-2.548	-4.23285	3701	3827.28	-1
0	256	-3.21036	4.51737	-1	-1	-1
0	256	-0.66636	-5.00411	-1	-1	-1
0	256	-3.0188	4.69234	-1	-1	-1
0	256	-8.98785	2.85264	-1	-1	-1
0	256	3.14321	4.99508	-1	-1	-1
0	256	7.86147	2.96598	-1	-1	-1
0	256	6.87994	4.68393	4782	4848.59	-1
0	256	-1.70038	9.11991	3597	3667.16	-1
0	256	-1.48588	6.20656	-1	-1	-1
0	256	-0.73986	-8.6226	-1	-1	-1
0	256	4.16851	-4.13344	356	506.438	-1
0	256	5.43525	-1.0275	-1	-1	-1
0	256	6.84362	2.09413	-1	-1	-1
0	256	-8.94548	2.0234	-1	-1	-1
0	256	-9.00308	-2.76601	-1	-1	-1
0	256	7.22995	1.00601	-1	-1	-1
0	256	-1.17327	-6.1355	-1	-1	-1
0	256	-9.0662	1.88253	-1	-1	-1
0	256	-4.29389	1.46962	-1	-1	-1
0	256	3.87149	8.3833	-1	-1	-1
0	256	1.46735	3.05866	4593	4720.38	-1
0	256	6.82334	-3.04263	4195	4294.44	-1
0	256	7.54919	-5.86371	-1	-1	-1
0	256	5.26552	-7.8126	5114	5185.91	-1
0	256	3.48374	-3.95829	-1	-1	-1
0	256	-0.461326	-2.55114	345	479.656	-1
0	256	3.62873	3.25076	5117	5261.59	-1
0	256	4.99386	-2.57795	-1	-1	-1
0	256	1.62412	-4.54694	-1	-1	-1
0	256	-5.53545	0.796651	273	382.656	-1
0	256	2.73324	4.05928	5357	-1	-1
0	256	2.09474	-5.13978	-1	-1	-1
0	256	1.26052	3.65869	-1	-1	-1
0	256	0.17301	-5.42827	3787	3901.62	-1
0	256	-3.79481	-0.972085	-1	-1	-1
0	256	-7.14996	-4.67093	5164	5289	-1
0	256	3.85477	-0.456755	-1	-1	-1
0	256	-3.86929	-8.86193	-1	-1	-1
0	256	1.03378	-4.49148	1304	1342.47	-1
0	256	-5.75784	-2.54734	-1	-1	-1
0	256	-2.83115	-9.28454	-1	-1	-1
0	256	-3.16558	-7.26035	-1	-1	-1
0	256	2.70618	-1.93073	-1	-1	-1
0	256	-4.14894	-4.83589	1355	1501.12	-1
0	256	4.36735	2.96722	187	228.906	-1
0	256	4.94607	5.24323	-1	-1	-1
0	256	5.9648	3.56117	322	431.938	-1
0	256	-1.35605	-5.69883	1059	1168	-1
0	256	0.261194	-6.48838	-1	-1	-1
0	256	-4.89828	-2.40655	2754	2888.97	-1
0	256	0.765499	0.173652	2324	2461.72	-1
0	256	1.3757	-9.18058	-1	-1	-1
0	256	-3.504	-6.24854	3820	3886.22	-1
0	256	3.9702	-2.27015	-1	-1	-1
0	256	-9.08043	-0.379154	2150	2217.34	-1
0	256	0.413245	3.50431	-1	-1	-1
0	256	6.3296	-4.32003	-1	-1	-1
0	256	3.92594	6.70005	-1	-1	-1
0	256	1.88259	-3.24429	-1	-1	-1
0	256	6.56649	-2.69513	-1	-1	-1
0	256	-3.7997	2.28162	-1	-1	-1
0	256	0.191517	3.26827	5094	5121.41	-1
0	256	-3.05175	-0.0979593	2455	2480.62	-1
0	256	1.83223	-3.14102	4086	4115.47	-1
0	256	-5.20583	2.87215	2817	2932.88	-1
0	256	4.53355	8.89768	-1	-1	-1
0	256	1.62422	-4.26549	-1	-1	-1
0	256	-8.67263	-0.193666	-1	-1	-1
0	256	1.13805	-4.32395	2506	2541.78	-1
0	256	-3.53766	-7.0997	-1	-1	-1
0	256	-7.55384	-3.0503	-1	-1	-1
0	256	-0.830826	7.10807	-1	-1	-1
0	256	-5.80181	-6.11156	-1	-1	-1
0	256	-4.21182	-3.08517	-1	-1	-1
0	256	3.99689	6.44719	-1	-1	-1
0	256	0.801212	-8.22896	-1	-1	-1
0	256	-7.89962	5.72438	-1	-1	-1
0	256	-3.37661	-0.849279	-1	-1	-1
0	256	1.67248	-8.81753	-1	-1	-1
0	256	-5.02348	-5.62416	3763	3930.03	-1
0	256	3.18264	-2.00792	3220	3263	-1
0	256	5.25714	-5.48453	-1	-1	-1
0	256	-2.66463	2.10585	4149	4177.16	-1
0	256	5.26295	-3.98918	-1	-1	-1
0	256	0.166022	6.36139	2463	2551.34	-1
0	256	3.17232	6.54527	-1	-1	-1
0	256	8.52359	2.69764	-1	-1	-1
0	256	7.7341	-0.0369068	-1	-1	-1
0	256	-3.89003	-6.09128	-1	-1	-1
0	256	-7.97933	6.90739	-1	-1	-1
0	256	0.610954	9.01599	4975	5051.91	-1
0	256	6.77716	3.95273	485	593.656	-1
0	256	8.67899	-3.91869	-1	-1	-1
0	256	-6.13171	-0.356104	-1	-1	-1
0	256	3.91417	-6.37656	-1	-1	-1
0	256	-2.13875	-9.56615	1430	1501.78	-1
0	256	-6.34823	-1.49528	-1	-1	-1
0	256	-4.40667	-7.64427	1590	1658.12	-1
0	256	3.05382	3.92695	123	268.094	-1
0	256	-3.45044	-1.00869	-1	-1	-1
0	256	3.20917	1.0911	-1	-1	-1
0	256	2.11865	-6.90342	-1	-1	-1
0	256	-3.68391	0.600112	3481	3605.28	-1
0	256	8.96827	0.680736	4009	4093.84	-1
0	256	-5.04336	6.36702	-1	-1	-1
0	256	5.40243	-5.20711	-1	-1	-1
0	256	0.259016	-5.70619	-1	-1	-1
0	256	3.83079	-2.84288	-1	-1	-1
0	256	-0.912213	-0.0946641	634	646.375	-1
0	256	-7.05006	-6.92599	464	584.438	-1
0	256	-4.86359	-4.40626	2958	3009.91	-1
0	256	-5.31218	-5.96755	-1	-1	-1
0	256	3.75989	0.691594	48	102.625	-1
0	256	-4.44372	-4.06376	-1	-1	-1
0	256	-5.08553	-5.23292	-1	-1	-1
0	256	0.56385	3.36357	-1	-1	-1
0	256	-0.486355	4.09663	206	326.812	-1
0	256	-8.94678	3.17991	-1	-1	-1
0	256	-6.49488	6.53012	-1	-1	-1
0	256	-9.72514	0.582302	-1	-1	-1
0	256	2.2851	9.56761	-1	-1	-1
0	256	9.02103	2.75229	4927	5000.47	-1
0	256	-7.97057	3.00733	-1	-1	-1
0	256	1.08117	3.75296	52	84.125	-1
0	256	2.6382	-5.84394	-1	-1	-1
0	256	6.43141	5.15872	2534	2660.38	-1
0	256	3.40795	-8.77194	-1	-1	-1
0	256	-4.02812	-2.17865	673	708.781	-1
0	256	5.6705	6.80075	-1	-1	-1
0	256	8.34089	-3.78158	-1	-1	-1
0	256	1.02787	-5.1707	-1	-1	-1
0	256	-3.22297	3.05401	4975	5017.72	-1
0	256	6.92864	-4.52216	-1	-1	-1
0	256	-8.64008	-0.728154	1142	1210.69	-1
0	256	7.80946	7.01901	1015	1126.94	-1
0	256	-6.52614	5.51778	-1	-1	-1
0	256	-3.1426	-1.11386	5327	5355.53	-1
0	256	5.30641	5.16739	784	930.188	-1
0	256	-4.21964	-3.64832	-1	-1	-1
0	256	0.433791	-3.68264	-1	-1	-1
0	256	3.63819	-3.86827	-1	-1	-1
0	256	8.90679	2.75633	5066	5136	-1
0	256	1.05595	4.41747	134	173.219	-1
0	256	-5.66915	-7.19916	-1	-1	-1
0	256	6.48013	0.25591	-1	-1	-1
0	256	2.21221	-5.26655	-1	-1	-1
0	256	-6.27502	1.92971	2254	2308.56	-1
0	256	7.76362	-0.136512	-1	-1	-1
0	256	2.9649	-6.82373	-1	-1	-1
0	256	4.06699	-5.16295	-1	-1	-1
0	256	5.72066	-4.49579	-1	-1	-1
