Pile ID	Distribution Type	X-Position	Y-Position	Pickup Time	Drop Off Time	Ant ID
1	1	5.35148	2.76589	4917	4962.78	-1
1	1	5.50148	2.76589	-1	-1	-1
1	1	5.65148	2.76589	-1	-1	-1
1	1	5.80148	2.76589	-1	-1	-1
1	1	5.95148	2.76589	-1	-1	-1
1	1	6.10148	2.76589	-1	-1	-1
1	1	6.25148	2.76589	-1	-1	-1
1	1	6.40148	2.76589	-1	-1	-1
1	1	6.55148	2.76589	-1	-1	-1
1	1	6.70148	2.76589	-1	-1	-1
1	1	6.85148	2.76589	-1	-1	-1
1	1	7.00148	2.76589	-1	-1	-1
1	1	7.15148	2.76589	-1	-1	-1
1	1	7.30148	2.76589	-1	-1	-1
1	1	7.45148	2.76589	-1	-1	-1
1	1	7.60148	2.76589	-1	-1	-1
1	1	5.35148	2.91589	4751	4869.28	-1
1	1	5.50148	2.91589	-1	-1	-1
1	1	5.65148	2.91589	-1	-1	-1
1	1	5.80148	2.91589	-1	-1	-1
1	1	5.95148	2.91589	-1	-1	-1
1	1	6.10148	2.91589	-1	-1	-1
1	1	6.25148	2.91589	-1	-1	-1
1	1	6.40148	2.91589	-1	-1	-1
1	1	6.55148	2.91589	-1	-1	-1
1	1	6.70148	2.91589	-1	-1	-1
1	1	6.85148	2.91589	-1	-1	-1
1	1	7.00148	2.91589	-1	-1	-1
1	1	7.15148	2.91589	-1	-1	-1
1	1	7.30148	2.91589	-1	-1	-1
1	1	7.45148	2.91589	-1	-1	-1
1	1	7.60148	2.91589	-1	-1	-1
1	1	5.35148	3.06589	-1	-1	-1
1	1	5.50148	3.06589	-1	-1	-1
1	1	5.65148	3.06589	-1	-1	-1
1	1	5.80148	3.06589	-1	-1	-1
1	1	5.95148	3.06589	-1	-1	-1
1	1	6.10148	3.06589	-1	-1	-1
1	1	6.25148	3.06589	-1	-1	-1
1	1	6.40148	3.06589	-1	-1	-1
1	1	6.55148	3.06589	-1	-1	-1
1	1	6.70148	3.06589	-1	-1	-1
1	1	6.85148	3.06589	-1	-1	-1
1	1	7.00148	3.06589	-1	-1	-1
1	1	7.15148	3.06589	-1	-1	-1
1	1	7.30148	3.06589	-1	-1	-1
1	1	7.45148	3.06589	-1	-1	-1
1	1	7.60148	3.06589	-1	-1	-1
1	1	5.35148	3.21589	-1	-1	-1
1	1	5.50148	3.21589	-1	-1	-1
1	1	5.65148	3.21589	-1	-1	-1
1	1	5.80148	3.21589	1539	1590.53	-1
1	1	5.95148	3.21589	-1	-1	-1
1	1	6.10148	3.21589	-1	-1	-1
1	1	6.25148	3.21589	-1	-1	-1
1	1	6.40148	3.21589	-1	-1	-1
1	1	6.55148	3.21589	-1	-1	-1
1	1	6.70148	3.21589	-1	-1	-1
1	1	6.85148	3.21589	-1	-1	-1
1	1	7.00148	3.21589	-1	-1	-1
1	1	7.15148	3.21589	-1	-1	-1
1	1	7.30148	3.21589	-1	-1	-1
1	1	7.45148	3.21589	-1	-1	-1
1	1	7.60148	3.21589	3327	3392.81	-1
1	1	5.35148	3.36589	1073	1130.81	-1
1	1	5.50148	3.36589	960	1015.84	-1
1	1	5.65148	3.36589	1187	1243.97	-1
1	1	5.80148	3.36589	1426	1477.41	-1
1	1	5.95148	3.36589	-1	-1	-1
1	1	6.10148	3.36589	-1	-1	-1
1	1	6.25148	3.36589	-1	-1	-1
1	1	6.40148	3.36589	-1	-1	-1
1	1	6.55148	3.36589	-1	-1	-1
1	1	6.70148	3.36589	-1	-1	-1
1	1	6.85148	3.36589	-1	-1	-1
1	1	7.00148	3.36589	-1	-1	-1
1	1	7.15148	3.36589	-1	-1	-1
1	1	7.30148	3.36589	-1	-1	-1
1	1	7.45148	3.36589	-1	-1	-1
1	1	7.60148	3.36589	3451	3520.31	-1
1	1	5.35148	3.51589	781	841.5	-1
1	1	5.50148	3.51589	929	981.156	-1
1	1	5.65148	3.51589	1047	1114.34	-1
1	1	5.80148	3.51589	1186	1258.59	-1
1	1	5.95148	3.51589	1322	1372.03	-1
1	1	6.10148	3.51589	-1	-1	-1
1	1	6.25148	3.51589	-1	-1	-1
1	1	6.40148	3.51589	-1	-1	-1
1	1	6.55148	3.51589	-1	-1	-1
1	1	6.70148	3.51589	-1	-1	-1
1	1	6.85148	3.51589	-1	-1	-1
1	1	7.00148	3.51589	-1	-1	-1
1	1	7.15148	3.51589	-1	-1	-1
1	1	7.30148	3.51589	-1	-1	-1
1	1	7.45148	3.51589	-1	-1	-1
1	1	7.60148	3.51589	-1	-1	-1
1	1	5.35148	3.66589	610	666.562	-1
1	1	5.50148	3.66589	724	784.906	-1
1	1	5.65148	3.66589	887	969.25	-1
1	1	5.80148	3.66589	-1	-1	-1
1	1	5.95148	3.66589	-1	-1	-1
1	1	6.10148	3.66589	-1	-1	-1
1	1	6.25148	3.66589	-1	-1	-1
1	1	6.40148	3.66589	-1	-1	-1
1	1	6.55148	3.66589	-1	-1	-1
1	1	6.70148	3.66589	-1	-1	-1
1	1	6.85148	3.66589	-1	-1	-1
1	1	7.00148	3.66589	-1	-1	-1
1	1	7.15148	3.66589	-1	-1	-1
1	1	7.30148	3.66589	-1	-1	-1
1	1	7.45148	3.66589	-1	-1	-1
1	1	7.60148	3.66589	-1	-1	-1
1	1	5.35148	3.81589	741	856.969	-1
1	1	5.50148	3.81589	-1	-1	-1
1	1	5.65148	3.81589	3596	3651.03	-1
1	1	5.80148	3.81589	-1	-1	-1
1	1	5.95148	3.81589	-1	-1	-1
1	1	6.10148	3.81589	-1	-1	-1
1	1	6.25148	3.81589	-1	-1	-1
1	1	6.40148	3.81589	-1	-1	-1
1	1	6.55148	3.81589	-1	-1	-1
1	1	6.70148	3.81589	-1	-1	-1
1	1	6.85148	3.81589	-1	-1	-1
1	1	7.00148	3.81589	-1	-1	-1
1	1	7.15148	3.81589	-1	-1	-1
1	1	7.30148	3.81589	-1	-1	-1
1	1	7.45148	3.81589	-1	-1	-1
1	1	7.60148	3.81589	-1	-1	-1
1	1	5.35148	3.96589	264	393.062	-1
1	1	5.50148	3.96589	1107	1163.41	-1
1	1	5.65148	3.96589	832	893.625	-1
1	1	5.80148	3.96589	-1	-1	-1
1	1	5.95148	3.96589	-1	-1	-1
1	1	6.10148	3.96589	-1	-1	-1
1	1	6.25148	3.96589	-1	-1	-1
1	1	6.40148	3.96589	-1	-1	-1
1	1	6.55148	3.96589	-1	-1	-1
1	1	6.70148	3.96589	-1	-1	-1
1	1	6.85148	3.96589	-1	-1	-1
1	1	7.00148	3.96589	-1	-1	-1
1	1	7.15148	3.96589	-1	-1	-1
1	1	7.30148	3.96589	-1	-1	-1
1	1	7.45148	3.96589	-1	-1	-1
1	1	7.60148	3.96589	-1	-1	-1
1	1	5.35148	4.11589	439	518.562	-1
1	1	5.50148	4.11589	609	701.281	-1
1	1	5.65148	4.11589	756	833.656	-1
1	1	5.80148	4.11589	-1	-1	-1
1	1	5.95148	4.11589	-1	-1	-1
1	1	6.10148	4.11589	-1	-1	-1
1	1	6.25148	4.11589	-1	-1	-1
1	1	6.40148	4.11589	-1	-1	-1
1	1	6.55148	4.11589	-1	-1	-1
1	1	6.70148	4.11589	-1	-1	-1
1	1	6.85148	4.11589	-1	-1	-1
1	1	7.00148	4.11589	-1	-1	-1
1	1	7.15148	4.11589	-1	-1	-1
1	1	7.30148	4.11589	-1	-1	-1
1	1	7.45148	4.11589	-1	-1	-1
1	1	7.60148	4.11589	-1	-1	-1
1	1	5.35148	4.26589	283	414.75	-1
1	1	5.50148	4.26589	703	761.906	-1
1	1	5.65148	4.26589	896	997.125	-1
1	1	5.80148	4.26589	-1	-1	-1
1	1	5.95148	4.26589	-1	-1	-1
1	1	6.10148	4.26589	-1	-1	-1
1	1	6.25148	4.26589	-1	-1	-1
1	1	6.40148	4.26589	-1	-1	-1
1	1	6.55148	4.26589	-1	-1	-1
1	1	6.70148	4.26589	-1	-1	-1
1	1	6.85148	4.26589	-1	-1	-1
1	1	7.00148	4.26589	-1	-1	-1
1	1	7.15148	4.26589	-1	-1	-1
1	1	7.30148	4.26589	-1	-1	-1
1	1	7.45148	4.26589	-1	-1	-1
1	1	7.60148	4.26589	-1	-1	-1
1	1	5.35148	4.41589	469	537.281	-1
1	1	5.50148	4.41589	577	639.844	-1
1	1	5.65148	4.41589	729	799.719	-1
1	1	5.80148	4.41589	-1	-1	-1
1	1	5.95148	4.41589	-1	-1	-1
1	1	6.10148	4.41589	-1	-1	-1
1	1	6.25148	4.41589	-1	-1	-1
1	1	6.40148	4.41589	-1	-1	-1
1	1	6.55148	4.41589	-1	-1	-1
1	1	6.70148	4.41589	-1	-1	-1
1	1	6.85148	4.41589	-1	-1	-1
1	1	7.00148	4.41589	-1	-1	-1
1	1	7.15148	4.41589	-1	-1	-1
1	1	7.30148	4.41589	-1	-1	-1
1	1	7.45148	4.41589	-1	-1	-1
1	1	7.60148	4.41589	-1	-1	-1
1	1	5.35148	4.56589	971	1029.53	-1
1	1	5.50148	4.56589	867	930.25	-1
1	1	5.65148	4.56589	973	1040.62	-1
1	1	5.80148	4.56589	-1	-1	-1
1	1	5.95148	4.56589	-1	-1	-1
1	1	6.10148	4.56589	-1	-1	-1
1	1	6.25148	4.56589	-1	-1	-1
1	1	6.40148	4.56589	-1	-1	-1
1	1	6.55148	4.56589	-1	-1	-1
1	1	6.70148	4.56589	-1	-1	-1
1	1	6.85148	4.56589	-1	-1	-1
1	1	7.00148	4.56589	-1	-1	-1
1	1	7.15148	4.56589	-1	-1	-1
1	1	7.30148	4.56589	-1	-1	-1
1	1	7.45148	4.56589	-1	-1	-1
1	1	7.60148	4.56589	-1	-1	-1
1	1	5.35148	4.71589	3378	3511.78	-1
1	1	5.50148	4.71589	1002	1059.16	-1
1	1	5.65148	4.71589	1117	1176.81	-1
1	1	5.80148	4.71589	3994	4062	-1
1	1	5.95148	4.71589	-1	-1	-1
1	1	6.10148	4.71589	-1	-1	-1
1	1	6.25148	4.71589	-1	-1	-1
1	1	6.40148	4.71589	-1	-1	-1
1	1	6.55148	4.71589	-1	-1	-1
1	1	6.70148	4.71589	-1	-1	-1
1	1	6.85148	4.71589	-1	-1	-1
1	1	7.00148	4.71589	-1	-1	-1
1	1	7.15148	4.71589	-1	-1	-1
1	1	7.30148	4.71589	-1	-1	-1
1	1	7.45148	4.71589	-1	-1	-1
1	1	7.60148	4.71589	-1	-1	-1
1	1	5.35148	4.86589	-1	-1	-1
1	1	5.50148	4.86589	3582	3639.16	-1
1	1	5.65148	4.86589	3695	3763.03	-1
1	1	5.80148	4.86589	3883	3943.78	-1
1	1	5.95148	4.86589	4009	4079.31	-1
1	1	6.10148	4.86589	-1	-1	-1
1	1	6.25148	4.86589	5271	5333.47	-1
1	1	6.40148	4.86589	5390	-1	-1
1	1	6.55148	4.86589	-1	-1	-1
1	1	6.70148	4.86589	-1	-1	-1
1	1	6.85148	4.86589	-1	-1	-1
1	1	7.00148	4.86589	-1	-1	-1
1	1	7.15148	4.86589	-1	-1	-1
1	1	7.30148	4.86589	-1	-1	-1
1	1	7.45148	4.86589	-1	-1	-1
1	1	7.60148	4.86589	-1	-1	-1
1	1	5.35148	5.01589	-1	-1	-1
1	1	5.50148	5.01589	3823	3887.75	-1
1	1	5.65148	5.01589	3727	3800.31	-1
1	1	5.80148	5.01589	3865	3924.44	-1
1	1	5.95148	5.01589	3904	3970.31	-1
1	1	6.10148	5.01589	4048	4118.91	-1
1	1	6.25148	5.01589	4266	4323.88	-1
1	1	6.40148	5.01589	5149	5208.59	-1
1	1	6.55148	5.01589	-1	-1	-1
1	1	6.70148	5.01589	-1	-1	-1
1	1	6.85148	5.01589	-1	-1	-1
1	1	7.00148	5.01589	-1	-1	-1
1	1	7.15148	5.01589	-1	-1	-1
1	1	7.30148	5.01589	-1	-1	-1
1	1	7.45148	5.01589	3578	3664.41	-1
1	1	7.60148	5.01589	3742	3827.19	-1
2	4	-3.35889	1.9738	3112	3147.84	-1
2	4	-3.20889	1.9738	3056	3100.69	-1
2	4	-3.05889	1.9738	3006	3039.22	-1
2	4	-2.90889	1.9738	3075	3115.16	-1
2	4	-2.75889	1.9738	3153	3187.91	-1
2	4	-2.60889	1.9738	70	118.719	-1
2	4	-2.45889	1.9738	156	199.719	-1
2	4	-2.30889	1.9738	52	96.8438	-1
2	4	-3.35889	2.1238	2888	2974.06	-1
2	4	-3.20889	2.1238	2734	2800.47	-1
2	4	-3.05889	2.1238	2628	2692.19	-1
2	4	-2.90889	2.1238	2756	2824.62	-1
2	4	-2.75889	2.1238	3223	3253.34	-1
2	4	-2.60889	2.1238	-1	-1	-1
2	4	-2.45889	2.1238	1025	1183.03	-1
2	4	-2.30889	2.1238	151	177.344	-1
2	4	-3.35889	2.2738	1887	1944.28	-1
2	4	-3.20889	2.2738	2858	2913.72	-1
2	4	-3.05889	2.2738	2504	2557.16	-1
2	4	-2.90889	2.2738	2890	2951	-1
2	4	-2.75889	2.2738	2512	2621.53	-1
2	4	-2.60889	2.2738	3291	3329.84	-1
2	4	-2.45889	2.2738	3582	3610.88	-1
2	4	-2.30889	2.2738	456	628.219	-1
2	4	-3.35889	2.4238	1854	1905.28	-1
2	4	-3.20889	2.4238	1713	1775.72	-1
2	4	-3.05889	2.4238	1819	1871.53	-1
2	4	-2.90889	2.4238	2036	2085.12	-1
2	4	-2.75889	2.4238	2274	2319.06	-1
2	4	-2.60889	2.4238	2375	2431.91	-1
2	4	-2.45889	2.4238	4894	4925.47	-1
2	4	-2.30889	2.4238	3418	3447.53	-1
2	4	-3.35889	2.5738	1331	1379.09	-1
2	4	-3.20889	2.5738	1251	1298.38	-1
2	4	-3.05889	2.5738	1520	1554.09	-1
2	4	-2.90889	2.5738	1871	1923.59	-1
2	4	-2.75889	2.5738	1962	1999.06	-1
2	4	-2.60889	2.5738	2247	2309.84	-1
2	4	-2.45889	2.5738	2412	2441.28	-1
2	4	-2.30889	2.5738	3489	3540.88	-1
2	4	-3.35889	2.7238	1027	1172.66	-1
2	4	-3.20889	2.7238	1205	1282	-1
2	4	-3.05889	2.7238	1460	1506.94	-1
2	4	-2.90889	2.7238	1629	1664.16	-1
2	4	-2.75889	2.7238	2056	2123.78	-1
2	4	-2.60889	2.7238	2172	2214.06	-1
2	4	-2.45889	2.7238	2361	2399.62	-1
2	4	-2.30889	2.7238	-1	-1	-1
2	4	-3.35889	2.8738	1368	1464.88	-1
2	4	-3.20889	2.8738	1271	1320.69	-1
2	4	-3.05889	2.8738	1599	1652.25	-1
2	4	-2.90889	2.8738	1687	1733.31	-1
2	4	-2.75889	2.8738	2195	2233.25	-1
2	4	-2.60889	2.8738	2298	2332.31	-1
2	4	-2.45889	2.8738	2395	2463.88	-1
2	4	-2.30889	2.8738	2739	2782.25	-1
2	4	-3.35889	3.0238	1992	2049.84	-1
2	4	-3.20889	3.0238	1550	1598.88	-1
2	4	-3.05889	3.0238	1794	1831.78	-1
2	4	-2.90889	3.0238	2292	2375.03	-1
2	4	-2.75889	3.0238	2408	2454.47	-1
2	4	-2.60889	3.0238	2477	2541.75	-1
2	4	-2.45889	3.0238	2613	2647.31	-1
2	4	-2.30889	3.0238	70	128.469	-1
3	4	-1.26375	-8.95638	-1	-1	-1
3	4	-1.11375	-8.95638	-1	-1	-1
3	4	-0.96375	-8.95638	-1	-1	-1
3	4	-0.81375	-8.95638	5280	5349.72	-1
3	4	-0.66375	-8.95638	5171	5241.5	-1
3	4	-0.51375	-8.95638	4833	4914.69	-1
3	4	-0.36375	-8.95638	4978	5043.53	-1
3	4	-0.21375	-8.95638	4669	4735.41	-1
3	4	-1.26375	-8.80638	-1	-1	-1
3	4	-1.11375	-8.80638	-1	-1	-1
3	4	-0.96375	-8.80638	-1	-1	-1
3	4	-0.81375	-8.80638	-1	-1	-1
3	4	-0.66375	-8.80638	5315	-1	-1
3	4	-0.51375	-8.80638	5119	5207.5	-1
3	4	-0.36375	-8.80638	4996	5062.44	-1
3	4	-0.21375	-8.80638	5152	5223.16	-1
3	4	-1.26375	-8.65638	-1	-1	-1
3	4	-1.11375	-8.65638	-1	-1	-1
3	4	-0.96375	-8.65638	-1	-1	-1
3	4	-0.81375	-8.65638	-1	-1	-1
3	4	-0.66375	-8.65638	-1	-1	-1
3	4	-0.51375	-8.65638	-1	-1	-1
3	4	-0.36375	-8.65638	5294	5367.5	-1
3	4	-0.21375	-8.65638	5070	5144.09	-1
3	4	-1.26375	-8.50638	-1	-1	-1
3	4	-1.11375	-8.50638	-1	-1	-1
3	4	-0.96375	-8.50638	-1	-1	-1
3	4	-0.81375	-8.50638	-1	-1	-1
3	4	-0.66375	-8.50638	-1	-1	-1
3	4	-0.51375	-8.50638	-1	-1	-1
3	4	-0.36375	-8.50638	-1	-1	-1
3	4	-0.21375	-8.50638	-1	-1	-1
3	4	-1.26375	-8.35638	-1	-1	-1
3	4	-1.11375	-8.35638	-1	-1	-1
3	4	-0.96375	-8.35638	-1	-1	-1
3	4	-0.81375	-8.35638	-1	-1	-1
3	4	-0.66375	-8.35638	-1	-1	-1
3	4	-0.51375	-8.35638	-1	-1	-1
3	4	-0.36375	-8.35638	-1	-1	-1
3	4	-0.21375	-8.35638	-1	-1	-1
3	4	-1.26375	-8.20638	-1	-1	-1
3	4	-1.11375	-8.20638	-1	-1	-1
3	4	-0.96375	-8.20638	-1	-1	-1
3	4	-0.81375	-8.20638	-1	-1	-1
3	4	-0.66375	-8.20638	-1	-1	-1
3	4	-0.51375	-8.20638	-1	-1	-1
3	4	-0.36375	-8.20638	-1	-1	-1
3	4	-0.21375	-8.20638	3499	3567.25	-1
3	4	-1.26375	-8.05638	5364	-1	-1
3	4	-1.11375	-8.05638	-1	-1	-1
3	4	-0.96375	-8.05638	-1	-1	-1
3	4	-0.81375	-8.05638	-1	-1	-1
3	4	-0.66375	-8.05638	-1	-1	-1
3	4	-0.51375	-8.05638	-1	-1	-1
3	4	-0.36375	-8.05638	-1	-1	-1
3	4	-0.21375	-8.05638	-1	-1	-1
3	4	-1.26375	-7.90638	-1	-1	-1
3	4	-1.11375	-7.90638	-1	-1	-1
3	4	-0.96375	-7.90638	-1	-1	-1
3	4	-0.81375	-7.90638	-1	-1	-1
3	4	-0.66375	-7.90638	-1	-1	-1
3	4	-0.51375	-7.90638	-1	-1	-1
3	4	-0.36375	-7.90638	-1	-1	-1
3	4	-0.21375	-7.90638	-1	-1	-1
4	4	-5.90998	3.36858	-1	-1	-1
4	4	-5.75998	3.36858	-1	-1	-1
4	4	-5.60998	3.36858	-1	-1	-1
4	4	-5.45998	3.36858	-1	-1	-1
4	4	-5.30998	3.36858	-1	-1	-1
4	4	-5.15998	3.36858	-1	-1	-1
4	4	-5.00998	3.36858	2358	2418.97	-1
4	4	-4.85998	3.36858	1954	2028.12	-1
4	4	-5.90998	3.51858	-1	-1	-1
4	4	-5.75998	3.51858	-1	-1	-1
4	4	-5.60998	3.51858	-1	-1	-1
4	4	-5.45998	3.51858	-1	-1	-1
4	4	-5.30998	3.51858	-1	-1	-1
4	4	-5.15998	3.51858	3145	3198	-1
4	4	-5.00998	3.51858	2997	3061.72	-1
4	4	-4.85998	3.51858	879	926.031	-1
4	4	-5.90998	3.66858	-1	-1	-1
4	4	-5.75998	3.66858	-1	-1	-1
4	4	-5.60998	3.66858	-1	-1	-1
4	4	-5.45998	3.66858	-1	-1	-1
4	4	-5.30998	3.66858	-1	-1	-1
4	4	-5.15998	3.66858	1660	1734.12	-1
4	4	-5.00998	3.66858	1538	1601.72	-1
4	4	-4.85998	3.66858	777	827.562	-1
4	4	-5.90998	3.81858	-1	-1	-1
4	4	-5.75998	3.81858	-1	-1	-1
4	4	-5.60998	3.81858	-1	-1	-1
4	4	-5.45998	3.81858	-1	-1	-1
4	4	-5.30998	3.81858	-1	-1	-1
4	4	-5.15998	3.81858	4780	4918.72	-1
4	4	-5.00998	3.81858	1784	1852.81	-1
4	4	-4.85998	3.81858	659	726.875	-1
4	4	-5.90998	3.96858	-1	-1	-1
4	4	-5.75998	3.96858	-1	-1	-1
4	4	-5.60998	3.96858	-1	-1	-1
4	4	-5.45998	3.96858	-1	-1	-1
4	4	-5.30998	3.96858	-1	-1	-1
4	4	-5.15998	3.96858	-1	-1	-1
4	4	-5.00998	3.96858	1194	1262.22	-1
4	4	-4.85998	3.96858	978	1027.06	-1
4	4	-5.90998	4.11858	-1	-1	-1
4	4	-5.75998	4.11858	-1	-1	-1
4	4	-5.60998	4.11858	-1	-1	-1
4	4	-5.45998	4.11858	-1	-1	-1
4	4	-5.30998	4.11858	-1	-1	-1
4	4	-5.15998	4.11858	-1	-1	-1
4	4	-5.00998	4.11858	-1	-1	-1
4	4	-4.85998	4.11858	1084	1142.25	-1
4	4	-5.90998	4.26858	-1	-1	-1
4	4	-5.75998	4.26858	-1	-1	-1
4	4	-5.60998	4.26858	-1	-1	-1
4	4	-5.45998	4.26858	-1	-1	-1
4	4	-5.30998	4.26858	-1	-1	-1
4	4	-5.15998	4.26858	4405	4463.5	-1
4	4	-5.00998	4.26858	4294	4376.47	-1
4	4	-4.85998	4.26858	2507	2595.38	-1
4	4	-5.90998	4.41858	-1	-1	-1
4	4	-5.75998	4.41858	-1	-1	-1
4	4	-5.60998	4.41858	-1	-1	-1
4	4	-5.45998	4.41858	-1	-1	-1
4	4	-5.30998	4.41858	-1	-1	-1
4	4	-5.15998	4.41858	4284	4356.38	-1
4	4	-5.00998	4.41858	4169	4225.78	-1
4	4	-4.85998	4.41858	1379	1430.19	-1
5	4	-5.13519	2.17439	-1	-1	-1
5	4	-4.98519	2.17439	-1	-1	-1
5	4	-4.83519	2.17439	-1	-1	-1
5	4	-4.68519	2.17439	-1	-1	-1
5	4	-4.53519	2.17439	2735	2816.22	-1
5	4	-4.38519	2.17439	2505	2573.47	-1
5	4	-4.23519	2.17439	2576	2620.66	-1
5	4	-4.08519	2.17439	2457	2518.22	-1
5	4	-5.13519	2.32439	-1	-1	-1
5	4	-4.98519	2.32439	-1	-1	-1
5	4	-4.83519	2.32439	-1	-1	-1
5	4	-4.68519	2.32439	-1	-1	-1
5	4	-4.53519	2.32439	2570	2626.28	-1
5	4	-4.38519	2.32439	2418	2457.5	-1
5	4	-4.23519	2.32439	2309	2361.19	-1
5	4	-4.08519	2.32439	2127	2170.47	-1
5	4	-5.13519	2.47439	-1	-1	-1
5	4	-4.98519	2.47439	-1	-1	-1
5	4	-4.83519	2.47439	-1	-1	-1
5	4	-4.68519	2.47439	2687	2733.25	-1
5	4	-4.53519	2.47439	2642	2695.41	-1
5	4	-4.38519	2.47439	2429	2476.91	-1
5	4	-4.23519	2.47439	2031	2088.12	-1
5	4	-4.08519	2.47439	1934	1988.5	-1
5	4	-5.13519	2.62439	-1	-1	-1
5	4	-4.98519	2.62439	-1	-1	-1
5	4	-4.83519	2.62439	-1	-1	-1
5	4	-4.68519	2.62439	-1	-1	-1
5	4	-4.53519	2.62439	2779	2855.22	-1
5	4	-4.38519	2.62439	2908	2957.19	-1
5	4	-4.23519	2.62439	2211	2255.12	-1
5	4	-4.08519	2.62439	2133	2191.81	-1
5	4	-5.13519	2.77439	-1	-1	-1
5	4	-4.98519	2.77439	-1	-1	-1
5	4	-4.83519	2.77439	-1	-1	-1
5	4	-4.68519	2.77439	2583	2656.19	-1
5	4	-4.53519	2.77439	2454	2533.06	-1
5	4	-4.38519	2.77439	-1	-1	-1
5	4	-4.23519	2.77439	3232	3277.12	-1
5	4	-4.08519	2.77439	2018	2072	-1
5	4	-5.13519	2.92439	-1	-1	-1
5	4	-4.98519	2.92439	2436	2494.5	-1
5	4	-4.83519	2.92439	2211	2273.91	-1
5	4	-4.68519	2.92439	1969	2038.78	-1
5	4	-4.53519	2.92439	2095	2154.75	-1
5	4	-4.38519	2.92439	3136	3179.56	-1
5	4	-4.23519	2.92439	3329	3394.81	-1
5	4	-4.08519	2.92439	4218	4364.66	-1
5	4	-5.13519	3.07439	2695	2757.56	-1
5	4	-4.98519	3.07439	2469	2581.5	-1
5	4	-4.83519	3.07439	2320	2385.97	-1
5	4	-4.68519	3.07439	1547	1630.38	-1
5	4	-4.53519	3.07439	1669	1716.03	-1
5	4	-4.38519	3.07439	1711	1797.16	-1
5	4	-4.23519	3.07439	2574	2637.53	-1
5	4	-4.08519	3.07439	2798	2855.84	-1
5	4	-5.13519	3.22439	2845	2907	-1
5	4	-4.98519	3.22439	2222	2287.88	-1
5	4	-4.83519	3.22439	1820	1890.09	-1
5	4	-4.68519	3.22439	1330	1382.66	-1
5	4	-4.53519	3.22439	1421	1483.44	-1
5	4	-4.38519	3.22439	2094	2154.41	-1
5	4	-4.23519	3.22439	2689	2732.59	-1
5	4	-4.08519	3.22439	-1	-1	-1
6	16	-3.33407	1.16157	-1	-1	-1
6	16	-3.18407	1.16157	4183	4218.62	-1
6	16	-3.03407	1.16157	3766	3802.75	-1
6	16	-2.88407	1.16157	3655	3682.41	-1
6	16	-3.33407	1.31157	-1	-1	-1
6	16	-3.18407	1.31157	-1	-1	-1
6	16	-3.03407	1.31157	3712	3741.19	-1
6	16	-2.88407	1.31157	357	383.062	-1
6	16	-3.33407	1.46157	-1	-1	-1
6	16	-3.18407	1.46157	-1	-1	-1
6	16	-3.03407	1.46157	490	519.656	-1
6	16	-2.88407	1.46157	232	258.656	-1
6	16	-3.33407	1.61157	159	197	-1
6	16	-3.18407	1.61157	-1	-1	-1
6	16	-3.03407	1.61157	433	461.719	-1
6	16	-2.88407	1.61157	298	326.219	-1
7	16	-6.51837	5.80995	-1	-1	-1
7	16	-6.36837	5.80995	-1	-1	-1
7	16	-6.21837	5.80995	-1	-1	-1
7	16	-6.06837	5.80995	3072	3215.09	-1
7	16	-6.51837	5.95995	-1	-1	-1
7	16	-6.36837	5.95995	-1	-1	-1
7	16	-6.21837	5.95995	-1	-1	-1
7	16	-6.06837	5.95995	-1	-1	-1
7	16	-6.51837	6.10995	-1	-1	-1
7	16	-6.36837	6.10995	-1	-1	-1
7	16	-6.21837	6.10995	-1	-1	-1
7	16	-6.06837	6.10995	-1	-1	-1
7	16	-6.51837	6.25995	-1	-1	-1
7	16	-6.36837	6.25995	-1	-1	-1
7	16	-6.21837	6.25995	-1	-1	-1
7	16	-6.06837	6.25995	3455	3527.53	-1
8	16	2.79549	-9.06445	-1	-1	-1
8	16	2.94549	-9.06445	2297	2369.78	-1
8	16	3.09549	-9.06445	-1	-1	-1
8	16	3.24549	-9.06445	-1	-1	-1
8	16	2.79549	-8.91445	-1	-1	-1
8	16	2.94549	-8.91445	-1	-1	-1
8	16	3.09549	-8.91445	-1	-1	-1
8	16	3.24549	-8.91445	-1	-1	-1
8	16	2.79549	-8.76445	-1	-1	-1
8	16	2.94549	-8.76445	-1	-1	-1
8	16	3.09549	-8.76445	-1	-1	-1
8	16	3.24549	-8.76445	-1	-1	-1
8	16	2.79549	-8.61445	3955	4022.31	-1
8	16	2.94549	-8.61445	-1	-1	-1
8	16	3.09549	-8.61445	-1	-1	-1
8	16	3.24549	-8.61445	-1	-1	-1
9	16	3.86328	4.2805	-1	-1	-1
9	16	4.01328	4.2805	-1	-1	-1
9	16	4.16328	4.2805	-1	-1	-1
9	16	4.31328	4.2805	869	916.656	-1
9	16	3.86328	4.4305	-1	-1	-1
9	16	4.01328	4.4305	-1	-1	-1
9	16	4.16328	4.4305	-1	-1	-1
9	16	4.31328	4.4305	625	684.281	-1
9	16	3.86328	4.5805	-1	-1	-1
9	16	4.01328	4.5805	-1	-1	-1
9	16	4.16328	4.5805	-1	-1	-1
9	16	4.31328	4.5805	730	808.281	-1
9	16	3.86328	4.7305	1751	1885.56	-1
9	16	4.01328	4.7305	-1	-1	-1
9	16	4.16328	4.7305	-1	-1	-1
9	16	4.31328	4.7305	4412	4467.84	-1
10	16	-4.61345	-4.03267	-1	-1	-1
10	16	-4.46345	-4.03267	-1	-1	-1
10	16	-4.31345	-4.03267	-1	-1	-1
10	16	-4.16345	-4.03267	-1	-1	-1
10	16	-4.61345	-3.88267	-1	-1	-1
10	16	-4.46345	-3.88267	-1	-1	-1
10	16	-4.31345	-3.88267	-1	-1	-1
10	16	-4.16345	-3.88267	-1	-1	-1
10	16	-4.61345	-3.73267	-1	-1	-1
10	16	-4.46345	-3.73267	-1	-1	-1
10	16	-4.31345	-3.73267	5191	5234.53	-1
10	16	-4.16345	-3.73267	4975	5134.09	-1
10	16	-4.61345	-3.58267	-1	-1	-1
10	16	-4.46345	-3.58267	-1	-1	-1
10	16	-4.31345	-3.58267	5321	5364.22	-1
10	16	-4.16345	-3.58267	3329	3465.59	-1
11	16	-6.93532	-0.161941	-1	-1	-1
11	16	-6.78532	-0.161941	3848	3907.91	-1
11	16	-6.63532	-0.161941	3838	3895.66	-1
11	16	-6.48532	-0.161941	3737	3787.53	-1
11	16	-6.93532	-0.0119406	4447	4499.88	-1
11	16	-6.78532	-0.0119406	4294	4348.38	-1
11	16	-6.63532	-0.0119406	3954	4011.91	-1
11	16	-6.48532	-0.0119406	3859	3917	-1
11	16	-6.93532	0.138059	4568	4617.34	-1
11	16	-6.78532	0.138059	4198	4258.16	-1
11	16	-6.63532	0.138059	4082	4130.06	-1
11	16	-6.48532	0.138059	4174	4239.62	-1
11	16	-6.93532	0.288059	1844	1947.94	-1
11	16	-6.78532	0.288059	4312	4389.59	-1
11	16	-6.63532	0.288059	4351	4401.91	-1
11	16	-6.48532	0.288059	-1	-1	-1
12	16	7.40143	-5.99638	-1	-1	-1
12	16	7.55143	-5.99638	-1	-1	-1
12	16	7.70143	-5.99638	-1	-1	-1
12	16	7.85143	-5.99638	-1	-1	-1
12	16	7.40143	-5.84638	-1	-1	-1
12	16	7.55143	-5.84638	-1	-1	-1
12	16	7.70143	-5.84638	-1	-1	-1
12	16	7.85143	-5.84638	-1	-1	-1
12	16	7.40143	-5.69638	-1	-1	-1
12	16	7.55143	-5.69638	-1	-1	-1
12	16	7.70143	-5.69638	-1	-1	-1
12	16	7.85143	-5.69638	-1	-1	-1
12	16	7.40143	-5.54638	-1	-1	-1
12	16	7.55143	-5.54638	-1	-1	-1
12	16	7.70143	-5.54638	-1	-1	-1
12	16	7.85143	-5.54638	-1	-1	-1
13	16	-5.25082	6.75371	3289	3355.06	-1
13	16	-5.10082	6.75371	-1	-1	-1
13	16	-4.95082	6.75371	-1	-1	-1
13	16	-4.80082	6.75371	3008	3071.81	-1
13	16	-5.25082	6.90371	-1	-1	-1
13	16	-5.10082	6.90371	-1	-1	-1
13	16	-4.95082	6.90371	-1	-1	-1
13	16	-4.80082	6.90371	-1	-1	-1
13	16	-5.25082	7.05371	-1	-1	-1
13	16	-5.10082	7.05371	-1	-1	-1
13	16	-4.95082	7.05371	-1	-1	-1
13	16	-4.80082	7.05371	-1	-1	-1
13	16	-5.25082	7.20371	-1	-1	-1
13	16	-5.10082	7.20371	-1	-1	-1
13	16	-4.95082	7.20371	-1	-1	-1
13	16	-4.80082	7.20371	4581	4648.41	-1
14	16	-5.61679	-6.84017	-1	-1	-1
14	16	-5.46679	-6.84017	-1	-1	-1
14	16	-5.31679	-6.84017	-1	-1	-1
14	16	-5.16679	-6.84017	-1	-1	-1
14	16	-5.61679	-6.69017	-1	-1	-1
14	16	-5.46679	-6.69017	-1	-1	-1
14	16	-5.31679	-6.69017	-1	-1	-1
14	16	-5.16679	-6.69017	-1	-1	-1
14	16	-5.61679	-6.54017	-1	-1	-1
14	16	-5.46679	-6.54017	-1	-1	-1
14	16	-5.31679	-6.54017	-1	-1	-1
14	16	-5.16679	-6.54017	-1	-1	-1
14	16	-5.61679	-6.39017	1065	1187.66	-1
14	16	-5.46679	-6.39017	4341	4476.62	-1
14	16	-5.31679	-6.39017	4538	4600.03	-1
14	16	-5.16679	-6.39017	-1	-1	-1
15	16	-3.60519	-8.47576	-1	-1	-1
15	16	-3.45519	-8.47576	-1	-1	-1
15	16	-3.30519	-8.47576	-1	-1	-1
15	16	-3.15519	-8.47576	5148	5274.5	-1
15	16	-3.60519	-8.32576	-1	-1	-1
15	16	-3.45519	-8.32576	-1	-1	-1
15	16	-3.30519	-8.32576	-1	-1	-1
15	16	-3.15519	-8.32576	5397	-1	-1
15	16	-3.60519	-8.17576	-1	-1	-1
15	16	-3.45519	-8.17576	-1	-1	-1
15	16	-3.30519	-8.17576	-1	-1	-1
15	16	-3.15519	-8.17576	-1	-1	-1
15	16	-3.60519	-8.02576	-1	-1	-1
15	16	-3.45519	-8.02576	-1	-1	-1
15	16	-3.30519	-8.02576	-1	-1	-1
15	16	-3.15519	-8.02576	-1	-1	-1
16	16	6.6194	-5.4357	-1	-1	-1
16	16	6.7694	-5.4357	-1	-1	-1
16	16	6.9194	-5.4357	-1	-1	-1
16	16	7.0694	-5.4357	-1	-1	-1
16	16	6.6194	-5.2857	-1	-1	-1
16	16	6.7694	-5.2857	-1	-1	-1
16	16	6.9194	-5.2857	-1	-1	-1
16	16	7.0694	-5.2857	-1	-1	-1
16	16	6.6194	-5.1357	-1	-1	-1
16	16	6.7694	-5.1357	-1	-1	-1
16	16	6.9194	-5.1357	-1	-1	-1
16	16	7.0694	-5.1357	-1	-1	-1
16	16	6.6194	-4.9857	-1	-1	-1
16	16	6.7694	-4.9857	-1	-1	-1
16	16	6.9194	-4.9857	-1	-1	-1
16	16	7.0694	-4.9857	-1	-1	-1
17	16	6.72254	-6.81792	1636	1710.31	-1
17	16	6.87254	-6.81792	1335	1421.97	-1
17	16	7.02254	-6.81792	1668	1779.88	-1
17	16	7.17254	-6.81792	1694	1766.19	-1
17	16	6.72254	-6.66792	1058	1129.62	-1
17	16	6.87254	-6.66792	1197	1268.5	-1
17	16	7.02254	-6.66792	1515	1590.09	-1
17	16	7.17254	-6.66792	-1	-1	-1
17	16	6.72254	-6.51792	1004	1100.88	-1
17	16	6.87254	-6.51792	1361	1463.59	-1
17	16	7.02254	-6.51792	1541	1639.19	-1
17	16	7.17254	-6.51792	-1	-1	-1
17	16	6.72254	-6.36792	805	938.562	-1
17	16	6.87254	-6.36792	1176	1243.03	-1
17	16	7.02254	-6.36792	1480	1552.97	-1
17	16	7.17254	-6.36792	-1	-1	-1
18	16	6.71349	-6.16528	1316	1394.84	-1
18	16	6.86349	-6.16528	-1	-1	-1
18	16	7.01349	-6.16528	-1	-1	-1
18	16	7.16349	-6.16528	-1	-1	-1
18	16	6.71349	-6.01528	-1	-1	-1
18	16	6.86349	-6.01528	-1	-1	-1
18	16	7.01349	-6.01528	-1	-1	-1
18	16	7.16349	-6.01528	-1	-1	-1
18	16	6.71349	-5.86528	-1	-1	-1
18	16	6.86349	-5.86528	-1	-1	-1
18	16	7.01349	-5.86528	-1	-1	-1
18	16	7.16349	-5.86528	-1	-1	-1
18	16	6.71349	-5.71528	-1	-1	-1
18	16	6.86349	-5.71528	-1	-1	-1
18	16	7.01349	-5.71528	-1	-1	-1
18	16	7.16349	-5.71528	-1	-1	-1
19	16	5.08965	2.08688	-1	-1	-1
19	16	5.23965	2.08688	-1	-1	-1
19	16	5.38965	2.08688	-1	-1	-1
19	16	5.53965	2.08688	-1	-1	-1
19	16	5.08965	2.23688	-1	-1	-1
19	16	5.23965	2.23688	-1	-1	-1
19	16	5.38965	2.23688	-1	-1	-1
19	16	5.53965	2.23688	-1	-1	-1
19	16	5.08965	2.38688	-1	-1	-1
19	16	5.23965	2.38688	-1	-1	-1
19	16	5.38965	2.38688	-1	-1	-1
19	16	5.53965	2.38688	-1	-1	-1
19	16	5.08965	2.53688	-1	-1	-1
19	16	5.23965	2.53688	-1	-1	-1
19	16	5.38965	2.53688	-1	-1	-1
19	16	5.53965	2.53688	-1	-1	-1
20	16	-8.57148	1.38656	5235	5317.97	-1
20	16	-8.42148	1.38656	4474	4540.72	-1
20	16	-8.27148	1.38656	4598	4658.91	-1
20	16	-8.12148	1.38656	-1	-1	-1
20	16	-8.57148	1.53656	-1	-1	-1
20	16	-8.42148	1.53656	-1	-1	-1
20	16	-8.27148	1.53656	-1	-1	-1
20	16	-8.12148	1.53656	-1	-1	-1
20	16	-8.57148	1.68656	-1	-1	-1
20	16	-8.42148	1.68656	-1	-1	-1
20	16	-8.27148	1.68656	-1	-1	-1
20	16	-8.12148	1.68656	-1	-1	-1
20	16	-8.57148	1.83656	-1	-1	-1
20	16	-8.42148	1.83656	-1	-1	-1
20	16	-8.27148	1.83656	-1	-1	-1
20	16	-8.12148	1.83656	-1	-1	-1
21	16	2.68952	-2.73659	3294	3342.97	-1
21	16	2.83952	-2.73659	3214	3258.56	-1
21	16	2.98952	-2.73659	-1	-1	-1
21	16	3.13952	-2.73659	-1	-1	-1
21	16	2.68952	-2.58659	179	333.094	-1
21	16	2.83952	-2.58659	3146	3178.94	-1
21	16	2.98952	-2.58659	4063	4219.81	-1
21	16	3.13952	-2.58659	-1	-1	-1
21	16	2.68952	-2.43659	378	410.594	-1
21	16	2.83952	-2.43659	449	479.344	-1
21	16	2.98952	-2.43659	638	669.156	-1
21	16	3.13952	-2.43659	-1	-1	-1
21	16	2.68952	-2.28659	570	605	-1
21	16	2.83952	-2.28659	507	537.375	-1
21	16	2.98952	-2.28659	4254	4286.41	-1
21	16	3.13952	-2.28659	-1	-1	-1
0	256	3.79285	-4.27029	-1	-1	-1
0	256	-4.41524	6.20931	4448	4514.81	-1
0	256	2.56743	6.62062	1388	1439.97	-1
0	256	-2.41247	-8.89129	4874	4945.59	-1
0	256	4.67875	4.83165	594	648.312	-1
0	256	-3.85179	4.89449	1503	1554.12	-1
0	256	1.84474	3.11602	2906	3053.66	-1
0	256	8.06936	-3.54997	-1	-1	-1
0	256	3.27833	3.81722	871	912.844	-1
0	256	0.014628	8.16756	3183	3242.66	-1
0	256	-4.21911	4.38076	1690	1739.5	-1
0	256	-5.90949	-1.42372	2718	2769.34	-1
0	256	3.85903	-8.18901	-1	-1	-1
0	256	6.62506	1.89573	-1	-1	-1
0	256	8.29652	1.14684	-1	-1	-1
0	256	0.944204	-1.27846	4730	4892.91	-1
0	256	3.29961	-0.0568519	-1	-1	-1
0	256	1.98855	8.73925	-1	-1	-1
0	256	5.33509	0.631433	-1	-1	-1
0	256	-7.94645	-0.981365	2073	2166.22	-1
0	256	6.49356	1.77718	-1	-1	-1
0	256	6.70329	-1.36587	-1	-1	-1
0	256	-0.948078	8.949	259	343.656	-1
0	256	-4.6113	-8.87877	-1	-1	-1
0	256	0.346281	3.44073	681	710.375	-1
0	256	7.90917	-1.58409	-1	-1	-1
0	256	-6.4841	-4.47733	2124	2248.78	-1
0	256	-6.58581	-5.73946	-1	-1	-1
0	256	-4.11246	7.87227	-1	-1	-1
0	256	6.67144	-1.67493	-1	-1	-1
0	256	-3.34329	-5.33072	-1	-1	-1
0	256	-5.42349	-2.84889	-1	-1	-1
0	256	-4.96695	5.92565	-1	-1	-1
0	256	-6.09932	-7.04276	-1	-1	-1
0	256	4.09166	-0.0101891	-1	-1	-1
0	256	3.83384	2.37674	-1	-1	-1
0	256	5.79863	-4.45927	-1	-1	-1
0	256	5.34115	5.60996	-1	-1	-1
0	256	-7.077	-5.80536	-1	-1	-1
0	256	3.30635	-7.99045	-1	-1	-1
0	256	3.45939	7.03896	-1	-1	-1
0	256	-4.70092	5.75046	1419	1493.41	-1
0	256	-7.18755	0.779896	3035	3088.97	-1
0	256	2.60023	0.651758	102	126.688	-1
0	256	2.67326	7.57227	4077	4139.41	-1
0	256	-1.13884	-4.77122	-1	-1	-1
0	256	0.751824	-9.51553	3039	3110.81	-1
0	256	-1.19338	3.93969	554	588.094	-1
0	256	6.03942	-3.48334	-1	-1	-1
0	256	-0.415168	-4.1534	-1	-1	-1
0	256	-3.66022	3.44339	1931	1970.31	-1
0	256	4.39175	6.34235	-1	-1	-1
0	256	-9.39947	2.07725	-1	-1	-1
0	256	-1.28871	-4.63327	-1	-1	-1
0	256	-7.34803	0.320648	4733	4790	-1
0	256	3.88204	5.43097	2771	2903.94	-1
0	256	-0.313397	-5.60128	-1	-1	-1
0	256	5.34717	5.45875	4144	4200.75	-1
0	256	9.38534	0.0302203	4530	4599.41	-1
0	256	5.84954	-7.35171	-1	-1	-1
0	256	-3.49488	1.90722	-1	-1	-1
0	256	-3.11445	-4.44271	700	843.156	-1
0	256	3.80505	-4.06272	4656	4701.5	-1
0	256	-3.33791	-1.8305	-1	-1	-1
0	256	-4.23973	8.08576	-1	-1	-1
0	256	4.79796	-5.92267	199	333.438	-1
0	256	-8.03754	-1.31255	-1	-1	-1
0	256	8.41215	-2.43974	-1	-1	-1
0	256	1.44175	5.77178	3552	3596.97	-1
0	256	-2.55144	-6.35872	-1	-1	-1
0	256	5.00651	-8.3715	-1	-1	-1
0	256	-3.54711	8.59786	3478	3548.44	-1
0	256	-3.27844	-1.62122	-1	-1	-1
0	256	-1.59015	6.19481	2068	2119.22	-1
0	256	-1.38647	4.22524	-1	-1	-1
0	256	-6.23262	6.75259	4892	5016.91	-1
0	256	-6.47395	7.27007	-1	-1	-1
0	256	1.77675	5.60883	2150	2198.44	-1
0	256	-0.631857	-3.71521	-1	-1	-1
0	256	3.08003	1.4761	1598	1628.41	-1
0	256	3.63376	-3.71651	548	587.812	-1
0	256	-4.85298	-6.06341	-1	-1	-1
0	256	2.63083	-3.26171	1949	2096.97	-1
0	256	-9.48928	-2.75893	2807	2880.12	-1
0	256	0.83928	6.87844	-1	-1	-1
0	256	-4.64584	-7.13215	-1	-1	-1
0	256	4.68294	2.88585	5015	5059.56	-1
0	256	5.25841	-8.30591	-1	-1	-1
0	256	-4.77681	2.07408	-1	-1	-1
0	256	-0.116992	8.30699	1544	1614.66	-1
0	256	3.80741	-9.05585	1934	2005.47	-1
0	256	6.29963	-1.9824	-1	-1	-1
0	256	-2.92238	7.06424	-1	-1	-1
0	256	5.08662	0.428661	2937	3046.69	-1
0	256	4.26814	8.25472	-1	-1	-1
0	256	-3.46704	2.44456	1788	1832.19	-1
0	256	-1.51603	-5.47995	-1	-1	-1
0	256	-8.39542	1.03124	-1	-1	-1
0	256	7.7137	6.27425	-1	-1	-1
0	256	-2.96285	3.58998	2159	2200.59	-1
0	256	4.19403	5.06879	4518	4568.47	-1
0	256	0.742257	7.26008	-1	-1	-1
0	256	-4.06052	4.36335	3245	3294.16	-1
0	256	5.60531	-3.90501	1741	1858.06	-1
0	256	-9.30137	-3.02942	171	238.562	-1
0	256	-9.16167	-3.75387	-1	-1	-1
0	256	-8.48677	0.718645	-1	-1	-1
0	256	-1.77894	-4.35132	2224	2346.56	-1
0	256	-3.89532	-4.73176	4687	4739.66	-1
0	256	9.11684	3.70853	4858	4929.72	-1
0	256	-6.72389	7.24043	5087	5162.62	-1
0	256	-2.73253	-1.68647	171	196.812	-1
0	256	1.88463	-9.58416	-1	-1	-1
0	256	-6.9054	4.84726	-1	-1	-1
0	256	0.0102866	-8.72882	3634	3700.19	-1
0	256	5.17027	0.519009	4604	4710	-1
0	256	-5.25858	0.230207	-1	-1	-1
0	256	-6.67847	5.88125	-1	-1	-1
0	256	-5.06637	0.888748	-1	-1	-1
0	256	7.35376	-4.23083	3691	3756	-1
0	256	0.533486	-0.926095	3146	3232.06	-1
0	256	6.52264	-5.86619	1395	1466.41	-1
0	256	-8.36452	-0.236634	-1	-1	-1
0	256	6.7409	-3.90573	-1	-1	-1
0	256	0.540462	-8.29936	5012	5087.53	-1
0	256	-0.355017	6.51623	3386	3484.97	-1
0	256	-5.47294	2.39631	-1	-1	-1
0	256	-4.95698	-6.89096	-1	-1	-1
0	256	-8.23872	-5.4379	-1	-1	-1
0	256	-7.6487	-5.10145	-1	-1	-1
0	256	-2.1891	-5.76589	484	596.875	-1
0	256	3.8244	1.1084	-1	-1	-1
0	256	6.31941	-0.693898	3374	3421.34	-1
0	256	-3.63715	5.51041	4533	4584.47	-1
0	256	-0.936001	6.09411	-1	-1	-1
0	256	5.96648	0.131704	-1	-1	-1
0	256	-2.68181	-3.99953	500	553.25	-1
0	256	0.409814	6.82461	-1	-1	-1
0	256	0.882415	-7.00691	3368	3427.41	-1
0	256	4.04493	3.74773	-1	-1	-1
0	256	2.0686	-6.11339	-1	-1	-1
0	256	3.79951	-2.86185	1930	1969.38	-1
0	256	-3.13057	-9.19922	-1	-1	-1
0	256	-1.72317	4.72354	2903	2955.12	-1
0	256	-7.58585	0.470322	-1	-1	-1
0	256	-3.43646	-7.50631	-1	-1	-1
0	256	5.94159	1.51702	-1	-1	-1
0	256	-0.0945226	4.91469	-1	-1	-1
0	256	0.617726	-2.88673	3280	3305.81	-1
0	256	-7.0071	2.28188	-1	-1	-1
0	256	2.09145	4.87564	-1	-1	-1
0	256	5.13913	0.10961	-1	-1	-1
0	256	-5.6743	-3.97807	-1	-1	-1
0	256	-8.99263	-6.00156	1320	1401.66	-1
0	256	-0.284632	6.10131	100	154.531	-1
0	256	2.44331	3.72561	-1	-1	-1
0	256	3.55739	-7.77403	-1	-1	-1
0	256	8.42657	2.70541	-1	-1	-1
0	256	-4.99483	6.0795	-1	-1	-1
0	256	-4.05497	-4.47067	90	139	-1
0	256	6.09133	-1.08302	-1	-1	-1
0	256	-1.2744	8.78275	-1	-1	-1
0	256	4.39353	6.04202	76	149.812	-1
0	256	6.0311	-5.56486	1692	1759.56	-1
0	256	-7.05663	4.86611	-1	-1	-1
0	256	6.56059	2.30461	-1	-1	-1
0	256	-2.3435	9.22827	4908	4978.41	-1
0	256	-8.49894	1.15632	-1	-1	-1
0	256	-0.778258	3.60692	-1	-1	-1
0	256	6.49971	-7.45818	-1	-1	-1
0	256	-4.75106	8.61769	3058	3155.16	-1
0	256	7.76668	1.32587	-1	-1	-1
0	256	-6.89095	-2.6796	2017	2131.59	-1
0	256	-5.96874	-5.58261	608	743.344	-1
0	256	-4.82108	-3.89324	-1	-1	-1
0	256	9.44547	2.37513	-1	-1	-1
0	256	-0.206804	7.52386	-1	-1	-1
0	256	-7.65709	5.10349	-1	-1	-1
0	256	-8.02943	-1.41251	-1	-1	-1
0	256	5.81307	7.46444	-1	-1	-1
0	256	-3.11834	0.958704	3790	3817.53	-1
0	256	-9.73235	2.14268	197	267.156	-1
0	256	-5.6928	0.49708	-1	-1	-1
0	256	1.5985	-7.97864	-1	-1	-1
0	256	8.51442	0.135491	3523	3588.38	-1
0	256	3.39354	3.11477	-1	-1	-1
0	256	3.64503	-6.54076	-1	-1	-1
0	256	3.60054	5.52878	-1	-1	-1
0	256	-1.37921	-4.97673	-1	-1	-1
0	256	-4.39819	-1.38818	-1	-1	-1
0	256	-6.30812	-1.92974	-1	-1	-1
0	256	6.71925	0.925888	-1	-1	-1
0	256	3.71094	7.93339	-1	-1	-1
0	256	0.992611	8.36239	-1	-1	-1
0	256	7.4184	-5.19705	-1	-1	-1
0	256	7.5369	-6.70482	-1	-1	-1
0	256	0.307663	8.08926	4714	4774.88	-1
0	256	-3.44941	5.10984	-1	-1	-1
0	256	6.53111	-2.79023	3857	3908.72	-1
0	256	-4.60761	5.35337	2254	2310.22	-1
0	256	7.60886	-1.24624	-1	-1	-1
0	256	6.25989	-7.21929	-1	-1	-1
0	256	-0.0936936	-6.66661	-1	-1	-1
0	256	-7.79104	6.13554	-1	-1	-1
0	256	-6.06746	-4.66557	5216	5289.06	-1
0	256	-2.83883	-6.66102	-1	-1	-1
0	256	4.68793	3.16527	427	570.406	-1
0	256	3.64085	0.200341	55	86.625	-1
0	256	-3.47442	-3.3675	1863	2018.03	-1
0	256	-7.28929	-1.32067	3058	3146.44	-1
0	256	1.3988	-4.0725	-1	-1	-1
0	256	2.6053	2.0175	36	84.5312	-1
0	256	1.97524	-5.05141	5138	5180.56	-1
0	256	-8.242	3.54774	-1	-1	-1
0	256	-2.50189	6.34352	4442	4497	-1
0	256	-3.32387	-4.83201	3323	3369.34	-1
0	256	7.33049	-4.98704	-1	-1	-1
0	256	-8.80668	-2.40071	4752	4819	-1
0	256	-4.8966	-1.32184	-1	-1	-1
0	256	5.09386	-1.33912	-1	-1	-1
0	256	-6.64235	-6.10515	2365	2503.72	-1
0	256	-7.02028	2.65091	-1	-1	-1
0	256	4.20371	-7.9092	4835	4940.41	-1
0	256	1.26056	3.97823	365	399.594	-1
0	256	6.99953	-0.817318	3884	3981.28	-1
0	256	-1.9818	3.93384	179	219.906	-1
0	256	-9.71189	-1.13275	4578	4655.09	-1
0	256	-6.22434	-5.67424	1260	1326.16	-1
0	256	0.583576	6.40455	-1	-1	-1
0	256	-6.70411	-1.25366	-1	-1	-1
0	256	8.6344	-0.600852	3480	3560.59	-1
0	256	-2.85775	0.240246	4688	4718.25	-1
0	256	8.09084	1.12531	-1	-1	-1
0	256	-0.71912	-3.64278	-1	-1	-1
0	256	5.42793	-4.92399	-1	-1	-1
0	256	-2.87087	-1.98663	305	441	-1
0	256	3.49267	-2.92171	-1	-1	-1
0	256	1.04079	5.99667	317	363	-1
0	256	-5.04902	-3.11192	4587	4630.91	-1
0	256	8.82269	-6.06094	-1	-1	-1
0	256	1.76453	-6.38651	4292	4341.5	-1
0	256	4.08489	6.20618	-1	-1	-1
0	256	2.72145	-1.85776	-1	-1	-1
0	256	-7.95888	5.85722	-1	-1	-1
0	256	3.27344	-6.03001	3170	3228.03	-1
0	256	4.88826	1.62232	-1	-1	-1
0	256	1.42941	-4.39923	-1	-1	-1
0	256	0.549502	8.77417	-1	-1	-1
0	256	-3.97985	-5.9861	2166	2305.66	-1
0	256	-4.37958	-2.58423	5189	5247.34	-1
0	256	-2.21209	-9.4385	5376	-1	-1
0	256	6.48738	6.02501	-1	-1	-1
0	256	-7.54883	-2.79056	-1	-1	-1
0	256	3.48591	-6.83684	5063	5123.62	-1
0	256	-3.35738	-5.07984	-1	-1	-1
0	256	8.54509	-0.00681627	777	847.969	-1
