Pile ID	Distribution Type	X-Position	Y-Position	Pickup Time	Drop Off Time	Ant ID
1	1	-8.14472	-2.15216	-1	-1	-1
1	1	-7.99472	-2.15216	-1	-1	-1
1	1	-7.84472	-2.15216	-1	-1	-1
1	1	-7.69472	-2.15216	-1	-1	-1
1	1	-7.54472	-2.15216	-1	-1	-1
1	1	-7.39472	-2.15216	-1	-1	-1
1	1	-7.24472	-2.15216	-1	-1	-1
1	1	-7.09472	-2.15216	-1	-1	-1
1	1	-6.94472	-2.15216	-1	-1	-1
1	1	-6.79472	-2.15216	-1	-1	-1
1	1	-6.64472	-2.15216	-1	-1	-1
1	1	-6.49472	-2.15216	-1	-1	-1
1	1	-6.34472	-2.15216	-1	-1	-1
1	1	-6.19472	-2.15216	-1	-1	-1
1	1	-6.04472	-2.15216	-1	-1	-1
1	1	-5.89472	-2.15216	-1	-1	-1
1	1	-8.14472	-2.00216	-1	-1	-1
1	1	-7.99472	-2.00216	-1	-1	-1
1	1	-7.84472	-2.00216	-1	-1	-1
1	1	-7.69472	-2.00216	-1	-1	-1
1	1	-7.54472	-2.00216	-1	-1	-1
1	1	-7.39472	-2.00216	-1	-1	-1
1	1	-7.24472	-2.00216	-1	-1	-1
1	1	-7.09472	-2.00216	-1	-1	-1
1	1	-6.94472	-2.00216	-1	-1	-1
1	1	-6.79472	-2.00216	-1	-1	-1
1	1	-6.64472	-2.00216	-1	-1	-1
1	1	-6.49472	-2.00216	-1	-1	-1
1	1	-6.34472	-2.00216	-1	-1	-1
1	1	-6.19472	-2.00216	-1	-1	-1
1	1	-6.04472	-2.00216	-1	-1	-1
1	1	-5.89472	-2.00216	-1	-1	-1
1	1	-8.14472	-1.85216	-1	-1	-1
1	1	-7.99472	-1.85216	-1	-1	-1
1	1	-7.84472	-1.85216	-1	-1	-1
1	1	-7.69472	-1.85216	-1	-1	-1
1	1	-7.54472	-1.85216	-1	-1	-1
1	1	-7.39472	-1.85216	-1	-1	-1
1	1	-7.24472	-1.85216	-1	-1	-1
1	1	-7.09472	-1.85216	-1	-1	-1
1	1	-6.94472	-1.85216	-1	-1	-1
1	1	-6.79472	-1.85216	-1	-1	-1
1	1	-6.64472	-1.85216	-1	-1	-1
1	1	-6.49472	-1.85216	-1	-1	-1
1	1	-6.34472	-1.85216	-1	-1	-1
1	1	-6.19472	-1.85216	-1	-1	-1
1	1	-6.04472	-1.85216	-1	-1	-1
1	1	-5.89472	-1.85216	-1	-1	-1
1	1	-8.14472	-1.70216	-1	-1	-1
1	1	-7.99472	-1.70216	-1	-1	-1
1	1	-7.84472	-1.70216	-1	-1	-1
1	1	-7.69472	-1.70216	-1	-1	-1
1	1	-7.54472	-1.70216	-1	-1	-1
1	1	-7.39472	-1.70216	-1	-1	-1
1	1	-7.24472	-1.70216	-1	-1	-1
1	1	-7.09472	-1.70216	-1	-1	-1
1	1	-6.94472	-1.70216	-1	-1	-1
1	1	-6.79472	-1.70216	-1	-1	-1
1	1	-6.64472	-1.70216	-1	-1	-1
1	1	-6.49472	-1.70216	-1	-1	-1
1	1	-6.34472	-1.70216	-1	-1	-1
1	1	-6.19472	-1.70216	4633	4680.44	-1
1	1	-6.04472	-1.70216	4535	4581.44	-1
1	1	-5.89472	-1.70216	4106	4157.97	-1
1	1	-8.14472	-1.55216	-1	-1	-1
1	1	-7.99472	-1.55216	-1	-1	-1
1	1	-7.84472	-1.55216	-1	-1	-1
1	1	-7.69472	-1.55216	-1	-1	-1
1	1	-7.54472	-1.55216	-1	-1	-1
1	1	-7.39472	-1.55216	-1	-1	-1
1	1	-7.24472	-1.55216	-1	-1	-1
1	1	-7.09472	-1.55216	-1	-1	-1
1	1	-6.94472	-1.55216	-1	-1	-1
1	1	-6.79472	-1.55216	-1	-1	-1
1	1	-6.64472	-1.55216	-1	-1	-1
1	1	-6.49472	-1.55216	-1	-1	-1
1	1	-6.34472	-1.55216	4517	4578.38	-1
1	1	-6.19472	-1.55216	4434	4483.19	-1
1	1	-6.04472	-1.55216	3997	4049.91	-1
1	1	-5.89472	-1.55216	4077	4132.84	-1
1	1	-8.14472	-1.40216	-1	-1	-1
1	1	-7.99472	-1.40216	-1	-1	-1
1	1	-7.84472	-1.40216	-1	-1	-1
1	1	-7.69472	-1.40216	-1	-1	-1
1	1	-7.54472	-1.40216	-1	-1	-1
1	1	-7.39472	-1.40216	-1	-1	-1
1	1	-7.24472	-1.40216	-1	-1	-1
1	1	-7.09472	-1.40216	-1	-1	-1
1	1	-6.94472	-1.40216	-1	-1	-1
1	1	-6.79472	-1.40216	-1	-1	-1
1	1	-6.64472	-1.40216	5289	5339.12	-1
1	1	-6.49472	-1.40216	4760	4809.25	-1
1	1	-6.34472	-1.40216	4404	4461.91	-1
1	1	-6.19472	-1.40216	4188	4242.78	-1
1	1	-6.04472	-1.40216	3955	4027.75	-1
1	1	-5.89472	-1.40216	3700	3813.31	-1
1	1	-8.14472	-1.25216	-1	-1	-1
1	1	-7.99472	-1.25216	-1	-1	-1
1	1	-7.84472	-1.25216	-1	-1	-1
1	1	-7.69472	-1.25216	-1	-1	-1
1	1	-7.54472	-1.25216	-1	-1	-1
1	1	-7.39472	-1.25216	-1	-1	-1
1	1	-7.24472	-1.25216	-1	-1	-1
1	1	-7.09472	-1.25216	-1	-1	-1
1	1	-6.94472	-1.25216	-1	-1	-1
1	1	-6.79472	-1.25216	-1	-1	-1
1	1	-6.64472	-1.25216	4965	5017.78	-1
1	1	-6.49472	-1.25216	4859	4913.38	-1
1	1	-6.34472	-1.25216	4730	4797.78	-1
1	1	-6.19472	-1.25216	4306	4355.94	-1
1	1	-6.04472	-1.25216	4114	4164.03	-1
1	1	-5.89472	-1.25216	3863	3908.31	-1
1	1	-8.14472	-1.10216	-1	-1	-1
1	1	-7.99472	-1.10216	-1	-1	-1
1	1	-7.84472	-1.10216	-1	-1	-1
1	1	-7.69472	-1.10216	-1	-1	-1
1	1	-7.54472	-1.10216	-1	-1	-1
1	1	-7.39472	-1.10216	-1	-1	-1
1	1	-7.24472	-1.10216	-1	-1	-1
1	1	-7.09472	-1.10216	-1	-1	-1
1	1	-6.94472	-1.10216	-1	-1	-1
1	1	-6.79472	-1.10216	-1	-1	-1
1	1	-6.64472	-1.10216	5189	5238.19	-1
1	1	-6.49472	-1.10216	5088	5136.5	-1
1	1	-6.34472	-1.10216	-1	-1	-1
1	1	-6.19472	-1.10216	4630	4680.19	-1
1	1	-6.04472	-1.10216	4223	4281.16	-1
1	1	-5.89472	-1.10216	3422	3532.06	-1
1	1	-8.14472	-0.952162	-1	-1	-1
1	1	-7.99472	-0.952162	-1	-1	-1
1	1	-7.84472	-0.952162	-1	-1	-1
1	1	-7.69472	-0.952162	-1	-1	-1
1	1	-7.54472	-0.952162	-1	-1	-1
1	1	-7.39472	-0.952162	-1	-1	-1
1	1	-7.24472	-0.952162	-1	-1	-1
1	1	-7.09472	-0.952162	-1	-1	-1
1	1	-6.94472	-0.952162	-1	-1	-1
1	1	-6.79472	-0.952162	-1	-1	-1
1	1	-6.64472	-0.952162	-1	-1	-1
1	1	-6.49472	-0.952162	-1	-1	-1
1	1	-6.34472	-0.952162	-1	-1	-1
1	1	-6.19472	-0.952162	4882	4927.62	-1
1	1	-6.04472	-0.952162	4970	5033.25	-1
1	1	-5.89472	-0.952162	3318	3365.16	-1
1	1	-8.14472	-0.802162	-1	-1	-1
1	1	-7.99472	-0.802162	-1	-1	-1
1	1	-7.84472	-0.802162	-1	-1	-1
1	1	-7.69472	-0.802162	-1	-1	-1
1	1	-7.54472	-0.802162	-1	-1	-1
1	1	-7.39472	-0.802162	-1	-1	-1
1	1	-7.24472	-0.802162	-1	-1	-1
1	1	-7.09472	-0.802162	-1	-1	-1
1	1	-6.94472	-0.802162	-1	-1	-1
1	1	-6.79472	-0.802162	-1	-1	-1
1	1	-6.64472	-0.802162	-1	-1	-1
1	1	-6.49472	-0.802162	-1	-1	-1
1	1	-6.34472	-0.802162	-1	-1	-1
1	1	-6.19472	-0.802162	-1	-1	-1
1	1	-6.04472	-0.802162	-1	-1	-1
1	1	-5.89472	-0.802162	3073	3184.53	-1
1	1	-8.14472	-0.652162	-1	-1	-1
1	1	-7.99472	-0.652162	-1	-1	-1
1	1	-7.84472	-0.652162	-1	-1	-1
1	1	-7.69472	-0.652162	-1	-1	-1
1	1	-7.54472	-0.652162	-1	-1	-1
1	1	-7.39472	-0.652162	-1	-1	-1
1	1	-7.24472	-0.652162	-1	-1	-1
1	1	-7.09472	-0.652162	-1	-1	-1
1	1	-6.94472	-0.652162	-1	-1	-1
1	1	-6.79472	-0.652162	-1	-1	-1
1	1	-6.64472	-0.652162	-1	-1	-1
1	1	-6.49472	-0.652162	-1	-1	-1
1	1	-6.34472	-0.652162	-1	-1	-1
1	1	-6.19472	-0.652162	-1	-1	-1
1	1	-6.04472	-0.652162	-1	-1	-1
1	1	-5.89472	-0.652162	3227	3270.97	-1
1	1	-8.14472	-0.502162	-1	-1	-1
1	1	-7.99472	-0.502162	-1	-1	-1
1	1	-7.84472	-0.502162	-1	-1	-1
1	1	-7.69472	-0.502162	-1	-1	-1
1	1	-7.54472	-0.502162	-1	-1	-1
1	1	-7.39472	-0.502162	-1	-1	-1
1	1	-7.24472	-0.502162	-1	-1	-1
1	1	-7.09472	-0.502162	-1	-1	-1
1	1	-6.94472	-0.502162	-1	-1	-1
1	1	-6.79472	-0.502162	-1	-1	-1
1	1	-6.64472	-0.502162	-1	-1	-1
1	1	-6.49472	-0.502162	-1	-1	-1
1	1	-6.34472	-0.502162	-1	-1	-1
1	1	-6.19472	-0.502162	-1	-1	-1
1	1	-6.04472	-0.502162	-1	-1	-1
1	1	-5.89472	-0.502162	-1	-1	-1
1	1	-8.14472	-0.352162	-1	-1	-1
1	1	-7.99472	-0.352162	-1	-1	-1
1	1	-7.84472	-0.352162	-1	-1	-1
1	1	-7.69472	-0.352162	-1	-1	-1
1	1	-7.54472	-0.352162	-1	-1	-1
1	1	-7.39472	-0.352162	-1	-1	-1
1	1	-7.24472	-0.352162	-1	-1	-1
1	1	-7.09472	-0.352162	-1	-1	-1
1	1	-6.94472	-0.352162	-1	-1	-1
1	1	-6.79472	-0.352162	-1	-1	-1
1	1	-6.64472	-0.352162	-1	-1	-1
1	1	-6.49472	-0.352162	-1	-1	-1
1	1	-6.34472	-0.352162	-1	-1	-1
1	1	-6.19472	-0.352162	-1	-1	-1
1	1	-6.04472	-0.352162	-1	-1	-1
1	1	-5.89472	-0.352162	-1	-1	-1
1	1	-8.14472	-0.202162	-1	-1	-1
1	1	-7.99472	-0.202162	-1	-1	-1
1	1	-7.84472	-0.202162	-1	-1	-1
1	1	-7.69472	-0.202162	-1	-1	-1
1	1	-7.54472	-0.202162	-1	-1	-1
1	1	-7.39472	-0.202162	-1	-1	-1
1	1	-7.24472	-0.202162	-1	-1	-1
1	1	-7.09472	-0.202162	-1	-1	-1
1	1	-6.94472	-0.202162	-1	-1	-1
1	1	-6.79472	-0.202162	-1	-1	-1
1	1	-6.64472	-0.202162	-1	-1	-1
1	1	-6.49472	-0.202162	-1	-1	-1
1	1	-6.34472	-0.202162	-1	-1	-1
1	1	-6.19472	-0.202162	-1	-1	-1
1	1	-6.04472	-0.202162	-1	-1	-1
1	1	-5.89472	-0.202162	1323	1426.66	-1
1	1	-8.14472	-0.0521616	-1	-1	-1
1	1	-7.99472	-0.0521616	-1	-1	-1
1	1	-7.84472	-0.0521616	-1	-1	-1
1	1	-7.69472	-0.0521616	-1	-1	-1
1	1	-7.54472	-0.0521616	-1	-1	-1
1	1	-7.39472	-0.0521616	-1	-1	-1
1	1	-7.24472	-0.0521616	-1	-1	-1
1	1	-7.09472	-0.0521616	-1	-1	-1
1	1	-6.94472	-0.0521616	-1	-1	-1
1	1	-6.79472	-0.0521616	-1	-1	-1
1	1	-6.64472	-0.0521616	-1	-1	-1
1	1	-6.49472	-0.0521616	-1	-1	-1
1	1	-6.34472	-0.0521616	-1	-1	-1
1	1	-6.19472	-0.0521616	-1	-1	-1
1	1	-6.04472	-0.0521616	-1	-1	-1
1	1	-5.89472	-0.0521616	95	145.625	-1
1	1	-8.14472	0.0978384	-1	-1	-1
1	1	-7.99472	0.0978384	-1	-1	-1
1	1	-7.84472	0.0978384	-1	-1	-1
1	1	-7.69472	0.0978384	-1	-1	-1
1	1	-7.54472	0.0978384	-1	-1	-1
1	1	-7.39472	0.0978384	-1	-1	-1
1	1	-7.24472	0.0978384	-1	-1	-1
1	1	-7.09472	0.0978384	-1	-1	-1
1	1	-6.94472	0.0978384	-1	-1	-1
1	1	-6.79472	0.0978384	-1	-1	-1
1	1	-6.64472	0.0978384	-1	-1	-1
1	1	-6.49472	0.0978384	-1	-1	-1
1	1	-6.34472	0.0978384	-1	-1	-1
1	1	-6.19472	0.0978384	-1	-1	-1
1	1	-6.04472	0.0978384	4317	4365.91	-1
1	1	-5.89472	0.0978384	4220	4267.56	-1
2	4	3.95482	5.70414	700	827.875	-1
2	4	4.10482	5.70414	-1	-1	-1
2	4	4.25482	5.70414	-1	-1	-1
2	4	4.40482	5.70414	4357	4417.56	-1
2	4	4.55482	5.70414	4167	4303.44	-1
2	4	4.70482	5.70414	4387	4450.38	-1
2	4	4.85482	5.70414	4704	4766.81	-1
2	4	5.00482	5.70414	-1	-1	-1
2	4	3.95482	5.85414	-1	-1	-1
2	4	4.10482	5.85414	-1	-1	-1
2	4	4.25482	5.85414	-1	-1	-1
2	4	4.40482	5.85414	-1	-1	-1
2	4	4.55482	5.85414	4542	4597.56	-1
2	4	4.70482	5.85414	4413	4474.12	-1
2	4	4.85482	5.85414	4653	4726.38	-1
2	4	5.00482	5.85414	-1	-1	-1
2	4	3.95482	6.00414	-1	-1	-1
2	4	4.10482	6.00414	-1	-1	-1
2	4	4.25482	6.00414	-1	-1	-1
2	4	4.40482	6.00414	5356	-1	-1
2	4	4.55482	6.00414	4789	4848.19	-1
2	4	4.70482	6.00414	4685	4753.12	-1
2	4	4.85482	6.00414	4822	4880.44	-1
2	4	5.00482	6.00414	-1	-1	-1
2	4	3.95482	6.15414	-1	-1	-1
2	4	4.10482	6.15414	-1	-1	-1
2	4	4.25482	6.15414	-1	-1	-1
2	4	4.40482	6.15414	-1	-1	-1
2	4	4.55482	6.15414	5194	5256.25	-1
2	4	4.70482	6.15414	4937	4998.28	-1
2	4	4.85482	6.15414	5061	5136.34	-1
2	4	5.00482	6.15414	-1	-1	-1
2	4	3.95482	6.30414	-1	-1	-1
2	4	4.10482	6.30414	-1	-1	-1
2	4	4.25482	6.30414	-1	-1	-1
2	4	4.40482	6.30414	-1	-1	-1
2	4	4.55482	6.30414	-1	-1	-1
2	4	4.70482	6.30414	5223	5290.03	-1
2	4	4.85482	6.30414	5321	5383.19	-1
2	4	5.00482	6.30414	5375	-1	-1
2	4	3.95482	6.45414	-1	-1	-1
2	4	4.10482	6.45414	-1	-1	-1
2	4	4.25482	6.45414	-1	-1	-1
2	4	4.40482	6.45414	-1	-1	-1
2	4	4.55482	6.45414	-1	-1	-1
2	4	4.70482	6.45414	-1	-1	-1
2	4	4.85482	6.45414	-1	-1	-1
2	4	5.00482	6.45414	-1	-1	-1
2	4	3.95482	6.60414	3905	3967.88	-1
2	4	4.10482	6.60414	-1	-1	-1
2	4	4.25482	6.60414	-1	-1	-1
2	4	4.40482	6.60414	-1	-1	-1
2	4	4.55482	6.60414	-1	-1	-1
2	4	4.70482	6.60414	-1	-1	-1
2	4	4.85482	6.60414	-1	-1	-1
2	4	5.00482	6.60414	-1	-1	-1
2	4	3.95482	6.75414	3735	3849.75	-1
2	4	4.10482	6.75414	-1	-1	-1
2	4	4.25482	6.75414	-1	-1	-1
2	4	4.40482	6.75414	-1	-1	-1
2	4	4.55482	6.75414	-1	-1	-1
2	4	4.70482	6.75414	-1	-1	-1
2	4	4.85482	6.75414	-1	-1	-1
2	4	5.00482	6.75414	-1	-1	-1
3	4	6.91852	2.57374	-1	-1	-1
3	4	7.06852	2.57374	3992	4062.25	-1
3	4	7.21852	2.57374	2646	2708.06	-1
3	4	7.36852	2.57374	2460	2558.34	-1
3	4	7.51852	2.57374	2626	2683.47	-1
3	4	7.66852	2.57374	2920	3003.75	-1
3	4	7.81852	2.57374	3479	3544.94	-1
3	4	7.96852	2.57374	3529	3596.47	-1
3	4	6.91852	2.72374	-1	-1	-1
3	4	7.06852	2.72374	3966	4032.09	-1
3	4	7.21852	2.72374	2746	2809.81	-1
3	4	7.36852	2.72374	2881	2981.69	-1
3	4	7.51852	2.72374	2765	2844.12	-1
3	4	7.66852	2.72374	3076	3174.88	-1
3	4	7.81852	2.72374	3261	3327.09	-1
3	4	7.96852	2.72374	3380	3459.12	-1
3	4	6.91852	2.87374	-1	-1	-1
3	4	7.06852	2.87374	3836	3901.44	-1
3	4	7.21852	2.87374	3356	3420.12	-1
3	4	7.36852	2.87374	2909	2978.72	-1
3	4	7.51852	2.87374	3047	3115.41	-1
3	4	7.66852	2.87374	3213	3282.97	-1
3	4	7.81852	2.87374	3241	3316.03	-1
3	4	7.96852	2.87374	3415	3482.41	-1
3	4	6.91852	3.02374	-1	-1	-1
3	4	7.06852	3.02374	-1	-1	-1
3	4	7.21852	3.02374	3411	3477.75	-1
3	4	7.36852	3.02374	3227	3293.56	-1
3	4	7.51852	3.02374	3070	3138.44	-1
3	4	7.66852	3.02374	3667	3746.81	-1
3	4	7.81852	3.02374	3666	3758.12	-1
3	4	7.96852	3.02374	3540	3619.94	-1
3	4	6.91852	3.17374	-1	-1	-1
3	4	7.06852	3.17374	-1	-1	-1
3	4	7.21852	3.17374	3623	3682.25	-1
3	4	7.36852	3.17374	3488	3551.03	-1
3	4	7.51852	3.17374	3614	3703.62	-1
3	4	7.66852	3.17374	3775	3869.31	-1
3	4	7.81852	3.17374	3697	3775.22	-1
3	4	7.96852	3.17374	-1	-1	-1
3	4	6.91852	3.32374	-1	-1	-1
3	4	7.06852	3.32374	-1	-1	-1
3	4	7.21852	3.32374	3813	3883.66	-1
3	4	7.36852	3.32374	3949	4012.56	-1
3	4	7.51852	3.32374	901	962.156	-1
3	4	7.66852	3.32374	930	1009.78	-1
3	4	7.81852	3.32374	1083	1156.69	-1
3	4	7.96852	3.32374	2517	2599.62	-1
3	4	6.91852	3.47374	-1	-1	-1
3	4	7.06852	3.47374	-1	-1	-1
3	4	7.21852	3.47374	-1	-1	-1
3	4	7.36852	3.47374	-1	-1	-1
3	4	7.51852	3.47374	599	664.562	-1
3	4	7.66852	3.47374	724	863.875	-1
3	4	7.81852	3.47374	943	1025.16	-1
3	4	7.96852	3.47374	1223	1284.38	-1
3	4	6.91852	3.62374	-1	-1	-1
3	4	7.06852	3.62374	-1	-1	-1
3	4	7.21852	3.62374	-1	-1	-1
3	4	7.36852	3.62374	-1	-1	-1
3	4	7.51852	3.62374	738	806.938	-1
3	4	7.66852	3.62374	340	402.656	-1
3	4	7.81852	3.62374	464	528.344	-1
3	4	7.96852	3.62374	593	667.969	-1
4	4	-0.366499	8.47793	-1	-1	-1
4	4	-0.216499	8.47793	-1	-1	-1
4	4	-0.0664994	8.47793	-1	-1	-1
4	4	0.0835006	8.47793	-1	-1	-1
4	4	0.233501	8.47793	-1	-1	-1
4	4	0.383501	8.47793	-1	-1	-1
4	4	0.533501	8.47793	-1	-1	-1
4	4	0.683501	8.47793	-1	-1	-1
4	4	-0.366499	8.62793	-1	-1	-1
4	4	-0.216499	8.62793	-1	-1	-1
4	4	-0.0664994	8.62793	-1	-1	-1
4	4	0.0835006	8.62793	-1	-1	-1
4	4	0.233501	8.62793	-1	-1	-1
4	4	0.383501	8.62793	-1	-1	-1
4	4	0.533501	8.62793	-1	-1	-1
4	4	0.683501	8.62793	-1	-1	-1
4	4	-0.366499	8.77793	-1	-1	-1
4	4	-0.216499	8.77793	-1	-1	-1
4	4	-0.0664994	8.77793	-1	-1	-1
4	4	0.0835006	8.77793	-1	-1	-1
4	4	0.233501	8.77793	-1	-1	-1
4	4	0.383501	8.77793	-1	-1	-1
4	4	0.533501	8.77793	-1	-1	-1
4	4	0.683501	8.77793	-1	-1	-1
4	4	-0.366499	8.92793	-1	-1	-1
4	4	-0.216499	8.92793	-1	-1	-1
4	4	-0.0664994	8.92793	-1	-1	-1
4	4	0.0835006	8.92793	-1	-1	-1
4	4	0.233501	8.92793	-1	-1	-1
4	4	0.383501	8.92793	-1	-1	-1
4	4	0.533501	8.92793	-1	-1	-1
4	4	0.683501	8.92793	-1	-1	-1
4	4	-0.366499	9.07793	-1	-1	-1
4	4	-0.216499	9.07793	-1	-1	-1
4	4	-0.0664994	9.07793	-1	-1	-1
4	4	0.0835006	9.07793	-1	-1	-1
4	4	0.233501	9.07793	-1	-1	-1
4	4	0.383501	9.07793	-1	-1	-1
4	4	0.533501	9.07793	-1	-1	-1
4	4	0.683501	9.07793	-1	-1	-1
4	4	-0.366499	9.22793	-1	-1	-1
4	4	-0.216499	9.22793	-1	-1	-1
4	4	-0.0664994	9.22793	-1	-1	-1
4	4	0.0835006	9.22793	-1	-1	-1
4	4	0.233501	9.22793	-1	-1	-1
4	4	0.383501	9.22793	-1	-1	-1
4	4	0.533501	9.22793	-1	-1	-1
4	4	0.683501	9.22793	-1	-1	-1
4	4	-0.366499	9.37793	-1	-1	-1
4	4	-0.216499	9.37793	-1	-1	-1
4	4	-0.0664994	9.37793	-1	-1	-1
4	4	0.0835006	9.37793	-1	-1	-1
4	4	0.233501	9.37793	-1	-1	-1
4	4	0.383501	9.37793	-1	-1	-1
4	4	0.533501	9.37793	-1	-1	-1
4	4	0.683501	9.37793	-1	-1	-1
4	4	-0.366499	9.52793	-1	-1	-1
4	4	-0.216499	9.52793	-1	-1	-1
4	4	-0.0664994	9.52793	-1	-1	-1
4	4	0.0835006	9.52793	-1	-1	-1
4	4	0.233501	9.52793	-1	-1	-1
4	4	0.383501	9.52793	-1	-1	-1
4	4	0.533501	9.52793	-1	-1	-1
4	4	0.683501	9.52793	-1	-1	-1
5	4	8.46837	1.79941	-1	-1	-1
5	4	8.61837	1.79941	-1	-1	-1
5	4	8.76837	1.79941	-1	-1	-1
5	4	8.91837	1.79941	929	998.75	-1
5	4	9.06837	1.79941	1073	1138.53	-1
5	4	9.21837	1.79941	1744	1829.81	-1
5	4	9.36837	1.79941	1580	1677.97	-1
5	4	9.51837	1.79941	1551	1633.88	-1
5	4	8.46837	1.94941	-1	-1	-1
5	4	8.61837	1.94941	-1	-1	-1
5	4	8.76837	1.94941	-1	-1	-1
5	4	8.91837	1.94941	-1	-1	-1
5	4	9.06837	1.94941	-1	-1	-1
5	4	9.21837	1.94941	1905	1979.06	-1
5	4	9.36837	1.94941	1743	1830.91	-1
5	4	9.51837	1.94941	1544	1621.41	-1
5	4	8.46837	2.09941	-1	-1	-1
5	4	8.61837	2.09941	-1	-1	-1
5	4	8.76837	2.09941	-1	-1	-1
5	4	8.91837	2.09941	-1	-1	-1
5	4	9.06837	2.09941	5381	-1	-1
5	4	9.21837	2.09941	-1	-1	-1
5	4	9.36837	2.09941	1744	1830.91	-1
5	4	9.51837	2.09941	1398	1471.94	-1
5	4	8.46837	2.24941	-1	-1	-1
5	4	8.61837	2.24941	-1	-1	-1
5	4	8.76837	2.24941	-1	-1	-1
5	4	8.91837	2.24941	-1	-1	-1
5	4	9.06837	2.24941	5255	5334.53	-1
5	4	9.21837	2.24941	5237	5305.44	-1
5	4	9.36837	2.24941	4899	4990.31	-1
5	4	9.51837	2.24941	4543	4614.53	-1
5	4	8.46837	2.39941	3939	4012.19	-1
5	4	8.61837	2.39941	4078	4154.75	-1
5	4	8.76837	2.39941	4232	4320.12	-1
5	4	8.91837	2.39941	4408	4489.12	-1
5	4	9.06837	2.39941	4737	4825.12	-1
5	4	9.21837	2.39941	5027	5146.38	-1
5	4	9.36837	2.39941	5386	-1	-1
5	4	9.51837	2.39941	1394	1468.19	-1
5	4	8.46837	2.54941	3796	3858.75	-1
5	4	8.61837	2.54941	4106	4170.44	-1
5	4	8.76837	2.54941	4381	4455.56	-1
5	4	8.91837	2.54941	4531	4610.03	-1
5	4	9.06837	2.54941	4579	4662.47	-1
5	4	9.21837	2.54941	4895	4962.47	-1
5	4	9.36837	2.54941	-1	-1	-1
5	4	9.51837	2.54941	1221	1292.75	-1
5	4	8.46837	2.69941	5065	5166	-1
5	4	8.61837	2.69941	-1	-1	-1
5	4	8.76837	2.69941	4717	4783.47	-1
5	4	8.91837	2.69941	4559	4637.47	-1
5	4	9.06837	2.69941	4865	4951.03	-1
5	4	9.21837	2.69941	5077	5182.44	-1
5	4	9.36837	2.69941	-1	-1	-1
5	4	9.51837	2.69941	4702	4801.03	-1
5	4	8.46837	2.84941	-1	-1	-1
5	4	8.61837	2.84941	-1	-1	-1
5	4	8.76837	2.84941	-1	-1	-1
5	4	8.91837	2.84941	-1	-1	-1
5	4	9.06837	2.84941	-1	-1	-1
5	4	9.21837	2.84941	2199	2275.66	-1
5	4	9.36837	2.84941	2357	2444.53	-1
5	4	9.51837	2.84941	2374	2444.41	-1
6	16	4.65713	-7.87656	-1	-1	-1
6	16	4.80713	-7.87656	-1	-1	-1
6	16	4.95713	-7.87656	-1	-1	-1
6	16	5.10713	-7.87656	4270	4342.38	-1
6	16	4.65713	-7.72656	-1	-1	-1
6	16	4.80713	-7.72656	-1	-1	-1
6	16	4.95713	-7.72656	-1	-1	-1
6	16	5.10713	-7.72656	-1	-1	-1
6	16	4.65713	-7.57656	-1	-1	-1
6	16	4.80713	-7.57656	-1	-1	-1
6	16	4.95713	-7.57656	-1	-1	-1
6	16	5.10713	-7.57656	-1	-1	-1
6	16	4.65713	-7.42656	-1	-1	-1
6	16	4.80713	-7.42656	-1	-1	-1
6	16	4.95713	-7.42656	5108	5173.62	-1
6	16	5.10713	-7.42656	4929	5031	-1
7	16	0.872463	6.57843	-1	-1	-1
7	16	1.02246	6.57843	-1	-1	-1
7	16	1.17246	6.57843	-1	-1	-1
7	16	1.32246	6.57843	924	991.906	-1
7	16	0.872463	6.72843	-1	-1	-1
7	16	1.02246	6.72843	-1	-1	-1
7	16	1.17246	6.72843	-1	-1	-1
7	16	1.32246	6.72843	4076	4129.81	-1
7	16	0.872463	6.87843	-1	-1	-1
7	16	1.02246	6.87843	-1	-1	-1
7	16	1.17246	6.87843	-1	-1	-1
7	16	1.32246	6.87843	-1	-1	-1
7	16	0.872463	7.02843	-1	-1	-1
7	16	1.02246	7.02843	-1	-1	-1
7	16	1.17246	7.02843	-1	-1	-1
7	16	1.32246	7.02843	-1	-1	-1
8	16	3.48615	-8.53968	-1	-1	-1
8	16	3.63615	-8.53968	-1	-1	-1
8	16	3.78615	-8.53968	-1	-1	-1
8	16	3.93615	-8.53968	-1	-1	-1
8	16	3.48615	-8.38968	-1	-1	-1
8	16	3.63615	-8.38968	-1	-1	-1
8	16	3.78615	-8.38968	-1	-1	-1
8	16	3.93615	-8.38968	-1	-1	-1
8	16	3.48615	-8.23968	-1	-1	-1
8	16	3.63615	-8.23968	-1	-1	-1
8	16	3.78615	-8.23968	-1	-1	-1
8	16	3.93615	-8.23968	-1	-1	-1
8	16	3.48615	-8.08968	-1	-1	-1
8	16	3.63615	-8.08968	-1	-1	-1
8	16	3.78615	-8.08968	-1	-1	-1
8	16	3.93615	-8.08968	-1	-1	-1
9	16	-7.39202	0.553963	-1	-1	-1
9	16	-7.24202	0.553963	-1	-1	-1
9	16	-7.09202	0.553963	-1	-1	-1
9	16	-6.94202	0.553963	-1	-1	-1
9	16	-7.39202	0.703963	-1	-1	-1
9	16	-7.24202	0.703963	-1	-1	-1
9	16	-7.09202	0.703963	-1	-1	-1
9	16	-6.94202	0.703963	-1	-1	-1
9	16	-7.39202	0.853963	-1	-1	-1
9	16	-7.24202	0.853963	-1	-1	-1
9	16	-7.09202	0.853963	-1	-1	-1
9	16	-6.94202	0.853963	-1	-1	-1
9	16	-7.39202	1.00396	-1	-1	-1
9	16	-7.24202	1.00396	-1	-1	-1
9	16	-7.09202	1.00396	-1	-1	-1
9	16	-6.94202	1.00396	-1	-1	-1
10	16	-2.92036	-5.46704	679	729.75	-1
10	16	-2.77036	-5.46704	-1	-1	-1
10	16	-2.62036	-5.46704	-1	-1	-1
10	16	-2.47036	-5.46704	2233	2286.22	-1
10	16	-2.92036	-5.31704	633	694.219	-1
10	16	-2.77036	-5.31704	558	624.688	-1
10	16	-2.62036	-5.31704	-1	-1	-1
10	16	-2.47036	-5.31704	-1	-1	-1
10	16	-2.92036	-5.16704	499	581.312	-1
10	16	-2.77036	-5.16704	302	357.375	-1
10	16	-2.62036	-5.16704	407	451	-1
10	16	-2.47036	-5.16704	2208	2253.44	-1
10	16	-2.92036	-5.01704	96	144.281	-1
10	16	-2.77036	-5.01704	188	250	-1
10	16	-2.62036	-5.01704	421	467.125	-1
10	16	-2.47036	-5.01704	566	612.781	-1
11	16	-8.52784	4.7804	-1	-1	-1
11	16	-8.37784	4.7804	-1	-1	-1
11	16	-8.22784	4.7804	-1	-1	-1
11	16	-8.07784	4.7804	-1	-1	-1
11	16	-8.52784	4.9304	-1	-1	-1
11	16	-8.37784	4.9304	-1	-1	-1
11	16	-8.22784	4.9304	-1	-1	-1
11	16	-8.07784	4.9304	-1	-1	-1
11	16	-8.52784	5.0804	-1	-1	-1
11	16	-8.37784	5.0804	-1	-1	-1
11	16	-8.22784	5.0804	-1	-1	-1
11	16	-8.07784	5.0804	-1	-1	-1
11	16	-8.52784	5.2304	-1	-1	-1
11	16	-8.37784	5.2304	-1	-1	-1
11	16	-8.22784	5.2304	-1	-1	-1
11	16	-8.07784	5.2304	-1	-1	-1
12	16	-9.14616	-2.24727	-1	-1	-1
12	16	-8.99616	-2.24727	-1	-1	-1
12	16	-8.84616	-2.24727	-1	-1	-1
12	16	-8.69616	-2.24727	-1	-1	-1
12	16	-9.14616	-2.09727	-1	-1	-1
12	16	-8.99616	-2.09727	-1	-1	-1
12	16	-8.84616	-2.09727	-1	-1	-1
12	16	-8.69616	-2.09727	-1	-1	-1
12	16	-9.14616	-1.94727	-1	-1	-1
12	16	-8.99616	-1.94727	-1	-1	-1
12	16	-8.84616	-1.94727	-1	-1	-1
12	16	-8.69616	-1.94727	-1	-1	-1
12	16	-9.14616	-1.79727	-1	-1	-1
12	16	-8.99616	-1.79727	-1	-1	-1
12	16	-8.84616	-1.79727	-1	-1	-1
12	16	-8.69616	-1.79727	-1	-1	-1
13	16	8.85347	-3.29732	2106	2188.94	-1
13	16	9.00347	-3.29732	-1	-1	-1
13	16	9.15347	-3.29732	-1	-1	-1
13	16	9.30347	-3.29732	-1	-1	-1
13	16	8.85347	-3.14732	1948	2018.97	-1
13	16	9.00347	-3.14732	2088	2174.66	-1
13	16	9.15347	-3.14732	-1	-1	-1
13	16	9.30347	-3.14732	-1	-1	-1
13	16	8.85347	-2.99732	1793	1868.25	-1
13	16	9.00347	-2.99732	1952	2024.06	-1
13	16	9.15347	-2.99732	-1	-1	-1
13	16	9.30347	-2.99732	-1	-1	-1
13	16	8.85347	-2.84732	718	788.594	-1
13	16	9.00347	-2.84732	540	622.75	-1
13	16	9.15347	-2.84732	1800	1884.59	-1
13	16	9.30347	-2.84732	1870	1946.41	-1
14	16	9.11296	-9.18216	-1	-1	-1
14	16	9.26296	-9.18216	-1	-1	-1
14	16	9.41296	-9.18216	-1	-1	-1
14	16	9.56296	-9.18216	-1	-1	-1
14	16	9.11296	-9.03216	-1	-1	-1
14	16	9.26296	-9.03216	-1	-1	-1
14	16	9.41296	-9.03216	-1	-1	-1
14	16	9.56296	-9.03216	-1	-1	-1
14	16	9.11296	-8.88216	1796	1891.94	-1
14	16	9.26296	-8.88216	-1	-1	-1
14	16	9.41296	-8.88216	-1	-1	-1
14	16	9.56296	-8.88216	-1	-1	-1
14	16	9.11296	-8.73216	-1	-1	-1
14	16	9.26296	-8.73216	-1	-1	-1
14	16	9.41296	-8.73216	4034	4123.22	-1
14	16	9.56296	-8.73216	-1	-1	-1
15	16	-0.261953	-7.10522	-1	-1	-1
15	16	-0.111953	-7.10522	-1	-1	-1
15	16	0.0380466	-7.10522	-1	-1	-1
15	16	0.188047	-7.10522	-1	-1	-1
15	16	-0.261953	-6.95522	-1	-1	-1
15	16	-0.111953	-6.95522	-1	-1	-1
15	16	0.0380466	-6.95522	-1	-1	-1
15	16	0.188047	-6.95522	-1	-1	-1
15	16	-0.261953	-6.80522	-1	-1	-1
15	16	-0.111953	-6.80522	-1	-1	-1
15	16	0.0380466	-6.80522	-1	-1	-1
15	16	0.188047	-6.80522	-1	-1	-1
15	16	-0.261953	-6.65522	-1	-1	-1
15	16	-0.111953	-6.65522	-1	-1	-1
15	16	0.0380466	-6.65522	-1	-1	-1
15	16	0.188047	-6.65522	-1	-1	-1
16	16	-5.73781	-4.21941	3171	3223.66	-1
16	16	-5.58781	-4.21941	-1	-1	-1
16	16	-5.43781	-4.21941	-1	-1	-1
16	16	-5.28781	-4.21941	-1	-1	-1
16	16	-5.73781	-4.06941	3073	3122.75	-1
16	16	-5.58781	-4.06941	3191	3247.03	-1
16	16	-5.43781	-4.06941	3411	3474.38	-1
16	16	-5.28781	-4.06941	-1	-1	-1
16	16	-5.73781	-3.91941	3280	3339.88	-1
16	16	-5.58781	-3.91941	3302	3355.28	-1
16	16	-5.43781	-3.91941	3523	3581.19	-1
16	16	-5.28781	-3.91941	-1	-1	-1
16	16	-5.73781	-3.76941	3547	3602	-1
16	16	-5.58781	-3.76941	-1	-1	-1
16	16	-5.43781	-3.76941	-1	-1	-1
16	16	-5.28781	-3.76941	-1	-1	-1
17	16	1.82245	7.65746	-1	-1	-1
17	16	1.97245	7.65746	-1	-1	-1
17	16	2.12245	7.65746	-1	-1	-1
17	16	2.27245	7.65746	-1	-1	-1
17	16	1.82245	7.80746	-1	-1	-1
17	16	1.97245	7.80746	-1	-1	-1
17	16	2.12245	7.80746	-1	-1	-1
17	16	2.27245	7.80746	-1	-1	-1
17	16	1.82245	7.95746	-1	-1	-1
17	16	1.97245	7.95746	-1	-1	-1
17	16	2.12245	7.95746	-1	-1	-1
17	16	2.27245	7.95746	-1	-1	-1
17	16	1.82245	8.10746	-1	-1	-1
17	16	1.97245	8.10746	-1	-1	-1
17	16	2.12245	8.10746	-1	-1	-1
17	16	2.27245	8.10746	-1	-1	-1
18	16	6.62044	-2.53008	450	557.188	-1
18	16	6.77044	-2.53008	881	932.906	-1
18	16	6.92044	-2.53008	1262	1330.69	-1
18	16	7.07044	-2.53008	1111	1211.16	-1
18	16	6.62044	-2.38008	609	687.406	-1
18	16	6.77044	-2.38008	761	831.969	-1
18	16	6.92044	-2.38008	1707	1809.19	-1
18	16	7.07044	-2.38008	-1	-1	-1
18	16	6.62044	-2.23008	631	684.438	-1
18	16	6.77044	-2.23008	1869	1926.38	-1
18	16	6.92044	-2.23008	-1	-1	-1
18	16	7.07044	-2.23008	-1	-1	-1
18	16	6.62044	-2.08008	2845	2956.44	-1
18	16	6.77044	-2.08008	2926	2985.66	-1
18	16	6.92044	-2.08008	2813	2867.84	-1
18	16	7.07044	-2.08008	1966	2035.84	-1
19	16	7.01247	5.79798	1709	1818.75	-1
19	16	7.16247	5.79798	2029	2099.78	-1
19	16	7.31247	5.79798	902	970.156	-1
19	16	7.46247	5.79798	1039	1108.22	-1
19	16	7.01247	5.94798	1885	1953.22	-1
19	16	7.16247	5.94798	2052	2126	-1
19	16	7.31247	5.94798	2182	2265.84	-1
19	16	7.46247	5.94798	-1	-1	-1
19	16	7.01247	6.09798	2703	2770.19	-1
19	16	7.16247	6.09798	2350	2417.28	-1
19	16	7.31247	6.09798	-1	-1	-1
19	16	7.46247	6.09798	-1	-1	-1
19	16	7.01247	6.24798	-1	-1	-1
19	16	7.16247	6.24798	-1	-1	-1
19	16	7.31247	6.24798	-1	-1	-1
19	16	7.46247	6.24798	-1	-1	-1
20	16	-2.90499	-6.17655	-1	-1	-1
20	16	-2.75499	-6.17655	-1	-1	-1
20	16	-2.60499	-6.17655	-1	-1	-1
20	16	-2.45499	-6.17655	-1	-1	-1
20	16	-2.90499	-6.02655	-1	-1	-1
20	16	-2.75499	-6.02655	-1	-1	-1
20	16	-2.60499	-6.02655	-1	-1	-1
20	16	-2.45499	-6.02655	-1	-1	-1
20	16	-2.90499	-5.87655	-1	-1	-1
20	16	-2.75499	-5.87655	-1	-1	-1
20	16	-2.60499	-5.87655	-1	-1	-1
20	16	-2.45499	-5.87655	-1	-1	-1
20	16	-2.90499	-5.72655	-1	-1	-1
20	16	-2.75499	-5.72655	-1	-1	-1
20	16	-2.60499	-5.72655	2339	2410.19	-1
20	16	-2.45499	-5.72655	2076	2181.91	-1
21	16	8.03741	-2.63994	-1	-1	-1
21	16	8.18741	-2.63994	-1	-1	-1
21	16	8.33741	-2.63994	-1	-1	-1
21	16	8.48741	-2.63994	-1	-1	-1
21	16	8.03741	-2.48994	-1	-1	-1
21	16	8.18741	-2.48994	-1	-1	-1
21	16	8.33741	-2.48994	-1	-1	-1
21	16	8.48741	-2.48994	-1	-1	-1
21	16	8.03741	-2.33994	-1	-1	-1
21	16	8.18741	-2.33994	-1	-1	-1
21	16	8.33741	-2.33994	-1	-1	-1
21	16	8.48741	-2.33994	-1	-1	-1
21	16	8.03741	-2.18994	2089	2150.5	-1
21	16	8.18741	-2.18994	3843	3917.69	-1
21	16	8.33741	-2.18994	-1	-1	-1
21	16	8.48741	-2.18994	-1	-1	-1
0	256	1.3925	3.0305	1438	1468.22	-1
0	256	2.46661	6.91457	-1	-1	-1
0	256	-2.94814	7.50842	-1	-1	-1
0	256	-3.5706	-2.96083	-1	-1	-1
0	256	-6.61324	5.39667	-1	-1	-1
0	256	7.36725	-2.69387	2047	2111	-1
0	256	8.11409	2.63039	3720	3788.84	-1
0	256	3.18715	-6.8003	3155	3276.62	-1
0	256	9.3046	-1.6797	906	974.188	-1
0	256	-1.13673	-0.94221	-1	-1	-1
0	256	0.0405578	-7.36594	-1	-1	-1
0	256	-5.58813	-5.45782	-1	-1	-1
0	256	4.17183	8.73363	4049	4117.59	-1
0	256	-0.457512	-3.76036	394	426.031	-1
0	256	5.2949	5.56588	-1	-1	-1
0	256	6.13524	-1.48861	-1	-1	-1
0	256	1.88277	-8.29937	-1	-1	-1
0	256	-3.38467	3.6859	-1	-1	-1
0	256	-5.76041	-7.53358	183	262.312	-1
0	256	9.53501	-1.62486	1708	1779.16	-1
0	256	-3.82535	2.02196	1140	1269.56	-1
0	256	4.62197	-6.36227	-1	-1	-1
0	256	6.05035	3.21386	-1	-1	-1
0	256	6.77123	5.84253	2022	2092.75	-1
0	256	7.30901	-8.05144	-1	-1	-1
0	256	-2.64008	3.20245	1609	1771.62	-1
0	256	2.93714	-4.86946	-1	-1	-1
0	256	-5.53596	-0.483864	-1	-1	-1
0	256	7.03127	5.05314	1068	1132.16	-1
0	256	-1.72117	4.82192	4283	4332.22	-1
0	256	-0.434631	-5.27501	809	854.219	-1
0	256	-5.19341	1.31693	-1	-1	-1
0	256	5.98174	-3.7672	-1	-1	-1
0	256	1.59043	-6.21538	4813	4860.69	-1
0	256	5.30289	4.12843	1366	1497.72	-1
0	256	8.09297	-1.13624	-1	-1	-1
0	256	-9.81043	1.11031	-1	-1	-1
0	256	-6.05406	8.19342	-1	-1	-1
0	256	-6.84515	-3.79056	3508	3564.09	-1
0	256	-3.10005	5.95071	-1	-1	-1
0	256	-3.40611	-2.51729	1477	1510.97	-1
0	256	-3.45029	-3.03343	-1	-1	-1
0	256	-0.984494	-4.57142	2189	2228.16	-1
0	256	-4.22987	-4.73353	-1	-1	-1
0	256	4.83199	0.870991	1530	1643.03	-1
0	256	8.37406	3.23632	-1	-1	-1
0	256	6.81748	1.0495	-1	-1	-1
0	256	-3.42641	2.00937	-1	-1	-1
0	256	-6.98698	6.0153	-1	-1	-1
0	256	-5.58285	-1.65135	-1	-1	-1
0	256	-9.71961	0.913676	496	572.312	-1
0	256	1.77305	-5.03093	-1	-1	-1
0	256	-8.42715	-2.16934	1582	1645.19	-1
0	256	-6.55766	1.16618	-1	-1	-1
0	256	-2.92529	8.65018	-1	-1	-1
0	256	-5.9152	-5.58397	-1	-1	-1
0	256	-2.88807	-3.30728	2339	2497.38	-1
0	256	-6.0828	2.57964	931	1030.28	-1
0	256	0.467267	-5.40758	2300	2341.53	-1
0	256	1.7211	7.87464	-1	-1	-1
0	256	-5.05579	2.35578	88	134.031	-1
0	256	-3.06064	-8.01851	2792	2886.16	-1
0	256	4.25205	-4.95621	-1	-1	-1
0	256	1.04792	-8.41574	-1	-1	-1
0	256	0.120954	-4.71361	-1	-1	-1
0	256	5.30221	2.42436	-1	-1	-1
0	256	-2.91004	-2.93824	3617	3779.81	-1
0	256	4.72724	4.59279	3017	3154.91	-1
0	256	5.49182	-0.301347	2806	2853.91	-1
0	256	7.08981	-6.73988	4251	4376.5	-1
0	256	7.09207	0.701874	3854	3907.25	-1
0	256	1.88254	3.22473	3002	3130.47	-1
0	256	6.29652	-3.28561	-1	-1	-1
0	256	-8.32568	-1.46538	-1	-1	-1
0	256	-3.0148	-3.66813	1378	1425.5	-1
0	256	3.83228	-2.85012	5217	5360.53	-1
0	256	0.557475	4.67591	-1	-1	-1
0	256	3.20037	-4.09855	1159	1321.44	-1
0	256	-2.12306	6.30406	-1	-1	-1
0	256	1.79955	-5.93707	-1	-1	-1
0	256	9.31339	-0.402806	1791	1858.19	-1
0	256	4.70485	-4.29085	1545	1678.75	-1
0	256	3.39303	0.26522	220	337.531	-1
0	256	4.98437	-1.47717	767	818.969	-1
0	256	-7.82613	-5.08402	379	476.188	-1
0	256	0.776555	8.81563	-1	-1	-1
0	256	-7.31512	4.47828	355	419.969	-1
0	256	-1.29239	-4.08099	2112	2148.91	-1
0	256	0.385343	-4.36765	688	722.594	-1
0	256	-6.24532	-2.2516	-1	-1	-1
0	256	3.39209	-1.38742	770	888.219	-1
0	256	-5.06183	-6.10025	1307	1443.59	-1
0	256	6.10658	-1.89498	-1	-1	-1
0	256	2.93566	2.18991	2665	2695.28	-1
0	256	-1.23168	-5.40872	3215	3259.59	-1
0	256	-0.526472	8.77067	-1	-1	-1
0	256	6.18915	8.26631	-1	-1	-1
0	256	4.27508	-4.47187	-1	-1	-1
0	256	0.231431	-3.46589	512	643.844	-1
0	256	7.11013	4.81639	2501	2571.12	-1
0	256	7.17607	-2.23233	1419	1475.69	-1
0	256	0.128967	-3.32908	1534	1658.34	-1
0	256	4.49249	2.62439	5128	5191.75	-1
0	256	-4.55772	2.15823	-1	-1	-1
0	256	-1.43713	6.47317	2931	3031.75	-1
0	256	-2.11344	-8.21087	3599	3698.47	-1
0	256	-3.96409	-4.06774	-1	-1	-1
0	256	3.56022	3.2261	5299	5345.53	-1
0	256	5.65367	3.68761	2599	2716.59	-1
0	256	-9.42272	1.71834	-1	-1	-1
0	256	6.68897	5.21979	-1	-1	-1
0	256	-0.928957	-7.674	3257	3315.56	-1
0	256	-8.68966	-0.858549	3522	3589.06	-1
0	256	6.22788	-5.93685	1917	2069.59	-1
0	256	-6.79454	-6.66554	386	518.938	-1
0	256	5.34478	-5.87874	-1	-1	-1
0	256	4.45941	-5.54001	-1	-1	-1
0	256	-9.02419	4.1885	-1	-1	-1
0	256	3.49146	1.85503	5133	5204.34	-1
0	256	4.04063	7.82624	2570	2635.19	-1
0	256	8.94594	-3.55938	-1	-1	-1
0	256	-1.22564	7.62324	-1	-1	-1
0	256	-6.45417	2.03993	-1	-1	-1
0	256	-4.75954	7.09232	-1	-1	-1
0	256	-3.59897	5.51725	-1	-1	-1
0	256	-3.90288	-6.81065	-1	-1	-1
0	256	3.2799	-0.841055	2680	2810.31	-1
0	256	-4.11262	4.58404	4395	4446.84	-1
0	256	-4.27764	-6.03372	3407	3468.94	-1
0	256	4.17072	2.15368	-1	-1	-1
0	256	-8.54254	-0.855205	-1	-1	-1
0	256	4.25282	7.99748	2388	2492.59	-1
0	256	-7.6487	-3.57924	2489	2549.53	-1
0	256	-6.94949	6.19861	-1	-1	-1
0	256	-2.68952	-2.05935	607	636.062	-1
0	256	-0.689837	-4.53232	1269	1389.62	-1
0	256	3.64016	3.71944	2235	2298.78	-1
0	256	-5.0111	4.24861	-1	-1	-1
0	256	2.22852	4.86715	-1	-1	-1
0	256	6.45744	-5.18608	2896	2962.44	-1
0	256	-0.603733	-7.12808	2479	2533.16	-1
0	256	3.6412	-0.760928	-1	-1	-1
0	256	9.40326	1.25899	1573	1671.72	-1
0	256	-7.79229	1.1128	-1	-1	-1
0	256	-2.97284	8.87337	1017	1089.78	-1
0	256	-3.20729	6.02785	-1	-1	-1
0	256	-5.86331	-6.06147	-1	-1	-1
0	256	7.92346	-0.537232	-1	-1	-1
0	256	2.90256	-7.60564	-1	-1	-1
0	256	-4.03841	-5.80205	-1	-1	-1
0	256	1.24031	7.94138	-1	-1	-1
0	256	6.35118	-4.44029	-1	-1	-1
0	256	1.37265	-3.10763	-1	-1	-1
0	256	3.57468	-6.14887	-1	-1	-1
0	256	5.26764	8.14617	-1	-1	-1
0	256	2.49595	-3.7548	-1	-1	-1
0	256	0.570444	-6.48551	-1	-1	-1
0	256	-5.31739	4.22533	-1	-1	-1
0	256	7.71208	-6.17862	-1	-1	-1
0	256	1.24279	4.06686	4104	4226.94	-1
0	256	5.03061	-4.40579	-1	-1	-1
0	256	-3.59488	7.60017	-1	-1	-1
0	256	0.373951	6.98065	979	1075.56	-1
0	256	-9.62896	-3.67445	-1	-1	-1
0	256	1.97459	5.10348	-1	-1	-1
0	256	-0.767287	-5.71065	-1	-1	-1
0	256	1.65983	-5.76735	-1	-1	-1
0	256	-2.57444	4.45218	4484	4617.59	-1
0	256	-3.67498	-4.16768	-1	-1	-1
0	256	-4.98835	-0.587228	67	183.094	-1
0	256	-4.54898	-1.02638	144	179.938	-1
0	256	-4.30266	2.28379	-1	-1	-1
0	256	2.15244	6.617	-1	-1	-1
0	256	-2.67288	-8.19503	-1	-1	-1
0	256	5.70471	7.42781	-1	-1	-1
0	256	-8.44434	2.96377	-1	-1	-1
0	256	1.13855	8.89226	-1	-1	-1
0	256	7.69078	0.834969	3575	3631.41	-1
0	256	-0.67294	-3.446	703	735.094	-1
0	256	-5.85039	-5.06556	339	400.406	-1
0	256	-7.87166	3.98509	-1	-1	-1
0	256	-3.95758	3.04122	1605	1651.19	-1
0	256	6.57612	-5.07516	-1	-1	-1
0	256	-5.55847	3.42819	160	287.125	-1
0	256	-4.56884	5.87158	-1	-1	-1
0	256	-3.4494	1.47288	329	462.281	-1
0	256	8.14285	3.05252	3932	4001.5	-1
0	256	6.33173	5.5043	-1	-1	-1
0	256	2.02203	6.61126	4764	4870.53	-1
0	256	8.04646	-3.57369	-1	-1	-1
0	256	-5.49056	-1.26143	3338	3380.53	-1
0	256	5.63953	-0.733964	-1	-1	-1
0	256	0.785471	3.76191	3807	3933	-1
0	256	-0.105256	-9.38656	-1	-1	-1
0	256	1.02948	-9.65539	-1	-1	-1
0	256	-8.37591	-0.804073	-1	-1	-1
0	256	-9.66696	7.11799	5387	-1	-1
0	256	7.7733	-5.11115	2711	2820.38	-1
0	256	4.05692	-7.86337	672	743.625	-1
0	256	-7.25831	-5.60495	2308	2373.12	-1
0	256	-6.51023	0.420743	-1	-1	-1
0	256	2.14642	5.5343	4267	4383.62	-1
0	256	5.86394	-4.96731	2647	2778.97	-1
0	256	-3.16218	-5.26104	3660	3715.12	-1
0	256	9.57646	0.668374	1223	1293.09	-1
0	256	3.13757	2.3361	5268	5304.88	-1
0	256	1.7533	-4.81653	547	655.812	-1
0	256	0.240477	-8.75052	-1	-1	-1
0	256	3.62409	-7.5301	4581	4692.5	-1
0	256	-3.43446	8.97993	-1	-1	-1
0	256	4.88194	2.0845	4055	4177.19	-1
0	256	2.56565	-7.34542	-1	-1	-1
0	256	-5.32458	4.90038	-1	-1	-1
0	256	2.52349	5.71212	-1	-1	-1
0	256	-2.05883	-8.29996	3335	3400.5	-1
0	256	0.890557	-6.30494	-1	-1	-1
0	256	0.349297	7.29821	-1	-1	-1
0	256	-5.89824	5.20248	4877	5009.09	-1
0	256	3.47412	-3.33659	97	134.219	-1
0	256	4.5143	-3.34341	-1	-1	-1
0	256	6.40401	5.71414	1134	1261.66	-1
0	256	7.40143	4.68405	1047	1124.97	-1
0	256	6.33015	-0.0958694	176	277.906	-1
0	256	5.48997	5.7032	2181	2245.62	-1
0	256	8.70504	0.519199	-1	-1	-1
0	256	-0.020854	5.83195	-1	-1	-1
0	256	7.04505	-0.52991	4548	4603.88	-1
0	256	-6.83938	4.53052	-1	-1	-1
0	256	-3.12882	-9.02101	-1	-1	-1
0	256	-5.4056	6.57946	-1	-1	-1
0	256	2.69582	5.40131	-1	-1	-1
0	256	-3.39698	8.11688	3077	3178.44	-1
0	256	1.43833	7.89795	-1	-1	-1
0	256	5.56539	-6.6246	-1	-1	-1
0	256	2.21894	-5.86605	-1	-1	-1
0	256	-8.75556	-0.336682	-1	-1	-1
0	256	-5.0784	4.82966	-1	-1	-1
0	256	4.60608	7.38894	-1	-1	-1
0	256	3.66957	-1.31321	5249	5366.59	-1
0	256	5.12177	-0.23748	-1	-1	-1
0	256	6.46844	-2.82912	4908	5005.97	-1
0	256	-4.23151	-4.39122	-1	-1	-1
0	256	-6.59867	-3.46176	-1	-1	-1
0	256	8.98759	3.51505	-1	-1	-1
0	256	6.02299	-4.43228	4763	4821.53	-1
0	256	-9.75807	-0.489249	-1	-1	-1
0	256	1.1504	-8.9127	4421	4490.47	-1
0	256	-1.55776	6.94937	3603	3658.25	-1
0	256	-3.9187	-4.96454	-1	-1	-1
0	256	6.03897	-0.785456	1247	1306.66	-1
0	256	5.39141	0.420227	3224	3267.91	-1
0	256	-8.61622	3.48955	3013	3094.19	-1
0	256	-6.52329	-7.21624	-1	-1	-1
0	256	2.81906	1.31782	40	70.625	-1
0	256	-6.44508	-3.87335	2498	2553.62	-1
0	256	4.37215	8.09446	2562	2655.88	-1
