Pile ID	Distribution Type	X-Position	Y-Position	Pickup Time	Drop Off Time	Ant ID
1	1	-0.685148	-5.42585	-1	-1	-1
1	1	-0.535148	-5.42585	-1	-1	-1
1	1	-0.385148	-5.42585	-1	-1	-1
1	1	-0.235148	-5.42585	-1	-1	-1
1	1	-0.085148	-5.42585	4872	4914.62	-1
1	1	0.064852	-5.42585	4695	4797.5	-1
1	1	0.214852	-5.42585	4537	4626.81	-1
1	1	0.364852	-5.42585	4420	4486.97	-1
1	1	0.514852	-5.42585	4935	4980.31	-1
1	1	0.664852	-5.42585	4962	5005.84	-1
1	1	0.814852	-5.42585	5054	5109.56	-1
1	1	0.964852	-5.42585	-1	-1	-1
1	1	1.11485	-5.42585	4058	4109.34	-1
1	1	1.26485	-5.42585	4024	4075.5	-1
1	1	1.41485	-5.42585	4220	4288.34	-1
1	1	1.56485	-5.42585	-1	-1	-1
1	1	-0.685148	-5.27585	-1	-1	-1
1	1	-0.535148	-5.27585	4939	5000.25	-1
1	1	-0.385148	-5.27585	4787	4843.59	-1
1	1	-0.235148	-5.27585	4852	4911.09	-1
1	1	-0.085148	-5.27585	4516	4582.22	-1
1	1	0.064852	-5.27585	3942	4053.72	-1
1	1	0.214852	-5.27585	4210	4257.38	-1
1	1	0.364852	-5.27585	4327	4386.22	-1
1	1	0.514852	-5.27585	4216	4269.41	-1
1	1	0.664852	-5.27585	3537	3615.38	-1
1	1	0.814852	-5.27585	3565	3609.25	-1
1	1	0.964852	-5.27585	4161	4204.16	-1
1	1	1.11485	-5.27585	3765	3807.56	-1
1	1	1.26485	-5.27585	3955	4007.84	-1
1	1	1.41485	-5.27585	4129	4180.12	-1
1	1	1.56485	-5.27585	4445	4499.88	-1
1	1	-0.685148	-5.12585	-1	-1	-1
1	1	-0.535148	-5.12585	4949	4989.41	-1
1	1	-0.385148	-5.12585	4685	4731.5	-1
1	1	-0.235148	-5.12585	4571	4615.62	-1
1	1	-0.085148	-5.12585	4426	4472.38	-1
1	1	0.064852	-5.12585	4094	4143.31	-1
1	1	0.214852	-5.12585	4304	4353.81	-1
1	1	0.364852	-5.12585	3078	3136.19	-1
1	1	0.514852	-5.12585	3205	3244.81	-1
1	1	0.664852	-5.12585	3287	3330.22	-1
1	1	0.814852	-5.12585	3395	3480.25	-1
1	1	0.964852	-5.12585	3448	3498.16	-1
1	1	1.11485	-5.12585	3545	3588.22	-1
1	1	1.26485	-5.12585	3847	3904.53	-1
1	1	1.41485	-5.12585	3984	4028.19	-1
1	1	1.56485	-5.12585	4369	4415.94	-1
1	1	-0.685148	-4.97585	-1	-1	-1
1	1	-0.535148	-4.97585	5030	5070.81	-1
1	1	-0.385148	-4.97585	4823	4866.44	-1
1	1	-0.235148	-4.97585	4669	4709.47	-1
1	1	-0.085148	-4.97585	4535	4594.62	-1
1	1	0.064852	-4.97585	4639	4685.47	-1
1	1	0.214852	-4.97585	2990	3033.12	-1
1	1	0.364852	-4.97585	2881	2943.88	-1
1	1	0.514852	-4.97585	3093	3131.12	-1
1	1	0.664852	-4.97585	2981	3033.47	-1
1	1	0.814852	-4.97585	3275	3361.06	-1
1	1	0.964852	-4.97585	3417	3463.16	-1
1	1	1.11485	-4.97585	3628	3691.25	-1
1	1	1.26485	-4.97585	3869	3932.94	-1
1	1	1.41485	-4.97585	4250	4312.44	-1
1	1	1.56485	-4.97585	4478	4525.28	-1
1	1	-0.685148	-4.82585	-1	-1	-1
1	1	-0.535148	-4.82585	-1	-1	-1
1	1	-0.385148	-4.82585	-1	-1	-1
1	1	-0.235148	-4.82585	4179	4228.03	-1
1	1	-0.085148	-4.82585	4088	4129.47	-1
1	1	0.064852	-4.82585	3894	3953.38	-1
1	1	0.214852	-4.82585	3683	3721.97	-1
1	1	0.364852	-4.82585	2633	2700.5	-1
1	1	0.514852	-4.82585	2754	2812.25	-1
1	1	0.664852	-4.82585	2887	2930.31	-1
1	1	0.814852	-4.82585	3184	3224.97	-1
1	1	0.964852	-4.82585	3523	3568.19	-1
1	1	1.11485	-4.82585	3660	3699.25	-1
1	1	1.26485	-4.82585	3748	3795.66	-1
1	1	1.41485	-4.82585	4423	4472.72	-1
1	1	1.56485	-4.82585	-1	-1	-1
1	1	-0.685148	-4.67585	-1	-1	-1
1	1	-0.535148	-4.67585	-1	-1	-1
1	1	-0.385148	-4.67585	-1	-1	-1
1	1	-0.235148	-4.67585	2639	2703.34	-1
1	1	-0.085148	-4.67585	2559	2598.44	-1
1	1	0.064852	-4.67585	3990	4047.94	-1
1	1	0.214852	-4.67585	3758	3805.06	-1
1	1	0.364852	-4.67585	2598	2658.34	-1
1	1	0.514852	-4.67585	2568	2627.69	-1
1	1	0.664852	-4.67585	2778	2843.28	-1
1	1	0.814852	-4.67585	3220	3272.28	-1
1	1	0.964852	-4.67585	3321	3382.75	-1
1	1	1.11485	-4.67585	3860	3914.44	-1
1	1	1.26485	-4.67585	4394	4447.97	-1
1	1	1.41485	-4.67585	4778	4833.16	-1
1	1	1.56485	-4.67585	-1	-1	-1
1	1	-0.685148	-4.52585	-1	-1	-1
1	1	-0.535148	-4.52585	-1	-1	-1
1	1	-0.385148	-4.52585	-1	-1	-1
1	1	-0.235148	-4.52585	2433	2469.41	-1
1	1	-0.085148	-4.52585	2305	2368.97	-1
1	1	0.064852	-4.52585	2386	2426.75	-1
1	1	0.214852	-4.52585	2439	2494.72	-1
1	1	0.364852	-4.52585	2298	2374.09	-1
1	1	0.514852	-4.52585	2415	2476.09	-1
1	1	0.664852	-4.52585	2451	2520.38	-1
1	1	0.814852	-4.52585	2603	2690	-1
1	1	0.964852	-4.52585	4094	4135.19	-1
1	1	1.11485	-4.52585	3122	3187.34	-1
1	1	1.26485	-4.52585	3038	3083.66	-1
1	1	1.41485	-4.52585	2914	2956.94	-1
1	1	1.56485	-4.52585	-1	-1	-1
1	1	-0.685148	-4.37585	-1	-1	-1
1	1	-0.535148	-4.37585	2683	2738.56	-1
1	1	-0.385148	-4.37585	2130	2179.44	-1
1	1	-0.235148	-4.37585	2248	2319.84	-1
1	1	-0.085148	-4.37585	2251	2307.81	-1
1	1	0.064852	-4.37585	2137	2187.88	-1
1	1	0.214852	-4.37585	2168	2265.5	-1
1	1	0.364852	-4.37585	2207	2257.28	-1
1	1	0.514852	-4.37585	2195	2243.38	-1
1	1	0.664852	-4.37585	2478	2556.56	-1
1	1	0.814852	-4.37585	3119	3170.06	-1
1	1	0.964852	-4.37585	3352	3402.22	-1
1	1	1.11485	-4.37585	3226	3275.44	-1
1	1	1.26485	-4.37585	2681	2755.06	-1
1	1	1.41485	-4.37585	2770	2826.25	-1
1	1	1.56485	-4.37585	4313	4366.59	-1
1	1	-0.685148	-4.22585	2779	2819.19	-1
1	1	-0.535148	-4.22585	2495	2544.44	-1
1	1	-0.385148	-4.22585	2041	2084.03	-1
1	1	-0.235148	-4.22585	2032	2071.91	-1
1	1	-0.085148	-4.22585	1935	1997.16	-1
1	1	0.064852	-4.22585	2000	2097.5	-1
1	1	0.214852	-4.22585	1960	2043.88	-1
1	1	0.364852	-4.22585	1839	1907.56	-1
1	1	0.514852	-4.22585	2102	2152.06	-1
1	1	0.664852	-4.22585	2700	2769.72	-1
1	1	0.814852	-4.22585	2443	2506.69	-1
1	1	0.964852	-4.22585	2403	2472.78	-1
1	1	1.11485	-4.22585	2561	2615.81	-1
1	1	1.26485	-4.22585	2657	2723.19	-1
1	1	1.41485	-4.22585	2812	2871.66	-1
1	1	1.56485	-4.22585	2945	2991.06	-1
1	1	-0.685148	-4.07585	223	277.938	-1
1	1	-0.535148	-4.07585	1952	1989.28	-1
1	1	-0.385148	-4.07585	1932	1972.56	-1
1	1	-0.235148	-4.07585	1907	1945.31	-1
1	1	-0.085148	-4.07585	1785	1823.41	-1
1	1	0.064852	-4.07585	1683	1717.25	-1
1	1	0.214852	-4.07585	1579	1628.94	-1
1	1	0.364852	-4.07585	1762	1803.44	-1
1	1	0.514852	-4.07585	2126	2162.22	-1
1	1	0.664852	-4.07585	2350	2394.22	-1
1	1	0.814852	-4.07585	2091	2129.84	-1
1	1	0.964852	-4.07585	2183	2239.59	-1
1	1	1.11485	-4.07585	2472	2524.94	-1
1	1	1.26485	-4.07585	2656	2704	-1
1	1	1.41485	-4.07585	2730	2803.38	-1
1	1	1.56485	-4.07585	2857	2918.84	-1
1	1	-0.685148	-3.92585	138	170.312	-1
1	1	-0.535148	-3.92585	2007	2049.94	-1
1	1	-0.385148	-3.92585	1828	1862.03	-1
1	1	-0.235148	-3.92585	1380	1422.78	-1
1	1	-0.085148	-3.92585	1312	1353	-1
1	1	0.064852	-3.92585	1338	1375.28	-1
1	1	0.214852	-3.92585	1566	1611.59	-1
1	1	0.364852	-3.92585	1667	1714.72	-1
1	1	0.514852	-3.92585	1766	1800.41	-1
1	1	0.664852	-3.92585	1912	1959.22	-1
1	1	0.814852	-3.92585	2071	2120.25	-1
1	1	0.964852	-3.92585	2279	2349.88	-1
1	1	1.11485	-3.92585	2539	2595.78	-1
1	1	1.26485	-3.92585	2568	2612.53	-1
1	1	1.41485	-3.92585	2767	2857.81	-1
1	1	1.56485	-3.92585	2841	2903.16	-1
1	1	-0.685148	-3.77585	45	77.625	-1
1	1	-0.535148	-3.77585	189	226.969	-1
1	1	-0.385148	-3.77585	1207	1254.66	-1
1	1	-0.235148	-3.77585	1095	1134.19	-1
1	1	-0.085148	-3.77585	1040	1082.62	-1
1	1	0.064852	-3.77585	954	1001.78	-1
1	1	0.214852	-3.77585	890	926.562	-1
1	1	0.364852	-3.77585	1496	1531.91	-1
1	1	0.514852	-3.77585	1829	1866.22	-1
1	1	0.664852	-3.77585	1997	2031.28	-1
1	1	0.814852	-3.77585	2154	2208.84	-1
1	1	0.964852	-3.77585	2292	2342.47	-1
1	1	1.11485	-3.77585	2390	2442.91	-1
1	1	1.26485	-3.77585	2990	3037.31	-1
1	1	1.41485	-3.77585	2905	2952.56	-1
1	1	1.56485	-3.77585	58	102.25	-1
1	1	-0.685148	-3.62585	117	154.5	-1
1	1	-0.535148	-3.62585	-1	-1	-1
1	1	-0.385148	-3.62585	1295	1339.88	-1
1	1	-0.235148	-3.62585	1167	1218.81	-1
1	1	-0.085148	-3.62585	685	718.125	-1
1	1	0.064852	-3.62585	746	795.5	-1
1	1	0.214852	-3.62585	822	852.219	-1
1	1	0.364852	-3.62585	1002	1051.97	-1
1	1	0.514852	-3.62585	2099	2138.5	-1
1	1	0.664852	-3.62585	2171	2223.75	-1
1	1	0.814852	-3.62585	2250	2297.66	-1
1	1	0.964852	-3.62585	2314	2401.22	-1
1	1	1.11485	-3.62585	3679	3722.62	-1
1	1	1.26485	-3.62585	3623	3681.66	-1
1	1	1.41485	-3.62585	3757	3791.97	-1
1	1	1.56485	-3.62585	-1	-1	-1
1	1	-0.685148	-3.47585	210	247.625	-1
1	1	-0.535148	-3.47585	2508	2556.69	-1
1	1	-0.385148	-3.47585	359	423.156	-1
1	1	-0.235148	-3.47585	443	499.875	-1
1	1	-0.085148	-3.47585	565	594.219	-1
1	1	0.064852	-3.47585	631	659.531	-1
1	1	0.214852	-3.47585	839	871.438	-1
1	1	0.364852	-3.47585	969	998.062	-1
1	1	0.514852	-3.47585	1496	1524.53	-1
1	1	0.664852	-3.47585	2459	2532.62	-1
1	1	0.814852	-3.47585	-1	-1	-1
1	1	0.964852	-3.47585	-1	-1	-1
1	1	1.11485	-3.47585	3445	3510.06	-1
1	1	1.26485	-3.47585	3381	3411.28	-1
1	1	1.41485	-3.47585	3228	3260.19	-1
1	1	1.56485	-3.47585	-1	-1	-1
1	1	-0.685148	-3.32585	451	485.875	-1
1	1	-0.535148	-3.32585	375	405.469	-1
1	1	-0.385148	-3.32585	259	307.969	-1
1	1	-0.235148	-3.32585	185	221.969	-1
1	1	-0.085148	-3.32585	486	514.031	-1
1	1	0.064852	-3.32585	904	935.781	-1
1	1	0.214852	-3.32585	978	1031.5	-1
1	1	0.364852	-3.32585	1152	1179.09	-1
1	1	0.514852	-3.32585	1404	1459.03	-1
1	1	0.664852	-3.32585	1708	1781.84	-1
1	1	0.814852	-3.32585	2729	2797.03	-1
1	1	0.964852	-3.32585	-1	-1	-1
1	1	1.11485	-3.32585	3539	3577.69	-1
1	1	1.26485	-3.32585	3305	3347.12	-1
1	1	1.41485	-3.32585	3112	3178.59	-1
1	1	1.56485	-3.32585	3041	3072.75	-1
1	1	-0.685148	-3.17585	4207	4240.69	-1
1	1	-0.535148	-3.17585	550	586.125	-1
1	1	-0.385148	-3.17585	292	324.75	-1
1	1	-0.235148	-3.17585	59	97.0625	-1
1	1	-0.085148	-3.17585	128	156.5	-1
1	1	0.064852	-3.17585	1059	1097.75	-1
1	1	0.214852	-3.17585	1128	1168.06	-1
1	1	0.364852	-3.17585	1469	1503.66	-1
1	1	0.514852	-3.17585	1567	1595.72	-1
1	1	0.664852	-3.17585	1635	1666.47	-1
1	1	0.814852	-3.17585	2603	2645.78	-1
1	1	0.964852	-3.17585	3960	4093.38	-1
1	1	1.11485	-3.17585	-1	-1	-1
1	1	1.26485	-3.17585	3454	3520.19	-1
1	1	1.41485	-3.17585	3560	3615.16	-1
1	1	1.56485	-3.17585	2942	2990.75	-1
2	4	4.33657	-1.16652	-1	-1	-1
2	4	4.48657	-1.16652	-1	-1	-1
2	4	4.63657	-1.16652	-1	-1	-1
2	4	4.78657	-1.16652	-1	-1	-1
2	4	4.93657	-1.16652	-1	-1	-1
2	4	5.08657	-1.16652	-1	-1	-1
2	4	5.23657	-1.16652	-1	-1	-1
2	4	5.38657	-1.16652	-1	-1	-1
2	4	4.33657	-1.01652	741	778.312	-1
2	4	4.48657	-1.01652	-1	-1	-1
2	4	4.63657	-1.01652	1015	1077.34	-1
2	4	4.78657	-1.01652	-1	-1	-1
2	4	4.93657	-1.01652	-1	-1	-1
2	4	5.08657	-1.01652	-1	-1	-1
2	4	5.23657	-1.01652	-1	-1	-1
2	4	5.38657	-1.01652	-1	-1	-1
2	4	4.33657	-0.86652	652	701.5	-1
2	4	4.48657	-0.86652	827	870.969	-1
2	4	4.63657	-0.86652	903	952.031	-1
2	4	4.78657	-0.86652	1133	1171.28	-1
2	4	4.93657	-0.86652	1218	1265.72	-1
2	4	5.08657	-0.86652	1316	1355.34	-1
2	4	5.23657	-0.86652	-1	-1	-1
2	4	5.38657	-0.86652	-1	-1	-1
2	4	4.33657	-0.71652	565	613.625	-1
2	4	4.48657	-0.71652	638	696.625	-1
2	4	4.63657	-0.71652	830	866.812	-1
2	4	4.78657	-0.71652	1007	1051.12	-1
2	4	4.93657	-0.71652	1134	1180.88	-1
2	4	5.08657	-0.71652	1392	1435.41	-1
2	4	5.23657	-0.71652	-1	-1	-1
2	4	5.38657	-0.71652	-1	-1	-1
2	4	4.33657	-0.56652	534	601.75	-1
2	4	4.48657	-0.56652	544	580.031	-1
2	4	4.63657	-0.56652	725	777.219	-1
2	4	4.78657	-0.56652	997	1045.78	-1
2	4	4.93657	-0.56652	1228	1281.59	-1
2	4	5.08657	-0.56652	-1	-1	-1
2	4	5.23657	-0.56652	-1	-1	-1
2	4	5.38657	-0.56652	-1	-1	-1
2	4	4.33657	-0.41652	455	489.438	-1
2	4	4.48657	-0.41652	627	678.969	-1
2	4	4.63657	-0.41652	1099	1146.25	-1
2	4	4.78657	-0.41652	1602	1640.41	-1
2	4	4.93657	-0.41652	-1	-1	-1
2	4	5.08657	-0.41652	-1	-1	-1
2	4	5.23657	-0.41652	-1	-1	-1
2	4	5.38657	-0.41652	-1	-1	-1
2	4	4.33657	-0.26652	308	415.719	-1
2	4	4.48657	-0.26652	754	803.812	-1
2	4	4.63657	-0.26652	1369	1407.97	-1
2	4	4.78657	-0.26652	1524	1562.12	-1
2	4	4.93657	-0.26652	-1	-1	-1
2	4	5.08657	-0.26652	-1	-1	-1
2	4	5.23657	-0.26652	-1	-1	-1
2	4	5.38657	-0.26652	-1	-1	-1
2	4	4.33657	-0.11652	-1	-1	-1
2	4	4.48657	-0.11652	1445	1484.5	-1
2	4	4.63657	-0.11652	1183	1299.66	-1
2	4	4.78657	-0.11652	1336	1377.12	-1
2	4	4.93657	-0.11652	-1	-1	-1
2	4	5.08657	-0.11652	5114	5153.44	-1
2	4	5.23657	-0.11652	-1	-1	-1
2	4	5.38657	-0.11652	3510	3551.5	-1
3	4	0.953915	6.1657	1497	1542.81	-1
3	4	1.10391	6.1657	5092	5144.81	-1
3	4	1.25391	6.1657	-1	-1	-1
3	4	1.40391	6.1657	-1	-1	-1
3	4	1.55391	6.1657	-1	-1	-1
3	4	1.70391	6.1657	-1	-1	-1
3	4	1.85391	6.1657	-1	-1	-1
3	4	2.00391	6.1657	-1	-1	-1
3	4	0.953915	6.3157	4975	5026.22	-1
3	4	1.10391	6.3157	5194	5246.88	-1
3	4	1.25391	6.3157	-1	-1	-1
3	4	1.40391	6.3157	-1	-1	-1
3	4	1.55391	6.3157	-1	-1	-1
3	4	1.70391	6.3157	-1	-1	-1
3	4	1.85391	6.3157	-1	-1	-1
3	4	2.00391	6.3157	-1	-1	-1
3	4	0.953915	6.4657	5075	5156.69	-1
3	4	1.10391	6.4657	5214	5301.97	-1
3	4	1.25391	6.4657	5357	-1	-1
3	4	1.40391	6.4657	-1	-1	-1
3	4	1.55391	6.4657	-1	-1	-1
3	4	1.70391	6.4657	-1	-1	-1
3	4	1.85391	6.4657	-1	-1	-1
3	4	2.00391	6.4657	-1	-1	-1
3	4	0.953915	6.6157	-1	-1	-1
3	4	1.10391	6.6157	-1	-1	-1
3	4	1.25391	6.6157	-1	-1	-1
3	4	1.40391	6.6157	-1	-1	-1
3	4	1.55391	6.6157	-1	-1	-1
3	4	1.70391	6.6157	-1	-1	-1
3	4	1.85391	6.6157	-1	-1	-1
3	4	2.00391	6.6157	-1	-1	-1
3	4	0.953915	6.7657	-1	-1	-1
3	4	1.10391	6.7657	-1	-1	-1
3	4	1.25391	6.7657	-1	-1	-1
3	4	1.40391	6.7657	-1	-1	-1
3	4	1.55391	6.7657	-1	-1	-1
3	4	1.70391	6.7657	-1	-1	-1
3	4	1.85391	6.7657	-1	-1	-1
3	4	2.00391	6.7657	-1	-1	-1
3	4	0.953915	6.9157	-1	-1	-1
3	4	1.10391	6.9157	-1	-1	-1
3	4	1.25391	6.9157	-1	-1	-1
3	4	1.40391	6.9157	-1	-1	-1
3	4	1.55391	6.9157	-1	-1	-1
3	4	1.70391	6.9157	-1	-1	-1
3	4	1.85391	6.9157	-1	-1	-1
3	4	2.00391	6.9157	-1	-1	-1
3	4	0.953915	7.0657	-1	-1	-1
3	4	1.10391	7.0657	-1	-1	-1
3	4	1.25391	7.0657	-1	-1	-1
3	4	1.40391	7.0657	-1	-1	-1
3	4	1.55391	7.0657	-1	-1	-1
3	4	1.70391	7.0657	-1	-1	-1
3	4	1.85391	7.0657	-1	-1	-1
3	4	2.00391	7.0657	-1	-1	-1
3	4	0.953915	7.2157	-1	-1	-1
3	4	1.10391	7.2157	-1	-1	-1
3	4	1.25391	7.2157	-1	-1	-1
3	4	1.40391	7.2157	-1	-1	-1
3	4	1.55391	7.2157	-1	-1	-1
3	4	1.70391	7.2157	-1	-1	-1
3	4	1.85391	7.2157	-1	-1	-1
3	4	2.00391	7.2157	-1	-1	-1
4	4	-6.90698	-3.41914	-1	-1	-1
4	4	-6.75698	-3.41914	-1	-1	-1
4	4	-6.60698	-3.41914	-1	-1	-1
4	4	-6.45698	-3.41914	-1	-1	-1
4	4	-6.30698	-3.41914	-1	-1	-1
4	4	-6.15698	-3.41914	-1	-1	-1
4	4	-6.00698	-3.41914	-1	-1	-1
4	4	-5.85698	-3.41914	-1	-1	-1
4	4	-6.90698	-3.26914	-1	-1	-1
4	4	-6.75698	-3.26914	-1	-1	-1
4	4	-6.60698	-3.26914	-1	-1	-1
4	4	-6.45698	-3.26914	-1	-1	-1
4	4	-6.30698	-3.26914	-1	-1	-1
4	4	-6.15698	-3.26914	-1	-1	-1
4	4	-6.00698	-3.26914	-1	-1	-1
4	4	-5.85698	-3.26914	-1	-1	-1
4	4	-6.90698	-3.11914	-1	-1	-1
4	4	-6.75698	-3.11914	-1	-1	-1
4	4	-6.60698	-3.11914	-1	-1	-1
4	4	-6.45698	-3.11914	-1	-1	-1
4	4	-6.30698	-3.11914	-1	-1	-1
4	4	-6.15698	-3.11914	-1	-1	-1
4	4	-6.00698	-3.11914	-1	-1	-1
4	4	-5.85698	-3.11914	-1	-1	-1
4	4	-6.90698	-2.96914	-1	-1	-1
4	4	-6.75698	-2.96914	-1	-1	-1
4	4	-6.60698	-2.96914	-1	-1	-1
4	4	-6.45698	-2.96914	-1	-1	-1
4	4	-6.30698	-2.96914	-1	-1	-1
4	4	-6.15698	-2.96914	-1	-1	-1
4	4	-6.00698	-2.96914	-1	-1	-1
4	4	-5.85698	-2.96914	-1	-1	-1
4	4	-6.90698	-2.81914	-1	-1	-1
4	4	-6.75698	-2.81914	-1	-1	-1
4	4	-6.60698	-2.81914	-1	-1	-1
4	4	-6.45698	-2.81914	-1	-1	-1
4	4	-6.30698	-2.81914	-1	-1	-1
4	4	-6.15698	-2.81914	-1	-1	-1
4	4	-6.00698	-2.81914	-1	-1	-1
4	4	-5.85698	-2.81914	-1	-1	-1
4	4	-6.90698	-2.66914	-1	-1	-1
4	4	-6.75698	-2.66914	-1	-1	-1
4	4	-6.60698	-2.66914	-1	-1	-1
4	4	-6.45698	-2.66914	-1	-1	-1
4	4	-6.30698	-2.66914	-1	-1	-1
4	4	-6.15698	-2.66914	-1	-1	-1
4	4	-6.00698	-2.66914	-1	-1	-1
4	4	-5.85698	-2.66914	-1	-1	-1
4	4	-6.90698	-2.51914	-1	-1	-1
4	4	-6.75698	-2.51914	-1	-1	-1
4	4	-6.60698	-2.51914	-1	-1	-1
4	4	-6.45698	-2.51914	-1	-1	-1
4	4	-6.30698	-2.51914	-1	-1	-1
4	4	-6.15698	-2.51914	-1	-1	-1
4	4	-6.00698	-2.51914	-1	-1	-1
4	4	-5.85698	-2.51914	-1	-1	-1
4	4	-6.90698	-2.36914	-1	-1	-1
4	4	-6.75698	-2.36914	-1	-1	-1
4	4	-6.60698	-2.36914	-1	-1	-1
4	4	-6.45698	-2.36914	-1	-1	-1
4	4	-6.30698	-2.36914	-1	-1	-1
4	4	-6.15698	-2.36914	-1	-1	-1
4	4	-6.00698	-2.36914	-1	-1	-1
4	4	-5.85698	-2.36914	-1	-1	-1
5	4	5.57609	4.50516	-1	-1	-1
5	4	5.72609	4.50516	-1	-1	-1
5	4	5.87609	4.50516	-1	-1	-1
5	4	6.02609	4.50516	-1	-1	-1
5	4	6.17609	4.50516	-1	-1	-1
5	4	6.32609	4.50516	-1	-1	-1
5	4	6.47609	4.50516	-1	-1	-1
5	4	6.62609	4.50516	-1	-1	-1
5	4	5.57609	4.65516	-1	-1	-1
5	4	5.72609	4.65516	-1	-1	-1
5	4	5.87609	4.65516	-1	-1	-1
5	4	6.02609	4.65516	-1	-1	-1
5	4	6.17609	4.65516	-1	-1	-1
5	4	6.32609	4.65516	-1	-1	-1
5	4	6.47609	4.65516	-1	-1	-1
5	4	6.62609	4.65516	-1	-1	-1
5	4	5.57609	4.80516	-1	-1	-1
5	4	5.72609	4.80516	-1	-1	-1
5	4	5.87609	4.80516	-1	-1	-1
5	4	6.02609	4.80516	-1	-1	-1
5	4	6.17609	4.80516	-1	-1	-1
5	4	6.32609	4.80516	-1	-1	-1
5	4	6.47609	4.80516	-1	-1	-1
5	4	6.62609	4.80516	724	786.438	-1
5	4	5.57609	4.95516	-1	-1	-1
5	4	5.72609	4.95516	-1	-1	-1
5	4	5.87609	4.95516	-1	-1	-1
5	4	6.02609	4.95516	-1	-1	-1
5	4	6.17609	4.95516	1525	1584.72	-1
5	4	6.32609	4.95516	1395	1458.69	-1
5	4	6.47609	4.95516	1647	1705.06	-1
5	4	6.62609	4.95516	594	658.281	-1
5	4	5.57609	5.10516	-1	-1	-1
5	4	5.72609	5.10516	-1	-1	-1
5	4	5.87609	5.10516	-1	-1	-1
5	4	6.02609	5.10516	-1	-1	-1
5	4	6.17609	5.10516	-1	-1	-1
5	4	6.32609	5.10516	1241	1311.03	-1
5	4	6.47609	5.10516	854	916.188	-1
5	4	6.62609	5.10516	454	527.844	-1
5	4	5.57609	5.25516	-1	-1	-1
5	4	5.72609	5.25516	-1	-1	-1
5	4	5.87609	5.25516	-1	-1	-1
5	4	6.02609	5.25516	-1	-1	-1
5	4	6.17609	5.25516	-1	-1	-1
5	4	6.32609	5.25516	-1	-1	-1
5	4	6.47609	5.25516	1115	1176.25	-1
5	4	6.62609	5.25516	981	1056.34	-1
5	4	5.57609	5.40516	-1	-1	-1
5	4	5.72609	5.40516	-1	-1	-1
5	4	5.87609	5.40516	-1	-1	-1
5	4	6.02609	5.40516	-1	-1	-1
5	4	6.17609	5.40516	-1	-1	-1
5	4	6.32609	5.40516	-1	-1	-1
5	4	6.47609	5.40516	-1	-1	-1
5	4	6.62609	5.40516	1260	1325.22	-1
5	4	5.57609	5.55516	-1	-1	-1
5	4	5.72609	5.55516	-1	-1	-1
5	4	5.87609	5.55516	-1	-1	-1
5	4	6.02609	5.55516	-1	-1	-1
5	4	6.17609	5.55516	-1	-1	-1
5	4	6.32609	5.55516	-1	-1	-1
5	4	6.47609	5.55516	-1	-1	-1
5	4	6.62609	5.55516	-1	-1	-1
6	16	4.07325	-6.93831	-1	-1	-1
6	16	4.22325	-6.93831	-1	-1	-1
6	16	4.37325	-6.93831	-1	-1	-1
6	16	4.52325	-6.93831	-1	-1	-1
6	16	4.07325	-6.78831	-1	-1	-1
6	16	4.22325	-6.78831	-1	-1	-1
6	16	4.37325	-6.78831	-1	-1	-1
6	16	4.52325	-6.78831	-1	-1	-1
6	16	4.07325	-6.63831	-1	-1	-1
6	16	4.22325	-6.63831	-1	-1	-1
6	16	4.37325	-6.63831	-1	-1	-1
6	16	4.52325	-6.63831	-1	-1	-1
6	16	4.07325	-6.48831	-1	-1	-1
6	16	4.22325	-6.48831	-1	-1	-1
6	16	4.37325	-6.48831	-1	-1	-1
6	16	4.52325	-6.48831	-1	-1	-1
7	16	-1.7296	5.2385	-1	-1	-1
7	16	-1.5796	5.2385	1726	1769.47	-1
7	16	-1.4296	5.2385	1505	1547.19	-1
7	16	-1.2796	5.2385	90	205.875	-1
7	16	-1.7296	5.3885	-1	-1	-1
7	16	-1.5796	5.3885	1808	1870.56	-1
7	16	-1.4296	5.3885	1586	1634.66	-1
7	16	-1.2796	5.3885	1677	1733.44	-1
7	16	-1.7296	5.5385	-1	-1	-1
7	16	-1.5796	5.5385	1848	1909.31	-1
7	16	-1.4296	5.5385	1694	1769.81	-1
7	16	-1.2796	5.5385	5356	-1	-1
7	16	-1.7296	5.6885	870	923.656	-1
7	16	-1.5796	5.6885	1956	2001.5	-1
7	16	-1.4296	5.6885	5381	-1	-1
7	16	-1.2796	5.6885	5221	5285	-1
8	16	1.18494	-6.66852	-1	-1	-1
8	16	1.33494	-6.66852	-1	-1	-1
8	16	1.48494	-6.66852	-1	-1	-1
8	16	1.63494	-6.66852	-1	-1	-1
8	16	1.18494	-6.51852	-1	-1	-1
8	16	1.33494	-6.51852	5376	-1	-1
8	16	1.48494	-6.51852	5265	5328.12	-1
8	16	1.63494	-6.51852	-1	-1	-1
8	16	1.18494	-6.36852	4904	4953.59	-1
8	16	1.33494	-6.36852	-1	-1	-1
8	16	1.48494	-6.36852	4572	4640.22	-1
8	16	1.63494	-6.36852	5169	5217.25	-1
8	16	1.18494	-6.21852	5003	5072.25	-1
8	16	1.33494	-6.21852	4512	4570.91	-1
8	16	1.48494	-6.21852	4344	4401.62	-1
8	16	1.63494	-6.21852	4456	4515.53	-1
9	16	-7.90496	-4.4379	-1	-1	-1
9	16	-7.75496	-4.4379	571	632.688	-1
9	16	-7.60496	-4.4379	-1	-1	-1
9	16	-7.45496	-4.4379	-1	-1	-1
9	16	-7.90496	-4.2879	-1	-1	-1
9	16	-7.75496	-4.2879	-1	-1	-1
9	16	-7.60496	-4.2879	-1	-1	-1
9	16	-7.45496	-4.2879	-1	-1	-1
9	16	-7.90496	-4.1379	-1	-1	-1
9	16	-7.75496	-4.1379	-1	-1	-1
9	16	-7.60496	-4.1379	-1	-1	-1
9	16	-7.45496	-4.1379	-1	-1	-1
9	16	-7.90496	-3.9879	-1	-1	-1
9	16	-7.75496	-3.9879	-1	-1	-1
9	16	-7.60496	-3.9879	-1	-1	-1
9	16	-7.45496	-3.9879	-1	-1	-1
10	16	-4.30982	3.36351	-1	-1	-1
10	16	-4.15982	3.36351	-1	-1	-1
10	16	-4.00982	3.36351	-1	-1	-1
10	16	-3.85982	3.36351	-1	-1	-1
10	16	-4.30982	3.51351	-1	-1	-1
10	16	-4.15982	3.51351	-1	-1	-1
10	16	-4.00982	3.51351	-1	-1	-1
10	16	-3.85982	3.51351	-1	-1	-1
10	16	-4.30982	3.66351	-1	-1	-1
10	16	-4.15982	3.66351	-1	-1	-1
10	16	-4.00982	3.66351	-1	-1	-1
10	16	-3.85982	3.66351	-1	-1	-1
10	16	-4.30982	3.81351	-1	-1	-1
10	16	-4.15982	3.81351	1835	1884.25	-1
10	16	-4.00982	3.81351	1734	1787.75	-1
10	16	-3.85982	3.81351	758	803.938	-1
11	16	-1.18395	5.87046	4950	5054	-1
11	16	-1.03395	5.87046	5097	5165.97	-1
11	16	-0.883954	5.87046	5116	5188.69	-1
11	16	-0.733954	5.87046	5393	-1	-1
11	16	-1.18395	6.02046	-1	-1	-1
11	16	-1.03395	6.02046	5244	5307.69	-1
11	16	-0.883954	6.02046	5356	-1	-1
11	16	-0.733954	6.02046	5315	5372.25	-1
11	16	-1.18395	6.17046	-1	-1	-1
11	16	-1.03395	6.17046	-1	-1	-1
11	16	-0.883954	6.17046	-1	-1	-1
11	16	-0.733954	6.17046	-1	-1	-1
11	16	-1.18395	6.32046	-1	-1	-1
11	16	-1.03395	6.32046	-1	-1	-1
11	16	-0.883954	6.32046	-1	-1	-1
11	16	-0.733954	6.32046	-1	-1	-1
12	16	2.2104	5.97081	4939	4996.38	-1
12	16	2.3604	5.97081	4495	4542.56	-1
12	16	2.5104	5.97081	4590	4650.81	-1
12	16	2.6604	5.97081	4922	4971.09	-1
12	16	2.2104	6.12081	4835	4899.5	-1
12	16	2.3604	6.12081	4730	4781.94	-1
12	16	2.5104	6.12081	4700	4751.38	-1
12	16	2.6604	6.12081	-1	-1	-1
12	16	2.2104	6.27081	-1	-1	-1
12	16	2.3604	6.27081	4808	4866.03	-1
12	16	2.5104	6.27081	-1	-1	-1
12	16	2.6604	6.27081	-1	-1	-1
12	16	2.2104	6.42081	-1	-1	-1
12	16	2.3604	6.42081	-1	-1	-1
12	16	2.5104	6.42081	-1	-1	-1
12	16	2.6604	6.42081	-1	-1	-1
13	16	-8.88119	-2.98046	-1	-1	-1
13	16	-8.73119	-2.98046	-1	-1	-1
13	16	-8.58119	-2.98046	-1	-1	-1
13	16	-8.43119	-2.98046	-1	-1	-1
13	16	-8.88119	-2.83046	-1	-1	-1
13	16	-8.73119	-2.83046	-1	-1	-1
13	16	-8.58119	-2.83046	-1	-1	-1
13	16	-8.43119	-2.83046	-1	-1	-1
13	16	-8.88119	-2.68046	-1	-1	-1
13	16	-8.73119	-2.68046	-1	-1	-1
13	16	-8.58119	-2.68046	-1	-1	-1
13	16	-8.43119	-2.68046	-1	-1	-1
13	16	-8.88119	-2.53046	-1	-1	-1
13	16	-8.73119	-2.53046	-1	-1	-1
13	16	-8.58119	-2.53046	-1	-1	-1
13	16	-8.43119	-2.53046	-1	-1	-1
14	16	7.73258	2.72631	-1	-1	-1
14	16	7.88258	2.72631	-1	-1	-1
14	16	8.03258	2.72631	-1	-1	-1
14	16	8.18258	2.72631	-1	-1	-1
14	16	7.73258	2.87631	-1	-1	-1
14	16	7.88258	2.87631	-1	-1	-1
14	16	8.03258	2.87631	-1	-1	-1
14	16	8.18258	2.87631	-1	-1	-1
14	16	7.73258	3.02631	-1	-1	-1
14	16	7.88258	3.02631	-1	-1	-1
14	16	8.03258	3.02631	-1	-1	-1
14	16	8.18258	3.02631	-1	-1	-1
14	16	7.73258	3.17631	-1	-1	-1
14	16	7.88258	3.17631	-1	-1	-1
14	16	8.03258	3.17631	-1	-1	-1
14	16	8.18258	3.17631	-1	-1	-1
15	16	5.64603	-1.75696	3113	3168.69	-1
15	16	5.79603	-1.75696	-1	-1	-1
15	16	5.94603	-1.75696	-1	-1	-1
15	16	6.09603	-1.75696	-1	-1	-1
15	16	5.64603	-1.60696	-1	-1	-1
15	16	5.79603	-1.60696	-1	-1	-1
15	16	5.94603	-1.60696	-1	-1	-1
15	16	6.09603	-1.60696	-1	-1	-1
15	16	5.64603	-1.45696	-1	-1	-1
15	16	5.79603	-1.45696	-1	-1	-1
15	16	5.94603	-1.45696	-1	-1	-1
15	16	6.09603	-1.45696	-1	-1	-1
15	16	5.64603	-1.30696	-1	-1	-1
15	16	5.79603	-1.30696	-1	-1	-1
15	16	5.94603	-1.30696	-1	-1	-1
15	16	6.09603	-1.30696	-1	-1	-1
16	16	-4.50851	5.05136	775	830.469	-1
16	16	-4.35851	5.05136	555	712.906	-1
16	16	-4.20851	5.05136	1241	1293.38	-1
16	16	-4.05851	5.05136	1332	1383.69	-1
16	16	-4.50851	5.20136	3211	3340.69	-1
16	16	-4.35851	5.20136	886	939.812	-1
16	16	-4.20851	5.20136	994	1059.91	-1
16	16	-4.05851	5.20136	1112	1164.03	-1
16	16	-4.50851	5.35136	3522	3577.81	-1
16	16	-4.35851	5.35136	3403	3462.97	-1
16	16	-4.20851	5.35136	1706	1756.56	-1
16	16	-4.05851	5.35136	1211	1275.31	-1
16	16	-4.50851	5.50136	3632	3690.25	-1
16	16	-4.35851	5.50136	-1	-1	-1
16	16	-4.20851	5.50136	-1	-1	-1
16	16	-4.05851	5.50136	-1	-1	-1
17	16	-7.71864	0.167929	-1	-1	-1
17	16	-7.56864	0.167929	-1	-1	-1
17	16	-7.41864	0.167929	-1	-1	-1
17	16	-7.26864	0.167929	-1	-1	-1
17	16	-7.71864	0.317929	-1	-1	-1
17	16	-7.56864	0.317929	-1	-1	-1
17	16	-7.41864	0.317929	-1	-1	-1
17	16	-7.26864	0.317929	-1	-1	-1
17	16	-7.71864	0.467929	-1	-1	-1
17	16	-7.56864	0.467929	-1	-1	-1
17	16	-7.41864	0.467929	-1	-1	-1
17	16	-7.26864	0.467929	-1	-1	-1
17	16	-7.71864	0.617929	-1	-1	-1
17	16	-7.56864	0.617929	-1	-1	-1
17	16	-7.41864	0.617929	-1	-1	-1
17	16	-7.26864	0.617929	-1	-1	-1
18	16	-4.40431	7.98612	4461	4528.44	-1
18	16	-4.25431	7.98612	-1	-1	-1
18	16	-4.10431	7.98612	-1	-1	-1
18	16	-3.95431	7.98612	-1	-1	-1
18	16	-4.40431	8.13612	-1	-1	-1
18	16	-4.25431	8.13612	-1	-1	-1
18	16	-4.10431	8.13612	-1	-1	-1
18	16	-3.95431	8.13612	-1	-1	-1
18	16	-4.40431	8.28612	-1	-1	-1
18	16	-4.25431	8.28612	-1	-1	-1
18	16	-4.10431	8.28612	-1	-1	-1
18	16	-3.95431	8.28612	-1	-1	-1
18	16	-4.40431	8.43612	3872	3944.97	-1
18	16	-4.25431	8.43612	-1	-1	-1
18	16	-4.10431	8.43612	-1	-1	-1
18	16	-3.95431	8.43612	-1	-1	-1
19	16	8.70625	1.49458	-1	-1	-1
19	16	8.85625	1.49458	-1	-1	-1
19	16	9.00625	1.49458	-1	-1	-1
19	16	9.15625	1.49458	-1	-1	-1
19	16	8.70625	1.64458	-1	-1	-1
19	16	8.85625	1.64458	-1	-1	-1
19	16	9.00625	1.64458	-1	-1	-1
19	16	9.15625	1.64458	-1	-1	-1
19	16	8.70625	1.79458	-1	-1	-1
19	16	8.85625	1.79458	-1	-1	-1
19	16	9.00625	1.79458	-1	-1	-1
19	16	9.15625	1.79458	-1	-1	-1
19	16	8.70625	1.94458	-1	-1	-1
19	16	8.85625	1.94458	-1	-1	-1
19	16	9.00625	1.94458	-1	-1	-1
19	16	9.15625	1.94458	4056	4127.75	-1
20	16	-1.73933	-6.15972	-1	-1	-1
20	16	-1.58933	-6.15972	-1	-1	-1
20	16	-1.43933	-6.15972	-1	-1	-1
20	16	-1.28933	-6.15972	-1	-1	-1
20	16	-1.73933	-6.00972	-1	-1	-1
20	16	-1.58933	-6.00972	-1	-1	-1
20	16	-1.43933	-6.00972	-1	-1	-1
20	16	-1.28933	-6.00972	-1	-1	-1
20	16	-1.73933	-5.85972	-1	-1	-1
20	16	-1.58933	-5.85972	-1	-1	-1
20	16	-1.43933	-5.85972	-1	-1	-1
20	16	-1.28933	-5.85972	-1	-1	-1
20	16	-1.73933	-5.70972	3896	4015.53	-1
20	16	-1.58933	-5.70972	4063	4108.75	-1
20	16	-1.43933	-5.70972	-1	-1	-1
20	16	-1.28933	-5.70972	-1	-1	-1
21	16	7.80109	-2.08132	-1	-1	-1
21	16	7.95109	-2.08132	-1	-1	-1
21	16	8.10109	-2.08132	-1	-1	-1
21	16	8.25109	-2.08132	-1	-1	-1
21	16	7.80109	-1.93132	-1	-1	-1
21	16	7.95109	-1.93132	-1	-1	-1
21	16	8.10109	-1.93132	-1	-1	-1
21	16	8.25109	-1.93132	-1	-1	-1
21	16	7.80109	-1.78132	-1	-1	-1
21	16	7.95109	-1.78132	-1	-1	-1
21	16	8.10109	-1.78132	-1	-1	-1
21	16	8.25109	-1.78132	-1	-1	-1
21	16	7.80109	-1.63132	-1	-1	-1
21	16	7.95109	-1.63132	-1	-1	-1
21	16	8.10109	-1.63132	-1	-1	-1
21	16	8.25109	-1.63132	-1	-1	-1
0	256	-5.30189	-5.64603	4879	5033.31	-1
0	256	8.16865	-2.87648	-1	-1	-1
0	256	-4.45634	-0.874741	45	85.3125	-1
0	256	1.8848	8.48833	5377	-1	-1
0	256	3.58856	7.63687	-1	-1	-1
0	256	-6.74679	-0.763727	425	525.219	-1
0	256	-7.86242	3.8701	-1	-1	-1
0	256	4.71725	-3.407	-1	-1	-1
0	256	3.26784	5.21916	344	466.281	-1
0	256	4.85101	3.55413	3705	3823.97	-1
0	256	-3.66059	0.726349	2231	2347.56	-1
0	256	-0.988359	4.91099	104	206.438	-1
0	256	6.62982	3.05929	-1	-1	-1
0	256	3.53481	-2.0085	-1	-1	-1
0	256	6.0477	6.00321	-1	-1	-1
0	256	-5.06803	7.65063	2085	2160.09	-1
0	256	3.43146	-3.51755	-1	-1	-1
0	256	-5.94504	-4.32414	2543	2688.41	-1
0	256	2.83221	-6.83575	4277	4350.09	-1
0	256	-4.57914	2.75578	-1	-1	-1
0	256	9.64242	2.54345	-1	-1	-1
0	256	-6.68082	6.60635	1907	2043.25	-1
0	256	-4.79615	6.56474	-1	-1	-1
0	256	3.85796	-4.7075	4823	4876.03	-1
0	256	3.65793	-2.63638	5316	5353.34	-1
0	256	7.34452	-6.4386	1565	1647.44	-1
0	256	6.02872	1.63984	605	728.156	-1
0	256	-6.13531	2.60301	-1	-1	-1
0	256	0.148488	4.2895	-1	-1	-1
0	256	-0.219302	4.28044	716	751.5	-1
0	256	2.23869	7.00346	-1	-1	-1
0	256	5.5439	2.90666	1831	1877.84	-1
0	256	-0.617382	7.5496	-1	-1	-1
0	256	5.24205	7.59972	-1	-1	-1
0	256	1.88755	2.69393	-1	-1	-1
0	256	4.11082	1.3541	-1	-1	-1
0	256	-0.492506	6.90001	1210	1261.56	-1
0	256	1.67118	-8.88191	2913	3011.53	-1
0	256	-3.81787	5.08899	-1	-1	-1
0	256	-0.0937192	4.81488	635	672.594	-1
0	256	-3.85784	0.671752	-1	-1	-1
0	256	-3.49167	6.70937	-1	-1	-1
0	256	2.8174	-5.69336	4728	4849.62	-1
0	256	-5.62286	-5.91522	-1	-1	-1
0	256	-5.06963	-1.66629	-1	-1	-1
0	256	-7.43012	4.8429	-1	-1	-1
0	256	5.9201	6.80611	-1	-1	-1
0	256	5.15289	2.263	-1	-1	-1
0	256	-1.62067	7.65336	1842	1900.25	-1
0	256	8.7782	-1.55964	-1	-1	-1
0	256	-6.19646	-4.64195	-1	-1	-1
0	256	2.36545	-8.66942	1033	1120.81	-1
0	256	6.2901	-0.249059	-1	-1	-1
0	256	-8.70665	1.96328	-1	-1	-1
0	256	2.40369	-6.61186	3754	3828.03	-1
0	256	-4.36869	2.56269	-1	-1	-1
0	256	6.15035	2.94453	-1	-1	-1
0	256	-3.5065	-4.49809	3713	3842.59	-1
0	256	-4.75852	-5.92065	-1	-1	-1
0	256	4.11594	-3.74819	5128	5261.31	-1
0	256	-2.87849	-7.73056	970	1037.19	-1
0	256	-5.10697	-0.792191	-1	-1	-1
0	256	8.47529	4.02357	-1	-1	-1
0	256	2.46766	-9.46803	-1	-1	-1
0	256	7.90355	1.12381	2124	2206.22	-1
0	256	9.3992	3.05897	-1	-1	-1
0	256	0.0212682	5.67799	-1	-1	-1
0	256	-6.36881	-1.32497	4241	4349.16	-1
0	256	5.07098	7.05733	-1	-1	-1
0	256	2.19083	-3.87426	2928	2985.78	-1
0	256	4.29497	-5.29956	-1	-1	-1
0	256	6.48268	3.50985	-1	-1	-1
0	256	6.91964	4.8212	326	389.938	-1
0	256	2.59584	-9.48148	1595	1675.78	-1
0	256	1.49136	8.7626	-1	-1	-1
0	256	5.11701	-7.72114	-1	-1	-1
0	256	-2.79583	2.48829	3424	3454.84	-1
0	256	1.59927	9.64952	1498	1570.72	-1
0	256	-4.62791	3.76564	-1	-1	-1
0	256	-5.65327	-2.85074	2298	2356.5	-1
0	256	3.88901	3.98937	-1	-1	-1
0	256	-8.41968	4.84752	-1	-1	-1
0	256	7.01895	-2.17926	-1	-1	-1
0	256	9.11174	-2.81148	-1	-1	-1
0	256	-9.32591	-1.38838	895	965.812	-1
0	256	5.0704	6.76952	-1	-1	-1
0	256	-4.30923	1.08261	2933	2967.75	-1
0	256	6.16492	-1.04157	-1	-1	-1
0	256	0.321293	-8.67439	-1	-1	-1
0	256	3.35151	-6.69432	-1	-1	-1
0	256	-1.20981	-9.58001	-1	-1	-1
0	256	-4.30166	-0.102766	-1	-1	-1
0	256	5.15685	-5.60976	-1	-1	-1
0	256	8.10494	-3.86236	-1	-1	-1
0	256	-3.96503	-0.503805	4730	4844.94	-1
0	256	-5.30345	-7.62778	-1	-1	-1
0	256	3.01649	-3.23878	3660	3700.19	-1
0	256	0.313041	6.95544	5334	5385.88	-1
0	256	2.75406	-1.76354	-1	-1	-1
0	256	-4.48754	6.88606	3041	3162.5	-1
0	256	-5.12369	-7.79563	5244	5316.16	-1
0	256	-3.96382	-6.36215	-1	-1	-1
0	256	4.85645	6.41903	-1	-1	-1
0	256	-7.7686	-5.93621	-1	-1	-1
0	256	-9.53189	0.935776	3827	3895.31	-1
0	256	7.93914	-4.32415	-1	-1	-1
0	256	7.77986	3.79022	-1	-1	-1
0	256	1.98153	-2.46247	3962	4103.03	-1
0	256	2.77202	8.3601	-1	-1	-1
0	256	-5.4727	4.23596	-1	-1	-1
0	256	5.55282	-2.92867	-1	-1	-1
0	256	-7.16148	-1.71566	-1	-1	-1
0	256	-0.510992	-7.65403	-1	-1	-1
0	256	4.3914	5.07314	-1	-1	-1
0	256	5.3154	2.03817	3107	3154.47	-1
0	256	5.63898	-1.0861	-1	-1	-1
0	256	-9.11313	-3.05989	-1	-1	-1
0	256	5.85972	-6.22605	-1	-1	-1
0	256	-5.93421	7.34897	-1	-1	-1
0	256	3.98823	-6.1195	-1	-1	-1
0	256	3.19298	-5.5081	-1	-1	-1
0	256	-7.94732	-0.840999	-1	-1	-1
0	256	2.24195	-2.45277	4531	4702.16	-1
0	256	-5.34278	-8.39402	-1	-1	-1
0	256	-0.021175	-8.74305	-1	-1	-1
0	256	4.0817	7.0409	5194	5313.5	-1
0	256	3.16006	1.27711	403	530.719	-1
0	256	-3.35791	2.8974	3494	3530.06	-1
0	256	9.45632	-3.16644	-1	-1	-1
0	256	2.40661	7.45756	-1	-1	-1
0	256	-5.41107	-4.50912	-1	-1	-1
0	256	1.2184	-3.0654	-1	-1	-1
0	256	3.99951	-7.67575	-1	-1	-1
0	256	2.27332	-5.59527	-1	-1	-1
0	256	6.21438	6.42147	3375	3438.88	-1
0	256	-2.58335	8.61472	1971	2041.25	-1
0	256	9.66048	2.32628	230	302.375	-1
0	256	6.3512	-2.59135	3222	3284.53	-1
0	256	-8.50977	-4.12301	2921	2986.5	-1
0	256	2.80066	-6.24519	-1	-1	-1
0	256	-1.71194	-7.39105	-1	-1	-1
0	256	5.11552	-6.07959	-1	-1	-1
0	256	-8.42007	0.107037	-1	-1	-1
0	256	5.99583	-1.8507	-1	-1	-1
0	256	9.31815	-3.33574	-1	-1	-1
0	256	7.65157	-0.273318	4677	4739.28	-1
0	256	-0.999409	7.44779	-1	-1	-1
0	256	1.90597	-8.65754	3092	3186	-1
0	256	-6.30375	-1.4139	-1	-1	-1
0	256	3.68533	9.00285	3719	3786.59	-1
0	256	-6.46755	-5.29612	-1	-1	-1
0	256	2.75198	-1.97024	-1	-1	-1
0	256	2.13407	-2.3793	1719	1745.69	-1
0	256	-6.40818	-4.91694	-1	-1	-1
0	256	7.18156	-4.71994	-1	-1	-1
0	256	4.13297	8.82248	-1	-1	-1
0	256	-6.13887	4.42822	-1	-1	-1
0	256	-3.42916	-9.28112	3088	3164.34	-1
0	256	1.32151	8.79389	-1	-1	-1
0	256	-5.29936	3.83552	-1	-1	-1
0	256	3.24366	-2.42451	1880	1918.81	-1
0	256	2.32053	-5.23312	4607	4655.16	-1
0	256	5.69783	-5.61816	-1	-1	-1
0	256	-4.16151	-2.74253	-1	-1	-1
0	256	-4.43282	7.36366	324	432.531	-1
0	256	-8.20706	3.52273	-1	-1	-1
0	256	-7.73544	2.34298	-1	-1	-1
0	256	-8.25416	-3.21928	-1	-1	-1
0	256	-3.67052	1.48465	420	453.094	-1
0	256	-4.67213	0.115349	-1	-1	-1
0	256	9.37496	-2.66544	-1	-1	-1
0	256	3.70916	8.12181	3869	3937.53	-1
0	256	7.51156	-5.16898	-1	-1	-1
0	256	6.2308	-5.27945	2136	2274.25	-1
0	256	4.82483	6.92233	-1	-1	-1
0	256	1.69723	7.50014	-1	-1	-1
0	256	-2.74679	2.38271	-1	-1	-1
0	256	-1.10886	-9.74252	-1	-1	-1
0	256	4.37034	-8.30707	-1	-1	-1
0	256	0.679101	6.4129	5237	5298.34	-1
0	256	4.27015	-3.03245	3096	3144.94	-1
0	256	7.74352	-3.11827	-1	-1	-1
0	256	-7.51323	3.8104	-1	-1	-1
0	256	7.48783	2.89068	634	696.781	-1
0	256	-6.16987	3.31732	-1	-1	-1
0	256	-7.74495	2.88138	3881	3979.78	-1
0	256	-2.62423	2.52567	-1	-1	-1
0	256	2.11846	-4.62758	-1	-1	-1
0	256	-1.48419	-7.06908	-1	-1	-1
0	256	0.67277	4.93434	3656	3702.62	-1
0	256	6.07772	-0.100483	-1	-1	-1
0	256	0.0556668	4.08526	3180	3215.28	-1
0	256	-1.22027	-4.94947	297	336.75	-1
0	256	-1.40812	5.97307	5347	-1	-1
0	256	-2.54031	-2.0999	4128	4156.22	-1
0	256	-9.61306	2.40642	-1	-1	-1
0	256	-1.81926	9.0229	-1	-1	-1
0	256	4.46442	-1.62227	-1	-1	-1
0	256	-5.55642	-0.108994	-1	-1	-1
0	256	-7.65375	-5.67744	-1	-1	-1
0	256	1.48408	-8.513	-1	-1	-1
0	256	-3.21462	-4.912	-1	-1	-1
0	256	1.13088	3.13888	-1	-1	-1
0	256	1.78871	-7.95007	-1	-1	-1
0	256	6.41905	-3.6914	-1	-1	-1
0	256	3.57711	-2.21416	2993	3043.16	-1
0	256	-6.85355	1.43233	-1	-1	-1
0	256	7.28897	5.72312	200	268.031	-1
0	256	-6.10997	-4.51167	4243	4297.88	-1
0	256	-3.93551	1.95652	-1	-1	-1
0	256	5.51441	-4.32672	-1	-1	-1
0	256	-4.79642	6.82754	-1	-1	-1
0	256	8.7921	-0.531247	-1	-1	-1
0	256	3.33674	-8.15968	-1	-1	-1
0	256	0.400828	7.00957	-1	-1	-1
0	256	2.91078	-7.80361	-1	-1	-1
0	256	4.42496	6.78069	5204	5273.91	-1
0	256	-1.92704	-3.06495	3769	3804.47	-1
0	256	7.95646	4.94788	1778	1843.97	-1
0	256	-5.25624	-1.64597	-1	-1	-1
0	256	-3.11782	8.33516	-1	-1	-1
0	256	-2.62614	-4.55716	98	139	-1
0	256	-6.94232	5.12747	-1	-1	-1
0	256	2.90288	-3.44524	-1	-1	-1
0	256	5.59168	-3.86753	-1	-1	-1
0	256	-7.43093	-5.30513	-1	-1	-1
0	256	-0.260383	4.91748	1327	1440.81	-1
0	256	3.04777	-8.58907	-1	-1	-1
0	256	-8.98817	-1.08458	-1	-1	-1
0	256	-4.75522	-4.55284	-1	-1	-1
0	256	-4.96469	8.06978	900	973.625	-1
0	256	2.64646	1.47753	661	688.188	-1
0	256	6.47055	2.77492	4757	4808.88	-1
0	256	5.72611	-7.44167	-1	-1	-1
0	256	-8.88547	-0.713444	121	193.562	-1
0	256	-8.40864	-5.07196	-1	-1	-1
0	256	-2.13208	4.37767	4731	4860.06	-1
0	256	6.39469	-5.422	-1	-1	-1
0	256	2.58528	-3.15625	152	184.75	-1
0	256	-6.41585	1.3075	-1	-1	-1
0	256	0.127823	8.62382	1660	1727.28	-1
0	256	5.735	1.09261	-1	-1	-1
0	256	-0.230134	-6.26102	-1	-1	-1
0	256	-2.94708	1.89659	-1	-1	-1
0	256	-7.36433	-2.44407	-1	-1	-1
0	256	-3.62763	7.88579	-1	-1	-1
0	256	2.06697	5.91923	-1	-1	-1
0	256	3.81634	7.5576	-1	-1	-1
0	256	5.35347	-4.92783	-1	-1	-1
0	256	6.83557	-1.7991	-1	-1	-1
0	256	1.51956	5.34346	4397	4509.72	-1
0	256	-7.28735	-3.47216	-1	-1	-1
0	256	1.93284	-8.25365	-1	-1	-1
0	256	4.32423	-2.77623	-1	-1	-1
0	256	7.78529	-4.82035	-1	-1	-1
0	256	-8.82464	3.41707	-1	-1	-1
