Pile ID	Distribution Type	X-Position	Y-Position	Pickup Time	Drop Off Time	Ant ID
1	1	-5.06283	0.915741	-1	-1	-1
1	1	-4.91283	0.915741	-1	-1	-1
1	1	-4.76283	0.915741	-1	-1	-1
1	1	-4.61283	0.915741	-1	-1	-1
1	1	-4.46283	0.915741	-1	-1	-1
1	1	-4.31283	0.915741	-1	-1	-1
1	1	-4.16283	0.915741	-1	-1	-1
1	1	-4.01283	0.915741	-1	-1	-1
1	1	-3.86283	0.915741	-1	-1	-1
1	1	-3.71283	0.915741	-1	-1	-1
1	1	-3.56283	0.915741	-1	-1	-1
1	1	-3.41283	0.915741	-1	-1	-1
1	1	-3.26283	0.915741	-1	-1	-1
1	1	-3.11283	0.915741	-1	-1	-1
1	1	-2.96283	0.915741	2701	2762.97	-1
1	1	-2.81283	0.915741	599	636.281	-1
1	1	-5.06283	1.06574	-1	-1	-1
1	1	-4.91283	1.06574	-1	-1	-1
1	1	-4.76283	1.06574	-1	-1	-1
1	1	-4.61283	1.06574	-1	-1	-1
1	1	-4.46283	1.06574	-1	-1	-1
1	1	-4.31283	1.06574	-1	-1	-1
1	1	-4.16283	1.06574	-1	-1	-1
1	1	-4.01283	1.06574	-1	-1	-1
1	1	-3.86283	1.06574	-1	-1	-1
1	1	-3.71283	1.06574	-1	-1	-1
1	1	-3.56283	1.06574	-1	-1	-1
1	1	-3.41283	1.06574	-1	-1	-1
1	1	-3.26283	1.06574	-1	-1	-1
1	1	-3.11283	1.06574	-1	-1	-1
1	1	-2.96283	1.06574	2549	2675.22	-1
1	1	-2.81283	1.06574	540	567.906	-1
1	1	-5.06283	1.21574	-1	-1	-1
1	1	-4.91283	1.21574	-1	-1	-1
1	1	-4.76283	1.21574	-1	-1	-1
1	1	-4.61283	1.21574	-1	-1	-1
1	1	-4.46283	1.21574	-1	-1	-1
1	1	-4.31283	1.21574	-1	-1	-1
1	1	-4.16283	1.21574	-1	-1	-1
1	1	-4.01283	1.21574	-1	-1	-1
1	1	-3.86283	1.21574	-1	-1	-1
1	1	-3.71283	1.21574	-1	-1	-1
1	1	-3.56283	1.21574	-1	-1	-1
1	1	-3.41283	1.21574	-1	-1	-1
1	1	-3.26283	1.21574	-1	-1	-1
1	1	-3.11283	1.21574	5124	5257.62	-1
1	1	-2.96283	1.21574	554	587.469	-1
1	1	-2.81283	1.21574	606	639.594	-1
1	1	-5.06283	1.36574	-1	-1	-1
1	1	-4.91283	1.36574	-1	-1	-1
1	1	-4.76283	1.36574	-1	-1	-1
1	1	-4.61283	1.36574	-1	-1	-1
1	1	-4.46283	1.36574	-1	-1	-1
1	1	-4.31283	1.36574	-1	-1	-1
1	1	-4.16283	1.36574	-1	-1	-1
1	1	-4.01283	1.36574	-1	-1	-1
1	1	-3.86283	1.36574	-1	-1	-1
1	1	-3.71283	1.36574	-1	-1	-1
1	1	-3.56283	1.36574	-1	-1	-1
1	1	-3.41283	1.36574	-1	-1	-1
1	1	-3.26283	1.36574	-1	-1	-1
1	1	-3.11283	1.36574	629	686.438	-1
1	1	-2.96283	1.36574	535	565	-1
1	1	-2.81283	1.36574	398	425.125	-1
1	1	-5.06283	1.51574	-1	-1	-1
1	1	-4.91283	1.51574	-1	-1	-1
1	1	-4.76283	1.51574	-1	-1	-1
1	1	-4.61283	1.51574	-1	-1	-1
1	1	-4.46283	1.51574	-1	-1	-1
1	1	-4.31283	1.51574	-1	-1	-1
1	1	-4.16283	1.51574	-1	-1	-1
1	1	-4.01283	1.51574	-1	-1	-1
1	1	-3.86283	1.51574	-1	-1	-1
1	1	-3.71283	1.51574	-1	-1	-1
1	1	-3.56283	1.51574	-1	-1	-1
1	1	-3.41283	1.51574	-1	-1	-1
1	1	-3.26283	1.51574	-1	-1	-1
1	1	-3.11283	1.51574	-1	-1	-1
1	1	-2.96283	1.51574	456	504.344	-1
1	1	-2.81283	1.51574	335	364.344	-1
1	1	-5.06283	1.66574	5338	-1	-1
1	1	-4.91283	1.66574	-1	-1	-1
1	1	-4.76283	1.66574	-1	-1	-1
1	1	-4.61283	1.66574	-1	-1	-1
1	1	-4.46283	1.66574	-1	-1	-1
1	1	-4.31283	1.66574	-1	-1	-1
1	1	-4.16283	1.66574	-1	-1	-1
1	1	-4.01283	1.66574	-1	-1	-1
1	1	-3.86283	1.66574	-1	-1	-1
1	1	-3.71283	1.66574	-1	-1	-1
1	1	-3.56283	1.66574	-1	-1	-1
1	1	-3.41283	1.66574	-1	-1	-1
1	1	-3.26283	1.66574	3924	3981.69	-1
1	1	-3.11283	1.66574	4764	4805.62	-1
1	1	-2.96283	1.66574	1332	1469.81	-1
1	1	-2.81283	1.66574	300	446.312	-1
1	1	-5.06283	1.81574	-1	-1	-1
1	1	-4.91283	1.81574	-1	-1	-1
1	1	-4.76283	1.81574	-1	-1	-1
1	1	-4.61283	1.81574	-1	-1	-1
1	1	-4.46283	1.81574	-1	-1	-1
1	1	-4.31283	1.81574	-1	-1	-1
1	1	-4.16283	1.81574	-1	-1	-1
1	1	-4.01283	1.81574	-1	-1	-1
1	1	-3.86283	1.81574	4494	4534.34	-1
1	1	-3.71283	1.81574	4659	4706.59	-1
1	1	-3.56283	1.81574	4350	4395.12	-1
1	1	-3.41283	1.81574	4002	4086.66	-1
1	1	-3.26283	1.81574	3822	3858.81	-1
1	1	-3.11283	1.81574	3897	3951.91	-1
1	1	-2.96283	1.81574	1499	1649.5	-1
1	1	-2.81283	1.81574	479	514.344	-1
1	1	-5.06283	1.96574	-1	-1	-1
1	1	-4.91283	1.96574	-1	-1	-1
1	1	-4.76283	1.96574	-1	-1	-1
1	1	-4.61283	1.96574	-1	-1	-1
1	1	-4.46283	1.96574	-1	-1	-1
1	1	-4.31283	1.96574	-1	-1	-1
1	1	-4.16283	1.96574	4887	4922.06	-1
1	1	-4.01283	1.96574	4387	4433.72	-1
1	1	-3.86283	1.96574	4293	4337.59	-1
1	1	-3.71283	1.96574	4415	4453.03	-1
1	1	-3.56283	1.96574	4197	4255.97	-1
1	1	-3.41283	1.96574	3637	3673.53	-1
1	1	-3.26283	1.96574	3710	3750.12	-1
1	1	-3.11283	1.96574	3813	3869.62	-1
1	1	-2.96283	1.96574	4031	4080	-1
1	1	-2.81283	1.96574	656	690.125	-1
1	1	-5.06283	2.11574	-1	-1	-1
1	1	-4.91283	2.11574	-1	-1	-1
1	1	-4.76283	2.11574	-1	-1	-1
1	1	-4.61283	2.11574	-1	-1	-1
1	1	-4.46283	2.11574	-1	-1	-1
1	1	-4.31283	2.11574	-1	-1	-1
1	1	-4.16283	2.11574	4796	4840	-1
1	1	-4.01283	2.11574	4469	4521.91	-1
1	1	-3.86283	2.11574	4209	4259.09	-1
1	1	-3.71283	2.11574	4173	4224.12	-1
1	1	-3.56283	2.11574	3793	3888.19	-1
1	1	-3.41283	2.11574	3253	3423.97	-1
1	1	-3.26283	2.11574	3469	3501.53	-1
1	1	-3.11283	2.11574	3745	3801.19	-1
1	1	-2.96283	2.11574	4054	4086.5	-1
1	1	-2.81283	2.11574	687	752.094	-1
1	1	-5.06283	2.26574	-1	-1	-1
1	1	-4.91283	2.26574	-1	-1	-1
1	1	-4.76283	2.26574	-1	-1	-1
1	1	-4.61283	2.26574	-1	-1	-1
1	1	-4.46283	2.26574	-1	-1	-1
1	1	-4.31283	2.26574	-1	-1	-1
1	1	-4.16283	2.26574	4697	4744.31	-1
1	1	-4.01283	2.26574	4504	4549.88	-1
1	1	-3.86283	2.26574	4305	4348.94	-1
1	1	-3.71283	2.26574	4156	4216	-1
1	1	-3.56283	2.26574	3953	4020.25	-1
1	1	-3.41283	2.26574	3550	3585.12	-1
1	1	-3.26283	2.26574	3621	3692.47	-1
1	1	-3.11283	2.26574	3870	3906.78	-1
1	1	-2.96283	2.26574	4235	4317.06	-1
1	1	-2.81283	2.26574	-1	-1	-1
1	1	-5.06283	2.41574	-1	-1	-1
1	1	-4.91283	2.41574	-1	-1	-1
1	1	-4.76283	2.41574	-1	-1	-1
1	1	-4.61283	2.41574	-1	-1	-1
1	1	-4.46283	2.41574	-1	-1	-1
1	1	-4.31283	2.41574	-1	-1	-1
1	1	-4.16283	2.41574	-1	-1	-1
1	1	-4.01283	2.41574	4609	4649.34	-1
1	1	-3.86283	2.41574	4546	4599.56	-1
1	1	-3.71283	2.41574	4107	4155.72	-1
1	1	-3.56283	2.41574	3862	3916.66	-1
1	1	-3.41283	2.41574	3986	4047.72	-1
1	1	-3.26283	2.41574	3657	3706.16	-1
1	1	-3.11283	2.41574	3935	4029.91	-1
1	1	-2.96283	2.41574	4132	4183.41	-1
1	1	-2.81283	2.41574	4314	4369.88	-1
1	1	-5.06283	2.56574	-1	-1	-1
1	1	-4.91283	2.56574	-1	-1	-1
1	1	-4.76283	2.56574	-1	-1	-1
1	1	-4.61283	2.56574	-1	-1	-1
1	1	-4.46283	2.56574	-1	-1	-1
1	1	-4.31283	2.56574	-1	-1	-1
1	1	-4.16283	2.56574	4769	4809.25	-1
1	1	-4.01283	2.56574	4637	4690.09	-1
1	1	-3.86283	2.56574	4441	4498.31	-1
1	1	-3.71283	2.56574	3962	4013.97	-1
1	1	-3.56283	2.56574	3605	3638.94	-1
1	1	-3.41283	2.56574	3770	3824.25	-1
1	1	-3.26283	2.56574	4146	4198.56	-1
1	1	-3.11283	2.56574	4014	4110.41	-1
1	1	-2.96283	2.56574	4154	4226.56	-1
1	1	-2.81283	2.56574	2619	2655	-1
1	1	-5.06283	2.71574	-1	-1	-1
1	1	-4.91283	2.71574	-1	-1	-1
1	1	-4.76283	2.71574	-1	-1	-1
1	1	-4.61283	2.71574	-1	-1	-1
1	1	-4.46283	2.71574	-1	-1	-1
1	1	-4.31283	2.71574	-1	-1	-1
1	1	-4.16283	2.71574	3461	3505.53	-1
1	1	-4.01283	2.71574	3548	3592.69	-1
1	1	-3.86283	2.71574	3513	3551.69	-1
1	1	-3.71283	2.71574	3336	3385.88	-1
1	1	-3.56283	2.71574	3426	3464.62	-1
1	1	-3.41283	2.71574	3679	3715.03	-1
1	1	-3.26283	2.71574	3801	3840.84	-1
1	1	-3.11283	2.71574	4186	4241.53	-1
1	1	-2.96283	2.71574	3234	3401.22	-1
1	1	-2.81283	2.71574	2545	2578.56	-1
1	1	-5.06283	2.86574	-1	-1	-1
1	1	-4.91283	2.86574	-1	-1	-1
1	1	-4.76283	2.86574	-1	-1	-1
1	1	-4.61283	2.86574	-1	-1	-1
1	1	-4.46283	2.86574	-1	-1	-1
1	1	-4.31283	2.86574	-1	-1	-1
1	1	-4.16283	2.86574	3367	3415.12	-1
1	1	-4.01283	2.86574	2916	2961.72	-1
1	1	-3.86283	2.86574	2997	3038.94	-1
1	1	-3.71283	2.86574	2926	2966.25	-1
1	1	-3.56283	2.86574	3265	3300.81	-1
1	1	-3.41283	2.86574	3880	3917.81	-1
1	1	-3.26283	2.86574	4263	4299.94	-1
1	1	-3.11283	2.86574	4438	4474.47	-1
1	1	-2.96283	2.86574	4360	4399.09	-1
1	1	-2.81283	2.86574	3432	3469.34	-1
1	1	-5.06283	3.01574	-1	-1	-1
1	1	-4.91283	3.01574	-1	-1	-1
1	1	-4.76283	3.01574	-1	-1	-1
1	1	-4.61283	3.01574	-1	-1	-1
1	1	-4.46283	3.01574	-1	-1	-1
1	1	-4.31283	3.01574	-1	-1	-1
1	1	-4.16283	3.01574	3082	3129.28	-1
1	1	-4.01283	3.01574	2757	2808.03	-1
1	1	-3.86283	3.01574	2747	2784.72	-1
1	1	-3.71283	3.01574	2834	2874.34	-1
1	1	-3.56283	3.01574	4519	4570.22	-1
1	1	-3.41283	3.01574	4570	4609.5	-1
1	1	-3.26283	3.01574	-1	-1	-1
1	1	-3.11283	3.01574	1096	1137.22	-1
1	1	-2.96283	3.01574	1010	1060.31	-1
1	1	-2.81283	3.01574	770	807.781	-1
1	1	-5.06283	3.16574	-1	-1	-1
1	1	-4.91283	3.16574	-1	-1	-1
1	1	-4.76283	3.16574	-1	-1	-1
1	1	-4.61283	3.16574	-1	-1	-1
1	1	-4.46283	3.16574	-1	-1	-1
1	1	-4.31283	3.16574	-1	-1	-1
1	1	-4.16283	3.16574	3172	3216.69	-1
1	1	-4.01283	3.16574	2645	2693.19	-1
1	1	-3.86283	3.16574	2549	2606.56	-1
1	1	-3.71283	3.16574	2659	2716.72	-1
1	1	-3.56283	3.16574	4648	4697.69	-1
1	1	-3.41283	3.16574	-1	-1	-1
1	1	-3.26283	3.16574	1255	1294	-1
1	1	-3.11283	3.16574	1174	1215.78	-1
1	1	-2.96283	3.16574	938	974.719	-1
1	1	-2.81283	3.16574	843	881.5	-1
2	4	-3.36454	-2.17154	-1	-1	-1
2	4	-3.21454	-2.17154	-1	-1	-1
2	4	-3.06454	-2.17154	-1	-1	-1
2	4	-2.91454	-2.17154	-1	-1	-1
2	4	-2.76454	-2.17154	1718	1757.25	-1
2	4	-2.61454	-2.17154	1744	1774.59	-1
2	4	-2.46454	-2.17154	-1	-1	-1
2	4	-2.31454	-2.17154	513	540.469	-1
2	4	-3.36454	-2.02154	-1	-1	-1
2	4	-3.21454	-2.02154	-1	-1	-1
2	4	-3.06454	-2.02154	-1	-1	-1
2	4	-2.91454	-2.02154	-1	-1	-1
2	4	-2.76454	-2.02154	1586	1617.28	-1
2	4	-2.61454	-2.02154	1525	1555.81	-1
2	4	-2.46454	-2.02154	1329	1357.19	-1
2	4	-2.31454	-2.02154	509	680.156	-1
2	4	-3.36454	-1.87154	-1	-1	-1
2	4	-3.21454	-1.87154	-1	-1	-1
2	4	-3.06454	-1.87154	-1	-1	-1
2	4	-2.91454	-1.87154	-1	-1	-1
2	4	-2.76454	-1.87154	1647	1688	-1
2	4	-2.61454	-1.87154	1449	1494.97	-1
2	4	-2.46454	-1.87154	1386	1415.25	-1
2	4	-2.31454	-1.87154	704	735.531	-1
2	4	-3.36454	-1.72154	-1	-1	-1
2	4	-3.21454	-1.72154	-1	-1	-1
2	4	-3.06454	-1.72154	-1	-1	-1
2	4	-2.91454	-1.72154	-1	-1	-1
2	4	-2.76454	-1.72154	-1	-1	-1
2	4	-2.61454	-1.72154	-1	-1	-1
2	4	-2.46454	-1.72154	-1	-1	-1
2	4	-2.31454	-1.72154	-1	-1	-1
2	4	-3.36454	-1.57154	-1	-1	-1
2	4	-3.21454	-1.57154	-1	-1	-1
2	4	-3.06454	-1.57154	-1	-1	-1
2	4	-2.91454	-1.57154	-1	-1	-1
2	4	-2.76454	-1.57154	-1	-1	-1
2	4	-2.61454	-1.57154	-1	-1	-1
2	4	-2.46454	-1.57154	-1	-1	-1
2	4	-2.31454	-1.57154	-1	-1	-1
2	4	-3.36454	-1.42154	-1	-1	-1
2	4	-3.21454	-1.42154	-1	-1	-1
2	4	-3.06454	-1.42154	-1	-1	-1
2	4	-2.91454	-1.42154	-1	-1	-1
2	4	-2.76454	-1.42154	-1	-1	-1
2	4	-2.61454	-1.42154	-1	-1	-1
2	4	-2.46454	-1.42154	-1	-1	-1
2	4	-2.31454	-1.42154	1714	1739	-1
2	4	-3.36454	-1.27154	-1	-1	-1
2	4	-3.21454	-1.27154	-1	-1	-1
2	4	-3.06454	-1.27154	2312	2429.88	-1
2	4	-2.91454	-1.27154	1203	1333.69	-1
2	4	-2.76454	-1.27154	-1	-1	-1
2	4	-2.61454	-1.27154	-1	-1	-1
2	4	-2.46454	-1.27154	-1	-1	-1
2	4	-2.31454	-1.27154	-1	-1	-1
2	4	-3.36454	-1.12154	-1	-1	-1
2	4	-3.21454	-1.12154	-1	-1	-1
2	4	-3.06454	-1.12154	1358	1385.25	-1
2	4	-2.91454	-1.12154	488	523.281	-1
2	4	-2.76454	-1.12154	439	464.75	-1
2	4	-2.61454	-1.12154	549	589.812	-1
2	4	-2.46454	-1.12154	-1	-1	-1
2	4	-2.31454	-1.12154	427	455.875	-1
3	4	-4.19277	-8.66551	-1	-1	-1
3	4	-4.04277	-8.66551	-1	-1	-1
3	4	-3.89277	-8.66551	3153	3226.28	-1
3	4	-3.74277	-8.66551	2535	2613.91	-1
3	4	-3.59277	-8.66551	2230	2305.44	-1
3	4	-3.44277	-8.66551	2389	2461.75	-1
3	4	-3.29277	-8.66551	3183	3254.88	-1
3	4	-3.14277	-8.66551	2073	2168.38	-1
3	4	-4.19277	-8.51551	-1	-1	-1
3	4	-4.04277	-8.51551	-1	-1	-1
3	4	-3.89277	-8.51551	3004	3074.25	-1
3	4	-3.74277	-8.51551	2822	2901.12	-1
3	4	-3.59277	-8.51551	2682	2754.69	-1
3	4	-3.44277	-8.51551	3581	3659.22	-1
3	4	-3.29277	-8.51551	3870	3946.78	-1
3	4	-3.14277	-8.51551	5041	5118.25	-1
3	4	-4.19277	-8.36551	-1	-1	-1
3	4	-4.04277	-8.36551	-1	-1	-1
3	4	-3.89277	-8.36551	3304	3375.62	-1
3	4	-3.74277	-8.36551	4979	5098.75	-1
3	4	-3.59277	-8.36551	2994	3070.59	-1
3	4	-3.44277	-8.36551	3309	3375.59	-1
3	4	-3.29277	-8.36551	3593	3665.88	-1
3	4	-3.14277	-8.36551	4988	5059.38	-1
3	4	-4.19277	-8.21551	-1	-1	-1
3	4	-4.04277	-8.21551	5319	5398.81	-1
3	4	-3.89277	-8.21551	4833	4907.62	-1
3	4	-3.74277	-8.21551	4829	4899.09	-1
3	4	-3.59277	-8.21551	3145	3230.41	-1
3	4	-3.44277	-8.21551	3440	3510.5	-1
3	4	-3.29277	-8.21551	3483	3550.34	-1
3	4	-3.14277	-8.21551	3880	3958.22	-1
3	4	-4.19277	-8.06551	-1	-1	-1
3	4	-4.04277	-8.06551	4983	5096.81	-1
3	4	-3.89277	-8.06551	4665	4763.38	-1
3	4	-3.74277	-8.06551	4076	4149.75	-1
3	4	-3.59277	-8.06551	3619	3698.62	-1
3	4	-3.44277	-8.06551	4213	4282.25	-1
3	4	-3.29277	-8.06551	3730	3803.34	-1
3	4	-3.14277	-8.06551	4956	5046.19	-1
3	4	-4.19277	-7.91551	-1	-1	-1
3	4	-4.04277	-7.91551	4841	4925.34	-1
3	4	-3.89277	-7.91551	4644	4721.12	-1
3	4	-3.74277	-7.91551	4247	4310.91	-1
3	4	-3.59277	-7.91551	3772	3841.47	-1
3	4	-3.44277	-7.91551	3910	4008.12	-1
3	4	-3.29277	-7.91551	4640	4737.44	-1
3	4	-3.14277	-7.91551	4818	4881.84	-1
3	4	-4.19277	-7.76551	5198	5266.59	-1
3	4	-4.04277	-7.76551	5007	5076.5	-1
3	4	-3.89277	-7.76551	4508	4579.88	-1
3	4	-3.74277	-7.76551	4375	4443.53	-1
3	4	-3.59277	-7.76551	4104	4168.81	-1
3	4	-3.44277	-7.76551	4229	4292.72	-1
3	4	-3.29277	-7.76551	4359	4419.97	-1
3	4	-3.14277	-7.76551	5000	5069.41	-1
3	4	-4.19277	-7.61551	5382	-1	-1
3	4	-4.04277	-7.61551	5165	5248.97	-1
3	4	-3.89277	-7.61551	5380	-1	-1
3	4	-3.74277	-7.61551	4685	4754.31	-1
3	4	-3.59277	-7.61551	4503	4575	-1
3	4	-3.44277	-7.61551	4482	4561.5	-1
3	4	-3.29277	-7.61551	-1	-1	-1
3	4	-3.14277	-7.61551	-1	-1	-1
4	4	7.24076	5.38922	2207	2306.91	-1
4	4	7.39076	5.38922	3305	3400.56	-1
4	4	7.54076	5.38922	-1	-1	-1
4	4	7.69076	5.38922	-1	-1	-1
4	4	7.84076	5.38922	-1	-1	-1
4	4	7.99076	5.38922	-1	-1	-1
4	4	8.14076	5.38922	-1	-1	-1
4	4	8.29076	5.38922	-1	-1	-1
4	4	7.24076	5.53922	3497	3571.44	-1
4	4	7.39076	5.53922	-1	-1	-1
4	4	7.54076	5.53922	-1	-1	-1
4	4	7.69076	5.53922	-1	-1	-1
4	4	7.84076	5.53922	-1	-1	-1
4	4	7.99076	5.53922	-1	-1	-1
4	4	8.14076	5.53922	-1	-1	-1
4	4	8.29076	5.53922	-1	-1	-1
4	4	7.24076	5.68922	-1	-1	-1
4	4	7.39076	5.68922	-1	-1	-1
4	4	7.54076	5.68922	-1	-1	-1
4	4	7.69076	5.68922	-1	-1	-1
4	4	7.84076	5.68922	-1	-1	-1
4	4	7.99076	5.68922	-1	-1	-1
4	4	8.14076	5.68922	-1	-1	-1
4	4	8.29076	5.68922	-1	-1	-1
4	4	7.24076	5.83922	-1	-1	-1
4	4	7.39076	5.83922	-1	-1	-1
4	4	7.54076	5.83922	-1	-1	-1
4	4	7.69076	5.83922	-1	-1	-1
4	4	7.84076	5.83922	-1	-1	-1
4	4	7.99076	5.83922	-1	-1	-1
4	4	8.14076	5.83922	-1	-1	-1
4	4	8.29076	5.83922	-1	-1	-1
4	4	7.24076	5.98922	-1	-1	-1
4	4	7.39076	5.98922	-1	-1	-1
4	4	7.54076	5.98922	-1	-1	-1
4	4	7.69076	5.98922	-1	-1	-1
4	4	7.84076	5.98922	-1	-1	-1
4	4	7.99076	5.98922	3278	3387.22	-1
4	4	8.14076	5.98922	3458	3530.84	-1
4	4	8.29076	5.98922	3758	3831.69	-1
4	4	7.24076	6.13922	-1	-1	-1
4	4	7.39076	6.13922	-1	-1	-1
4	4	7.54076	6.13922	-1	-1	-1
4	4	7.69076	6.13922	-1	-1	-1
4	4	7.84076	6.13922	-1	-1	-1
4	4	7.99076	6.13922	-1	-1	-1
4	4	8.14076	6.13922	3612	3685.84	-1
4	4	8.29076	6.13922	3906	3988.34	-1
4	4	7.24076	6.28922	-1	-1	-1
4	4	7.39076	6.28922	-1	-1	-1
4	4	7.54076	6.28922	-1	-1	-1
4	4	7.69076	6.28922	-1	-1	-1
4	4	7.84076	6.28922	-1	-1	-1
4	4	7.99076	6.28922	-1	-1	-1
4	4	8.14076	6.28922	-1	-1	-1
4	4	8.29076	6.28922	-1	-1	-1
4	4	7.24076	6.43922	-1	-1	-1
4	4	7.39076	6.43922	-1	-1	-1
4	4	7.54076	6.43922	-1	-1	-1
4	4	7.69076	6.43922	-1	-1	-1
4	4	7.84076	6.43922	-1	-1	-1
4	4	7.99076	6.43922	-1	-1	-1
4	4	8.14076	6.43922	3338	3418.94	-1
4	4	8.29076	6.43922	2489	2564.53	-1
5	4	3.67986	8.11247	1010	1097.56	-1
5	4	3.82986	8.11247	-1	-1	-1
5	4	3.97986	8.11247	-1	-1	-1
5	4	4.12986	8.11247	-1	-1	-1
5	4	4.27986	8.11247	-1	-1	-1
5	4	4.42986	8.11247	-1	-1	-1
5	4	4.57986	8.11247	-1	-1	-1
5	4	4.72986	8.11247	-1	-1	-1
5	4	3.67986	8.26247	-1	-1	-1
5	4	3.82986	8.26247	-1	-1	-1
5	4	3.97986	8.26247	-1	-1	-1
5	4	4.12986	8.26247	-1	-1	-1
5	4	4.27986	8.26247	-1	-1	-1
5	4	4.42986	8.26247	-1	-1	-1
5	4	4.57986	8.26247	-1	-1	-1
5	4	4.72986	8.26247	-1	-1	-1
5	4	3.67986	8.41247	-1	-1	-1
5	4	3.82986	8.41247	-1	-1	-1
5	4	3.97986	8.41247	-1	-1	-1
5	4	4.12986	8.41247	-1	-1	-1
5	4	4.27986	8.41247	-1	-1	-1
5	4	4.42986	8.41247	-1	-1	-1
5	4	4.57986	8.41247	-1	-1	-1
5	4	4.72986	8.41247	-1	-1	-1
5	4	3.67986	8.56247	-1	-1	-1
5	4	3.82986	8.56247	-1	-1	-1
5	4	3.97986	8.56247	-1	-1	-1
5	4	4.12986	8.56247	-1	-1	-1
5	4	4.27986	8.56247	-1	-1	-1
5	4	4.42986	8.56247	-1	-1	-1
5	4	4.57986	8.56247	-1	-1	-1
5	4	4.72986	8.56247	-1	-1	-1
5	4	3.67986	8.71247	-1	-1	-1
5	4	3.82986	8.71247	-1	-1	-1
5	4	3.97986	8.71247	-1	-1	-1
5	4	4.12986	8.71247	-1	-1	-1
5	4	4.27986	8.71247	-1	-1	-1
5	4	4.42986	8.71247	-1	-1	-1
5	4	4.57986	8.71247	-1	-1	-1
5	4	4.72986	8.71247	-1	-1	-1
5	4	3.67986	8.86247	-1	-1	-1
5	4	3.82986	8.86247	-1	-1	-1
5	4	3.97986	8.86247	-1	-1	-1
5	4	4.12986	8.86247	-1	-1	-1
5	4	4.27986	8.86247	-1	-1	-1
5	4	4.42986	8.86247	-1	-1	-1
5	4	4.57986	8.86247	-1	-1	-1
5	4	4.72986	8.86247	-1	-1	-1
5	4	3.67986	9.01247	-1	-1	-1
5	4	3.82986	9.01247	-1	-1	-1
5	4	3.97986	9.01247	-1	-1	-1
5	4	4.12986	9.01247	-1	-1	-1
5	4	4.27986	9.01247	-1	-1	-1
5	4	4.42986	9.01247	-1	-1	-1
5	4	4.57986	9.01247	-1	-1	-1
5	4	4.72986	9.01247	-1	-1	-1
5	4	3.67986	9.16247	-1	-1	-1
5	4	3.82986	9.16247	1028	1112.38	-1
5	4	3.97986	9.16247	-1	-1	-1
5	4	4.12986	9.16247	-1	-1	-1
5	4	4.27986	9.16247	-1	-1	-1
5	4	4.42986	9.16247	-1	-1	-1
5	4	4.57986	9.16247	-1	-1	-1
5	4	4.72986	9.16247	-1	-1	-1
6	16	-0.872151	2.3559	1080	1112.41	-1
6	16	-0.722151	2.3559	178	312.094	-1
6	16	-0.572151	2.3559	332	362.844	-1
6	16	-0.422151	2.3559	-1	-1	-1
6	16	-0.872151	2.5059	998	1039.09	-1
6	16	-0.722151	2.5059	2370	2494.47	-1
6	16	-0.572151	2.5059	-1	-1	-1
6	16	-0.422151	2.5059	-1	-1	-1
6	16	-0.872151	2.6559	2341	2481.91	-1
6	16	-0.722151	2.6559	-1	-1	-1
6	16	-0.572151	2.6559	-1	-1	-1
6	16	-0.422151	2.6559	252	277	-1
6	16	-0.872151	2.8059	-1	-1	-1
6	16	-0.722151	2.8059	-1	-1	-1
6	16	-0.572151	2.8059	-1	-1	-1
6	16	-0.422151	2.8059	-1	-1	-1
7	16	-6.07611	1.21702	-1	-1	-1
7	16	-5.92611	1.21702	-1	-1	-1
7	16	-5.77611	1.21702	-1	-1	-1
7	16	-5.62611	1.21702	-1	-1	-1
7	16	-6.07611	1.36702	-1	-1	-1
7	16	-5.92611	1.36702	-1	-1	-1
7	16	-5.77611	1.36702	-1	-1	-1
7	16	-5.62611	1.36702	-1	-1	-1
7	16	-6.07611	1.51702	-1	-1	-1
7	16	-5.92611	1.51702	-1	-1	-1
7	16	-5.77611	1.51702	-1	-1	-1
7	16	-5.62611	1.51702	-1	-1	-1
7	16	-6.07611	1.66702	-1	-1	-1
7	16	-5.92611	1.66702	-1	-1	-1
7	16	-5.77611	1.66702	-1	-1	-1
7	16	-5.62611	1.66702	-1	-1	-1
8	16	-6.64991	-2.52245	-1	-1	-1
8	16	-6.49991	-2.52245	-1	-1	-1
8	16	-6.34991	-2.52245	-1	-1	-1
8	16	-6.19991	-2.52245	-1	-1	-1
8	16	-6.64991	-2.37245	-1	-1	-1
8	16	-6.49991	-2.37245	-1	-1	-1
8	16	-6.34991	-2.37245	-1	-1	-1
8	16	-6.19991	-2.37245	-1	-1	-1
8	16	-6.64991	-2.22245	-1	-1	-1
8	16	-6.49991	-2.22245	-1	-1	-1
8	16	-6.34991	-2.22245	-1	-1	-1
8	16	-6.19991	-2.22245	-1	-1	-1
8	16	-6.64991	-2.07245	-1	-1	-1
8	16	-6.49991	-2.07245	-1	-1	-1
8	16	-6.34991	-2.07245	-1	-1	-1
8	16	-6.19991	-2.07245	-1	-1	-1
9	16	-2.67341	7.3255	-1	-1	-1
9	16	-2.52341	7.3255	-1	-1	-1
9	16	-2.37341	7.3255	-1	-1	-1
9	16	-2.22341	7.3255	-1	-1	-1
9	16	-2.67341	7.4755	-1	-1	-1
9	16	-2.52341	7.4755	-1	-1	-1
9	16	-2.37341	7.4755	-1	-1	-1
9	16	-2.22341	7.4755	-1	-1	-1
9	16	-2.67341	7.6255	-1	-1	-1
9	16	-2.52341	7.6255	-1	-1	-1
9	16	-2.37341	7.6255	-1	-1	-1
9	16	-2.22341	7.6255	-1	-1	-1
9	16	-2.67341	7.7755	-1	-1	-1
9	16	-2.52341	7.7755	-1	-1	-1
9	16	-2.37341	7.7755	-1	-1	-1
9	16	-2.22341	7.7755	-1	-1	-1
10	16	-5.48591	-3.36609	-1	-1	-1
10	16	-5.33591	-3.36609	-1	-1	-1
10	16	-5.18591	-3.36609	-1	-1	-1
10	16	-5.03591	-3.36609	4912	4957.88	-1
10	16	-5.48591	-3.21609	-1	-1	-1
10	16	-5.33591	-3.21609	-1	-1	-1
10	16	-5.18591	-3.21609	-1	-1	-1
10	16	-5.03591	-3.21609	4999	5046.12	-1
10	16	-5.48591	-3.06609	-1	-1	-1
10	16	-5.33591	-3.06609	-1	-1	-1
10	16	-5.18591	-3.06609	-1	-1	-1
10	16	-5.03591	-3.06609	-1	-1	-1
10	16	-5.48591	-2.91609	-1	-1	-1
10	16	-5.33591	-2.91609	-1	-1	-1
10	16	-5.18591	-2.91609	-1	-1	-1
10	16	-5.03591	-2.91609	-1	-1	-1
11	16	-1.32933	-8.95112	-1	-1	-1
11	16	-1.17933	-8.95112	-1	-1	-1
11	16	-1.02933	-8.95112	3145	3213.31	-1
11	16	-0.879334	-8.95112	2885	2966.12	-1
11	16	-1.32933	-8.80112	-1	-1	-1
11	16	-1.17933	-8.80112	-1	-1	-1
11	16	-1.02933	-8.80112	-1	-1	-1
11	16	-0.879334	-8.80112	-1	-1	-1
11	16	-1.32933	-8.65112	-1	-1	-1
11	16	-1.17933	-8.65112	-1	-1	-1
11	16	-1.02933	-8.65112	2864	2946.19	-1
11	16	-0.879334	-8.65112	2738	2801.19	-1
11	16	-1.32933	-8.50112	-1	-1	-1
11	16	-1.17933	-8.50112	-1	-1	-1
11	16	-1.02933	-8.50112	3022	3106.25	-1
11	16	-0.879334	-8.50112	2592	2660.62	-1
12	16	-7.1012	4.16239	-1	-1	-1
12	16	-6.9512	4.16239	-1	-1	-1
12	16	-6.8012	4.16239	-1	-1	-1
12	16	-6.6512	4.16239	-1	-1	-1
12	16	-7.1012	4.31239	-1	-1	-1
12	16	-6.9512	4.31239	-1	-1	-1
12	16	-6.8012	4.31239	-1	-1	-1
12	16	-6.6512	4.31239	-1	-1	-1
12	16	-7.1012	4.46239	-1	-1	-1
12	16	-6.9512	4.46239	-1	-1	-1
12	16	-6.8012	4.46239	-1	-1	-1
12	16	-6.6512	4.46239	686	746.344	-1
12	16	-7.1012	4.61239	-1	-1	-1
12	16	-6.9512	4.61239	-1	-1	-1
12	16	-6.8012	4.61239	560	622.688	-1
12	16	-6.6512	4.61239	435	496.344	-1
13	16	-4.83125	-3.03729	4797	4848.53	-1
13	16	-4.68125	-3.03729	4706	4751.44	-1
13	16	-4.53125	-3.03729	-1	-1	-1
13	16	-4.38125	-3.03729	-1	-1	-1
13	16	-4.83125	-2.88729	-1	-1	-1
13	16	-4.68125	-2.88729	-1	-1	-1
13	16	-4.53125	-2.88729	-1	-1	-1
13	16	-4.38125	-2.88729	-1	-1	-1
13	16	-4.83125	-2.73729	-1	-1	-1
13	16	-4.68125	-2.73729	-1	-1	-1
13	16	-4.53125	-2.73729	-1	-1	-1
13	16	-4.38125	-2.73729	-1	-1	-1
13	16	-4.83125	-2.58729	-1	-1	-1
13	16	-4.68125	-2.58729	-1	-1	-1
13	16	-4.53125	-2.58729	-1	-1	-1
13	16	-4.38125	-2.58729	-1	-1	-1
14	16	-1.71493	4.43498	768	807.75	-1
14	16	-1.56493	4.43498	-1	-1	-1
14	16	-1.41493	4.43498	-1	-1	-1
14	16	-1.26493	4.43498	-1	-1	-1
14	16	-1.71493	4.58498	-1	-1	-1
14	16	-1.56493	4.58498	-1	-1	-1
14	16	-1.41493	4.58498	-1	-1	-1
14	16	-1.26493	4.58498	-1	-1	-1
14	16	-1.71493	4.73498	-1	-1	-1
14	16	-1.56493	4.73498	-1	-1	-1
14	16	-1.41493	4.73498	-1	-1	-1
14	16	-1.26493	4.73498	-1	-1	-1
14	16	-1.71493	4.88498	-1	-1	-1
14	16	-1.56493	4.88498	-1	-1	-1
14	16	-1.41493	4.88498	-1	-1	-1
14	16	-1.26493	4.88498	-1	-1	-1
15	16	-2.85362	9.0392	-1	-1	-1
15	16	-2.70362	9.0392	-1	-1	-1
15	16	-2.55362	9.0392	-1	-1	-1
15	16	-2.40362	9.0392	-1	-1	-1
15	16	-2.85362	9.1892	-1	-1	-1
15	16	-2.70362	9.1892	-1	-1	-1
15	16	-2.55362	9.1892	-1	-1	-1
15	16	-2.40362	9.1892	-1	-1	-1
15	16	-2.85362	9.3392	-1	-1	-1
15	16	-2.70362	9.3392	-1	-1	-1
15	16	-2.55362	9.3392	-1	-1	-1
15	16	-2.40362	9.3392	-1	-1	-1
15	16	-2.85362	9.4892	-1	-1	-1
15	16	-2.70362	9.4892	-1	-1	-1
15	16	-2.55362	9.4892	-1	-1	-1
15	16	-2.40362	9.4892	-1	-1	-1
16	16	-8.68131	4.92724	-1	-1	-1
16	16	-8.53131	4.92724	-1	-1	-1
16	16	-8.38131	4.92724	-1	-1	-1
16	16	-8.23131	4.92724	-1	-1	-1
16	16	-8.68131	5.07724	-1	-1	-1
16	16	-8.53131	5.07724	-1	-1	-1
16	16	-8.38131	5.07724	-1	-1	-1
16	16	-8.23131	5.07724	-1	-1	-1
16	16	-8.68131	5.22724	-1	-1	-1
16	16	-8.53131	5.22724	-1	-1	-1
16	16	-8.38131	5.22724	-1	-1	-1
16	16	-8.23131	5.22724	-1	-1	-1
16	16	-8.68131	5.37724	-1	-1	-1
16	16	-8.53131	5.37724	-1	-1	-1
16	16	-8.38131	5.37724	-1	-1	-1
16	16	-8.23131	5.37724	-1	-1	-1
17	16	-2.28117	-4.7567	-1	-1	-1
17	16	-2.13117	-4.7567	-1	-1	-1
17	16	-1.98117	-4.7567	-1	-1	-1
17	16	-1.83117	-4.7567	2938	2978.72	-1
17	16	-2.28117	-4.6067	-1	-1	-1
17	16	-2.13117	-4.6067	-1	-1	-1
17	16	-1.98117	-4.6067	3037	3094.16	-1
17	16	-1.83117	-4.6067	825	866.531	-1
17	16	-2.28117	-4.4567	4926	4980.62	-1
17	16	-2.13117	-4.4567	916	960.25	-1
17	16	-1.98117	-4.4567	628	666.188	-1
17	16	-1.83117	-4.4567	706	746.594	-1
17	16	-2.28117	-4.3067	1087	1132.62	-1
17	16	-2.13117	-4.3067	1002	1048.44	-1
17	16	-1.98117	-4.3067	70	110.656	-1
17	16	-1.83117	-4.3067	539	576.594	-1
18	16	-6.19808	1.99423	-1	-1	-1
18	16	-6.04808	1.99423	-1	-1	-1
18	16	-5.89808	1.99423	-1	-1	-1
18	16	-5.74808	1.99423	-1	-1	-1
18	16	-6.19808	2.14423	-1	-1	-1
18	16	-6.04808	2.14423	-1	-1	-1
18	16	-5.89808	2.14423	-1	-1	-1
18	16	-5.74808	2.14423	-1	-1	-1
18	16	-6.19808	2.29423	-1	-1	-1
18	16	-6.04808	2.29423	-1	-1	-1
18	16	-5.89808	2.29423	-1	-1	-1
18	16	-5.74808	2.29423	-1	-1	-1
18	16	-6.19808	2.44423	-1	-1	-1
18	16	-6.04808	2.44423	-1	-1	-1
18	16	-5.89808	2.44423	-1	-1	-1
18	16	-5.74808	2.44423	-1	-1	-1
19	16	-0.931561	-9.5202	1696	1769.53	-1
19	16	-0.781561	-9.5202	1663	1738.81	-1
19	16	-0.631561	-9.5202	1529	1598.78	-1
19	16	-0.481561	-9.5202	1879	1957.81	-1
19	16	-0.931561	-9.3702	2088	2155.97	-1
19	16	-0.781561	-9.3702	1851	1928.94	-1
19	16	-0.631561	-9.3702	1820	1896.31	-1
19	16	-0.481561	-9.3702	2019	2110.25	-1
19	16	-0.931561	-9.2202	2599	2691.81	-1
19	16	-0.781561	-9.2202	2576	2652.25	-1
19	16	-0.631561	-9.2202	2444	2508.5	-1
19	16	-0.481561	-9.2202	1960	2056.22	-1
19	16	-0.931561	-9.0702	2972	3056.59	-1
19	16	-0.781561	-9.0702	2721	2813.78	-1
19	16	-0.631561	-9.0702	2146	2221.59	-1
19	16	-0.481561	-9.0702	1796	1883.94	-1
20	16	-4.11632	5.5962	873	940.375	-1
20	16	-3.96632	5.5962	950	1018.5	-1
20	16	-3.81632	5.5962	1077	1145.03	-1
20	16	-3.66632	5.5962	2879	2931.31	-1
20	16	-4.11632	5.7462	4761	4818.16	-1
20	16	-3.96632	5.7462	-1	-1	-1
20	16	-3.81632	5.7462	-1	-1	-1
20	16	-3.66632	5.7462	-1	-1	-1
20	16	-4.11632	5.8962	-1	-1	-1
20	16	-3.96632	5.8962	-1	-1	-1
20	16	-3.81632	5.8962	-1	-1	-1
20	16	-3.66632	5.8962	-1	-1	-1
20	16	-4.11632	6.0462	-1	-1	-1
20	16	-3.96632	6.0462	-1	-1	-1
20	16	-3.81632	6.0462	-1	-1	-1
20	16	-3.66632	6.0462	-1	-1	-1
21	16	3.37252	6.51374	5335	-1	-1
21	16	3.52252	6.51374	-1	-1	-1
21	16	3.67252	6.51374	-1	-1	-1
21	16	3.82252	6.51374	-1	-1	-1
21	16	3.37252	6.66374	-1	-1	-1
21	16	3.52252	6.66374	-1	-1	-1
21	16	3.67252	6.66374	-1	-1	-1
21	16	3.82252	6.66374	-1	-1	-1
21	16	3.37252	6.81374	-1	-1	-1
21	16	3.52252	6.81374	-1	-1	-1
21	16	3.67252	6.81374	-1	-1	-1
21	16	3.82252	6.81374	-1	-1	-1
21	16	3.37252	6.96374	-1	-1	-1
21	16	3.52252	6.96374	-1	-1	-1
21	16	3.67252	6.96374	-1	-1	-1
21	16	3.82252	6.96374	-1	-1	-1
0	256	-5.24814	-4.5425	4735	4887.38	-1
0	256	5.33954	-6.35332	-1	-1	-1
0	256	-6.03339	-4.51875	-1	-1	-1
0	256	-0.365129	6.18181	-1	-1	-1
0	256	4.87532	8.01193	1069	1177.28	-1
0	256	7.21592	4.00248	-1	-1	-1
0	256	-7.35061	-3.27983	-1	-1	-1
0	256	5.53926	-6.64845	-1	-1	-1
0	256	3.75521	-5.0788	-1	-1	-1
0	256	5.14723	8.24449	-1	-1	-1
0	256	-5.2593	0.0566143	-1	-1	-1
0	256	-0.186652	6.39485	1183	1231.75	-1
0	256	-0.0303825	-7.48793	-1	-1	-1
0	256	-8.3915	-4.47569	3251	3317.47	-1
0	256	1.18526	4.90961	-1	-1	-1
0	256	-5.52113	1.1077	-1	-1	-1
0	256	-4.69555	7.17083	-1	-1	-1
0	256	-7.41683	-6.29284	3110	3181.94	-1
0	256	-3.05667	-6.12893	1258	1377.5	-1
0	256	-5.59658	7.3307	368	484.062	-1
0	256	6.81593	7.22825	-1	-1	-1
0	256	-7.63917	1.74781	-1	-1	-1
0	256	-1.76146	-7.82391	-1	-1	-1
0	256	-8.95854	-0.606287	3338	3401.19	-1
0	256	-5.86473	-1.58811	-1	-1	-1
0	256	9.62027	0.609387	5198	5278.53	-1
0	256	-2.49194	4.37442	928	994.562	-1
0	256	-5.41949	-0.901577	-1	-1	-1
0	256	-5.58259	-0.681733	-1	-1	-1
0	256	2.84457	4.83229	-1	-1	-1
0	256	3.82303	-9.22399	-1	-1	-1
0	256	6.717	6.92657	-1	-1	-1
0	256	-4.40715	3.68297	2824	2879.31	-1
0	256	-1.44023	-4.7157	-1	-1	-1
0	256	-1.20573	-6.69144	1384	1435.78	-1
0	256	9.64866	1.98542	-1	-1	-1
0	256	-5.61405	3.78751	1124	1180.06	-1
0	256	0.985085	-8.32901	1631	1718.34	-1
0	256	-7.71776	2.77128	-1	-1	-1
0	256	-6.01683	-7.11242	4278	4394.91	-1
0	256	4.61876	-2.85634	837	879.156	-1
0	256	-4.23742	0.632987	114	148.156	-1
0	256	5.32174	0.361514	-1	-1	-1
0	256	-2.33569	-8.15519	1873	1937.97	-1
0	256	-6.96551	-5.61522	-1	-1	-1
0	256	-7.63443	-5.65772	3744	3810.97	-1
0	256	-4.73052	3.54893	-1	-1	-1
0	256	8.16925	-5.29106	-1	-1	-1
0	256	-0.992108	-7.24718	1694	1792.59	-1
0	256	2.07549	-8.74012	-1	-1	-1
0	256	3.89625	-5.25008	-1	-1	-1
0	256	1.25914	-8.78967	-1	-1	-1
0	256	-4.92941	-8.26901	-1	-1	-1
0	256	-2.30576	2.94659	673	707	-1
0	256	-5.65989	8.03385	-1	-1	-1
0	256	3.56708	-3.6321	-1	-1	-1
0	256	8.58308	-4.69615	-1	-1	-1
0	256	-1.71388	-5.68514	3026	3082.19	-1
0	256	2.50674	-7.34871	-1	-1	-1
0	256	0.313562	-4.75481	1125	1233.72	-1
0	256	6.00998	5.94158	-1	-1	-1
0	256	1.23947	-3.95053	106	142.469	-1
0	256	2.37474	-9.55845	351	424.562	-1
0	256	6.34733	1.24398	-1	-1	-1
0	256	-3.76308	-6.11841	-1	-1	-1
0	256	-0.267238	3.23066	-1	-1	-1
0	256	4.77884	4.48218	-1	-1	-1
0	256	2.87639	-0.854627	-1	-1	-1
0	256	5.89246	-2.98248	2201	2322.47	-1
0	256	5.70264	3.22893	-1	-1	-1
0	256	-3.54685	-9.25708	2278	2351.81	-1
0	256	2.10304	8.52866	-1	-1	-1
0	256	1.57383	-8.62086	-1	-1	-1
0	256	5.67953	-1.51545	-1	-1	-1
0	256	8.26758	-4.49797	1866	1952.91	-1
0	256	-2.80611	-8.63705	1220	1292.94	-1
0	256	-1.65411	-8.45368	1377	1455.22	-1
0	256	4.81335	-5.31849	-1	-1	-1
0	256	9.07228	3.67757	1974	2044.44	-1
0	256	5.22867	-6.59982	-1	-1	-1
0	256	-3.01451	-5.48459	-1	-1	-1
0	256	-3.93014	-9.14524	2411	2488.59	-1
0	256	-4.55193	3.938	-1	-1	-1
0	256	4.58026	1.81367	-1	-1	-1
0	256	-1.33909	7.56765	5198	5259.62	-1
0	256	0.315941	6.31993	-1	-1	-1
0	256	7.74162	-4.93853	-1	-1	-1
0	256	-7.53718	-1.13568	-1	-1	-1
0	256	-0.387737	9.16326	2290	2359.28	-1
0	256	-2.64896	1.56761	127	290.438	-1
0	256	-0.977455	-5.58503	255	370.125	-1
0	256	-3.91526	-0.467318	972	1090.97	-1
0	256	8.61456	-3.02283	-1	-1	-1
0	256	-0.709104	6.16522	-1	-1	-1
0	256	-4.86113	-8.03736	-1	-1	-1
0	256	8.33671	-6.48143	-1	-1	-1
0	256	-0.842544	-7.54443	1549	1609.34	-1
0	256	-6.9077	0.492628	5165	5270.81	-1
0	256	-1.09248	7.60343	-1	-1	-1
0	256	-2.0457	3.03476	881	914.688	-1
0	256	4.63152	-4.12982	1523	1666.91	-1
0	256	-6.59731	4.03771	-1	-1	-1
0	256	-9.35906	3.12129	-1	-1	-1
0	256	6.44334	-3.66463	-1	-1	-1
0	256	-1.83138	3.04429	965	997.75	-1
0	256	4.32407	0.845351	461	496.281	-1
0	256	7.49429	-0.398445	-1	-1	-1
0	256	-9.04462	2.53187	-1	-1	-1
0	256	-6.09933	5.37721	-1	-1	-1
0	256	5.93832	-4.40496	-1	-1	-1
0	256	2.33851	-6.31505	843	944.344	-1
0	256	-0.0560624	9.325	-1	-1	-1
0	256	4.15499	7.35706	-1	-1	-1
0	256	-6.71561	-4.95431	3543	3607.19	-1
0	256	-9.46067	1.76904	3200	3268.25	-1
0	256	-1.80645	3.22471	874	906.812	-1
0	256	-1.74513	-5.21228	2025	2070.78	-1
0	256	3.99309	-5.54159	228	313.562	-1
0	256	-1.07472	-4.88216	46	89.625	-1
0	256	-0.452019	-5.6067	-1	-1	-1
0	256	4.12178	-7.40624	532	599.406	-1
0	256	-1.88845	8.46565	-1	-1	-1
0	256	-2.53493	8.21541	-1	-1	-1
0	256	0.106932	3.90434	-1	-1	-1
0	256	-2.88832	-4.60838	5217	5364.69	-1
0	256	-5.56237	7.90423	-1	-1	-1
0	256	-1.5634	6.96445	-1	-1	-1
0	256	1.8246	-9.76434	-1	-1	-1
0	256	4.9063	-5.88029	-1	-1	-1
0	256	7.50695	-6.20467	2840	2911.66	-1
0	256	-1.7011	3.42218	2294	2429.38	-1
0	256	-1.23333	8.64338	-1	-1	-1
0	256	-5.86783	-7.30605	-1	-1	-1
0	256	-5.63322	-7.36621	-1	-1	-1
0	256	-4.36755	0.141195	-1	-1	-1
0	256	-2.71655	8.08199	-1	-1	-1
0	256	-3.9078	7.61478	-1	-1	-1
0	256	2.38322	-5.58891	2494	2613.34	-1
0	256	8.81029	-1.75324	-1	-1	-1
0	256	-1.92365	8.89347	4781	4854.72	-1
0	256	-7.77864	6.2121	1661	1797.78	-1
0	256	-0.700678	7.70455	-1	-1	-1
0	256	3.76743	-6.22387	-1	-1	-1
0	256	4.75628	0.462713	3777	3884.88	-1
0	256	-2.26683	4.29669	-1	-1	-1
0	256	-1.55826	6.46822	2674	2733.5	-1
0	256	4.84952	0.252765	3924	3965.28	-1
0	256	6.82774	-1.60448	-1	-1	-1
0	256	-5.1547	-1.35364	1207	1326.88	-1
0	256	-1.12107	7.27854	-1	-1	-1
0	256	0.129635	-9.03724	2059	2149.5	-1
0	256	1.63233	9.05922	-1	-1	-1
0	256	-0.852515	3.59772	4560	4589.78	-1
0	256	-8.07601	-3.20445	-1	-1	-1
0	256	-1.32255	3.30999	2486	2522.25	-1
0	256	-5.85349	-5.11126	-1	-1	-1
0	256	3.285	3.02936	634	669.562	-1
0	256	1.29666	5.49541	-1	-1	-1
0	256	3.44303	-7.92492	5384	-1	-1
0	256	-4.16579	4.74749	1203	1252.94	-1
0	256	7.75243	0.177958	-1	-1	-1
0	256	-1.92025	6.4212	-1	-1	-1
0	256	-0.925111	4.24053	4464	4508.03	-1
0	256	-7.98698	-5.03722	-1	-1	-1
0	256	-8.26728	-3.55837	-1	-1	-1
0	256	-9.07597	2.66978	-1	-1	-1
0	256	2.41556	-8.20052	-1	-1	-1
0	256	8.61833	-3.42509	818	889.531	-1
0	256	-8.91984	2.47267	-1	-1	-1
0	256	-4.38149	3.57727	977	1023.44	-1
0	256	7.56798	1.55317	-1	-1	-1
0	256	3.3389	-3.78045	1507	1640.78	-1
0	256	6.18381	-7.37114	1520	1592.06	-1
0	256	4.41479	-5.23616	1845	1896	-1
0	256	-5.9415	-8.14453	-1	-1	-1
0	256	-3.18079	8.43844	-1	-1	-1
0	256	-1.96678	6.06711	4886	4934.69	-1
0	256	3.48692	1.59389	-1	-1	-1
0	256	7.39117	-4.18696	643	707.406	-1
0	256	3.70176	-7.77276	-1	-1	-1
0	256	1.54148	-7.79441	124	226.219	-1
0	256	9.36578	1.78291	3691	3762.62	-1
0	256	-3.21454	0.508573	67	98.1875	-1
0	256	-4.48685	5.25165	884	951.906	-1
0	256	-7.57456	-5.31619	-1	-1	-1
0	256	3.70519	-8.82538	2757	2855.09	-1
0	256	-5.70408	-3.32615	-1	-1	-1
0	256	-3.78505	-2.88571	5038	5089.5	-1
0	256	5.6475	1.30257	117	160.312	-1
0	256	6.576	-6.56857	2038	2104.56	-1
0	256	0.195214	5.64488	-1	-1	-1
0	256	-6.75175	-4.73292	-1	-1	-1
0	256	6.54495	-4.93364	861	920.812	-1
0	256	-7.76235	-4.41623	1857	1958.25	-1
0	256	-7.47959	-2.19642	-1	-1	-1
0	256	-6.40411	2.69365	-1	-1	-1
0	256	5.31029	-8.42085	-1	-1	-1
0	256	-1.45795	9.56227	2133	2204.97	-1
0	256	2.8188	5.9479	1710	1817.66	-1
0	256	-2.95854	5.54179	2845	2893.81	-1
0	256	-0.479385	5.12155	-1	-1	-1
0	256	2.25973	7.9172	-1	-1	-1
0	256	8.04923	-5.25674	-1	-1	-1
0	256	8.58554	-1.78558	-1	-1	-1
0	256	2.1618	8.90601	-1	-1	-1
0	256	-5.79322	-6.01013	3324	3455.12	-1
0	256	5.27587	-5.5536	-1	-1	-1
0	256	6.52109	5.65746	-1	-1	-1
0	256	-8.0519	-5.4098	-1	-1	-1
0	256	0.193051	5.92233	-1	-1	-1
0	256	4.26416	2.75745	1504	1629.81	-1
0	256	4.17097	1.89577	887	923.094	-1
0	256	3.31882	-6.2477	-1	-1	-1
0	256	9.49439	1.05204	1401	1481.94	-1
0	256	-1.24937	3.10375	-1	-1	-1
0	256	-9.22443	-6.32351	3159	3246.03	-1
0	256	-7.94997	2.8931	-1	-1	-1
0	256	-9.36999	1.93061	-1	-1	-1
0	256	-0.938725	0.125979	32	45.1562	-1
0	256	-2.2068	8.38074	-1	-1	-1
0	256	6.76482	1.47362	-1	-1	-1
0	256	-8.6163	-1.34736	-1	-1	-1
0	256	-7.80919	-4.67565	-1	-1	-1
0	256	7.62232	3.8483	2685	2755.16	-1
0	256	4.424	3.69915	2873	2916.28	-1
0	256	1.90251	-7.42434	-1	-1	-1
0	256	-5.11565	8.25484	-1	-1	-1
0	256	-4.78389	8.18409	-1	-1	-1
0	256	7.63111	-5.73778	-1	-1	-1
0	256	-5.77887	-7.62327	-1	-1	-1
0	256	1.48309	9.27992	-1	-1	-1
0	256	-5.95026	2.78555	-1	-1	-1
0	256	-1.15973	-3.34158	780	818.969	-1
0	256	-4.04656	-6.13154	4850	4909.25	-1
0	256	-3.41951	8.22813	-1	-1	-1
0	256	-0.672586	-8.88916	2293	2365.47	-1
0	256	-1.38894	3.83933	-1	-1	-1
0	256	-6.06539	6.08138	205	337.812	-1
0	256	-8.26111	1.16538	-1	-1	-1
0	256	1.75683	3.038	-1	-1	-1
0	256	9.10644	1.03192	-1	-1	-1
0	256	2.45998	-2.4161	41	90.9062	-1
0	256	9.28136	-2.33567	-1	-1	-1
0	256	4.28916	-7.75166	383	451.312	-1
0	256	9.37045	1.51179	1238	1318.59	-1
0	256	-1.64292	6.80561	-1	-1	-1
0	256	2.58631	5.05586	4311	4357.59	-1
0	256	-5.47291	5.05579	4448	4586.47	-1
0	256	5.30494	-4.1843	-1	-1	-1
0	256	-7.27287	-3.6676	-1	-1	-1
0	256	-4.21088	7.81871	-1	-1	-1
0	256	8.18087	-1.26286	3237	3326.75	-1
0	256	-5.5646	2.27168	-1	-1	-1
0	256	8.12555	4.48812	3500	3567.16	-1
0	256	4.0711	-7.05195	-1	-1	-1
0	256	-3.67297	8.4954	4407	4487.16	-1
