Pile ID	Distribution Type	X-Position	Y-Position	Pickup Time	Drop Off Time	Ant ID
1	1	6.03855	5.70778	-1	-1	-1
1	1	6.18855	5.70778	-1	-1	-1
1	1	6.33855	5.70778	1771	1897.91	-1
1	1	6.48855	5.70778	-1	-1	-1
1	1	6.63855	5.70778	-1	-1	-1
1	1	6.78855	5.70778	-1	-1	-1
1	1	6.93855	5.70778	-1	-1	-1
1	1	7.08855	5.70778	-1	-1	-1
1	1	7.23855	5.70778	4776	4858.06	-1
1	1	7.38855	5.70778	3934	4014.12	-1
1	1	7.53855	5.70778	4088	4170.53	-1
1	1	7.68855	5.70778	4256	4324.16	-1
1	1	7.83855	5.70778	4401	4478.72	-1
1	1	7.98855	5.70778	-1	-1	-1
1	1	8.13855	5.70778	-1	-1	-1
1	1	8.28855	5.70778	-1	-1	-1
1	1	6.03855	5.85778	4898	4963.03	-1
1	1	6.18855	5.85778	5031	5103.16	-1
1	1	6.33855	5.85778	-1	-1	-1
1	1	6.48855	5.85778	-1	-1	-1
1	1	6.63855	5.85778	-1	-1	-1
1	1	6.78855	5.85778	-1	-1	-1
1	1	6.93855	5.85778	-1	-1	-1
1	1	7.08855	5.85778	-1	-1	-1
1	1	7.23855	5.85778	4926	4996.97	-1
1	1	7.38855	5.85778	5066	5135.59	-1
1	1	7.53855	5.85778	4404	4478.78	-1
1	1	7.68855	5.85778	4561	4671.25	-1
1	1	7.83855	5.85778	4761	4844.31	-1
1	1	7.98855	5.85778	-1	-1	-1
1	1	8.13855	5.85778	-1	-1	-1
1	1	8.28855	5.85778	-1	-1	-1
1	1	6.03855	6.00778	4720	4830	-1
1	1	6.18855	6.00778	-1	-1	-1
1	1	6.33855	6.00778	-1	-1	-1
1	1	6.48855	6.00778	-1	-1	-1
1	1	6.63855	6.00778	-1	-1	-1
1	1	6.78855	6.00778	-1	-1	-1
1	1	6.93855	6.00778	-1	-1	-1
1	1	7.08855	6.00778	-1	-1	-1
1	1	7.23855	6.00778	5221	5300.44	-1
1	1	7.38855	6.00778	5203	5288.22	-1
1	1	7.53855	6.00778	-1	-1	-1
1	1	7.68855	6.00778	-1	-1	-1
1	1	7.83855	6.00778	-1	-1	-1
1	1	7.98855	6.00778	-1	-1	-1
1	1	8.13855	6.00778	-1	-1	-1
1	1	8.28855	6.00778	-1	-1	-1
1	1	6.03855	6.15778	-1	-1	-1
1	1	6.18855	6.15778	-1	-1	-1
1	1	6.33855	6.15778	-1	-1	-1
1	1	6.48855	6.15778	-1	-1	-1
1	1	6.63855	6.15778	-1	-1	-1
1	1	6.78855	6.15778	-1	-1	-1
1	1	6.93855	6.15778	-1	-1	-1
1	1	7.08855	6.15778	-1	-1	-1
1	1	7.23855	6.15778	5375	-1	-1
1	1	7.38855	6.15778	-1	-1	-1
1	1	7.53855	6.15778	-1	-1	-1
1	1	7.68855	6.15778	-1	-1	-1
1	1	7.83855	6.15778	-1	-1	-1
1	1	7.98855	6.15778	-1	-1	-1
1	1	8.13855	6.15778	-1	-1	-1
1	1	8.28855	6.15778	-1	-1	-1
1	1	6.03855	6.30778	-1	-1	-1
1	1	6.18855	6.30778	-1	-1	-1
1	1	6.33855	6.30778	-1	-1	-1
1	1	6.48855	6.30778	-1	-1	-1
1	1	6.63855	6.30778	-1	-1	-1
1	1	6.78855	6.30778	-1	-1	-1
1	1	6.93855	6.30778	-1	-1	-1
1	1	7.08855	6.30778	-1	-1	-1
1	1	7.23855	6.30778	-1	-1	-1
1	1	7.38855	6.30778	-1	-1	-1
1	1	7.53855	6.30778	-1	-1	-1
1	1	7.68855	6.30778	-1	-1	-1
1	1	7.83855	6.30778	-1	-1	-1
1	1	7.98855	6.30778	-1	-1	-1
1	1	8.13855	6.30778	-1	-1	-1
1	1	8.28855	6.30778	-1	-1	-1
1	1	6.03855	6.45778	-1	-1	-1
1	1	6.18855	6.45778	-1	-1	-1
1	1	6.33855	6.45778	-1	-1	-1
1	1	6.48855	6.45778	-1	-1	-1
1	1	6.63855	6.45778	-1	-1	-1
1	1	6.78855	6.45778	-1	-1	-1
1	1	6.93855	6.45778	-1	-1	-1
1	1	7.08855	6.45778	-1	-1	-1
1	1	7.23855	6.45778	-1	-1	-1
1	1	7.38855	6.45778	-1	-1	-1
1	1	7.53855	6.45778	-1	-1	-1
1	1	7.68855	6.45778	-1	-1	-1
1	1	7.83855	6.45778	-1	-1	-1
1	1	7.98855	6.45778	-1	-1	-1
1	1	8.13855	6.45778	-1	-1	-1
1	1	8.28855	6.45778	-1	-1	-1
1	1	6.03855	6.60778	-1	-1	-1
1	1	6.18855	6.60778	-1	-1	-1
1	1	6.33855	6.60778	-1	-1	-1
1	1	6.48855	6.60778	-1	-1	-1
1	1	6.63855	6.60778	-1	-1	-1
1	1	6.78855	6.60778	-1	-1	-1
1	1	6.93855	6.60778	-1	-1	-1
1	1	7.08855	6.60778	-1	-1	-1
1	1	7.23855	6.60778	-1	-1	-1
1	1	7.38855	6.60778	-1	-1	-1
1	1	7.53855	6.60778	-1	-1	-1
1	1	7.68855	6.60778	-1	-1	-1
1	1	7.83855	6.60778	-1	-1	-1
1	1	7.98855	6.60778	-1	-1	-1
1	1	8.13855	6.60778	-1	-1	-1
1	1	8.28855	6.60778	-1	-1	-1
1	1	6.03855	6.75778	-1	-1	-1
1	1	6.18855	6.75778	-1	-1	-1
1	1	6.33855	6.75778	-1	-1	-1
1	1	6.48855	6.75778	-1	-1	-1
1	1	6.63855	6.75778	-1	-1	-1
1	1	6.78855	6.75778	-1	-1	-1
1	1	6.93855	6.75778	-1	-1	-1
1	1	7.08855	6.75778	-1	-1	-1
1	1	7.23855	6.75778	-1	-1	-1
1	1	7.38855	6.75778	-1	-1	-1
1	1	7.53855	6.75778	-1	-1	-1
1	1	7.68855	6.75778	-1	-1	-1
1	1	7.83855	6.75778	-1	-1	-1
1	1	7.98855	6.75778	-1	-1	-1
1	1	8.13855	6.75778	-1	-1	-1
1	1	8.28855	6.75778	-1	-1	-1
1	1	6.03855	6.90778	-1	-1	-1
1	1	6.18855	6.90778	-1	-1	-1
1	1	6.33855	6.90778	-1	-1	-1
1	1	6.48855	6.90778	-1	-1	-1
1	1	6.63855	6.90778	-1	-1	-1
1	1	6.78855	6.90778	-1	-1	-1
1	1	6.93855	6.90778	-1	-1	-1
1	1	7.08855	6.90778	-1	-1	-1
1	1	7.23855	6.90778	-1	-1	-1
1	1	7.38855	6.90778	-1	-1	-1
1	1	7.53855	6.90778	-1	-1	-1
1	1	7.68855	6.90778	-1	-1	-1
1	1	7.83855	6.90778	-1	-1	-1
1	1	7.98855	6.90778	-1	-1	-1
1	1	8.13855	6.90778	-1	-1	-1
1	1	8.28855	6.90778	-1	-1	-1
1	1	6.03855	7.05778	-1	-1	-1
1	1	6.18855	7.05778	-1	-1	-1
1	1	6.33855	7.05778	-1	-1	-1
1	1	6.48855	7.05778	-1	-1	-1
1	1	6.63855	7.05778	-1	-1	-1
1	1	6.78855	7.05778	-1	-1	-1
1	1	6.93855	7.05778	-1	-1	-1
1	1	7.08855	7.05778	-1	-1	-1
1	1	7.23855	7.05778	-1	-1	-1
1	1	7.38855	7.05778	-1	-1	-1
1	1	7.53855	7.05778	-1	-1	-1
1	1	7.68855	7.05778	-1	-1	-1
1	1	7.83855	7.05778	-1	-1	-1
1	1	7.98855	7.05778	-1	-1	-1
1	1	8.13855	7.05778	-1	-1	-1
1	1	8.28855	7.05778	-1	-1	-1
1	1	6.03855	7.20778	-1	-1	-1
1	1	6.18855	7.20778	-1	-1	-1
1	1	6.33855	7.20778	-1	-1	-1
1	1	6.48855	7.20778	-1	-1	-1
1	1	6.63855	7.20778	-1	-1	-1
1	1	6.78855	7.20778	-1	-1	-1
1	1	6.93855	7.20778	-1	-1	-1
1	1	7.08855	7.20778	-1	-1	-1
1	1	7.23855	7.20778	-1	-1	-1
1	1	7.38855	7.20778	-1	-1	-1
1	1	7.53855	7.20778	-1	-1	-1
1	1	7.68855	7.20778	-1	-1	-1
1	1	7.83855	7.20778	-1	-1	-1
1	1	7.98855	7.20778	-1	-1	-1
1	1	8.13855	7.20778	-1	-1	-1
1	1	8.28855	7.20778	-1	-1	-1
1	1	6.03855	7.35778	5056	5128.81	-1
1	1	6.18855	7.35778	-1	-1	-1
1	1	6.33855	7.35778	-1	-1	-1
1	1	6.48855	7.35778	-1	-1	-1
1	1	6.63855	7.35778	-1	-1	-1
1	1	6.78855	7.35778	-1	-1	-1
1	1	6.93855	7.35778	-1	-1	-1
1	1	7.08855	7.35778	-1	-1	-1
1	1	7.23855	7.35778	-1	-1	-1
1	1	7.38855	7.35778	-1	-1	-1
1	1	7.53855	7.35778	-1	-1	-1
1	1	7.68855	7.35778	-1	-1	-1
1	1	7.83855	7.35778	-1	-1	-1
1	1	7.98855	7.35778	-1	-1	-1
1	1	8.13855	7.35778	-1	-1	-1
1	1	8.28855	7.35778	-1	-1	-1
1	1	6.03855	7.50778	-1	-1	-1
1	1	6.18855	7.50778	-1	-1	-1
1	1	6.33855	7.50778	-1	-1	-1
1	1	6.48855	7.50778	-1	-1	-1
1	1	6.63855	7.50778	-1	-1	-1
1	1	6.78855	7.50778	-1	-1	-1
1	1	6.93855	7.50778	-1	-1	-1
1	1	7.08855	7.50778	-1	-1	-1
1	1	7.23855	7.50778	-1	-1	-1
1	1	7.38855	7.50778	-1	-1	-1
1	1	7.53855	7.50778	-1	-1	-1
1	1	7.68855	7.50778	-1	-1	-1
1	1	7.83855	7.50778	-1	-1	-1
1	1	7.98855	7.50778	-1	-1	-1
1	1	8.13855	7.50778	-1	-1	-1
1	1	8.28855	7.50778	-1	-1	-1
1	1	6.03855	7.65778	3485	3554.88	-1
1	1	6.18855	7.65778	-1	-1	-1
1	1	6.33855	7.65778	-1	-1	-1
1	1	6.48855	7.65778	-1	-1	-1
1	1	6.63855	7.65778	-1	-1	-1
1	1	6.78855	7.65778	-1	-1	-1
1	1	6.93855	7.65778	-1	-1	-1
1	1	7.08855	7.65778	-1	-1	-1
1	1	7.23855	7.65778	-1	-1	-1
1	1	7.38855	7.65778	-1	-1	-1
1	1	7.53855	7.65778	-1	-1	-1
1	1	7.68855	7.65778	-1	-1	-1
1	1	7.83855	7.65778	-1	-1	-1
1	1	7.98855	7.65778	-1	-1	-1
1	1	8.13855	7.65778	-1	-1	-1
1	1	8.28855	7.65778	-1	-1	-1
1	1	6.03855	7.80778	3266	3374.78	-1
1	1	6.18855	7.80778	-1	-1	-1
1	1	6.33855	7.80778	-1	-1	-1
1	1	6.48855	7.80778	-1	-1	-1
1	1	6.63855	7.80778	-1	-1	-1
1	1	6.78855	7.80778	-1	-1	-1
1	1	6.93855	7.80778	-1	-1	-1
1	1	7.08855	7.80778	-1	-1	-1
1	1	7.23855	7.80778	-1	-1	-1
1	1	7.38855	7.80778	-1	-1	-1
1	1	7.53855	7.80778	-1	-1	-1
1	1	7.68855	7.80778	-1	-1	-1
1	1	7.83855	7.80778	-1	-1	-1
1	1	7.98855	7.80778	-1	-1	-1
1	1	8.13855	7.80778	-1	-1	-1
1	1	8.28855	7.80778	-1	-1	-1
1	1	6.03855	7.95778	3458	3536.28	-1
1	1	6.18855	7.95778	3491	3565.44	-1
1	1	6.33855	7.95778	3690	3766.12	-1
1	1	6.48855	7.95778	-1	-1	-1
1	1	6.63855	7.95778	-1	-1	-1
1	1	6.78855	7.95778	-1	-1	-1
1	1	6.93855	7.95778	-1	-1	-1
1	1	7.08855	7.95778	-1	-1	-1
1	1	7.23855	7.95778	3629	3705.06	-1
1	1	7.38855	7.95778	-1	-1	-1
1	1	7.53855	7.95778	-1	-1	-1
1	1	7.68855	7.95778	-1	-1	-1
1	1	7.83855	7.95778	-1	-1	-1
1	1	7.98855	7.95778	-1	-1	-1
1	1	8.13855	7.95778	-1	-1	-1
1	1	8.28855	7.95778	-1	-1	-1
2	4	0.193012	7.04064	-1	-1	-1
2	4	0.343012	7.04064	-1	-1	-1
2	4	0.493012	7.04064	5274	5374.91	-1
2	4	0.643012	7.04064	-1	-1	-1
2	4	0.793012	7.04064	-1	-1	-1
2	4	0.943012	7.04064	-1	-1	-1
2	4	1.09301	7.04064	-1	-1	-1
2	4	1.24301	7.04064	-1	-1	-1
2	4	0.193012	7.19064	-1	-1	-1
2	4	0.343012	7.19064	-1	-1	-1
2	4	0.493012	7.19064	-1	-1	-1
2	4	0.643012	7.19064	-1	-1	-1
2	4	0.793012	7.19064	-1	-1	-1
2	4	0.943012	7.19064	-1	-1	-1
2	4	1.09301	7.19064	-1	-1	-1
2	4	1.24301	7.19064	-1	-1	-1
2	4	0.193012	7.34064	-1	-1	-1
2	4	0.343012	7.34064	-1	-1	-1
2	4	0.493012	7.34064	-1	-1	-1
2	4	0.643012	7.34064	-1	-1	-1
2	4	0.793012	7.34064	-1	-1	-1
2	4	0.943012	7.34064	-1	-1	-1
2	4	1.09301	7.34064	-1	-1	-1
2	4	1.24301	7.34064	4865	4923.78	-1
2	4	0.193012	7.49064	-1	-1	-1
2	4	0.343012	7.49064	-1	-1	-1
2	4	0.493012	7.49064	-1	-1	-1
2	4	0.643012	7.49064	-1	-1	-1
2	4	0.793012	7.49064	-1	-1	-1
2	4	0.943012	7.49064	-1	-1	-1
2	4	1.09301	7.49064	-1	-1	-1
2	4	1.24301	7.49064	4731	4789.53	-1
2	4	0.193012	7.64064	-1	-1	-1
2	4	0.343012	7.64064	-1	-1	-1
2	4	0.493012	7.64064	4873	4934.47	-1
2	4	0.643012	7.64064	4614	4700.72	-1
2	4	0.793012	7.64064	4196	4253.19	-1
2	4	0.943012	7.64064	4305	4362.53	-1
2	4	1.09301	7.64064	4427	4490.31	-1
2	4	1.24301	7.64064	4570	4638.22	-1
2	4	0.193012	7.79064	-1	-1	-1
2	4	0.343012	7.79064	-1	-1	-1
2	4	0.493012	7.79064	4759	4815	-1
2	4	0.643012	7.79064	4442	4512.41	-1
2	4	0.793012	7.79064	4067	4133.38	-1
2	4	0.943012	7.79064	3805	3875.62	-1
2	4	1.09301	7.79064	3940	4002.94	-1
2	4	1.24301	7.79064	-1	-1	-1
2	4	0.193012	7.94064	-1	-1	-1
2	4	0.343012	7.94064	-1	-1	-1
2	4	0.493012	7.94064	-1	-1	-1
2	4	0.643012	7.94064	4581	4665.81	-1
2	4	0.793012	7.94064	3648	3710.25	-1
2	4	0.943012	7.94064	3520	3582.34	-1
2	4	1.09301	7.94064	3893	3955.59	-1
2	4	1.24301	7.94064	4023	4086	-1
2	4	0.193012	8.09064	5031	5092	-1
2	4	0.343012	8.09064	-1	-1	-1
2	4	0.493012	8.09064	4042	4106.44	-1
2	4	0.643012	8.09064	3913	3975.41	-1
2	4	0.793012	8.09064	3773	3846.16	-1
2	4	0.943012	8.09064	1346	1409.97	-1
2	4	1.09301	8.09064	1312	1384.94	-1
2	4	1.24301	8.09064	1180	1244.88	-1
3	4	-3.23843	-6.6965	-1	-1	-1
3	4	-3.08843	-6.6965	-1	-1	-1
3	4	-2.93843	-6.6965	-1	-1	-1
3	4	-2.78843	-6.6965	-1	-1	-1
3	4	-2.63843	-6.6965	-1	-1	-1
3	4	-2.48843	-6.6965	-1	-1	-1
3	4	-2.33843	-6.6965	-1	-1	-1
3	4	-2.18843	-6.6965	-1	-1	-1
3	4	-3.23843	-6.5465	-1	-1	-1
3	4	-3.08843	-6.5465	-1	-1	-1
3	4	-2.93843	-6.5465	-1	-1	-1
3	4	-2.78843	-6.5465	-1	-1	-1
3	4	-2.63843	-6.5465	-1	-1	-1
3	4	-2.48843	-6.5465	-1	-1	-1
3	4	-2.33843	-6.5465	-1	-1	-1
3	4	-2.18843	-6.5465	-1	-1	-1
3	4	-3.23843	-6.3965	-1	-1	-1
3	4	-3.08843	-6.3965	-1	-1	-1
3	4	-2.93843	-6.3965	-1	-1	-1
3	4	-2.78843	-6.3965	-1	-1	-1
3	4	-2.63843	-6.3965	-1	-1	-1
3	4	-2.48843	-6.3965	-1	-1	-1
3	4	-2.33843	-6.3965	-1	-1	-1
3	4	-2.18843	-6.3965	-1	-1	-1
3	4	-3.23843	-6.2465	-1	-1	-1
3	4	-3.08843	-6.2465	-1	-1	-1
3	4	-2.93843	-6.2465	-1	-1	-1
3	4	-2.78843	-6.2465	-1	-1	-1
3	4	-2.63843	-6.2465	-1	-1	-1
3	4	-2.48843	-6.2465	-1	-1	-1
3	4	-2.33843	-6.2465	-1	-1	-1
3	4	-2.18843	-6.2465	2515	2582	-1
3	4	-3.23843	-6.0965	-1	-1	-1
3	4	-3.08843	-6.0965	-1	-1	-1
3	4	-2.93843	-6.0965	-1	-1	-1
3	4	-2.78843	-6.0965	-1	-1	-1
3	4	-2.63843	-6.0965	2802	2853.28	-1
3	4	-2.48843	-6.0965	2654	2708.88	-1
3	4	-2.33843	-6.0965	2524	2585.5	-1
3	4	-2.18843	-6.0965	2384	2453.72	-1
3	4	-3.23843	-5.9465	1485	1544.66	-1
3	4	-3.08843	-5.9465	-1	-1	-1
3	4	-2.93843	-5.9465	-1	-1	-1
3	4	-2.78843	-5.9465	2593	2644.91	-1
3	4	-2.63843	-5.9465	2694	2749.03	-1
3	4	-2.48843	-5.9465	-1	-1	-1
3	4	-2.33843	-5.9465	2648	2702.12	-1
3	4	-2.18843	-5.9465	2204	2332.06	-1
3	4	-3.23843	-5.7965	1276	1330.28	-1
3	4	-3.08843	-5.7965	-1	-1	-1
3	4	-2.93843	-5.7965	-1	-1	-1
3	4	-2.78843	-5.7965	2478	2535.5	-1
3	4	-2.63843	-5.7965	2370	2425.38	-1
3	4	-2.48843	-5.7965	-1	-1	-1
3	4	-2.33843	-5.7965	1938	1983.69	-1
3	4	-2.18843	-5.7965	2040	2095.03	-1
3	4	-3.23843	-5.6465	683	736.125	-1
3	4	-3.08843	-5.6465	-1	-1	-1
3	4	-2.93843	-5.6465	2909	2961.28	-1
3	4	-2.78843	-5.6465	2249	2297.88	-1
3	4	-2.63843	-5.6465	1811	1859.28	-1
3	4	-2.48843	-5.6465	1707	1762.69	-1
3	4	-2.33843	-5.6465	1609	1659.03	-1
3	4	-2.18843	-5.6465	2143	2196.72	-1
4	4	0.80953	-8.39514	-1	-1	-1
4	4	0.95953	-8.39514	-1	-1	-1
4	4	1.10953	-8.39514	-1	-1	-1
4	4	1.25953	-8.39514	-1	-1	-1
4	4	1.40953	-8.39514	-1	-1	-1
4	4	1.55953	-8.39514	-1	-1	-1
4	4	1.70953	-8.39514	3010	3076.72	-1
4	4	1.85953	-8.39514	3137	3202.09	-1
4	4	0.80953	-8.24514	-1	-1	-1
4	4	0.95953	-8.24514	-1	-1	-1
4	4	1.10953	-8.24514	-1	-1	-1
4	4	1.25953	-8.24514	-1	-1	-1
4	4	1.40953	-8.24514	-1	-1	-1
4	4	1.55953	-8.24514	-1	-1	-1
4	4	1.70953	-8.24514	-1	-1	-1
4	4	1.85953	-8.24514	-1	-1	-1
4	4	0.80953	-8.09514	-1	-1	-1
4	4	0.95953	-8.09514	-1	-1	-1
4	4	1.10953	-8.09514	-1	-1	-1
4	4	1.25953	-8.09514	-1	-1	-1
4	4	1.40953	-8.09514	-1	-1	-1
4	4	1.55953	-8.09514	-1	-1	-1
4	4	1.70953	-8.09514	-1	-1	-1
4	4	1.85953	-8.09514	-1	-1	-1
4	4	0.80953	-7.94514	-1	-1	-1
4	4	0.95953	-7.94514	-1	-1	-1
4	4	1.10953	-7.94514	-1	-1	-1
4	4	1.25953	-7.94514	-1	-1	-1
4	4	1.40953	-7.94514	-1	-1	-1
4	4	1.55953	-7.94514	-1	-1	-1
4	4	1.70953	-7.94514	-1	-1	-1
4	4	1.85953	-7.94514	-1	-1	-1
4	4	0.80953	-7.79514	-1	-1	-1
4	4	0.95953	-7.79514	-1	-1	-1
4	4	1.10953	-7.79514	-1	-1	-1
4	4	1.25953	-7.79514	-1	-1	-1
4	4	1.40953	-7.79514	-1	-1	-1
4	4	1.55953	-7.79514	-1	-1	-1
4	4	1.70953	-7.79514	-1	-1	-1
4	4	1.85953	-7.79514	-1	-1	-1
4	4	0.80953	-7.64514	-1	-1	-1
4	4	0.95953	-7.64514	-1	-1	-1
4	4	1.10953	-7.64514	2883	2942.94	-1
4	4	1.25953	-7.64514	1817	1885.97	-1
4	4	1.40953	-7.64514	1807	1883.34	-1
4	4	1.55953	-7.64514	-1	-1	-1
4	4	1.70953	-7.64514	-1	-1	-1
4	4	1.85953	-7.64514	-1	-1	-1
4	4	0.80953	-7.49514	-1	-1	-1
4	4	0.95953	-7.49514	2751	2808.12	-1
4	4	1.10953	-7.49514	2637	2694.94	-1
4	4	1.25953	-7.49514	1644	1724.31	-1
4	4	1.40953	-7.49514	1783	1848.69	-1
4	4	1.55953	-7.49514	-1	-1	-1
4	4	1.70953	-7.49514	-1	-1	-1
4	4	1.85953	-7.49514	-1	-1	-1
4	4	0.80953	-7.34514	2293	2350.81	-1
4	4	0.95953	-7.34514	1925	1984.62	-1
4	4	1.10953	-7.34514	1723	1782.94	-1
4	4	1.25953	-7.34514	1441	1548.69	-1
4	4	1.40953	-7.34514	1601	1665.19	-1
4	4	1.55953	-7.34514	1622	1679.44	-1
4	4	1.70953	-7.34514	1767	1831.22	-1
4	4	1.85953	-7.34514	5329	-1	-1
5	4	-3.17207	-8.50439	-1	-1	-1
5	4	-3.02207	-8.50439	-1	-1	-1
5	4	-2.87207	-8.50439	-1	-1	-1
5	4	-2.72207	-8.50439	-1	-1	-1
5	4	-2.57207	-8.50439	-1	-1	-1
5	4	-2.42207	-8.50439	-1	-1	-1
5	4	-2.27207	-8.50439	-1	-1	-1
5	4	-2.12207	-8.50439	-1	-1	-1
5	4	-3.17207	-8.35439	-1	-1	-1
5	4	-3.02207	-8.35439	-1	-1	-1
5	4	-2.87207	-8.35439	-1	-1	-1
5	4	-2.72207	-8.35439	-1	-1	-1
5	4	-2.57207	-8.35439	-1	-1	-1
5	4	-2.42207	-8.35439	-1	-1	-1
5	4	-2.27207	-8.35439	-1	-1	-1
5	4	-2.12207	-8.35439	-1	-1	-1
5	4	-3.17207	-8.20439	-1	-1	-1
5	4	-3.02207	-8.20439	-1	-1	-1
5	4	-2.87207	-8.20439	-1	-1	-1
5	4	-2.72207	-8.20439	-1	-1	-1
5	4	-2.57207	-8.20439	-1	-1	-1
5	4	-2.42207	-8.20439	-1	-1	-1
5	4	-2.27207	-8.20439	-1	-1	-1
5	4	-2.12207	-8.20439	-1	-1	-1
5	4	-3.17207	-8.05439	-1	-1	-1
5	4	-3.02207	-8.05439	-1	-1	-1
5	4	-2.87207	-8.05439	-1	-1	-1
5	4	-2.72207	-8.05439	-1	-1	-1
5	4	-2.57207	-8.05439	-1	-1	-1
5	4	-2.42207	-8.05439	-1	-1	-1
5	4	-2.27207	-8.05439	-1	-1	-1
5	4	-2.12207	-8.05439	-1	-1	-1
5	4	-3.17207	-7.90439	-1	-1	-1
5	4	-3.02207	-7.90439	-1	-1	-1
5	4	-2.87207	-7.90439	-1	-1	-1
5	4	-2.72207	-7.90439	-1	-1	-1
5	4	-2.57207	-7.90439	-1	-1	-1
5	4	-2.42207	-7.90439	-1	-1	-1
5	4	-2.27207	-7.90439	-1	-1	-1
5	4	-2.12207	-7.90439	-1	-1	-1
5	4	-3.17207	-7.75439	-1	-1	-1
5	4	-3.02207	-7.75439	-1	-1	-1
5	4	-2.87207	-7.75439	-1	-1	-1
5	4	-2.72207	-7.75439	-1	-1	-1
5	4	-2.57207	-7.75439	-1	-1	-1
5	4	-2.42207	-7.75439	-1	-1	-1
5	4	-2.27207	-7.75439	-1	-1	-1
5	4	-2.12207	-7.75439	-1	-1	-1
5	4	-3.17207	-7.60439	-1	-1	-1
5	4	-3.02207	-7.60439	-1	-1	-1
5	4	-2.87207	-7.60439	-1	-1	-1
5	4	-2.72207	-7.60439	-1	-1	-1
5	4	-2.57207	-7.60439	-1	-1	-1
5	4	-2.42207	-7.60439	-1	-1	-1
5	4	-2.27207	-7.60439	-1	-1	-1
5	4	-2.12207	-7.60439	-1	-1	-1
5	4	-3.17207	-7.45439	-1	-1	-1
5	4	-3.02207	-7.45439	-1	-1	-1
5	4	-2.87207	-7.45439	-1	-1	-1
5	4	-2.72207	-7.45439	-1	-1	-1
5	4	-2.57207	-7.45439	-1	-1	-1
5	4	-2.42207	-7.45439	-1	-1	-1
5	4	-2.27207	-7.45439	-1	-1	-1
5	4	-2.12207	-7.45439	-1	-1	-1
6	16	-4.25394	6.16156	4615	4688.81	-1
6	16	-4.10394	6.16156	4440	4561	-1
6	16	-3.95394	6.16156	4648	4713.28	-1
6	16	-3.80394	6.16156	-1	-1	-1
6	16	-4.25394	6.31156	-1	-1	-1
6	16	-4.10394	6.31156	-1	-1	-1
6	16	-3.95394	6.31156	-1	-1	-1
6	16	-3.80394	6.31156	-1	-1	-1
6	16	-4.25394	6.46156	-1	-1	-1
6	16	-4.10394	6.46156	-1	-1	-1
6	16	-3.95394	6.46156	-1	-1	-1
6	16	-3.80394	6.46156	-1	-1	-1
6	16	-4.25394	6.61156	-1	-1	-1
6	16	-4.10394	6.61156	-1	-1	-1
6	16	-3.95394	6.61156	-1	-1	-1
6	16	-3.80394	6.61156	-1	-1	-1
7	16	-3.07453	8.46217	-1	-1	-1
7	16	-2.92453	8.46217	3771	3847.19	-1
7	16	-2.77453	8.46217	-1	-1	-1
7	16	-2.62453	8.46217	-1	-1	-1
7	16	-3.07453	8.61217	985	1052.38	-1
7	16	-2.92453	8.61217	3613	3701.53	-1
7	16	-2.77453	8.61217	3474	3544.91	-1
7	16	-2.62453	8.61217	-1	-1	-1
7	16	-3.07453	8.76217	849	919.781	-1
7	16	-2.92453	8.76217	2256	2326.53	-1
7	16	-2.77453	8.76217	2396	2472.88	-1
7	16	-2.62453	8.76217	3337	3404.66	-1
7	16	-3.07453	8.91217	3792	3863.19	-1
7	16	-2.92453	8.91217	2114	2180.56	-1
7	16	-2.77453	8.91217	2538	2608.03	-1
7	16	-2.62453	8.91217	3191	3267.19	-1
8	16	-4.36287	-3.33551	1259	1310.38	-1
8	16	-4.21287	-3.33551	851	910.969	-1
8	16	-4.06287	-3.33551	765	812.906	-1
8	16	-3.91287	-3.33551	649	691.75	-1
8	16	-4.36287	-3.18551	1153	1207.66	-1
8	16	-4.21287	-3.18551	865	926.719	-1
8	16	-4.06287	-3.18551	548	594.594	-1
8	16	-3.91287	-3.18551	453	497.219	-1
8	16	-4.36287	-3.03551	1071	1111.97	-1
8	16	-4.21287	-3.03551	969	1015.75	-1
8	16	-4.06287	-3.03551	671	748.156	-1
8	16	-3.91287	-3.03551	239	393.312	-1
8	16	-4.36287	-2.88551	673	755.406	-1
8	16	-4.21287	-2.88551	1061	1099.56	-1
8	16	-4.06287	-2.88551	777	898.219	-1
8	16	-3.91287	-2.88551	580	717.312	-1
9	16	-4.916	-3.87585	-1	-1	-1
9	16	-4.766	-3.87585	-1	-1	-1
9	16	-4.616	-3.87585	-1	-1	-1
9	16	-4.466	-3.87585	-1	-1	-1
9	16	-4.916	-3.72585	-1	-1	-1
9	16	-4.766	-3.72585	-1	-1	-1
9	16	-4.616	-3.72585	-1	-1	-1
9	16	-4.466	-3.72585	5222	5267.69	-1
9	16	-4.916	-3.57585	-1	-1	-1
9	16	-4.766	-3.57585	-1	-1	-1
9	16	-4.616	-3.57585	-1	-1	-1
9	16	-4.466	-3.57585	5030	5160.19	-1
9	16	-4.916	-3.42585	-1	-1	-1
9	16	-4.766	-3.42585	1291	1338.47	-1
9	16	-4.616	-3.42585	5201	5245.09	-1
9	16	-4.466	-3.42585	1503	1651.75	-1
10	16	5.27441	-7.76681	5303	5378.22	-1
10	16	5.42441	-7.76681	-1	-1	-1
10	16	5.57441	-7.76681	-1	-1	-1
10	16	5.72441	-7.76681	-1	-1	-1
10	16	5.27441	-7.61681	-1	-1	-1
10	16	5.42441	-7.61681	-1	-1	-1
10	16	5.57441	-7.61681	-1	-1	-1
10	16	5.72441	-7.61681	-1	-1	-1
10	16	5.27441	-7.46681	-1	-1	-1
10	16	5.42441	-7.46681	-1	-1	-1
10	16	5.57441	-7.46681	-1	-1	-1
10	16	5.72441	-7.46681	-1	-1	-1
10	16	5.27441	-7.31681	-1	-1	-1
10	16	5.42441	-7.31681	-1	-1	-1
10	16	5.57441	-7.31681	-1	-1	-1
10	16	5.72441	-7.31681	-1	-1	-1
11	16	3.05307	6.19587	-1	-1	-1
11	16	3.20307	6.19587	-1	-1	-1
11	16	3.35307	6.19587	-1	-1	-1
11	16	3.50307	6.19587	-1	-1	-1
11	16	3.05307	6.34587	-1	-1	-1
11	16	3.20307	6.34587	-1	-1	-1
11	16	3.35307	6.34587	-1	-1	-1
11	16	3.50307	6.34587	-1	-1	-1
11	16	3.05307	6.49587	-1	-1	-1
11	16	3.20307	6.49587	-1	-1	-1
11	16	3.35307	6.49587	-1	-1	-1
11	16	3.50307	6.49587	-1	-1	-1
11	16	3.05307	6.64587	-1	-1	-1
11	16	3.20307	6.64587	-1	-1	-1
11	16	3.35307	6.64587	-1	-1	-1
11	16	3.50307	6.64587	-1	-1	-1
12	16	-2.69814	6.50938	-1	-1	-1
12	16	-2.54814	6.50938	-1	-1	-1
12	16	-2.39814	6.50938	-1	-1	-1
12	16	-2.24814	6.50938	-1	-1	-1
12	16	-2.69814	6.65938	-1	-1	-1
12	16	-2.54814	6.65938	-1	-1	-1
12	16	-2.39814	6.65938	-1	-1	-1
12	16	-2.24814	6.65938	-1	-1	-1
12	16	-2.69814	6.80938	-1	-1	-1
12	16	-2.54814	6.80938	-1	-1	-1
12	16	-2.39814	6.80938	-1	-1	-1
12	16	-2.24814	6.80938	-1	-1	-1
12	16	-2.69814	6.95938	-1	-1	-1
12	16	-2.54814	6.95938	-1	-1	-1
12	16	-2.39814	6.95938	-1	-1	-1
12	16	-2.24814	6.95938	-1	-1	-1
13	16	-4.35936	-6.65	-1	-1	-1
13	16	-4.20936	-6.65	-1	-1	-1
13	16	-4.05936	-6.65	-1	-1	-1
13	16	-3.90936	-6.65	-1	-1	-1
13	16	-4.35936	-6.5	-1	-1	-1
13	16	-4.20936	-6.5	-1	-1	-1
13	16	-4.05936	-6.5	-1	-1	-1
13	16	-3.90936	-6.5	-1	-1	-1
13	16	-4.35936	-6.35	4063	4123.62	-1
13	16	-4.20936	-6.35	-1	-1	-1
13	16	-4.05936	-6.35	-1	-1	-1
13	16	-3.90936	-6.35	-1	-1	-1
13	16	-4.35936	-6.2	-1	-1	-1
13	16	-4.20936	-6.2	-1	-1	-1
13	16	-4.05936	-6.2	-1	-1	-1
13	16	-3.90936	-6.2	-1	-1	-1
14	16	-0.663099	-6.08533	2516	2564.19	-1
14	16	-0.513099	-6.08533	-1	-1	-1
14	16	-0.363099	-6.08533	-1	-1	-1
14	16	-0.213099	-6.08533	-1	-1	-1
14	16	-0.663099	-5.93533	2633	2678.91	-1
14	16	-0.513099	-5.93533	-1	-1	-1
14	16	-0.363099	-5.93533	-1	-1	-1
14	16	-0.213099	-5.93533	-1	-1	-1
14	16	-0.663099	-5.78533	-1	-1	-1
14	16	-0.513099	-5.78533	-1	-1	-1
14	16	-0.363099	-5.78533	-1	-1	-1
14	16	-0.213099	-5.78533	-1	-1	-1
14	16	-0.663099	-5.63533	-1	-1	-1
14	16	-0.513099	-5.63533	-1	-1	-1
14	16	-0.363099	-5.63533	-1	-1	-1
14	16	-0.213099	-5.63533	-1	-1	-1
15	16	3.6096	-1.32332	3222	3253.38	-1
15	16	3.7596	-1.32332	3076	3113.53	-1
15	16	3.9096	-1.32332	-1	-1	-1
15	16	4.0596	-1.32332	-1	-1	-1
15	16	3.6096	-1.17332	4313	4346.5	-1
15	16	3.7596	-1.17332	713	747.531	-1
15	16	3.9096	-1.17332	779	829.344	-1
15	16	4.0596	-1.17332	-1	-1	-1
15	16	3.6096	-1.02332	635	672.656	-1
15	16	3.7596	-1.02332	529	566.969	-1
15	16	3.9096	-1.02332	609	655.75	-1
15	16	4.0596	-1.02332	4239	4357.56	-1
15	16	3.6096	-0.873322	862	980.375	-1
15	16	3.7596	-0.873322	332	372.375	-1
15	16	3.9096	-0.873322	412	490.438	-1
15	16	4.0596	-0.873322	821	862.656	-1
16	16	-4.52928	-7.4278	-1	-1	-1
16	16	-4.37928	-7.4278	-1	-1	-1
16	16	-4.22928	-7.4278	-1	-1	-1
16	16	-4.07928	-7.4278	-1	-1	-1
16	16	-4.52928	-7.2778	-1	-1	-1
16	16	-4.37928	-7.2778	-1	-1	-1
16	16	-4.22928	-7.2778	-1	-1	-1
16	16	-4.07928	-7.2778	-1	-1	-1
16	16	-4.52928	-7.1278	-1	-1	-1
16	16	-4.37928	-7.1278	-1	-1	-1
16	16	-4.22928	-7.1278	-1	-1	-1
16	16	-4.07928	-7.1278	-1	-1	-1
16	16	-4.52928	-6.9778	-1	-1	-1
16	16	-4.37928	-6.9778	-1	-1	-1
16	16	-4.22928	-6.9778	-1	-1	-1
16	16	-4.07928	-6.9778	-1	-1	-1
17	16	-1.42807	3.14645	-1	-1	-1
17	16	-1.27807	3.14645	3292	3322.16	-1
17	16	-1.12807	3.14645	3136	3264.72	-1
17	16	-0.978075	3.14645	-1	-1	-1
17	16	-1.42807	3.29645	-1	-1	-1
17	16	-1.27807	3.29645	-1	-1	-1
17	16	-1.12807	3.29645	-1	-1	-1
17	16	-0.978075	3.29645	-1	-1	-1
17	16	-1.42807	3.44645	-1	-1	-1
17	16	-1.27807	3.44645	-1	-1	-1
17	16	-1.12807	3.44645	-1	-1	-1
17	16	-0.978075	3.44645	-1	-1	-1
17	16	-1.42807	3.59645	-1	-1	-1
17	16	-1.27807	3.59645	-1	-1	-1
17	16	-1.12807	3.59645	-1	-1	-1
17	16	-0.978075	3.59645	-1	-1	-1
18	16	-5.28812	-2.82915	-1	-1	-1
18	16	-5.13812	-2.82915	5312	5356.38	-1
18	16	-4.98812	-2.82915	893	945.312	-1
18	16	-4.83812	-2.82915	806	849.156	-1
18	16	-5.28812	-2.67915	-1	-1	-1
18	16	-5.13812	-2.67915	4728	4859.16	-1
18	16	-4.98812	-2.67915	935	989.656	-1
18	16	-4.83812	-2.67915	564	624.406	-1
18	16	-5.28812	-2.52915	-1	-1	-1
18	16	-5.13812	-2.52915	1207	1259.75	-1
18	16	-4.98812	-2.52915	935	1068.78	-1
18	16	-4.83812	-2.52915	475	522.719	-1
18	16	-5.28812	-2.37915	-1	-1	-1
18	16	-5.13812	-2.37915	1107	1163.16	-1
18	16	-4.98812	-2.37915	1005	1055.94	-1
18	16	-4.83812	-2.37915	1045	1113.88	-1
19	16	-1.04929	-8.41068	-1	-1	-1
19	16	-0.899294	-8.41068	-1	-1	-1
19	16	-0.749294	-8.41068	-1	-1	-1
19	16	-0.599294	-8.41068	-1	-1	-1
19	16	-1.04929	-8.26068	-1	-1	-1
19	16	-0.899294	-8.26068	-1	-1	-1
19	16	-0.749294	-8.26068	-1	-1	-1
19	16	-0.599294	-8.26068	-1	-1	-1
19	16	-1.04929	-8.11068	-1	-1	-1
19	16	-0.899294	-8.11068	-1	-1	-1
19	16	-0.749294	-8.11068	-1	-1	-1
19	16	-0.599294	-8.11068	-1	-1	-1
19	16	-1.04929	-7.96068	-1	-1	-1
19	16	-0.899294	-7.96068	-1	-1	-1
19	16	-0.749294	-7.96068	-1	-1	-1
19	16	-0.599294	-7.96068	-1	-1	-1
20	16	-5.08894	1.3157	-1	-1	-1
20	16	-4.93894	1.3157	-1	-1	-1
20	16	-4.78894	1.3157	-1	-1	-1
20	16	-4.63894	1.3157	-1	-1	-1
20	16	-5.08894	1.4657	-1	-1	-1
20	16	-4.93894	1.4657	-1	-1	-1
20	16	-4.78894	1.4657	-1	-1	-1
20	16	-4.63894	1.4657	-1	-1	-1
20	16	-5.08894	1.6157	-1	-1	-1
20	16	-4.93894	1.6157	-1	-1	-1
20	16	-4.78894	1.6157	-1	-1	-1
20	16	-4.63894	1.6157	-1	-1	-1
20	16	-5.08894	1.7657	-1	-1	-1
20	16	-4.93894	1.7657	-1	-1	-1
20	16	-4.78894	1.7657	-1	-1	-1
20	16	-4.63894	1.7657	-1	-1	-1
21	16	3.70175	-0.615274	251	282.5	-1
21	16	3.85175	-0.615274	316	367	-1
21	16	4.00175	-0.615274	598	631.625	-1
21	16	4.15175	-0.615274	3147	3185.66	-1
21	16	3.70175	-0.465274	320	362.594	-1
21	16	3.85175	-0.465274	434	475.906	-1
21	16	4.00175	-0.465274	515	552.75	-1
21	16	4.15175	-0.465274	3013	3061.28	-1
21	16	3.70175	-0.315274	279	428.125	-1
21	16	3.85175	-0.315274	540	601	-1
21	16	4.00175	-0.315274	2939	2972.97	-1
21	16	4.15175	-0.315274	3042	3089.72	-1
21	16	3.70175	-0.165274	428	463.625	-1
21	16	3.85175	-0.165274	2262	2293.41	-1
21	16	4.00175	-0.165274	3127	3162.31	-1
21	16	4.15175	-0.165274	-1	-1	-1
0	256	-0.0527068	4.52264	-1	-1	-1
0	256	6.54478	-4.88214	501	621.75	-1
0	256	-3.41949	8.28386	-1	-1	-1
0	256	9.18986	-1.95987	-1	-1	-1
0	256	3.02051	-2.26681	3650	3680.56	-1
0	256	2.74304	5.38627	-1	-1	-1
0	256	-0.956633	2.99973	4319	4438.72	-1
0	256	4.5435	-2.44603	3305	3344.09	-1
0	256	6.02075	-2.45211	-1	-1	-1
0	256	6.02731	1.15791	4607	4653.47	-1
0	256	-9.52011	-2.20675	-1	-1	-1
0	256	5.51132	-2.84944	940	1044.25	-1
0	256	-8.59192	6.34706	-1	-1	-1
0	256	7.10427	-0.0462225	-1	-1	-1
0	256	3.92755	6.31358	-1	-1	-1
0	256	-1.69199	4.01957	-1	-1	-1
0	256	-3.76489	-3.45765	691	766.906	-1
0	256	2.72371	-3.78639	273	418.594	-1
0	256	2.66643	-5.50661	-1	-1	-1
0	256	2.67318	5.81651	-1	-1	-1
0	256	7.47277	3.46776	-1	-1	-1
0	256	8.14715	1.39662	-1	-1	-1
0	256	1.02588	-7.14031	1799	1872.09	-1
0	256	2.55431	-6.95059	4226	4281.38	-1
0	256	3.32302	-5.58775	-1	-1	-1
0	256	0.839917	4.81717	-1	-1	-1
0	256	2.95777	0.709453	1088	1118.06	-1
0	256	0.774696	-6.61002	4465	4568.91	-1
0	256	-5.99735	-7.86933	3859	3974.38	-1
0	256	4.61538	5.74647	-1	-1	-1
0	256	2.61976	6.01543	-1	-1	-1
0	256	-1.22453	6.68042	-1	-1	-1
0	256	4.74706	-5.93961	-1	-1	-1
0	256	6.23767	-9.81339	1511	1601.59	-1
0	256	4.45201	4.41832	3810	3857.25	-1
0	256	-1.63239	7.44395	-1	-1	-1
0	256	-1.76081	-8.73214	-1	-1	-1
0	256	3.13204	5.28311	-1	-1	-1
0	256	-3.40681	-7.81032	-1	-1	-1
0	256	5.13337	2.83952	1921	2041.47	-1
0	256	6.67872	-5.96823	1891	1955.22	-1
0	256	-2.44165	8.82832	-1	-1	-1
0	256	5.22849	-2.95749	5121	5240.81	-1
0	256	-6.3863	2.41756	-1	-1	-1
0	256	-1.99284	6.48636	-1	-1	-1
0	256	3.61802	6.27536	-1	-1	-1
0	256	7.12923	-4.2178	-1	-1	-1
0	256	-7.63334	-1.6902	-1	-1	-1
0	256	-4.062	-0.651317	-1	-1	-1
0	256	-4.49633	3.38092	3989	4135.44	-1
0	256	4.85148	-0.684992	-1	-1	-1
0	256	9.03575	4.18526	5347	-1	-1
0	256	-5.01535	4.53768	-1	-1	-1
0	256	-6.16645	7.05435	2305	2380.91	-1
0	256	-5.97641	5.60842	-1	-1	-1
0	256	-5.37748	5.70672	-1	-1	-1
0	256	-5.515	-3.03918	-1	-1	-1
0	256	1.70085	-7.21331	1902	1961.56	-1
0	256	4.37668	1.51621	-1	-1	-1
0	256	6.99075	-6.06939	409	476.562	-1
0	256	-2.71098	9.23907	3920	3991.53	-1
0	256	-5.02469	5.12713	-1	-1	-1
0	256	-8.69791	-8.38013	-1	-1	-1
0	256	6.18135	-5.32315	-1	-1	-1
0	256	0.396875	6.78979	-1	-1	-1
0	256	6.21974	-0.791127	4612	4662.12	-1
0	256	-0.0354067	-7.4925	270	367.938	-1
0	256	6.51523	-3.01854	-1	-1	-1
0	256	-2.17589	-3.3169	3944	4075.84	-1
0	256	-4.83063	-0.857622	698	736.5	-1
0	256	-2.28596	2.72786	257	419.969	-1
0	256	8.88309	-3.23372	-1	-1	-1
0	256	-1.62597	3.69795	-1	-1	-1
0	256	-6.76456	4.93123	-1	-1	-1
0	256	5.60422	1.38573	4449	4550.25	-1
0	256	-3.00533	-4.61241	63	132.906	-1
0	256	-3.69613	-7.95683	-1	-1	-1
0	256	-2.6196	2.15803	1435	1464.06	-1
0	256	-1.41545	-3.3553	51	183.75	-1
0	256	2.40004	7.48407	-1	-1	-1
0	256	6.16496	-1.42842	-1	-1	-1
0	256	6.55098	1.11114	-1	-1	-1
0	256	-8.25811	-2.03022	-1	-1	-1
0	256	-5.58205	-6.26367	-1	-1	-1
0	256	-1.02851	-9.64193	-1	-1	-1
0	256	5.60055	-2.30601	-1	-1	-1
0	256	2.32586	-5.9843	1279	1401.19	-1
0	256	6.31714	-2.61969	-1	-1	-1
0	256	-5.55055	6.45444	2062	2209.59	-1
0	256	-0.841384	-6.25536	2781	2827.47	-1
0	256	-3.29632	7.49865	-1	-1	-1
0	256	-4.67477	-5.008	3293	3445.75	-1
0	256	-6.80497	6.30945	-1	-1	-1
0	256	8.37516	1.44186	-1	-1	-1
0	256	-1.82732	-4.06452	5387	-1	-1
0	256	-6.44169	2.57056	-1	-1	-1
0	256	-7.92984	3.26711	-1	-1	-1
0	256	-6.07337	-2.84085	-1	-1	-1
0	256	-4.27704	4.70917	-1	-1	-1
0	256	6.97009	1.81093	-1	-1	-1
0	256	1.72704	-3.14166	1413	1447	-1
0	256	-9.46798	-2.96923	178	254.719	-1
0	256	-2.39577	8.44096	-1	-1	-1
0	256	1.24227	8.67399	4609	4684.5	-1
0	256	-2.80288	2.7568	4249	4409.03	-1
0	256	1.95286	-8.54522	5130	5197.91	-1
0	256	1.37203	6.21387	-1	-1	-1
0	256	6.5171	-3.9313	2238	2302.03	-1
0	256	3.43038	5.44298	-1	-1	-1
0	256	3.64964	3.07042	-1	-1	-1
0	256	-4.15334	-0.736493	-1	-1	-1
0	256	-5.62935	4.44748	-1	-1	-1
0	256	6.10251	2.54384	-1	-1	-1
0	256	-3.39287	1.72825	3575	3606.84	-1
0	256	-0.0706589	-9.09868	-1	-1	-1
0	256	2.55718	6.1119	-1	-1	-1
0	256	-8.50346	-0.503657	-1	-1	-1
0	256	3.89664	-7.85616	1722	1791.91	-1
0	256	0.156685	-9.75177	2442	2519.88	-1
0	256	-6.13723	6.06347	1162	1226.44	-1
0	256	5.8836	-2.72831	-1	-1	-1
0	256	6.71867	-6.99842	-1	-1	-1
0	256	-4.0822	2.67222	-1	-1	-1
0	256	-8.52905	-4.52075	-1	-1	-1
0	256	6.97561	0.299058	3565	3621.75	-1
0	256	-3.36906	0.826662	470	502.094	-1
0	256	3.38695	8.76275	5129	5213.75	-1
0	256	-2.34483	-7.14245	-1	-1	-1
0	256	-9.48825	0.0553811	4808	4873.44	-1
0	256	8.63183	4.34978	3951	4027.03	-1
0	256	8.5596	-0.205142	-1	-1	-1
0	256	2.43757	-6.67449	-1	-1	-1
0	256	7.83889	0.461261	-1	-1	-1
0	256	-5.53734	-6.47792	3674	3796.56	-1
0	256	-2.67503	-6.92117	-1	-1	-1
0	256	4.23225	-4.42834	4118	4261.97	-1
0	256	2.08318	-8.8585	-1	-1	-1
0	256	2.92967	5.90069	-1	-1	-1
0	256	-0.529485	8.13054	-1	-1	-1
0	256	2.10478	6.21923	4087	4198.56	-1
0	256	-4.72876	-0.349605	2054	2170.59	-1
0	256	2.27765	-6.87893	2032	2084.5	-1
0	256	3.23932	-2.68534	-1	-1	-1
0	256	7.95144	2.40354	-1	-1	-1
0	256	-8.92552	-1.80419	-1	-1	-1
0	256	-6.59045	-0.550244	-1	-1	-1
0	256	-3.8166	4.66437	-1	-1	-1
0	256	7.41786	5.40769	4558	4628.53	-1
0	256	-3.77103	7.6211	-1	-1	-1
0	256	-8.47298	4.70534	-1	-1	-1
0	256	-8.93786	-3.45365	3294	3360.84	-1
0	256	-0.706507	6.77109	1479	1529.84	-1
0	256	9.50581	0.424125	-1	-1	-1
0	256	-7.50181	2.51121	-1	-1	-1
0	256	7.81245	-4.49022	-1	-1	-1
0	256	-2.66685	4.58332	2813	2939.34	-1
0	256	-2.8013	-9.31774	2522	2602.81	-1
0	256	-1.24285	6.972	-1	-1	-1
0	256	2.65367	-6.37128	-1	-1	-1
0	256	0.370621	-3.10423	2682	2716.91	-1
0	256	-2.97637	-4.95107	-1	-1	-1
0	256	7.93285	1.0541	-1	-1	-1
0	256	-4.91987	-5.32427	-1	-1	-1
0	256	-2.28839	6.17631	-1	-1	-1
0	256	2.0763	9.31411	1320	1403.59	-1
0	256	-3.47096	5.48231	2727	2776.53	-1
0	256	4.08923	7.12556	-1	-1	-1
0	256	-6.84938	-5.53666	-1	-1	-1
0	256	3.44842	7.61972	-1	-1	-1
0	256	-3.90077	-8.5407	-1	-1	-1
0	256	-2.25064	7.96392	-1	-1	-1
0	256	-4.91866	1.12314	-1	-1	-1
0	256	-3.20882	0.873151	62	151.781	-1
0	256	-0.515228	3.36672	4471	4500.69	-1
0	256	-4.87112	-8.32793	-1	-1	-1
0	256	-5.52908	-3.50142	-1	-1	-1
0	256	3.44184	3.93847	-1	-1	-1
0	256	-1.92352	-5.8209	1266	1368.69	-1
0	256	3.57297	-4.55566	-1	-1	-1
0	256	-2.94639	5.2828	-1	-1	-1
0	256	8.66507	0.622732	-1	-1	-1
0	256	3.0713	-2.10691	3127	3159.81	-1
0	256	-8.57619	-1.51487	-1	-1	-1
0	256	-5.92686	1.29877	-1	-1	-1
0	256	-2.60591	5.13034	-1	-1	-1
0	256	-1.72205	8.80644	1174	1238.41	-1
0	256	6.66862	-0.739672	4982	5032.59	-1
0	256	-2.00577	5.15269	81	134.062	-1
0	256	-4.69197	7.47386	-1	-1	-1
0	256	-3.81097	-0.732652	830	860.969	-1
0	256	0.0928902	1.32139	1718	1739.59	-1
0	256	-3.50776	1.43039	1232	1269.19	-1
0	256	2.87532	6.40201	-1	-1	-1
0	256	-7.53856	7.8477	-1	-1	-1
0	256	0.44237	9.4265	3518	3589.72	-1
0	256	-0.640822	1.86238	267	291.188	-1
0	256	5.28389	5.40853	3373	3520.59	-1
0	256	7.893	5.31566	4925	4993.47	-1
0	256	4.07083	1.97508	3774	3811.09	-1
0	256	-1.25246	-4.12127	592	639.438	-1
0	256	5.89375	9.61963	3306	3384.44	-1
0	256	0.100004	5.976	-1	-1	-1
0	256	-3.12767	1.44942	203	230.844	-1
0	256	-3.33045	-5.89812	1378	1432.41	-1
0	256	-7.86241	-4.62826	-1	-1	-1
0	256	6.80625	0.365723	3669	3720.56	-1
0	256	-6.15323	-6.22355	3474	3540.03	-1
0	256	8.22159	2.22195	-1	-1	-1
0	256	-2.50617	1.5775	2349	2375.41	-1
0	256	1.21723	-0.496496	75	94.75	-1
0	256	1.56914	-2.64094	2756	2782.69	-1
0	256	-3.88284	-3.62117	984	1027.88	-1
0	256	0.833649	-7.20905	2403	2456.31	-1
0	256	-3.26483	-3.43383	452	607.625	-1
0	256	3.72528	4.08258	-1	-1	-1
0	256	4.40921	3.56937	728	774.938	-1
0	256	-1.28485	6.03441	-1	-1	-1
0	256	-5.53749	4.54949	-1	-1	-1
0	256	0.317714	-3.98202	-1	-1	-1
0	256	-4.61476	4.62763	-1	-1	-1
0	256	-4.84083	-7.5834	-1	-1	-1
0	256	-6.7542	0.305027	-1	-1	-1
0	256	-2.85616	-1.7699	-1	-1	-1
0	256	-3.73544	5.93993	-1	-1	-1
0	256	-4.06838	-7.61844	-1	-1	-1
0	256	2.58589	9.45467	1005	1093.25	-1
0	256	1.40754	-2.94601	1409	1440.56	-1
0	256	4.61108	1.99213	129	247.188	-1
0	256	-0.466481	-3.72043	965	1001.31	-1
0	256	4.02836	6.79902	5220	5279.16	-1
0	256	-0.254051	6.83953	-1	-1	-1
0	256	0.522063	-5.50676	-1	-1	-1
0	256	-7.37221	5.50764	2507	2616.22	-1
0	256	-8.09705	-5.60943	2967	3039.84	-1
0	256	7.5418	5.27637	4755	4820.84	-1
0	256	-1.36044	-0.217467	-1	-1	-1
0	256	5.71925	-5.04992	225	282.969	-1
0	256	4.68085	3.59875	4136	4189.84	-1
0	256	-7.66211	-4.19663	-1	-1	-1
0	256	-0.751754	6.48276	-1	-1	-1
0	256	6.2563	0.154286	1199	1300.75	-1
0	256	-4.97447	4.98675	-1	-1	-1
0	256	-9.43799	2.80028	1300	1367.44	-1
0	256	0.813829	6.50391	-1	-1	-1
0	256	3.42404	-2.42606	3211	3253.72	-1
0	256	-3.4499	-0.486373	92	213.062	-1
0	256	-1.78366	4.19771	-1	-1	-1
0	256	-9.1563	-0.438026	-1	-1	-1
0	256	1.58354	-6.45612	1970	2023.94	-1
0	256	4.85912	-4.23743	-1	-1	-1
0	256	2.7583	2.72442	4183	4335.69	-1
0	256	9.62232	-1.19697	2034	2102.91	-1
0	256	5.68309	-0.109059	-1	-1	-1
0	256	2.40994	-9.7942	1609	1707.19	-1
0	256	8.5899	2.784	-1	-1	-1
0	256	-6.14672	1.2626	-1	-1	-1
