Pile ID	Distribution Type	X-Position	Y-Position	Pickup Time	Drop Off Time	Ant ID
1	1	-7.82029	-0.685458	-1	-1	-1
1	1	-7.67029	-0.685458	-1	-1	-1
1	1	-7.52029	-0.685458	-1	-1	-1
1	1	-7.37029	-0.685458	-1	-1	-1
1	1	-7.22029	-0.685458	-1	-1	-1
1	1	-7.07029	-0.685458	2255	2310.56	-1
1	1	-6.92029	-0.685458	2144	2198.03	-1
1	1	-6.77029	-0.685458	2378	2430.56	-1
1	1	-6.62029	-0.685458	1563	1615.91	-1
1	1	-6.47029	-0.685458	1538	1599.59	-1
1	1	-6.32029	-0.685458	1990	2045.16	-1
1	1	-6.17029	-0.685458	1957	2008.19	-1
1	1	-6.02029	-0.685458	2059	2108.78	-1
1	1	-5.87029	-0.685458	2700	2766.34	-1
1	1	-5.72029	-0.685458	993	1043.72	-1
1	1	-5.57029	-0.685458	1028	1085.12	-1
1	1	-7.82029	-0.535458	-1	-1	-1
1	1	-7.67029	-0.535458	-1	-1	-1
1	1	-7.52029	-0.535458	-1	-1	-1
1	1	-7.37029	-0.535458	-1	-1	-1
1	1	-7.22029	-0.535458	-1	-1	-1
1	1	-7.07029	-0.535458	2367	2430.31	-1
1	1	-6.92029	-0.535458	1891	1946.47	-1
1	1	-6.77029	-0.535458	1697	1763.72	-1
1	1	-6.62029	-0.535458	1650	1760.84	-1
1	1	-6.47029	-0.535458	1409	1466.97	-1
1	1	-6.32029	-0.535458	1394	1450.91	-1
1	1	-6.17029	-0.535458	1551	1640.28	-1
1	1	-6.02029	-0.535458	1002	1059.03	-1
1	1	-5.87029	-0.535458	870	936.031	-1
1	1	-5.72029	-0.535458	849	892.031	-1
1	1	-5.57029	-0.535458	965	1018.53	-1
1	1	-7.82029	-0.385458	-1	-1	-1
1	1	-7.67029	-0.385458	-1	-1	-1
1	1	-7.52029	-0.385458	-1	-1	-1
1	1	-7.37029	-0.385458	2583	2643.53	-1
1	1	-7.22029	-0.385458	-1	-1	-1
1	1	-7.07029	-0.385458	2262	2318.25	-1
1	1	-6.92029	-0.385458	1776	1835.97	-1
1	1	-6.77029	-0.385458	1741	1822.88	-1
1	1	-6.62029	-0.385458	1528	1584.59	-1
1	1	-6.47029	-0.385458	1495	1578.06	-1
1	1	-6.32029	-0.385458	1366	1413.09	-1
1	1	-6.17029	-0.385458	848	911.594	-1
1	1	-6.02029	-0.385458	978	1101.06	-1
1	1	-5.87029	-0.385458	740	790.406	-1
1	1	-5.72029	-0.385458	596	673.156	-1
1	1	-5.57029	-0.385458	533	650.469	-1
1	1	-7.82029	-0.235458	-1	-1	-1
1	1	-7.67029	-0.235458	-1	-1	-1
1	1	-7.52029	-0.235458	3092	3145.34	-1
1	1	-7.37029	-0.235458	2420	2525.56	-1
1	1	-7.22029	-0.235458	2274	2352.31	-1
1	1	-7.07029	-0.235458	2152	2206.72	-1
1	1	-6.92029	-0.235458	2022	2094.31	-1
1	1	-6.77029	-0.235458	1838	1913.62	-1
1	1	-6.62029	-0.235458	1640	1692.94	-1
1	1	-6.47029	-0.235458	1471	1541.22	-1
1	1	-6.32029	-0.235458	1073	1134.22	-1
1	1	-6.17029	-0.235458	869	934.094	-1
1	1	-6.02029	-0.235458	713	767.344	-1
1	1	-5.87029	-0.235458	793	859.844	-1
1	1	-5.72029	-0.235458	712	754.25	-1
1	1	-5.57029	-0.235458	256	299.875	-1
1	1	-7.82029	-0.0854579	3534	3633.28	-1
1	1	-7.67029	-0.0854579	3202	3269.19	-1
1	1	-7.52029	-0.0854579	2703	2760.34	-1
1	1	-7.37029	-0.0854579	2604	2671.03	-1
1	1	-7.22029	-0.0854579	2731	2806.72	-1
1	1	-7.07029	-0.0854579	2540	2612.38	-1
1	1	-6.92029	-0.0854579	2034	2083.53	-1
1	1	-6.77029	-0.0854579	1878	1973.31	-1
1	1	-6.62029	-0.0854579	1661	1729.84	-1
1	1	-6.47029	-0.0854579	1706	1772.16	-1
1	1	-6.32029	-0.0854579	1263	1309.94	-1
1	1	-6.17029	-0.0854579	824	949.75	-1
1	1	-6.02029	-0.0854579	609	657.25	-1
1	1	-5.87029	-0.0854579	581	625.438	-1
1	1	-5.72029	-0.0854579	681	739.844	-1
1	1	-5.57029	-0.0854579	238	281.094	-1
1	1	-7.82029	0.0645421	3369	3430.22	-1
1	1	-7.67029	0.0645421	3085	3153.56	-1
1	1	-7.52029	0.0645421	2963	3020.28	-1
1	1	-7.37029	0.0645421	2844	2899.97	-1
1	1	-7.22029	0.0645421	2699	2752.22	-1
1	1	-7.07029	0.0645421	2574	2631.53	-1
1	1	-6.92029	0.0645421	2403	2456.88	-1
1	1	-6.77029	0.0645421	2821	2872.69	-1
1	1	-6.62029	0.0645421	1811	1861.38	-1
1	1	-6.47029	0.0645421	1628	1678.59	-1
1	1	-6.32029	0.0645421	1277	1333.78	-1
1	1	-6.17029	0.0645421	1025	1077.31	-1
1	1	-6.02029	0.0645421	739	804.75	-1
1	1	-5.87029	0.0645421	483	540.281	-1
1	1	-5.72029	0.0645421	361	417.906	-1
1	1	-5.57029	0.0645421	102	199.5	-1
1	1	-7.82029	0.214542	3512	3590.56	-1
1	1	-7.67029	0.214542	3497	3570.84	-1
1	1	-7.52029	0.214542	3220	3281.16	-1
1	1	-7.37029	0.214542	5244	5300.41	-1
1	1	-7.22029	0.214542	4873	4929.78	-1
1	1	-7.07029	0.214542	-1	-1	-1
1	1	-6.92029	0.214542	-1	-1	-1
1	1	-6.77029	0.214542	-1	-1	-1
1	1	-6.62029	0.214542	1830	1900.41	-1
1	1	-6.47029	0.214542	3409	3478.16	-1
1	1	-6.32029	0.214542	1238	1301.62	-1
1	1	-6.17029	0.214542	1126	1182.03	-1
1	1	-6.02029	0.214542	1379	1435.72	-1
1	1	-5.87029	0.214542	1839	1886.5	-1
1	1	-5.72029	0.214542	957	1002.34	-1
1	1	-5.57029	0.214542	269	315.719	-1
1	1	-7.82029	0.364542	-1	-1	-1
1	1	-7.67029	0.364542	-1	-1	-1
1	1	-7.52029	0.364542	-1	-1	-1
1	1	-7.37029	0.364542	5099	5165.09	-1
1	1	-7.22029	0.364542	4455	4513.03	-1
1	1	-7.07029	0.364542	4985	5040.09	-1
1	1	-6.92029	0.364542	4543	4621.94	-1
1	1	-6.77029	0.364542	-1	-1	-1
1	1	-6.62029	0.364542	3719	3773.56	-1
1	1	-6.47029	0.364542	3423	3494.22	-1
1	1	-6.32029	0.364542	1292	1346.44	-1
1	1	-6.17029	0.364542	1155	1224	-1
1	1	-6.02029	0.364542	1486	1535.44	-1
1	1	-5.87029	0.364542	2413	2474.03	-1
1	1	-5.72029	0.364542	3147	3201.59	-1
1	1	-5.57029	0.364542	3391	3474	-1
1	1	-7.82029	0.514542	-1	-1	-1
1	1	-7.67029	0.514542	-1	-1	-1
1	1	-7.52029	0.514542	-1	-1	-1
1	1	-7.37029	0.514542	4559	4637.06	-1
1	1	-7.22029	0.514542	4276	4338.88	-1
1	1	-7.07029	0.514542	4299	4356.62	-1
1	1	-6.92029	0.514542	3246	3308.72	-1
1	1	-6.77029	0.514542	3125	3191.53	-1
1	1	-6.62029	0.514542	2845	2896.38	-1
1	1	-6.47029	0.514542	2595	2651.62	-1
1	1	-6.32029	0.514542	2300	2355.69	-1
1	1	-6.17029	0.514542	1585	1651.94	-1
1	1	-6.02029	0.514542	1704	1784.5	-1
1	1	-5.87029	0.514542	3255	3367	-1
1	1	-5.72029	0.514542	3283	3330.28	-1
1	1	-5.57029	0.514542	3525	3574.31	-1
1	1	-7.82029	0.664542	-1	-1	-1
1	1	-7.67029	0.664542	-1	-1	-1
1	1	-7.52029	0.664542	4409	4476.22	-1
1	1	-7.37029	0.664542	4310	4366.62	-1
1	1	-7.22029	0.664542	4162	4214.09	-1
1	1	-7.07029	0.664542	4049	4103.41	-1
1	1	-6.92029	0.664542	3304	3356.5	-1
1	1	-6.77029	0.664542	2981	3077.16	-1
1	1	-6.62029	0.664542	2881	2936.28	-1
1	1	-6.47029	0.664542	2714	2794.22	-1
1	1	-6.32029	0.664542	2097	2147.75	-1
1	1	-6.17029	0.664542	1856	1926.56	-1
1	1	-6.02029	0.664542	1990	2037.19	-1
1	1	-5.87029	0.664542	3456	3510.94	-1
1	1	-5.72029	0.664542	-1	-1	-1
1	1	-5.57029	0.664542	1941	1991.78	-1
1	1	-7.82029	0.814542	-1	-1	-1
1	1	-7.67029	0.814542	-1	-1	-1
1	1	-7.52029	0.814542	4850	4908.78	-1
1	1	-7.37029	0.814542	4534	4604.84	-1
1	1	-7.22029	0.814542	4181	4237.16	-1
1	1	-7.07029	0.814542	3687	3761.16	-1
1	1	-6.92029	0.814542	3148	3234.53	-1
1	1	-6.77029	0.814542	3003	3082.03	-1
1	1	-6.62029	0.814542	2758	2830.22	-1
1	1	-6.47029	0.814542	2626	2701.81	-1
1	1	-6.32029	0.814542	2197	2247.69	-1
1	1	-6.17029	0.814542	2307	2360.69	-1
1	1	-6.02029	0.814542	3105	3159.59	-1
1	1	-5.87029	0.814542	-1	-1	-1
1	1	-5.72029	0.814542	-1	-1	-1
1	1	-5.57029	0.814542	-1	-1	-1
1	1	-7.82029	0.964542	-1	-1	-1
1	1	-7.67029	0.964542	-1	-1	-1
1	1	-7.52029	0.964542	5134	5198.28	-1
1	1	-7.37029	0.964542	4656	4712.62	-1
1	1	-7.22029	0.964542	4419	4511.25	-1
1	1	-7.07029	0.964542	3819	3870.66	-1
1	1	-6.92029	0.964542	3575	3629.94	-1
1	1	-6.77029	0.964542	3023	3073.03	-1
1	1	-6.62029	0.964542	2984	3044.62	-1
1	1	-6.47029	0.964542	2989	3040.56	-1
1	1	-6.32029	0.964542	2421	2499.78	-1
1	1	-6.17029	0.964542	2606	2661.44	-1
1	1	-6.02029	0.964542	2970	3026.78	-1
1	1	-5.87029	0.964542	5364	-1	-1
1	1	-5.72029	0.964542	-1	-1	-1
1	1	-5.57029	0.964542	-1	-1	-1
1	1	-7.82029	1.11454	-1	-1	-1
1	1	-7.67029	1.11454	-1	-1	-1
1	1	-7.52029	1.11454	-1	-1	-1
1	1	-7.37029	1.11454	4719	4788.72	-1
1	1	-7.22029	1.11454	4582	4647.91	-1
1	1	-7.07029	1.11454	3930	3986.19	-1
1	1	-6.92029	1.11454	3709	3763.06	-1
1	1	-6.77029	1.11454	4087	4141.34	-1
1	1	-6.62029	1.11454	3129	3213.41	-1
1	1	-6.47029	1.11454	4405	4455.56	-1
1	1	-6.32029	1.11454	2864	2916.94	-1
1	1	-6.17029	1.11454	2715	2760.16	-1
1	1	-6.02029	1.11454	5124	5172.12	-1
1	1	-5.87029	1.11454	5389	-1	-1
1	1	-5.72029	1.11454	-1	-1	-1
1	1	-5.57029	1.11454	-1	-1	-1
1	1	-7.82029	1.26454	-1	-1	-1
1	1	-7.67029	1.26454	-1	-1	-1
1	1	-7.52029	1.26454	-1	-1	-1
1	1	-7.37029	1.26454	-1	-1	-1
1	1	-7.22029	1.26454	-1	-1	-1
1	1	-7.07029	1.26454	4718	4777.97	-1
1	1	-6.92029	1.26454	4591	4657.75	-1
1	1	-6.77029	1.26454	3981	4034.75	-1
1	1	-6.62029	1.26454	3863	3923.62	-1
1	1	-6.47029	1.26454	-1	-1	-1
1	1	-6.32029	1.26454	3120	3174.5	-1
1	1	-6.17029	1.26454	3262	3342.09	-1
1	1	-6.02029	1.26454	3730	3781.97	-1
1	1	-5.87029	1.26454	-1	-1	-1
1	1	-5.72029	1.26454	-1	-1	-1
1	1	-5.57029	1.26454	-1	-1	-1
1	1	-7.82029	1.41454	-1	-1	-1
1	1	-7.67029	1.41454	-1	-1	-1
1	1	-7.52029	1.41454	-1	-1	-1
1	1	-7.37029	1.41454	-1	-1	-1
1	1	-7.22029	1.41454	1435	1492.81	-1
1	1	-7.07029	1.41454	-1	-1	-1
1	1	-6.92029	1.41454	-1	-1	-1
1	1	-6.77029	1.41454	-1	-1	-1
1	1	-6.62029	1.41454	-1	-1	-1
1	1	-6.47029	1.41454	-1	-1	-1
1	1	-6.32029	1.41454	-1	-1	-1
1	1	-6.17029	1.41454	3609	3678.62	-1
1	1	-6.02029	1.41454	3827	3872.94	-1
1	1	-5.87029	1.41454	-1	-1	-1
1	1	-5.72029	1.41454	-1	-1	-1
1	1	-5.57029	1.41454	-1	-1	-1
1	1	-7.82029	1.56454	-1	-1	-1
1	1	-7.67029	1.56454	-1	-1	-1
1	1	-7.52029	1.56454	-1	-1	-1
1	1	-7.37029	1.56454	-1	-1	-1
1	1	-7.22029	1.56454	1308	1381.69	-1
1	1	-7.07029	1.56454	1184	1251.03	-1
1	1	-6.92029	1.56454	1072	1123.59	-1
1	1	-6.77029	1.56454	-1	-1	-1
1	1	-6.62029	1.56454	-1	-1	-1
1	1	-6.47029	1.56454	-1	-1	-1
1	1	-6.32029	1.56454	-1	-1	-1
1	1	-6.17029	1.56454	-1	-1	-1
1	1	-6.02029	1.56454	-1	-1	-1
1	1	-5.87029	1.56454	-1	-1	-1
1	1	-5.72029	1.56454	-1	-1	-1
1	1	-5.57029	1.56454	5327	5371.41	-1
2	4	-5.6748	5.3004	630	706.656	-1
2	4	-5.5248	5.3004	771	831.125	-1
2	4	-5.3748	5.3004	-1	-1	-1
2	4	-5.2248	5.3004	-1	-1	-1
2	4	-5.0748	5.3004	-1	-1	-1
2	4	-4.9248	5.3004	-1	-1	-1
2	4	-4.7748	5.3004	-1	-1	-1
2	4	-4.6248	5.3004	-1	-1	-1
2	4	-5.6748	5.4504	901	962.938	-1
2	4	-5.5248	5.4504	-1	-1	-1
2	4	-5.3748	5.4504	-1	-1	-1
2	4	-5.2248	5.4504	-1	-1	-1
2	4	-5.0748	5.4504	-1	-1	-1
2	4	-4.9248	5.4504	-1	-1	-1
2	4	-4.7748	5.4504	-1	-1	-1
2	4	-4.6248	5.4504	-1	-1	-1
2	4	-5.6748	5.6004	-1	-1	-1
2	4	-5.5248	5.6004	-1	-1	-1
2	4	-5.3748	5.6004	-1	-1	-1
2	4	-5.2248	5.6004	-1	-1	-1
2	4	-5.0748	5.6004	-1	-1	-1
2	4	-4.9248	5.6004	-1	-1	-1
2	4	-4.7748	5.6004	-1	-1	-1
2	4	-4.6248	5.6004	-1	-1	-1
2	4	-5.6748	5.7504	-1	-1	-1
2	4	-5.5248	5.7504	-1	-1	-1
2	4	-5.3748	5.7504	-1	-1	-1
2	4	-5.2248	5.7504	-1	-1	-1
2	4	-5.0748	5.7504	-1	-1	-1
2	4	-4.9248	5.7504	-1	-1	-1
2	4	-4.7748	5.7504	-1	-1	-1
2	4	-4.6248	5.7504	-1	-1	-1
2	4	-5.6748	5.9004	-1	-1	-1
2	4	-5.5248	5.9004	-1	-1	-1
2	4	-5.3748	5.9004	-1	-1	-1
2	4	-5.2248	5.9004	-1	-1	-1
2	4	-5.0748	5.9004	-1	-1	-1
2	4	-4.9248	5.9004	-1	-1	-1
2	4	-4.7748	5.9004	-1	-1	-1
2	4	-4.6248	5.9004	2774	2922.78	-1
2	4	-5.6748	6.0504	-1	-1	-1
2	4	-5.5248	6.0504	-1	-1	-1
2	4	-5.3748	6.0504	-1	-1	-1
2	4	-5.2248	6.0504	-1	-1	-1
2	4	-5.0748	6.0504	-1	-1	-1
2	4	-4.9248	6.0504	-1	-1	-1
2	4	-4.7748	6.0504	-1	-1	-1
2	4	-4.6248	6.0504	5394	-1	-1
2	4	-5.6748	6.2004	-1	-1	-1
2	4	-5.5248	6.2004	-1	-1	-1
2	4	-5.3748	6.2004	-1	-1	-1
2	4	-5.2248	6.2004	-1	-1	-1
2	4	-5.0748	6.2004	-1	-1	-1
2	4	-4.9248	6.2004	-1	-1	-1
2	4	-4.7748	6.2004	-1	-1	-1
2	4	-4.6248	6.2004	-1	-1	-1
2	4	-5.6748	6.3504	-1	-1	-1
2	4	-5.5248	6.3504	-1	-1	-1
2	4	-5.3748	6.3504	-1	-1	-1
2	4	-5.2248	6.3504	-1	-1	-1
2	4	-5.0748	6.3504	-1	-1	-1
2	4	-4.9248	6.3504	-1	-1	-1
2	4	-4.7748	6.3504	-1	-1	-1
2	4	-4.6248	6.3504	-1	-1	-1
3	4	-5.28509	-7.66662	-1	-1	-1
3	4	-5.13509	-7.66662	-1	-1	-1
3	4	-4.98509	-7.66662	-1	-1	-1
3	4	-4.83509	-7.66662	-1	-1	-1
3	4	-4.68509	-7.66662	-1	-1	-1
3	4	-4.53509	-7.66662	-1	-1	-1
3	4	-4.38509	-7.66662	-1	-1	-1
3	4	-4.23509	-7.66662	-1	-1	-1
3	4	-5.28509	-7.51662	-1	-1	-1
3	4	-5.13509	-7.51662	-1	-1	-1
3	4	-4.98509	-7.51662	-1	-1	-1
3	4	-4.83509	-7.51662	-1	-1	-1
3	4	-4.68509	-7.51662	-1	-1	-1
3	4	-4.53509	-7.51662	-1	-1	-1
3	4	-4.38509	-7.51662	-1	-1	-1
3	4	-4.23509	-7.51662	-1	-1	-1
3	4	-5.28509	-7.36662	-1	-1	-1
3	4	-5.13509	-7.36662	-1	-1	-1
3	4	-4.98509	-7.36662	-1	-1	-1
3	4	-4.83509	-7.36662	-1	-1	-1
3	4	-4.68509	-7.36662	-1	-1	-1
3	4	-4.53509	-7.36662	-1	-1	-1
3	4	-4.38509	-7.36662	-1	-1	-1
3	4	-4.23509	-7.36662	-1	-1	-1
3	4	-5.28509	-7.21662	-1	-1	-1
3	4	-5.13509	-7.21662	-1	-1	-1
3	4	-4.98509	-7.21662	-1	-1	-1
3	4	-4.83509	-7.21662	-1	-1	-1
3	4	-4.68509	-7.21662	-1	-1	-1
3	4	-4.53509	-7.21662	-1	-1	-1
3	4	-4.38509	-7.21662	-1	-1	-1
3	4	-4.23509	-7.21662	-1	-1	-1
3	4	-5.28509	-7.06662	-1	-1	-1
3	4	-5.13509	-7.06662	-1	-1	-1
3	4	-4.98509	-7.06662	-1	-1	-1
3	4	-4.83509	-7.06662	-1	-1	-1
3	4	-4.68509	-7.06662	-1	-1	-1
3	4	-4.53509	-7.06662	-1	-1	-1
3	4	-4.38509	-7.06662	-1	-1	-1
3	4	-4.23509	-7.06662	-1	-1	-1
3	4	-5.28509	-6.91662	2423	2489.25	-1
3	4	-5.13509	-6.91662	-1	-1	-1
3	4	-4.98509	-6.91662	-1	-1	-1
3	4	-4.83509	-6.91662	-1	-1	-1
3	4	-4.68509	-6.91662	-1	-1	-1
3	4	-4.53509	-6.91662	3244	3308.03	-1
3	4	-4.38509	-6.91662	3374	3437.25	-1
3	4	-4.23509	-6.91662	-1	-1	-1
3	4	-5.28509	-6.76662	2132	2204.97	-1
3	4	-5.13509	-6.76662	-1	-1	-1
3	4	-4.98509	-6.76662	-1	-1	-1
3	4	-4.83509	-6.76662	-1	-1	-1
3	4	-4.68509	-6.76662	-1	-1	-1
3	4	-4.53509	-6.76662	3059	3184.12	-1
3	4	-4.38509	-6.76662	2159	2220.53	-1
3	4	-4.23509	-6.76662	2282	2345.91	-1
3	4	-5.28509	-6.61662	1869	1933.19	-1
3	4	-5.13509	-6.61662	1999	2063.38	-1
3	4	-4.98509	-6.61662	-1	-1	-1
3	4	-4.83509	-6.61662	4475	4584.12	-1
3	4	-4.68509	-6.61662	-1	-1	-1
3	4	-4.53509	-6.61662	1230	1356.78	-1
3	4	-4.38509	-6.61662	1442	1503.34	-1
3	4	-4.23509	-6.61662	1566	1626.44	-1
4	4	-5.1598	3.71423	-1	-1	-1
4	4	-5.0098	3.71423	1564	1610.84	-1
4	4	-4.8598	3.71423	-1	-1	-1
4	4	-4.7098	3.71423	-1	-1	-1
4	4	-4.5598	3.71423	803	850.781	-1
4	4	-4.4098	3.71423	553	655.969	-1
4	4	-4.2598	3.71423	712	757.594	-1
4	4	-4.1098	3.71423	-1	-1	-1
4	4	-5.1598	3.86423	-1	-1	-1
4	4	-5.0098	3.86423	-1	-1	-1
4	4	-4.8598	3.86423	-1	-1	-1
4	4	-4.7098	3.86423	-1	-1	-1
4	4	-4.5598	3.86423	-1	-1	-1
4	4	-4.4098	3.86423	-1	-1	-1
4	4	-4.2598	3.86423	1286	1329.59	-1
4	4	-4.1098	3.86423	-1	-1	-1
4	4	-5.1598	4.01423	-1	-1	-1
4	4	-5.0098	4.01423	-1	-1	-1
4	4	-4.8598	4.01423	-1	-1	-1
4	4	-4.7098	4.01423	-1	-1	-1
4	4	-4.5598	4.01423	-1	-1	-1
4	4	-4.4098	4.01423	-1	-1	-1
4	4	-4.2598	4.01423	-1	-1	-1
4	4	-4.1098	4.01423	-1	-1	-1
4	4	-5.1598	4.16423	-1	-1	-1
4	4	-5.0098	4.16423	-1	-1	-1
4	4	-4.8598	4.16423	-1	-1	-1
4	4	-4.7098	4.16423	-1	-1	-1
4	4	-4.5598	4.16423	-1	-1	-1
4	4	-4.4098	4.16423	-1	-1	-1
4	4	-4.2598	4.16423	-1	-1	-1
4	4	-4.1098	4.16423	65	113.625	-1
4	4	-5.1598	4.31423	-1	-1	-1
4	4	-5.0098	4.31423	-1	-1	-1
4	4	-4.8598	4.31423	-1	-1	-1
4	4	-4.7098	4.31423	-1	-1	-1
4	4	-4.5598	4.31423	-1	-1	-1
4	4	-4.4098	4.31423	-1	-1	-1
4	4	-4.2598	4.31423	-1	-1	-1
4	4	-4.1098	4.31423	426	576.938	-1
4	4	-5.1598	4.46423	-1	-1	-1
4	4	-5.0098	4.46423	-1	-1	-1
4	4	-4.8598	4.46423	-1	-1	-1
4	4	-4.7098	4.46423	-1	-1	-1
4	4	-4.5598	4.46423	-1	-1	-1
4	4	-4.4098	4.46423	-1	-1	-1
4	4	-4.2598	4.46423	-1	-1	-1
4	4	-4.1098	4.46423	-1	-1	-1
4	4	-5.1598	4.61423	-1	-1	-1
4	4	-5.0098	4.61423	-1	-1	-1
4	4	-4.8598	4.61423	-1	-1	-1
4	4	-4.7098	4.61423	-1	-1	-1
4	4	-4.5598	4.61423	-1	-1	-1
4	4	-4.4098	4.61423	-1	-1	-1
4	4	-4.2598	4.61423	-1	-1	-1
4	4	-4.1098	4.61423	-1	-1	-1
4	4	-5.1598	4.76423	-1	-1	-1
4	4	-5.0098	4.76423	-1	-1	-1
4	4	-4.8598	4.76423	-1	-1	-1
4	4	-4.7098	4.76423	-1	-1	-1
4	4	-4.5598	4.76423	-1	-1	-1
4	4	-4.4098	4.76423	-1	-1	-1
4	4	-4.2598	4.76423	-1	-1	-1
4	4	-4.1098	4.76423	-1	-1	-1
5	4	0.192103	7.6574	-1	-1	-1
5	4	0.342103	7.6574	-1	-1	-1
5	4	0.492103	7.6574	-1	-1	-1
5	4	0.642103	7.6574	-1	-1	-1
5	4	0.792103	7.6574	-1	-1	-1
5	4	0.942103	7.6574	-1	-1	-1
5	4	1.0921	7.6574	-1	-1	-1
5	4	1.2421	7.6574	1254	1373.97	-1
5	4	0.192103	7.8074	-1	-1	-1
5	4	0.342103	7.8074	-1	-1	-1
5	4	0.492103	7.8074	-1	-1	-1
5	4	0.642103	7.8074	-1	-1	-1
5	4	0.792103	7.8074	-1	-1	-1
5	4	0.942103	7.8074	-1	-1	-1
5	4	1.0921	7.8074	-1	-1	-1
5	4	1.2421	7.8074	1436	1497.5	-1
5	4	0.192103	7.9574	-1	-1	-1
5	4	0.342103	7.9574	-1	-1	-1
5	4	0.492103	7.9574	-1	-1	-1
5	4	0.642103	7.9574	-1	-1	-1
5	4	0.792103	7.9574	-1	-1	-1
5	4	0.942103	7.9574	-1	-1	-1
5	4	1.0921	7.9574	-1	-1	-1
5	4	1.2421	7.9574	-1	-1	-1
5	4	0.192103	8.1074	-1	-1	-1
5	4	0.342103	8.1074	-1	-1	-1
5	4	0.492103	8.1074	-1	-1	-1
5	4	0.642103	8.1074	-1	-1	-1
5	4	0.792103	8.1074	-1	-1	-1
5	4	0.942103	8.1074	-1	-1	-1
5	4	1.0921	8.1074	-1	-1	-1
5	4	1.2421	8.1074	-1	-1	-1
5	4	0.192103	8.2574	-1	-1	-1
5	4	0.342103	8.2574	-1	-1	-1
5	4	0.492103	8.2574	-1	-1	-1
5	4	0.642103	8.2574	-1	-1	-1
5	4	0.792103	8.2574	-1	-1	-1
5	4	0.942103	8.2574	-1	-1	-1
5	4	1.0921	8.2574	-1	-1	-1
5	4	1.2421	8.2574	-1	-1	-1
5	4	0.192103	8.4074	-1	-1	-1
5	4	0.342103	8.4074	-1	-1	-1
5	4	0.492103	8.4074	-1	-1	-1
5	4	0.642103	8.4074	-1	-1	-1
5	4	0.792103	8.4074	-1	-1	-1
5	4	0.942103	8.4074	-1	-1	-1
5	4	1.0921	8.4074	-1	-1	-1
5	4	1.2421	8.4074	-1	-1	-1
5	4	0.192103	8.5574	-1	-1	-1
5	4	0.342103	8.5574	-1	-1	-1
5	4	0.492103	8.5574	-1	-1	-1
5	4	0.642103	8.5574	-1	-1	-1
5	4	0.792103	8.5574	-1	-1	-1
5	4	0.942103	8.5574	-1	-1	-1
5	4	1.0921	8.5574	-1	-1	-1
5	4	1.2421	8.5574	-1	-1	-1
5	4	0.192103	8.7074	3310	3381.53	-1
5	4	0.342103	8.7074	-1	-1	-1
5	4	0.492103	8.7074	-1	-1	-1
5	4	0.642103	8.7074	-1	-1	-1
5	4	0.792103	8.7074	-1	-1	-1
5	4	0.942103	8.7074	-1	-1	-1
5	4	1.0921	8.7074	-1	-1	-1
5	4	1.2421	8.7074	-1	-1	-1
6	16	7.85784	4.02071	-1	-1	-1
6	16	8.00784	4.02071	-1	-1	-1
6	16	8.15784	4.02071	-1	-1	-1
6	16	8.30784	4.02071	-1	-1	-1
6	16	7.85784	4.17071	-1	-1	-1
6	16	8.00784	4.17071	-1	-1	-1
6	16	8.15784	4.17071	-1	-1	-1
6	16	8.30784	4.17071	-1	-1	-1
6	16	7.85784	4.32071	-1	-1	-1
6	16	8.00784	4.32071	-1	-1	-1
6	16	8.15784	4.32071	-1	-1	-1
6	16	8.30784	4.32071	-1	-1	-1
6	16	7.85784	4.47071	-1	-1	-1
6	16	8.00784	4.47071	-1	-1	-1
6	16	8.15784	4.47071	-1	-1	-1
6	16	8.30784	4.47071	-1	-1	-1
7	16	-0.472625	-7.50132	-1	-1	-1
7	16	-0.322625	-7.50132	-1	-1	-1
7	16	-0.172625	-7.50132	-1	-1	-1
7	16	-0.0226246	-7.50132	-1	-1	-1
7	16	-0.472625	-7.35132	-1	-1	-1
7	16	-0.322625	-7.35132	-1	-1	-1
7	16	-0.172625	-7.35132	-1	-1	-1
7	16	-0.0226246	-7.35132	-1	-1	-1
7	16	-0.472625	-7.20132	-1	-1	-1
7	16	-0.322625	-7.20132	-1	-1	-1
7	16	-0.172625	-7.20132	-1	-1	-1
7	16	-0.0226246	-7.20132	-1	-1	-1
7	16	-0.472625	-7.05132	-1	-1	-1
7	16	-0.322625	-7.05132	-1	-1	-1
7	16	-0.172625	-7.05132	-1	-1	-1
7	16	-0.0226246	-7.05132	-1	-1	-1
8	16	-3.53434	7.42998	4121	4223.72	-1
8	16	-3.38434	7.42998	1071	1167.31	-1
8	16	-3.23434	7.42998	-1	-1	-1
8	16	-3.08434	7.42998	-1	-1	-1
8	16	-3.53434	7.57998	-1	-1	-1
8	16	-3.38434	7.57998	-1	-1	-1
8	16	-3.23434	7.57998	-1	-1	-1
8	16	-3.08434	7.57998	-1	-1	-1
8	16	-3.53434	7.72998	-1	-1	-1
8	16	-3.38434	7.72998	-1	-1	-1
8	16	-3.23434	7.72998	-1	-1	-1
8	16	-3.08434	7.72998	-1	-1	-1
8	16	-3.53434	7.87998	-1	-1	-1
8	16	-3.38434	7.87998	-1	-1	-1
8	16	-3.23434	7.87998	-1	-1	-1
8	16	-3.08434	7.87998	-1	-1	-1
9	16	0.0774381	4.81459	-1	-1	-1
9	16	0.227438	4.81459	-1	-1	-1
9	16	0.377438	4.81459	-1	-1	-1
9	16	0.527438	4.81459	-1	-1	-1
9	16	0.0774381	4.96459	1857	1897.06	-1
9	16	0.227438	4.96459	-1	-1	-1
9	16	0.377438	4.96459	-1	-1	-1
9	16	0.527438	4.96459	-1	-1	-1
9	16	0.0774381	5.11459	-1	-1	-1
9	16	0.227438	5.11459	-1	-1	-1
9	16	0.377438	5.11459	-1	-1	-1
9	16	0.527438	5.11459	-1	-1	-1
9	16	0.0774381	5.26459	-1	-1	-1
9	16	0.227438	5.26459	-1	-1	-1
9	16	0.377438	5.26459	-1	-1	-1
9	16	0.527438	5.26459	-1	-1	-1
10	16	-8.26925	3.5451	4001	4074	-1
10	16	-8.11925	3.5451	3734	3800.97	-1
10	16	-7.96925	3.5451	3872	3936.47	-1
10	16	-7.81925	3.5451	917	977.688	-1
10	16	-8.26925	3.6951	-1	-1	-1
10	16	-8.11925	3.6951	-1	-1	-1
10	16	-7.96925	3.6951	-1	-1	-1
10	16	-7.81925	3.6951	-1	-1	-1
10	16	-8.26925	3.8451	-1	-1	-1
10	16	-8.11925	3.8451	-1	-1	-1
10	16	-7.96925	3.8451	-1	-1	-1
10	16	-7.81925	3.8451	4929	5018.06	-1
10	16	-8.26925	3.9951	-1	-1	-1
10	16	-8.11925	3.9951	-1	-1	-1
10	16	-7.96925	3.9951	-1	-1	-1
10	16	-7.81925	3.9951	5082	5150.56	-1
11	16	-3.16386	-1.05691	-1	-1	-1
11	16	-3.01386	-1.05691	-1	-1	-1
11	16	-2.86386	-1.05691	-1	-1	-1
11	16	-2.71386	-1.05691	-1	-1	-1
11	16	-3.16386	-0.906908	-1	-1	-1
11	16	-3.01386	-0.906908	-1	-1	-1
11	16	-2.86386	-0.906908	-1	-1	-1
11	16	-2.71386	-0.906908	4455	4584.78	-1
11	16	-3.16386	-0.756908	-1	-1	-1
11	16	-3.01386	-0.756908	-1	-1	-1
11	16	-2.86386	-0.756908	-1	-1	-1
11	16	-2.71386	-0.756908	-1	-1	-1
11	16	-3.16386	-0.606908	-1	-1	-1
11	16	-3.01386	-0.606908	-1	-1	-1
11	16	-2.86386	-0.606908	-1	-1	-1
11	16	-2.71386	-0.606908	37	85.6562	-1
12	16	-3.93836	5.7781	-1	-1	-1
12	16	-3.78836	5.7781	-1	-1	-1
12	16	-3.63836	5.7781	-1	-1	-1
12	16	-3.48836	5.7781	-1	-1	-1
12	16	-3.93836	5.9281	-1	-1	-1
12	16	-3.78836	5.9281	-1	-1	-1
12	16	-3.63836	5.9281	-1	-1	-1
12	16	-3.48836	5.9281	-1	-1	-1
12	16	-3.93836	6.0781	-1	-1	-1
12	16	-3.78836	6.0781	-1	-1	-1
12	16	-3.63836	6.0781	-1	-1	-1
12	16	-3.48836	6.0781	4438	4544.88	-1
12	16	-3.93836	6.2281	1149	1215.94	-1
12	16	-3.78836	6.2281	-1	-1	-1
12	16	-3.63836	6.2281	-1	-1	-1
12	16	-3.48836	6.2281	-1	-1	-1
13	16	4.84824	2.91379	-1	-1	-1
13	16	4.99824	2.91379	-1	-1	-1
13	16	5.14824	2.91379	-1	-1	-1
13	16	5.29824	2.91379	-1	-1	-1
13	16	4.84824	3.06379	-1	-1	-1
13	16	4.99824	3.06379	-1	-1	-1
13	16	5.14824	3.06379	-1	-1	-1
13	16	5.29824	3.06379	-1	-1	-1
13	16	4.84824	3.21379	-1	-1	-1
13	16	4.99824	3.21379	-1	-1	-1
13	16	5.14824	3.21379	-1	-1	-1
13	16	5.29824	3.21379	-1	-1	-1
13	16	4.84824	3.36379	-1	-1	-1
13	16	4.99824	3.36379	-1	-1	-1
13	16	5.14824	3.36379	-1	-1	-1
13	16	5.29824	3.36379	-1	-1	-1
14	16	-0.0902349	3.56151	5017	5140.19	-1
14	16	0.0597651	3.56151	567	597.688	-1
14	16	0.209765	3.56151	5099	5224.59	-1
14	16	0.359765	3.56151	5252	5285.28	-1
14	16	-0.0902349	3.71151	-1	-1	-1
14	16	0.0597651	3.71151	-1	-1	-1
14	16	0.209765	3.71151	-1	-1	-1
14	16	0.359765	3.71151	-1	-1	-1
14	16	-0.0902349	3.86151	-1	-1	-1
14	16	0.0597651	3.86151	-1	-1	-1
14	16	0.209765	3.86151	-1	-1	-1
14	16	0.359765	3.86151	-1	-1	-1
14	16	-0.0902349	4.01151	-1	-1	-1
14	16	0.0597651	4.01151	-1	-1	-1
14	16	0.209765	4.01151	-1	-1	-1
14	16	0.359765	4.01151	-1	-1	-1
15	16	2.8558	-4.29076	375	512.656	-1
15	16	3.0058	-4.29076	3783	3824.28	-1
15	16	3.1558	-4.29076	3956	4002.25	-1
15	16	3.3058	-4.29076	4043	4112.41	-1
15	16	2.8558	-4.14076	3979	4024.44	-1
15	16	3.0058	-4.14076	3604	3738.59	-1
15	16	3.1558	-4.14076	3871	3911	-1
15	16	3.3058	-4.14076	4153	4200.59	-1
15	16	2.8558	-3.99076	4268	4327.66	-1
15	16	3.0058	-3.99076	4180	4226.44	-1
15	16	3.1558	-3.99076	4062	4105.84	-1
15	16	3.3058	-3.99076	4243	4299.31	-1
15	16	2.8558	-3.84076	4307	4348.53	-1
15	16	3.0058	-3.84076	-1	-1	-1
15	16	3.1558	-3.84076	-1	-1	-1
15	16	3.3058	-3.84076	-1	-1	-1
16	16	-3.37873	0.499066	-1	-1	-1
16	16	-3.22873	0.499066	-1	-1	-1
16	16	-3.07873	0.499066	252	278.094	-1
16	16	-2.92873	0.499066	130	185.5	-1
16	16	-3.37873	0.649066	-1	-1	-1
16	16	-3.22873	0.649066	-1	-1	-1
16	16	-3.07873	0.649066	-1	-1	-1
16	16	-2.92873	0.649066	187	222.406	-1
16	16	-3.37873	0.799066	-1	-1	-1
16	16	-3.22873	0.799066	-1	-1	-1
16	16	-3.07873	0.799066	3449	3524.81	-1
16	16	-2.92873	0.799066	5211	5236.72	-1
16	16	-3.37873	0.949066	-1	-1	-1
16	16	-3.22873	0.949066	-1	-1	-1
16	16	-3.07873	0.949066	3276	3400.03	-1
16	16	-2.92873	0.949066	46	85.375	-1
17	16	-7.21574	-3.63201	-1	-1	-1
17	16	-7.06574	-3.63201	-1	-1	-1
17	16	-6.91574	-3.63201	-1	-1	-1
17	16	-6.76574	-3.63201	-1	-1	-1
17	16	-7.21574	-3.48201	-1	-1	-1
17	16	-7.06574	-3.48201	-1	-1	-1
17	16	-6.91574	-3.48201	-1	-1	-1
17	16	-6.76574	-3.48201	3154	3258.53	-1
17	16	-7.21574	-3.33201	-1	-1	-1
17	16	-7.06574	-3.33201	-1	-1	-1
17	16	-6.91574	-3.33201	-1	-1	-1
17	16	-6.76574	-3.33201	3312	3392.12	-1
17	16	-7.21574	-3.18201	-1	-1	-1
17	16	-7.06574	-3.18201	-1	-1	-1
17	16	-6.91574	-3.18201	3590	3646.09	-1
17	16	-6.76574	-3.18201	3461	3517.81	-1
18	16	5.39312	-6.23604	4786	4846.59	-1
18	16	5.54312	-6.23604	4910	4971.19	-1
18	16	5.69312	-6.23604	-1	-1	-1
18	16	5.84312	-6.23604	-1	-1	-1
18	16	5.39312	-6.08604	5032	5106.19	-1
18	16	5.54312	-6.08604	5050	5126.09	-1
18	16	5.69312	-6.08604	-1	-1	-1
18	16	5.84312	-6.08604	-1	-1	-1
18	16	5.39312	-5.93604	-1	-1	-1
18	16	5.54312	-5.93604	-1	-1	-1
18	16	5.69312	-5.93604	-1	-1	-1
18	16	5.84312	-5.93604	-1	-1	-1
18	16	5.39312	-5.78604	-1	-1	-1
18	16	5.54312	-5.78604	-1	-1	-1
18	16	5.69312	-5.78604	-1	-1	-1
18	16	5.84312	-5.78604	-1	-1	-1
19	16	-3.08759	4.79174	-1	-1	-1
19	16	-2.93759	4.79174	5327	-1	-1
19	16	-2.78759	4.79174	5266	5311.5	-1
19	16	-2.63759	4.79174	-1	-1	-1
19	16	-3.08759	4.94174	-1	-1	-1
19	16	-2.93759	4.94174	-1	-1	-1
19	16	-2.78759	4.94174	-1	-1	-1
19	16	-2.63759	4.94174	-1	-1	-1
19	16	-3.08759	5.09174	-1	-1	-1
19	16	-2.93759	5.09174	-1	-1	-1
19	16	-2.78759	5.09174	-1	-1	-1
19	16	-2.63759	5.09174	-1	-1	-1
19	16	-3.08759	5.24174	-1	-1	-1
19	16	-2.93759	5.24174	-1	-1	-1
19	16	-2.78759	5.24174	-1	-1	-1
19	16	-2.63759	5.24174	-1	-1	-1
20	16	-0.714745	3.70814	215	244.812	-1
20	16	-0.564745	3.70814	1759	1878.81	-1
20	16	-0.414745	3.70814	4772	4806	-1
20	16	-0.264745	3.70814	-1	-1	-1
20	16	-0.714745	3.85814	-1	-1	-1
20	16	-0.564745	3.85814	-1	-1	-1
20	16	-0.414745	3.85814	-1	-1	-1
20	16	-0.264745	3.85814	-1	-1	-1
20	16	-0.714745	4.00814	-1	-1	-1
20	16	-0.564745	4.00814	-1	-1	-1
20	16	-0.414745	4.00814	-1	-1	-1
20	16	-0.264745	4.00814	-1	-1	-1
20	16	-0.714745	4.15814	-1	-1	-1
20	16	-0.564745	4.15814	1949	1986.22	-1
20	16	-0.414745	4.15814	-1	-1	-1
20	16	-0.264745	4.15814	-1	-1	-1
21	16	3.68521	6.56244	4709	4771.84	-1
21	16	3.83521	6.56244	4440	4501.97	-1
21	16	3.98521	6.56244	4111	4229.16	-1
21	16	4.13521	6.56244	4287	4348.03	-1
21	16	3.68521	6.71244	4969	5026.16	-1
21	16	3.83521	6.71244	4828	4889.47	-1
21	16	3.98521	6.71244	4410	4484.19	-1
21	16	4.13521	6.71244	4544	4619.16	-1
21	16	3.68521	6.86244	5085	5155.06	-1
21	16	3.83521	6.86244	-1	-1	-1
21	16	3.98521	6.86244	4561	4652.5	-1
21	16	4.13521	6.86244	4697	4766.12	-1
21	16	3.68521	7.01244	-1	-1	-1
21	16	3.83521	7.01244	-1	-1	-1
21	16	3.98521	7.01244	-1	-1	-1
21	16	4.13521	7.01244	-1	-1	-1
0	256	2.79896	-2.4188	2110	2142.28	-1
0	256	-3.52707	6.46883	-1	-1	-1
0	256	5.92848	4.14746	4599	4678.56	-1
0	256	1.25297	-5.06757	279	324.438	-1
0	256	1.63162	-2.84874	4963	4993.06	-1
0	256	8.03963	0.406398	437	497.438	-1
0	256	6.45752	-0.949431	-1	-1	-1
0	256	3.38721	-5.90814	-1	-1	-1
0	256	-1.41903	3.01723	601	736.844	-1
0	256	-2.30285	4.60593	-1	-1	-1
0	256	-3.57938	3.84108	164	207.688	-1
0	256	1.86588	-2.6851	1165	1194.66	-1
0	256	-4.5074	-3.02067	-1	-1	-1
0	256	3.66773	-4.54369	-1	-1	-1
0	256	-5.91754	3.34186	4019	4067.41	-1
0	256	-2.62191	-2.83885	4055	4231.72	-1
0	256	7.33517	-5.46272	3527	3641.25	-1
0	256	-8.97461	-1.16935	-1	-1	-1
0	256	5.86903	8.0455	1884	1985.72	-1
0	256	5.73345	-4.75888	-1	-1	-1
0	256	8.0372	-3.56321	-1	-1	-1
0	256	-3.49574	0.181446	-1	-1	-1
0	256	7.86426	3.03259	-1	-1	-1
0	256	0.893682	-5.59205	-1	-1	-1
0	256	-2.78659	-6.30088	2716	2786.88	-1
0	256	-6.5748	5.65807	-1	-1	-1
0	256	4.56266	-0.772928	4684	4720.72	-1
0	256	-3.89305	-2.71443	2903	2938.66	-1
0	256	-6.17601	-6.10949	2275	2341.88	-1
0	256	-2.93285	-3.38364	133	174.469	-1
0	256	3.0157	3.82867	-1	-1	-1
0	256	3.2778	-1.12176	1790	1818.38	-1
0	256	-4.75714	9.20826	-1	-1	-1
0	256	9.00614	0.965449	-1	-1	-1
0	256	4.56479	-1.25279	1760	1875.81	-1
0	256	-5.64203	-1.50062	1108	1154.09	-1
0	256	2.66135	8.49611	-1	-1	-1
0	256	6.9004	-2.05544	782	873.781	-1
0	256	0.461391	-6.57782	-1	-1	-1
0	256	-3.10515	8.68501	5110	5190.16	-1
0	256	0.235856	-5.51038	174	221.406	-1
0	256	5.3598	-0.540329	5176	5217.56	-1
0	256	6.43161	6.71996	-1	-1	-1
0	256	-9.54081	-1.07882	2670	2779.62	-1
0	256	-4.65226	1.22221	1274	1356.75	-1
0	256	-5.97898	-5.56593	-1	-1	-1
0	256	2.74228	-3.00781	2420	2578.12	-1
0	256	3.82386	8.82975	594	688.469	-1
0	256	-3.61793	5.54334	1564	1621.72	-1
0	256	-2.48042	7.45464	-1	-1	-1
0	256	-2.63582	7.89721	-1	-1	-1
0	256	-3.10738	2.03528	-1	-1	-1
0	256	-5.47102	-4.24195	-1	-1	-1
0	256	2.5516	-7.28216	-1	-1	-1
0	256	0.725006	-6.10367	-1	-1	-1
0	256	7.5508	-4.18928	1695	1799.5	-1
0	256	9.24032	0.327732	3045	3112	-1
0	256	0.819027	0.656142	-1	-1	-1
0	256	5.05036	-6.44874	5193	5258.69	-1
0	256	5.11943	-5.10629	-1	-1	-1
0	256	-3.13554	6.32573	4960	5074	-1
0	256	-0.317426	-7.95162	-1	-1	-1
0	256	4.71406	-8.34953	-1	-1	-1
0	256	3.31711	6.94011	5112	5174.19	-1
0	256	-2.05562	-8.3494	-1	-1	-1
0	256	5.20306	8.30231	4350	4424.72	-1
0	256	5.69462	8.07112	-1	-1	-1
0	256	-1.43097	4.50314	3601	3637.28	-1
0	256	-6.98296	4.65898	-1	-1	-1
0	256	2.52772	-3.19103	918	1050	-1
0	256	9.13449	3.6366	-1	-1	-1
0	256	3.37592	-8.50316	-1	-1	-1
0	256	5.59988	-3.80932	-1	-1	-1
0	256	-6.59644	5.02233	-1	-1	-1
0	256	8.43577	3.51999	3759	3825.06	-1
0	256	-4.58183	-5.10371	-1	-1	-1
0	256	1.39227	6.6955	4334	4433.53	-1
0	256	8.775	-2.3424	2647	2717.53	-1
0	256	-6.83162	6.71231	-1	-1	-1
0	256	-3.18815	2.99662	-1	-1	-1
0	256	7.31494	-5.73664	4360	4461.84	-1
0	256	4.55772	-8.87315	-1	-1	-1
0	256	5.86223	1.65866	-1	-1	-1
0	256	2.08928	-9.76847	2861	2946.69	-1
0	256	3.82798	3.81773	2149	2289.06	-1
0	256	-3.38528	5.78202	-1	-1	-1
0	256	8.21538	-5.68607	-1	-1	-1
0	256	-2.75864	6.34336	2351	2453.78	-1
0	256	-3.99933	2.65569	1455	1492.31	-1
0	256	-7.9078	-3.93937	-1	-1	-1
0	256	-4.39672	8.20699	4322	4391.69	-1
0	256	4.09109	8.73633	764	839.656	-1
0	256	8.22895	-0.643044	-1	-1	-1
0	256	-3.74104	8.83889	-1	-1	-1
0	256	-7.92906	-3.36429	-1	-1	-1
0	256	-9.57121	-2.67763	2934	3006.41	-1
0	256	-1.78924	8.87799	-1	-1	-1
0	256	-4.15423	-8.9735	-1	-1	-1
0	256	0.813395	0.280937	1176	1189.12	-1
0	256	4.78764	2.63338	-1	-1	-1
0	256	-3.8706	7.19435	-1	-1	-1
0	256	4.48422	3.26683	4756	4799.78	-1
0	256	7.25305	-7.62483	3881	3962.22	-1
0	256	-0.44429	5.76271	-1	-1	-1
0	256	2.60437	7.05555	4175	4269.5	-1
0	256	1.90236	-6.70224	-1	-1	-1
0	256	-4.03132	-2.77541	1090	1128.09	-1
0	256	-4.58213	-1.29547	97	143.844	-1
0	256	0.611779	8.91233	-1	-1	-1
0	256	5.57437	4.13184	5244	5298.34	-1
0	256	-0.950629	-6.42374	-1	-1	-1
0	256	-5.01431	-4.0186	-1	-1	-1
0	256	-1.55368	3.96382	3462	3496.16	-1
0	256	-1.92404	6.30512	-1	-1	-1
0	256	-2.7089	7.3994	-1	-1	-1
0	256	0.292184	-5.40322	88	131	-1
0	256	9.21035	-1.70122	-1	-1	-1
0	256	-4.60032	-0.788583	-1	-1	-1
0	256	-9.02947	0.574404	-1	-1	-1
0	256	-2.09355	-4.82843	772	892.594	-1
0	256	8.00644	-3.78495	-1	-1	-1
0	256	3.61504	-4.30958	-1	-1	-1
0	256	6.0316	-7.11122	-1	-1	-1
0	256	3.93016	0.150646	-1	-1	-1
0	256	0.139517	-9.54994	-1	-1	-1
0	256	-2.01101	-5.19107	-1	-1	-1
0	256	5.02338	6.7094	2747	2856.81	-1
0	256	0.23189	-3.66554	51	85.4375	-1
0	256	1.59887	-5.26319	-1	-1	-1
0	256	7.57192	4.07438	-1	-1	-1
0	256	-8.13894	-0.0799779	-1	-1	-1
0	256	-0.561854	-6.51733	-1	-1	-1
0	256	-0.754194	-5.8711	-1	-1	-1
0	256	0.309295	-5.90666	-1	-1	-1
0	256	2.90393	-7.34156	2793	2850.22	-1
0	256	4.96849	-6.54762	1210	1342.56	-1
0	256	-3.15626	-2.67391	52	92.8438	-1
0	256	1.52655	-2.88202	125	156.281	-1
0	256	4.87514	1.2329	-1	-1	-1
0	256	7.57966	1.71948	-1	-1	-1
0	256	-0.739534	-8.90176	-1	-1	-1
0	256	-6.18915	6.27653	-1	-1	-1
0	256	-4.33511	-4.02979	392	439.844	-1
0	256	8.83751	3.11908	-1	-1	-1
0	256	-0.0175007	7.60438	311	408.312	-1
0	256	6.09737	2.46731	5367	-1	-1
0	256	7.32609	-0.630437	-1	-1	-1
0	256	-0.713109	-5.47975	209	252.844	-1
0	256	-9.4387	2.58339	577	667.031	-1
0	256	1.49935	5.22594	4983	5027.12	-1
0	256	3.04351	-7.00455	-1	-1	-1
0	256	3.23061	-8.8412	4971	5042.91	-1
0	256	-6.39698	1.34008	-1	-1	-1
0	256	2.3339	4.11701	-1	-1	-1
0	256	-0.154517	8.48197	-1	-1	-1
0	256	-5.59941	-5.72331	442	501.406	-1
0	256	5.46494	-1.04843	5379	-1	-1
0	256	8.78376	4.48115	-1	-1	-1
0	256	-8.26255	2.37305	-1	-1	-1
0	256	4.37725	-7.83806	-1	-1	-1
0	256	2.21496	7.08337	5238	5334.38	-1
0	256	8.74123	-1.41181	-1	-1	-1
0	256	1.79151	8.87661	4825	4912.88	-1
0	256	3.92232	-1.95917	492	526.156	-1
0	256	-1.99459	-4.37334	-1	-1	-1
0	256	-4.99157	-5.15007	-1	-1	-1
0	256	-3.23124	-2.24678	2090	2220.41	-1
0	256	-9.10703	-2.52255	-1	-1	-1
0	256	9.24184	3.40304	-1	-1	-1
0	256	-6.17516	-2.03757	75	138.469	-1
0	256	-1.55644	-7.01147	5246	5342.94	-1
0	256	-7.10873	6.48431	580	683.125	-1
0	256	8.83621	-4.28165	3655	3728.09	-1
0	256	4.51598	0.176268	4575	4687.19	-1
0	256	-0.35017	-9.14329	-1	-1	-1
0	256	-3.87873	-1.14124	3368	3413.5	-1
0	256	1.63708	6.91099	-1	-1	-1
0	256	-4.70813	8.78063	-1	-1	-1
0	256	-0.411978	-9.632	-1	-1	-1
0	256	4.39871	7.97099	-1	-1	-1
0	256	-7.55706	-1.23834	-1	-1	-1
0	256	3.72069	-3.22424	-1	-1	-1
0	256	0.407045	-7.64325	3854	3920.31	-1
0	256	-3.56206	-7.47184	-1	-1	-1
0	256	2.88616	2.5241	-1	-1	-1
0	256	4.50597	0.828809	2140	2255.56	-1
0	256	-7.41168	-2.53474	2542	2597.56	-1
0	256	-3.64679	-9.10461	-1	-1	-1
0	256	-6.92997	9.13223	-1	-1	-1
0	256	8.98332	-0.391908	-1	-1	-1
0	256	-4.06198	0.155089	1170	1208.19	-1
0	256	3.99595	3.61956	-1	-1	-1
0	256	6.76753	-1.63062	-1	-1	-1
0	256	-0.0194854	9.23874	-1	-1	-1
0	256	-5.7826	7.52061	-1	-1	-1
0	256	-0.964524	-9.40607	-1	-1	-1
0	256	-6.79841	3.60864	-1	-1	-1
0	256	6.9791	4.09465	4056	4115.97	-1
0	256	6.93632	-0.514435	-1	-1	-1
0	256	-2.0006	-5.39191	-1	-1	-1
0	256	-0.98989	-3.20276	1333	1362.81	-1
0	256	4.31294	0.0464224	-1	-1	-1
0	256	-8.40039	-1.51957	-1	-1	-1
0	256	-6.24308	-7.45114	-1	-1	-1
0	256	-1.36054	-8.78572	2984	3057.91	-1
0	256	-1.24498	7.1011	-1	-1	-1
0	256	4.0448	-1.80917	3540	3663.69	-1
0	256	-7.8464	-2.35923	-1	-1	-1
0	256	0.323158	-4.63675	199	245.938	-1
0	256	-4.62499	-5.56998	4725	4855.16	-1
0	256	5.68806	2.07927	4948	5054.88	-1
0	256	9.01651	-1.38092	-1	-1	-1
0	256	-2.27145	-8.19256	5265	5330.16	-1
0	256	-5.74992	7.65685	-1	-1	-1
0	256	-3.56608	-0.0363746	409	470.125	-1
0	256	3.60442	5.61383	322	450.5	-1
0	256	-2.67953	-7.14212	4928	4985.69	-1
0	256	0.437072	5.8443	-1	-1	-1
0	256	-2.36671	9.28206	-1	-1	-1
0	256	-1.46968	4.90782	535	645.5	-1
0	256	2.53977	-2.6135	-1	-1	-1
0	256	7.92304	-3.2823	-1	-1	-1
0	256	-4.40094	2.70105	-1	-1	-1
0	256	-3.73777	1.92499	352	384.875	-1
0	256	-9.37982	-0.736295	351	423.781	-1
0	256	5.6439	1.58541	-1	-1	-1
0	256	-4.28528	3.33368	899	943.156	-1
0	256	5.48117	-0.311947	-1	-1	-1
0	256	9.08271	1.62179	-1	-1	-1
0	256	8.26753	2.01605	-1	-1	-1
0	256	-3.08431	-9.25941	-1	-1	-1
0	256	-3.9656	0.118653	-1	-1	-1
0	256	3.58212	-0.284648	-1	-1	-1
0	256	-1.1612	2.88383	1598	1722.38	-1
0	256	1.58512	-8.53191	3150	3220.69	-1
0	256	3.29624	-3.36069	-1	-1	-1
0	256	-8.57302	6.71895	-1	-1	-1
0	256	4.56966	6.96338	-1	-1	-1
0	256	6.83961	-2.73313	-1	-1	-1
0	256	-2.90734	2.21703	123	153.625	-1
0	256	6.91117	0.722898	4039	4093.06	-1
0	256	3.46073	-0.0766822	4693	4736.09	-1
0	256	3.16151	-3.70767	-1	-1	-1
0	256	0.767525	5.21406	-1	-1	-1
0	256	1.01181	6.98064	-1	-1	-1
0	256	-6.33307	4.29352	-1	-1	-1
0	256	0.93476	-4.74078	-1	-1	-1
0	256	-7.96655	-4.50245	124	238.656	-1
0	256	0.252199	6.45595	-1	-1	-1
0	256	-5.66778	-4.04118	1289	1424.94	-1
0	256	7.36788	0.191361	3895	3951.44	-1
0	256	6.18801	-1.21094	-1	-1	-1
0	256	-4.80847	1.72304	3556	3598.12	-1
0	256	6.47576	4.79023	-1	-1	-1
0	256	8.7158	-4.53902	3877	3947.84	-1
0	256	3.0069	-8.03799	-1	-1	-1
