Pile ID	Distribution Type	X-Position	Y-Position	Pickup Time	Drop Off Time	Ant ID
1	1	-8.51259	-2.97842	-1	-1	-1
1	1	-8.36259	-2.97842	-1	-1	-1
1	1	-8.21259	-2.97842	-1	-1	-1
1	1	-8.06259	-2.97842	-1	-1	-1
1	1	-7.91259	-2.97842	-1	-1	-1
1	1	-7.76259	-2.97842	-1	-1	-1
1	1	-7.61259	-2.97842	-1	-1	-1
1	1	-7.46259	-2.97842	-1	-1	-1
1	1	-7.31259	-2.97842	-1	-1	-1
1	1	-7.16259	-2.97842	-1	-1	-1
1	1	-7.01259	-2.97842	-1	-1	-1
1	1	-6.86259	-2.97842	-1	-1	-1
1	1	-6.71259	-2.97842	-1	-1	-1
1	1	-6.56259	-2.97842	-1	-1	-1
1	1	-6.41259	-2.97842	-1	-1	-1
1	1	-6.26259	-2.97842	-1	-1	-1
1	1	-8.51259	-2.82842	-1	-1	-1
1	1	-8.36259	-2.82842	-1	-1	-1
1	1	-8.21259	-2.82842	-1	-1	-1
1	1	-8.06259	-2.82842	-1	-1	-1
1	1	-7.91259	-2.82842	-1	-1	-1
1	1	-7.76259	-2.82842	-1	-1	-1
1	1	-7.61259	-2.82842	-1	-1	-1
1	1	-7.46259	-2.82842	-1	-1	-1
1	1	-7.31259	-2.82842	-1	-1	-1
1	1	-7.16259	-2.82842	-1	-1	-1
1	1	-7.01259	-2.82842	-1	-1	-1
1	1	-6.86259	-2.82842	-1	-1	-1
1	1	-6.71259	-2.82842	-1	-1	-1
1	1	-6.56259	-2.82842	-1	-1	-1
1	1	-6.41259	-2.82842	-1	-1	-1
1	1	-6.26259	-2.82842	-1	-1	-1
1	1	-8.51259	-2.67842	-1	-1	-1
1	1	-8.36259	-2.67842	-1	-1	-1
1	1	-8.21259	-2.67842	-1	-1	-1
1	1	-8.06259	-2.67842	-1	-1	-1
1	1	-7.91259	-2.67842	-1	-1	-1
1	1	-7.76259	-2.67842	-1	-1	-1
1	1	-7.61259	-2.67842	-1	-1	-1
1	1	-7.46259	-2.67842	-1	-1	-1
1	1	-7.31259	-2.67842	-1	-1	-1
1	1	-7.16259	-2.67842	-1	-1	-1
1	1	-7.01259	-2.67842	-1	-1	-1
1	1	-6.86259	-2.67842	-1	-1	-1
1	1	-6.71259	-2.67842	-1	-1	-1
1	1	-6.56259	-2.67842	-1	-1	-1
1	1	-6.41259	-2.67842	-1	-1	-1
1	1	-6.26259	-2.67842	-1	-1	-1
1	1	-8.51259	-2.52842	-1	-1	-1
1	1	-8.36259	-2.52842	-1	-1	-1
1	1	-8.21259	-2.52842	-1	-1	-1
1	1	-8.06259	-2.52842	-1	-1	-1
1	1	-7.91259	-2.52842	-1	-1	-1
1	1	-7.76259	-2.52842	-1	-1	-1
1	1	-7.61259	-2.52842	-1	-1	-1
1	1	-7.46259	-2.52842	-1	-1	-1
1	1	-7.31259	-2.52842	-1	-1	-1
1	1	-7.16259	-2.52842	-1	-1	-1
1	1	-7.01259	-2.52842	-1	-1	-1
1	1	-6.86259	-2.52842	-1	-1	-1
1	1	-6.71259	-2.52842	-1	-1	-1
1	1	-6.56259	-2.52842	-1	-1	-1
1	1	-6.41259	-2.52842	-1	-1	-1
1	1	-6.26259	-2.52842	-1	-1	-1
1	1	-8.51259	-2.37842	-1	-1	-1
1	1	-8.36259	-2.37842	-1	-1	-1
1	1	-8.21259	-2.37842	-1	-1	-1
1	1	-8.06259	-2.37842	-1	-1	-1
1	1	-7.91259	-2.37842	-1	-1	-1
1	1	-7.76259	-2.37842	-1	-1	-1
1	1	-7.61259	-2.37842	-1	-1	-1
1	1	-7.46259	-2.37842	-1	-1	-1
1	1	-7.31259	-2.37842	-1	-1	-1
1	1	-7.16259	-2.37842	-1	-1	-1
1	1	-7.01259	-2.37842	-1	-1	-1
1	1	-6.86259	-2.37842	-1	-1	-1
1	1	-6.71259	-2.37842	-1	-1	-1
1	1	-6.56259	-2.37842	-1	-1	-1
1	1	-6.41259	-2.37842	-1	-1	-1
1	1	-6.26259	-2.37842	1366	1534.09	-1
1	1	-8.51259	-2.22842	-1	-1	-1
1	1	-8.36259	-2.22842	-1	-1	-1
1	1	-8.21259	-2.22842	-1	-1	-1
1	1	-8.06259	-2.22842	-1	-1	-1
1	1	-7.91259	-2.22842	-1	-1	-1
1	1	-7.76259	-2.22842	-1	-1	-1
1	1	-7.61259	-2.22842	-1	-1	-1
1	1	-7.46259	-2.22842	-1	-1	-1
1	1	-7.31259	-2.22842	-1	-1	-1
1	1	-7.16259	-2.22842	-1	-1	-1
1	1	-7.01259	-2.22842	-1	-1	-1
1	1	-6.86259	-2.22842	-1	-1	-1
1	1	-6.71259	-2.22842	-1	-1	-1
1	1	-6.56259	-2.22842	-1	-1	-1
1	1	-6.41259	-2.22842	-1	-1	-1
1	1	-6.26259	-2.22842	1593	1640.5	-1
1	1	-8.51259	-2.07842	-1	-1	-1
1	1	-8.36259	-2.07842	-1	-1	-1
1	1	-8.21259	-2.07842	-1	-1	-1
1	1	-8.06259	-2.07842	-1	-1	-1
1	1	-7.91259	-2.07842	-1	-1	-1
1	1	-7.76259	-2.07842	-1	-1	-1
1	1	-7.61259	-2.07842	-1	-1	-1
1	1	-7.46259	-2.07842	-1	-1	-1
1	1	-7.31259	-2.07842	-1	-1	-1
1	1	-7.16259	-2.07842	-1	-1	-1
1	1	-7.01259	-2.07842	-1	-1	-1
1	1	-6.86259	-2.07842	-1	-1	-1
1	1	-6.71259	-2.07842	-1	-1	-1
1	1	-6.56259	-2.07842	-1	-1	-1
1	1	-6.41259	-2.07842	-1	-1	-1
1	1	-6.26259	-2.07842	-1	-1	-1
1	1	-8.51259	-1.92842	-1	-1	-1
1	1	-8.36259	-1.92842	-1	-1	-1
1	1	-8.21259	-1.92842	-1	-1	-1
1	1	-8.06259	-1.92842	-1	-1	-1
1	1	-7.91259	-1.92842	-1	-1	-1
1	1	-7.76259	-1.92842	-1	-1	-1
1	1	-7.61259	-1.92842	-1	-1	-1
1	1	-7.46259	-1.92842	-1	-1	-1
1	1	-7.31259	-1.92842	-1	-1	-1
1	1	-7.16259	-1.92842	-1	-1	-1
1	1	-7.01259	-1.92842	-1	-1	-1
1	1	-6.86259	-1.92842	-1	-1	-1
1	1	-6.71259	-1.92842	-1	-1	-1
1	1	-6.56259	-1.92842	-1	-1	-1
1	1	-6.41259	-1.92842	-1	-1	-1
1	1	-6.26259	-1.92842	2884	2938.5	-1
1	1	-8.51259	-1.77842	3988	4053.66	-1
1	1	-8.36259	-1.77842	-1	-1	-1
1	1	-8.21259	-1.77842	-1	-1	-1
1	1	-8.06259	-1.77842	-1	-1	-1
1	1	-7.91259	-1.77842	-1	-1	-1
1	1	-7.76259	-1.77842	-1	-1	-1
1	1	-7.61259	-1.77842	-1	-1	-1
1	1	-7.46259	-1.77842	-1	-1	-1
1	1	-7.31259	-1.77842	-1	-1	-1
1	1	-7.16259	-1.77842	-1	-1	-1
1	1	-7.01259	-1.77842	-1	-1	-1
1	1	-6.86259	-1.77842	-1	-1	-1
1	1	-6.71259	-1.77842	-1	-1	-1
1	1	-6.56259	-1.77842	-1	-1	-1
1	1	-6.41259	-1.77842	-1	-1	-1
1	1	-6.26259	-1.77842	2986	3035.62	-1
1	1	-8.51259	-1.62842	3841	3922.25	-1
1	1	-8.36259	-1.62842	3561	3630.97	-1
1	1	-8.21259	-1.62842	3698	3778.41	-1
1	1	-8.06259	-1.62842	-1	-1	-1
1	1	-7.91259	-1.62842	-1	-1	-1
1	1	-7.76259	-1.62842	-1	-1	-1
1	1	-7.61259	-1.62842	-1	-1	-1
1	1	-7.46259	-1.62842	-1	-1	-1
1	1	-7.31259	-1.62842	-1	-1	-1
1	1	-7.16259	-1.62842	-1	-1	-1
1	1	-7.01259	-1.62842	-1	-1	-1
1	1	-6.86259	-1.62842	-1	-1	-1
1	1	-6.71259	-1.62842	-1	-1	-1
1	1	-6.56259	-1.62842	-1	-1	-1
1	1	-6.41259	-1.62842	-1	-1	-1
1	1	-6.26259	-1.62842	-1	-1	-1
1	1	-8.51259	-1.47842	3275	3349.44	-1
1	1	-8.36259	-1.47842	3427	3491.84	-1
1	1	-8.21259	-1.47842	3715	3784.94	-1
1	1	-8.06259	-1.47842	-1	-1	-1
1	1	-7.91259	-1.47842	-1	-1	-1
1	1	-7.76259	-1.47842	-1	-1	-1
1	1	-7.61259	-1.47842	-1	-1	-1
1	1	-7.46259	-1.47842	-1	-1	-1
1	1	-7.31259	-1.47842	-1	-1	-1
1	1	-7.16259	-1.47842	-1	-1	-1
1	1	-7.01259	-1.47842	-1	-1	-1
1	1	-6.86259	-1.47842	-1	-1	-1
1	1	-6.71259	-1.47842	-1	-1	-1
1	1	-6.56259	-1.47842	-1	-1	-1
1	1	-6.41259	-1.47842	-1	-1	-1
1	1	-6.26259	-1.47842	-1	-1	-1
1	1	-8.51259	-1.32842	3143	3208.72	-1
1	1	-8.36259	-1.32842	3299	3362.41	-1
1	1	-8.21259	-1.32842	-1	-1	-1
1	1	-8.06259	-1.32842	-1	-1	-1
1	1	-7.91259	-1.32842	-1	-1	-1
1	1	-7.76259	-1.32842	-1	-1	-1
1	1	-7.61259	-1.32842	-1	-1	-1
1	1	-7.46259	-1.32842	-1	-1	-1
1	1	-7.31259	-1.32842	-1	-1	-1
1	1	-7.16259	-1.32842	-1	-1	-1
1	1	-7.01259	-1.32842	-1	-1	-1
1	1	-6.86259	-1.32842	-1	-1	-1
1	1	-6.71259	-1.32842	-1	-1	-1
1	1	-6.56259	-1.32842	-1	-1	-1
1	1	-6.41259	-1.32842	-1	-1	-1
1	1	-6.26259	-1.32842	-1	-1	-1
1	1	-8.51259	-1.17842	1322	1385.69	-1
1	1	-8.36259	-1.17842	-1	-1	-1
1	1	-8.21259	-1.17842	-1	-1	-1
1	1	-8.06259	-1.17842	-1	-1	-1
1	1	-7.91259	-1.17842	-1	-1	-1
1	1	-7.76259	-1.17842	-1	-1	-1
1	1	-7.61259	-1.17842	-1	-1	-1
1	1	-7.46259	-1.17842	-1	-1	-1
1	1	-7.31259	-1.17842	-1	-1	-1
1	1	-7.16259	-1.17842	-1	-1	-1
1	1	-7.01259	-1.17842	-1	-1	-1
1	1	-6.86259	-1.17842	-1	-1	-1
1	1	-6.71259	-1.17842	-1	-1	-1
1	1	-6.56259	-1.17842	-1	-1	-1
1	1	-6.41259	-1.17842	-1	-1	-1
1	1	-6.26259	-1.17842	-1	-1	-1
1	1	-8.51259	-1.02842	-1	-1	-1
1	1	-8.36259	-1.02842	-1	-1	-1
1	1	-8.21259	-1.02842	-1	-1	-1
1	1	-8.06259	-1.02842	-1	-1	-1
1	1	-7.91259	-1.02842	-1	-1	-1
1	1	-7.76259	-1.02842	-1	-1	-1
1	1	-7.61259	-1.02842	-1	-1	-1
1	1	-7.46259	-1.02842	-1	-1	-1
1	1	-7.31259	-1.02842	-1	-1	-1
1	1	-7.16259	-1.02842	-1	-1	-1
1	1	-7.01259	-1.02842	-1	-1	-1
1	1	-6.86259	-1.02842	-1	-1	-1
1	1	-6.71259	-1.02842	-1	-1	-1
1	1	-6.56259	-1.02842	-1	-1	-1
1	1	-6.41259	-1.02842	-1	-1	-1
1	1	-6.26259	-1.02842	-1	-1	-1
1	1	-8.51259	-0.878416	-1	-1	-1
1	1	-8.36259	-0.878416	-1	-1	-1
1	1	-8.21259	-0.878416	-1	-1	-1
1	1	-8.06259	-0.878416	-1	-1	-1
1	1	-7.91259	-0.878416	-1	-1	-1
1	1	-7.76259	-0.878416	-1	-1	-1
1	1	-7.61259	-0.878416	-1	-1	-1
1	1	-7.46259	-0.878416	-1	-1	-1
1	1	-7.31259	-0.878416	-1	-1	-1
1	1	-7.16259	-0.878416	-1	-1	-1
1	1	-7.01259	-0.878416	-1	-1	-1
1	1	-6.86259	-0.878416	-1	-1	-1
1	1	-6.71259	-0.878416	-1	-1	-1
1	1	-6.56259	-0.878416	-1	-1	-1
1	1	-6.41259	-0.878416	-1	-1	-1
1	1	-6.26259	-0.878416	-1	-1	-1
1	1	-8.51259	-0.728416	-1	-1	-1
1	1	-8.36259	-0.728416	-1	-1	-1
1	1	-8.21259	-0.728416	-1	-1	-1
1	1	-8.06259	-0.728416	-1	-1	-1
1	1	-7.91259	-0.728416	-1	-1	-1
1	1	-7.76259	-0.728416	-1	-1	-1
1	1	-7.61259	-0.728416	-1	-1	-1
1	1	-7.46259	-0.728416	372	430.312	-1
1	1	-7.31259	-0.728416	-1	-1	-1
1	1	-7.16259	-0.728416	-1	-1	-1
1	1	-7.01259	-0.728416	-1	-1	-1
1	1	-6.86259	-0.728416	-1	-1	-1
1	1	-6.71259	-0.728416	-1	-1	-1
1	1	-6.56259	-0.728416	-1	-1	-1
1	1	-6.41259	-0.728416	-1	-1	-1
1	1	-6.26259	-0.728416	3429	3542.41	-1
2	4	-6.97768	5.62115	-1	-1	-1
2	4	-6.82768	5.62115	-1	-1	-1
2	4	-6.67768	5.62115	-1	-1	-1
2	4	-6.52768	5.62115	-1	-1	-1
2	4	-6.37768	5.62115	-1	-1	-1
2	4	-6.22768	5.62115	-1	-1	-1
2	4	-6.07768	5.62115	-1	-1	-1
2	4	-5.92768	5.62115	4766	4912.53	-1
2	4	-6.97768	5.77115	-1	-1	-1
2	4	-6.82768	5.77115	-1	-1	-1
2	4	-6.67768	5.77115	-1	-1	-1
2	4	-6.52768	5.77115	-1	-1	-1
2	4	-6.37768	5.77115	-1	-1	-1
2	4	-6.22768	5.77115	-1	-1	-1
2	4	-6.07768	5.77115	-1	-1	-1
2	4	-5.92768	5.77115	-1	-1	-1
2	4	-6.97768	5.92115	-1	-1	-1
2	4	-6.82768	5.92115	-1	-1	-1
2	4	-6.67768	5.92115	-1	-1	-1
2	4	-6.52768	5.92115	-1	-1	-1
2	4	-6.37768	5.92115	-1	-1	-1
2	4	-6.22768	5.92115	-1	-1	-1
2	4	-6.07768	5.92115	-1	-1	-1
2	4	-5.92768	5.92115	-1	-1	-1
2	4	-6.97768	6.07115	-1	-1	-1
2	4	-6.82768	6.07115	-1	-1	-1
2	4	-6.67768	6.07115	-1	-1	-1
2	4	-6.52768	6.07115	-1	-1	-1
2	4	-6.37768	6.07115	-1	-1	-1
2	4	-6.22768	6.07115	-1	-1	-1
2	4	-6.07768	6.07115	-1	-1	-1
2	4	-5.92768	6.07115	-1	-1	-1
2	4	-6.97768	6.22115	-1	-1	-1
2	4	-6.82768	6.22115	-1	-1	-1
2	4	-6.67768	6.22115	-1	-1	-1
2	4	-6.52768	6.22115	-1	-1	-1
2	4	-6.37768	6.22115	-1	-1	-1
2	4	-6.22768	6.22115	-1	-1	-1
2	4	-6.07768	6.22115	-1	-1	-1
2	4	-5.92768	6.22115	-1	-1	-1
2	4	-6.97768	6.37115	-1	-1	-1
2	4	-6.82768	6.37115	-1	-1	-1
2	4	-6.67768	6.37115	-1	-1	-1
2	4	-6.52768	6.37115	-1	-1	-1
2	4	-6.37768	6.37115	-1	-1	-1
2	4	-6.22768	6.37115	-1	-1	-1
2	4	-6.07768	6.37115	-1	-1	-1
2	4	-5.92768	6.37115	-1	-1	-1
2	4	-6.97768	6.52115	-1	-1	-1
2	4	-6.82768	6.52115	-1	-1	-1
2	4	-6.67768	6.52115	-1	-1	-1
2	4	-6.52768	6.52115	-1	-1	-1
2	4	-6.37768	6.52115	-1	-1	-1
2	4	-6.22768	6.52115	-1	-1	-1
2	4	-6.07768	6.52115	-1	-1	-1
2	4	-5.92768	6.52115	-1	-1	-1
2	4	-6.97768	6.67115	-1	-1	-1
2	4	-6.82768	6.67115	-1	-1	-1
2	4	-6.67768	6.67115	-1	-1	-1
2	4	-6.52768	6.67115	-1	-1	-1
2	4	-6.37768	6.67115	-1	-1	-1
2	4	-6.22768	6.67115	-1	-1	-1
2	4	-6.07768	6.67115	-1	-1	-1
2	4	-5.92768	6.67115	-1	-1	-1
3	4	-6.62611	3.90327	-1	-1	-1
3	4	-6.47611	3.90327	-1	-1	-1
3	4	-6.32611	3.90327	-1	-1	-1
3	4	-6.17611	3.90327	-1	-1	-1
3	4	-6.02611	3.90327	-1	-1	-1
3	4	-5.87611	3.90327	-1	-1	-1
3	4	-5.72611	3.90327	-1	-1	-1
3	4	-5.57611	3.90327	-1	-1	-1
3	4	-6.62611	4.05327	-1	-1	-1
3	4	-6.47611	4.05327	-1	-1	-1
3	4	-6.32611	4.05327	-1	-1	-1
3	4	-6.17611	4.05327	-1	-1	-1
3	4	-6.02611	4.05327	-1	-1	-1
3	4	-5.87611	4.05327	-1	-1	-1
3	4	-5.72611	4.05327	-1	-1	-1
3	4	-5.57611	4.05327	-1	-1	-1
3	4	-6.62611	4.20327	-1	-1	-1
3	4	-6.47611	4.20327	-1	-1	-1
3	4	-6.32611	4.20327	-1	-1	-1
3	4	-6.17611	4.20327	-1	-1	-1
3	4	-6.02611	4.20327	-1	-1	-1
3	4	-5.87611	4.20327	-1	-1	-1
3	4	-5.72611	4.20327	-1	-1	-1
3	4	-5.57611	4.20327	-1	-1	-1
3	4	-6.62611	4.35327	3558	3617.97	-1
3	4	-6.47611	4.35327	4235	4323.47	-1
3	4	-6.32611	4.35327	4375	4439.03	-1
3	4	-6.17611	4.35327	-1	-1	-1
3	4	-6.02611	4.35327	-1	-1	-1
3	4	-5.87611	4.35327	-1	-1	-1
3	4	-5.72611	4.35327	-1	-1	-1
3	4	-5.57611	4.35327	-1	-1	-1
3	4	-6.62611	4.50327	3687	3748.94	-1
3	4	-6.47611	4.50327	3822	3886.59	-1
3	4	-6.32611	4.50327	4203	4273.5	-1
3	4	-6.17611	4.50327	4339	4400	-1
3	4	-6.02611	4.50327	-1	-1	-1
3	4	-5.87611	4.50327	-1	-1	-1
3	4	-5.72611	4.50327	-1	-1	-1
3	4	-5.57611	4.50327	-1	-1	-1
3	4	-6.62611	4.65327	3944	4022.19	-1
3	4	-6.47611	4.65327	3957	4018.12	-1
3	4	-6.32611	4.65327	4078	4139.75	-1
3	4	-6.17611	4.65327	4485	4548.97	-1
3	4	-6.02611	4.65327	-1	-1	-1
3	4	-5.87611	4.65327	-1	-1	-1
3	4	-5.72611	4.65327	-1	-1	-1
3	4	-5.57611	4.65327	2928	3081.19	-1
3	4	-6.62611	4.80327	4102	4167.56	-1
3	4	-6.47611	4.80327	4239	4296.31	-1
3	4	-6.32611	4.80327	-1	-1	-1
3	4	-6.17611	4.80327	-1	-1	-1
3	4	-6.02611	4.80327	-1	-1	-1
3	4	-5.87611	4.80327	-1	-1	-1
3	4	-5.72611	4.80327	-1	-1	-1
3	4	-5.57611	4.80327	-1	-1	-1
3	4	-6.62611	4.95327	-1	-1	-1
3	4	-6.47611	4.95327	-1	-1	-1
3	4	-6.32611	4.95327	-1	-1	-1
3	4	-6.17611	4.95327	-1	-1	-1
3	4	-6.02611	4.95327	-1	-1	-1
3	4	-5.87611	4.95327	-1	-1	-1
3	4	-5.72611	4.95327	-1	-1	-1
3	4	-5.57611	4.95327	4287	4432.41	-1
4	4	5.8663	-1.89379	-1	-1	-1
4	4	6.0163	-1.89379	-1	-1	-1
4	4	6.1663	-1.89379	4424	4477.5	-1
4	4	6.3163	-1.89379	3724	3791.16	-1
4	4	6.4663	-1.89379	3829	3878.66	-1
4	4	6.6163	-1.89379	-1	-1	-1
4	4	6.7663	-1.89379	-1	-1	-1
4	4	6.9163	-1.89379	-1	-1	-1
4	4	5.8663	-1.74379	-1	-1	-1
4	4	6.0163	-1.74379	3716	3776.38	-1
4	4	6.1663	-1.74379	3637	3695.56	-1
4	4	6.3163	-1.74379	3668	3718.97	-1
4	4	6.4663	-1.74379	3601	3658.66	-1
4	4	6.6163	-1.74379	-1	-1	-1
4	4	6.7663	-1.74379	-1	-1	-1
4	4	6.9163	-1.74379	-1	-1	-1
4	4	5.8663	-1.59379	4549	4597.28	-1
4	4	6.0163	-1.59379	3529	3581.44	-1
4	4	6.1663	-1.59379	3332	3397.84	-1
4	4	6.3163	-1.59379	3297	3347.25	-1
4	4	6.4663	-1.59379	3407	3470.19	-1
4	4	6.6163	-1.59379	3471	3545.66	-1
4	4	6.7663	-1.59379	-1	-1	-1
4	4	6.9163	-1.59379	-1	-1	-1
4	4	5.8663	-1.44379	-1	-1	-1
4	4	6.0163	-1.44379	3761	3810.41	-1
4	4	6.1663	-1.44379	3015	3079.44	-1
4	4	6.3163	-1.44379	3046	3129.53	-1
4	4	6.4663	-1.44379	3183	3243.34	-1
4	4	6.6163	-1.44379	-1	-1	-1
4	4	6.7663	-1.44379	-1	-1	-1
4	4	6.9163	-1.44379	-1	-1	-1
4	4	5.8663	-1.29379	3426	3477.38	-1
4	4	6.0163	-1.29379	3067	3133.62	-1
4	4	6.1663	-1.29379	2938	2995.03	-1
4	4	6.3163	-1.29379	2793	2845.5	-1
4	4	6.4663	-1.29379	3097	3155.19	-1
4	4	6.6163	-1.29379	3350	3400.41	-1
4	4	6.7663	-1.29379	4507	4605.53	-1
4	4	6.9163	-1.29379	4671	4726.56	-1
4	4	5.8663	-1.14379	3321	3371.56	-1
4	4	6.0163	-1.14379	2885	2963.28	-1
4	4	6.1663	-1.14379	2664	2715.91	-1
4	4	6.3163	-1.14379	2556	2608.31	-1
4	4	6.4663	-1.14379	2773	2827.06	-1
4	4	6.6163	-1.14379	3198	3260.19	-1
4	4	6.7663	-1.14379	3464	3530.25	-1
4	4	6.9163	-1.14379	4653	4704.22	-1
4	4	5.8663	-0.993789	4013	4064.88	-1
4	4	6.0163	-0.993789	3780	3830.72	-1
4	4	6.1663	-0.993789	2282	2383.88	-1
4	4	6.3163	-0.993789	2428	2482.44	-1
4	4	6.4663	-0.993789	2659	2724.38	-1
4	4	6.6163	-0.993789	3587	3640.34	-1
4	4	6.7663	-0.993789	3791	3843.84	-1
4	4	6.9163	-0.993789	-1	-1	-1
4	4	5.8663	-0.843789	-1	-1	-1
4	4	6.0163	-0.843789	2652	2701.44	-1
4	4	6.1663	-0.843789	2445	2496.19	-1
4	4	6.3163	-0.843789	2537	2597.62	-1
4	4	6.4663	-0.843789	3146	3198.97	-1
4	4	6.6163	-0.843789	3937	3989.72	-1
4	4	6.7663	-0.843789	3897	3949.41	-1
4	4	6.9163	-0.843789	-1	-1	-1
5	4	4.20838	8.53964	2588	2664.66	-1
5	4	4.35838	8.53964	211	283.25	-1
5	4	4.50838	8.53964	350	420.438	-1
5	4	4.65838	8.53964	2395	2510.41	-1
5	4	4.80838	8.53964	4744	4846.06	-1
5	4	4.95838	8.53964	-1	-1	-1
5	4	5.10838	8.53964	-1	-1	-1
5	4	5.25838	8.53964	5059	5160.28	-1
5	4	4.20838	8.68964	-1	-1	-1
5	4	4.35838	8.68964	-1	-1	-1
5	4	4.50838	8.68964	-1	-1	-1
5	4	4.65838	8.68964	-1	-1	-1
5	4	4.80838	8.68964	-1	-1	-1
5	4	4.95838	8.68964	-1	-1	-1
5	4	5.10838	8.68964	-1	-1	-1
5	4	5.25838	8.68964	-1	-1	-1
5	4	4.20838	8.83964	2467	2549.31	-1
5	4	4.35838	8.83964	1935	2025.25	-1
5	4	4.50838	8.83964	-1	-1	-1
5	4	4.65838	8.83964	-1	-1	-1
5	4	4.80838	8.83964	-1	-1	-1
5	4	4.95838	8.83964	-1	-1	-1
5	4	5.10838	8.83964	-1	-1	-1
5	4	5.25838	8.83964	-1	-1	-1
5	4	4.20838	8.98964	1798	1887.12	-1
5	4	4.35838	8.98964	1760	1853.22	-1
5	4	4.50838	8.98964	2052	2127.88	-1
5	4	4.65838	8.98964	2086	2165.34	-1
5	4	4.80838	8.98964	-1	-1	-1
5	4	4.95838	8.98964	-1	-1	-1
5	4	5.10838	8.98964	-1	-1	-1
5	4	5.25838	8.98964	-1	-1	-1
5	4	4.20838	9.13964	1580	1659.38	-1
5	4	4.35838	9.13964	1412	1497.41	-1
5	4	4.50838	9.13964	1774	1858.66	-1
5	4	4.65838	9.13964	1923	2008.88	-1
5	4	4.80838	9.13964	2780	2855.81	-1
5	4	4.95838	9.13964	-1	-1	-1
5	4	5.10838	9.13964	-1	-1	-1
5	4	5.25838	9.13964	2995	3070.16	-1
5	4	4.20838	9.28964	1088	1163.75	-1
5	4	4.35838	9.28964	1236	1336.19	-1
5	4	4.50838	9.28964	1586	1699.56	-1
5	4	4.65838	9.28964	1894	1969.81	-1
5	4	4.80838	9.28964	2106	2188.75	-1
5	4	4.95838	9.28964	2278	2357.66	-1
5	4	5.10838	9.28964	2500	2579.97	-1
5	4	5.25838	9.28964	2693	2780.34	-1
5	4	4.20838	9.43964	931	1006.44	-1
5	4	4.35838	9.43964	1422	1502.78	-1
5	4	4.50838	9.43964	1731	1804.53	-1
5	4	4.65838	9.43964	1914	2019.97	-1
5	4	4.80838	9.43964	1962	2045.5	-1
5	4	4.95838	9.43964	2312	2392.38	-1
5	4	5.10838	9.43964	2662	2750.09	-1
5	4	5.25838	9.43964	2836	2916.38	-1
5	4	4.20838	9.58964	1589	1687.84	-1
5	4	4.35838	9.58964	1781	1879.72	-1
5	4	4.50838	9.58964	2107	2208.12	-1
5	4	4.65838	9.58964	1993	2084.5	-1
5	4	4.80838	9.58964	2136	2222.88	-1
5	4	4.95838	9.58964	2367	2471.72	-1
5	4	5.10838	9.58964	2501	2582.66	-1
5	4	5.25838	9.58964	2949	3025.66	-1
6	16	-5.0871	2.63667	-1	-1	-1
6	16	-4.9371	2.63667	-1	-1	-1
6	16	-4.7871	2.63667	-1	-1	-1
6	16	-4.6371	2.63667	1731	1773.56	-1
6	16	-5.0871	2.78667	-1	-1	-1
6	16	-4.9371	2.78667	-1	-1	-1
6	16	-4.7871	2.78667	1811	1880	-1
6	16	-4.6371	2.78667	1141	1182.16	-1
6	16	-5.0871	2.93667	-1	-1	-1
6	16	-4.9371	2.93667	-1	-1	-1
6	16	-4.7871	2.93667	-1	-1	-1
6	16	-4.6371	2.93667	4236	4319.66	-1
6	16	-5.0871	3.08667	-1	-1	-1
6	16	-4.9371	3.08667	-1	-1	-1
6	16	-4.7871	3.08667	-1	-1	-1
6	16	-4.6371	3.08667	-1	-1	-1
7	16	-0.549312	7.88068	-1	-1	-1
7	16	-0.399312	7.88068	2138	2201.69	-1
7	16	-0.249312	7.88068	1979	2076.22	-1
7	16	-0.0993121	7.88068	-1	-1	-1
7	16	-0.549312	8.03068	-1	-1	-1
7	16	-0.399312	8.03068	-1	-1	-1
7	16	-0.249312	8.03068	-1	-1	-1
7	16	-0.0993121	8.03068	-1	-1	-1
7	16	-0.549312	8.18068	-1	-1	-1
7	16	-0.399312	8.18068	-1	-1	-1
7	16	-0.249312	8.18068	-1	-1	-1
7	16	-0.0993121	8.18068	-1	-1	-1
7	16	-0.549312	8.33068	-1	-1	-1
7	16	-0.399312	8.33068	-1	-1	-1
7	16	-0.249312	8.33068	-1	-1	-1
7	16	-0.0993121	8.33068	-1	-1	-1
8	16	-1.05788	6.63594	-1	-1	-1
8	16	-0.907881	6.63594	-1	-1	-1
8	16	-0.757881	6.63594	-1	-1	-1
8	16	-0.607881	6.63594	-1	-1	-1
8	16	-1.05788	6.78594	-1	-1	-1
8	16	-0.907881	6.78594	-1	-1	-1
8	16	-0.757881	6.78594	-1	-1	-1
8	16	-0.607881	6.78594	-1	-1	-1
8	16	-1.05788	6.93594	-1	-1	-1
8	16	-0.907881	6.93594	-1	-1	-1
8	16	-0.757881	6.93594	-1	-1	-1
8	16	-0.607881	6.93594	-1	-1	-1
8	16	-1.05788	7.08594	2278	2336.41	-1
8	16	-0.907881	7.08594	2393	2449.62	-1
8	16	-0.757881	7.08594	-1	-1	-1
8	16	-0.607881	7.08594	-1	-1	-1
9	16	2.30303	-5.2412	-1	-1	-1
9	16	2.45303	-5.2412	-1	-1	-1
9	16	2.60303	-5.2412	-1	-1	-1
9	16	2.75303	-5.2412	-1	-1	-1
9	16	2.30303	-5.0912	-1	-1	-1
9	16	2.45303	-5.0912	5319	5363.12	-1
9	16	2.60303	-5.0912	-1	-1	-1
9	16	2.75303	-5.0912	-1	-1	-1
9	16	2.30303	-4.9412	5293	5339.22	-1
9	16	2.45303	-4.9412	5208	5255.72	-1
9	16	2.60303	-4.9412	-1	-1	-1
9	16	2.75303	-4.9412	-1	-1	-1
9	16	2.30303	-4.7912	5108	5150.84	-1
9	16	2.45303	-4.7912	5014	5059.03	-1
9	16	2.60303	-4.7912	-1	-1	-1
9	16	2.75303	-4.7912	-1	-1	-1
10	16	4.99184	1.0491	3228	3313.69	-1
10	16	5.14184	1.0491	3359	3400.62	-1
10	16	5.29184	1.0491	-1	-1	-1
10	16	5.44184	1.0491	-1	-1	-1
10	16	4.99184	1.1991	4243	4352.97	-1
10	16	5.14184	1.1991	-1	-1	-1
10	16	5.29184	1.1991	-1	-1	-1
10	16	5.44184	1.1991	-1	-1	-1
10	16	4.99184	1.3491	-1	-1	-1
10	16	5.14184	1.3491	-1	-1	-1
10	16	5.29184	1.3491	-1	-1	-1
10	16	5.44184	1.3491	-1	-1	-1
10	16	4.99184	1.4991	-1	-1	-1
10	16	5.14184	1.4991	-1	-1	-1
10	16	5.29184	1.4991	-1	-1	-1
10	16	5.44184	1.4991	-1	-1	-1
11	16	-3.60027	-3.66046	959	1011.88	-1
11	16	-3.45027	-3.66046	725	788.031	-1
11	16	-3.30027	-3.66046	943	991.938	-1
11	16	-3.15027	-3.66046	-1	-1	-1
11	16	-3.60027	-3.51046	413	565.625	-1
11	16	-3.45027	-3.51046	639	683	-1
11	16	-3.30027	-3.51046	846	893.438	-1
11	16	-3.15027	-3.51046	1139	1175.41	-1
11	16	-3.60027	-3.36046	652	689.438	-1
11	16	-3.45027	-3.36046	730	777	-1
11	16	-3.30027	-3.36046	828	868.469	-1
11	16	-3.15027	-3.36046	1047	1086.06	-1
11	16	-3.60027	-3.21046	762	815.719	-1
11	16	-3.45027	-3.21046	906	956.656	-1
11	16	-3.30027	-3.21046	938	1001.09	-1
11	16	-3.15027	-3.21046	1074	1121.22	-1
12	16	4.32424	-2.04985	2295	2418.19	-1
12	16	4.47424	-2.04985	4936	5003.81	-1
12	16	4.62424	-2.04985	5352	5396.12	-1
12	16	4.77424	-2.04985	-1	-1	-1
12	16	4.32424	-1.89985	4760	4880.78	-1
12	16	4.47424	-1.89985	4917	4972.75	-1
12	16	4.62424	-1.89985	5148	5187.88	-1
12	16	4.77424	-1.89985	-1	-1	-1
12	16	4.32424	-1.74985	4965	5029.59	-1
12	16	4.47424	-1.74985	5056	5105.94	-1
12	16	4.62424	-1.74985	5236	5286.72	-1
12	16	4.77424	-1.74985	5334	-1	-1
12	16	4.32424	-1.59985	-1	-1	-1
12	16	4.47424	-1.59985	-1	-1	-1
12	16	4.62424	-1.59985	-1	-1	-1
12	16	4.77424	-1.59985	-1	-1	-1
13	16	-2.52461	-2.26733	-1	-1	-1
13	16	-2.37461	-2.26733	-1	-1	-1
13	16	-2.22461	-2.26733	2346	2374.56	-1
13	16	-2.07461	-2.26733	46	73.7188	-1
13	16	-2.52461	-2.11733	3144	3171.56	-1
13	16	-2.37461	-2.11733	1460	1490.12	-1
13	16	-2.22461	-2.11733	501	541.906	-1
13	16	-2.07461	-2.11733	422	467.625	-1
13	16	-2.52461	-1.96733	607	648.25	-1
13	16	-2.37461	-1.96733	453	490.125	-1
13	16	-2.22461	-1.96733	358	410.219	-1
13	16	-2.07461	-1.96733	345	377.781	-1
13	16	-2.52461	-1.81733	674	724.812	-1
13	16	-2.37461	-1.81733	539	580.375	-1
13	16	-2.22461	-1.81733	92	270.906	-1
13	16	-2.07461	-1.81733	297	320.156	-1
14	16	7.33496	-3.16823	-1	-1	-1
14	16	7.48496	-3.16823	-1	-1	-1
14	16	7.63496	-3.16823	-1	-1	-1
14	16	7.78496	-3.16823	-1	-1	-1
14	16	7.33496	-3.01823	-1	-1	-1
14	16	7.48496	-3.01823	-1	-1	-1
14	16	7.63496	-3.01823	-1	-1	-1
14	16	7.78496	-3.01823	-1	-1	-1
14	16	7.33496	-2.86823	-1	-1	-1
14	16	7.48496	-2.86823	-1	-1	-1
14	16	7.63496	-2.86823	-1	-1	-1
14	16	7.78496	-2.86823	-1	-1	-1
14	16	7.33496	-2.71823	-1	-1	-1
14	16	7.48496	-2.71823	-1	-1	-1
14	16	7.63496	-2.71823	-1	-1	-1
14	16	7.78496	-2.71823	-1	-1	-1
15	16	-4.76125	-7.66061	711	824.469	-1
15	16	-4.61125	-7.66061	885	958.562	-1
15	16	-4.46125	-7.66061	909	974.75	-1
15	16	-4.31125	-7.66061	-1	-1	-1
15	16	-4.76125	-7.51061	2990	3067.31	-1
15	16	-4.61125	-7.51061	1039	1106.28	-1
15	16	-4.46125	-7.51061	2853	2923.78	-1
15	16	-4.31125	-7.51061	-1	-1	-1
15	16	-4.76125	-7.36061	2862	2932.78	-1
15	16	-4.61125	-7.36061	2713	2780.69	-1
15	16	-4.46125	-7.36061	-1	-1	-1
15	16	-4.31125	-7.36061	1198	1333.78	-1
15	16	-4.76125	-7.21061	2687	2759.03	-1
15	16	-4.61125	-7.21061	2379	2491.41	-1
15	16	-4.46125	-7.21061	2556	2622.28	-1
15	16	-4.31125	-7.21061	-1	-1	-1
16	16	-7.18574	-6.58831	-1	-1	-1
16	16	-7.03574	-6.58831	-1	-1	-1
16	16	-6.88574	-6.58831	-1	-1	-1
16	16	-6.73574	-6.58831	-1	-1	-1
16	16	-7.18574	-6.43831	-1	-1	-1
16	16	-7.03574	-6.43831	-1	-1	-1
16	16	-6.88574	-6.43831	-1	-1	-1
16	16	-6.73574	-6.43831	-1	-1	-1
16	16	-7.18574	-6.28831	-1	-1	-1
16	16	-7.03574	-6.28831	-1	-1	-1
16	16	-6.88574	-6.28831	-1	-1	-1
16	16	-6.73574	-6.28831	-1	-1	-1
16	16	-7.18574	-6.13831	-1	-1	-1
16	16	-7.03574	-6.13831	-1	-1	-1
16	16	-6.88574	-6.13831	-1	-1	-1
16	16	-6.73574	-6.13831	-1	-1	-1
17	16	-3.59047	-1.86407	-1	-1	-1
17	16	-3.44047	-1.86407	-1	-1	-1
17	16	-3.29047	-1.86407	3053	3089.97	-1
17	16	-3.14047	-1.86407	703	733.531	-1
17	16	-3.59047	-1.71407	-1	-1	-1
17	16	-3.44047	-1.71407	1582	1616.5	-1
17	16	-3.29047	-1.71407	1557	1594.62	-1
17	16	-3.14047	-1.71407	1412	1453.09	-1
17	16	-3.59047	-1.56407	-1	-1	-1
17	16	-3.44047	-1.56407	4471	4502.25	-1
17	16	-3.29047	-1.56407	1501	1547.03	-1
17	16	-3.14047	-1.56407	1351	1380.25	-1
17	16	-3.59047	-1.41407	-1	-1	-1
17	16	-3.44047	-1.41407	-1	-1	-1
17	16	-3.29047	-1.41407	1546	1590.81	-1
17	16	-3.14047	-1.41407	1425	1462.91	-1
18	16	5.77202	1.34225	-1	-1	-1
18	16	5.92202	1.34225	-1	-1	-1
18	16	6.07202	1.34225	-1	-1	-1
18	16	6.22202	1.34225	-1	-1	-1
18	16	5.77202	1.49225	-1	-1	-1
18	16	5.92202	1.49225	-1	-1	-1
18	16	6.07202	1.49225	-1	-1	-1
18	16	6.22202	1.49225	-1	-1	-1
18	16	5.77202	1.64225	-1	-1	-1
18	16	5.92202	1.64225	-1	-1	-1
18	16	6.07202	1.64225	-1	-1	-1
18	16	6.22202	1.64225	-1	-1	-1
18	16	5.77202	1.79225	-1	-1	-1
18	16	5.92202	1.79225	-1	-1	-1
18	16	6.07202	1.79225	-1	-1	-1
18	16	6.22202	1.79225	-1	-1	-1
19	16	2.23065	6.09023	1089	1190.59	-1
19	16	2.38065	6.09023	-1	-1	-1
19	16	2.53065	6.09023	-1	-1	-1
19	16	2.68065	6.09023	-1	-1	-1
19	16	2.23065	6.24023	4892	4941.94	-1
19	16	2.38065	6.24023	-1	-1	-1
19	16	2.53065	6.24023	-1	-1	-1
19	16	2.68065	6.24023	-1	-1	-1
19	16	2.23065	6.39023	4727	4838.12	-1
19	16	2.38065	6.39023	-1	-1	-1
19	16	2.53065	6.39023	-1	-1	-1
19	16	2.68065	6.39023	-1	-1	-1
19	16	2.23065	6.54023	-1	-1	-1
19	16	2.38065	6.54023	-1	-1	-1
19	16	2.53065	6.54023	-1	-1	-1
19	16	2.68065	6.54023	-1	-1	-1
20	16	4.92379	1.66183	-1	-1	-1
20	16	5.07379	1.66183	-1	-1	-1
20	16	5.22379	1.66183	-1	-1	-1
20	16	5.37379	1.66183	-1	-1	-1
20	16	4.92379	1.81183	-1	-1	-1
20	16	5.07379	1.81183	-1	-1	-1
20	16	5.22379	1.81183	-1	-1	-1
20	16	5.37379	1.81183	-1	-1	-1
20	16	4.92379	1.96183	-1	-1	-1
20	16	5.07379	1.96183	-1	-1	-1
20	16	5.22379	1.96183	-1	-1	-1
20	16	5.37379	1.96183	-1	-1	-1
20	16	4.92379	2.11183	-1	-1	-1
20	16	5.07379	2.11183	-1	-1	-1
20	16	5.22379	2.11183	-1	-1	-1
20	16	5.37379	2.11183	-1	-1	-1
21	16	-0.952505	3.85704	456	489.938	-1
21	16	-0.802505	3.85704	885	1005.62	-1
21	16	-0.652505	3.85704	1044	1079.88	-1
21	16	-0.502505	3.85704	1616	1673.44	-1
21	16	-0.952505	4.00704	428	461.25	-1
21	16	-0.802505	4.00704	642	675.75	-1
21	16	-0.652505	4.00704	1547	1578.72	-1
21	16	-0.502505	4.00704	1642	1676.78	-1
21	16	-0.952505	4.15704	498	534.188	-1
21	16	-0.802505	4.15704	567	603.719	-1
21	16	-0.652505	4.15704	1720	1756.31	-1
21	16	-0.502505	4.15704	5385	-1	-1
21	16	-0.952505	4.30704	586	637.469	-1
21	16	-0.802505	4.30704	-1	-1	-1
21	16	-0.652505	4.30704	-1	-1	-1
21	16	-0.502505	4.30704	-1	-1	-1
0	256	-2.73882	-4.3629	-1	-1	-1
0	256	-3.05019	-7.30705	-1	-1	-1
0	256	6.52429	-0.76034	4039	4089.03	-1
0	256	6.64025	2.073	-1	-1	-1
0	256	-1.25272	-4.23849	-1	-1	-1
0	256	4.56002	3.75535	1611	1740.44	-1
0	256	2.25231	-7.37184	5096	5178.28	-1
0	256	6.93393	1.75711	-1	-1	-1
0	256	5.008	-7.35942	-1	-1	-1
0	256	5.45978	-7.07882	-1	-1	-1
0	256	-1.02338	-6.11079	138	185.531	-1
0	256	1.68601	-4.61869	112	150.594	-1
0	256	-4.96473	-6.80241	247	378.156	-1
0	256	2.26666	-9.13016	-1	-1	-1
0	256	-3.88344	9.12389	-1	-1	-1
0	256	3.3289	-3.94492	-1	-1	-1
0	256	1.5985	2.88622	681	709.906	-1
0	256	-1.75456	-5.34685	-1	-1	-1
0	256	-1.33646	9.59905	4727	4798.22	-1
0	256	-2.70837	-6.53568	-1	-1	-1
0	256	-6.95884	6.96306	-1	-1	-1
0	256	1.5778	3.58004	-1	-1	-1
0	256	8.84613	3.74414	-1	-1	-1
0	256	-1.87471	-9.38339	-1	-1	-1
0	256	4.40581	-6.89669	5308	-1	-1
0	256	-6.3582	0.912726	1405	1468.44	-1
0	256	-1.58527	-9.11375	-1	-1	-1
0	256	7.44447	1.4188	2664	2720.03	-1
0	256	-5.87498	-3.20626	-1	-1	-1
0	256	3.60145	-4.44966	-1	-1	-1
0	256	3.41012	7.51181	2578	2641.12	-1
0	256	-7.54489	5.00767	-1	-1	-1
0	256	-7.94468	1.61705	-1	-1	-1
0	256	-4.09662	7.20224	984	1046.72	-1
0	256	7.18849	3.51165	-1	-1	-1
0	256	-5.20381	-4.38161	4944	5071.97	-1
0	256	3.55511	2.98408	4502	4642.31	-1
0	256	1.29684	2.95066	-1	-1	-1
0	256	2.80726	3.6887	4972	5012.81	-1
0	256	2.99125	-8.06331	-1	-1	-1
0	256	-0.57115	3.65015	1110	1146.78	-1
0	256	6.71202	-0.169113	-1	-1	-1
0	256	-0.189422	3.77678	1717	1748.5	-1
0	256	1.54782	-5.41729	-1	-1	-1
0	256	3.9991	0.113973	1349	1473.62	-1
0	256	2.84797	3.54125	4343	4476.75	-1
0	256	-9.70438	-2.32373	120	193.094	-1
0	256	-6.34441	7.03015	-1	-1	-1
0	256	0.192601	5.2806	-1	-1	-1
0	256	0.604872	-3.9052	-1	-1	-1
0	256	2.6974	-1.8875	1249	1279.69	-1
0	256	2.42582	-6.74084	-1	-1	-1
0	256	3.12714	7.87102	900	968.375	-1
0	256	4.80057	5.80634	865	920.875	-1
0	256	0.528637	-6.54749	-1	-1	-1
0	256	-6.27656	-0.479927	-1	-1	-1
0	256	7.91416	0.780794	2266	2324.5	-1
0	256	8.66144	8.04223	-1	-1	-1
0	256	1.32657	5.8813	-1	-1	-1
0	256	-2.9031	6.78869	-1	-1	-1
0	256	-8.09131	-4.46738	-1	-1	-1
0	256	2.51711	3.70413	-1	-1	-1
0	256	2.27417	-2.65341	-1	-1	-1
0	256	2.64763	-7.37981	-1	-1	-1
0	256	3.83785	7.94363	2173	2262.03	-1
0	256	2.10354	7.73268	4320	4379.59	-1
0	256	5.85008	-5.51494	5151	5293.41	-1
0	256	5.00763	5.28781	-1	-1	-1
0	256	-9.13928	0.202941	-1	-1	-1
0	256	8.31464	-5.45383	-1	-1	-1
0	256	8.32505	-3.62177	-1	-1	-1
0	256	-2.34467	-3.0077	3629	3667.62	-1
0	256	6.1584	4.82426	4099	4223.84	-1
0	256	7.43498	1.27418	-1	-1	-1
0	256	-2.57787	8.82298	-1	-1	-1
0	256	6.5134	-5.95172	-1	-1	-1
0	256	3.05257	3.36417	60	103.625	-1
0	256	0.262743	-3.12437	-1	-1	-1
0	256	-5.45672	-1.65324	4279	4390.25	-1
0	256	-7.45155	5.39155	4243	4311	-1
0	256	-3.14068	-1.00756	516	674.938	-1
0	256	0.211419	4.92387	1278	1322.59	-1
0	256	2.94088	-0.879415	771	799.906	-1
0	256	-4.4581	4.00579	5095	5230.66	-1
0	256	7.50347	4.91009	-1	-1	-1
0	256	2.09522	-8.76261	-1	-1	-1
0	256	-7.85399	-0.302227	-1	-1	-1
0	256	7.07365	1.50257	2779	2838.53	-1
0	256	0.46879	5.84403	-1	-1	-1
0	256	2.72904	8.36204	4053	4119.28	-1
0	256	-5.8768	-4.02887	4439	4570.97	-1
0	256	0.69312	-3.1119	732	859.594	-1
0	256	8.64459	-4.47236	-1	-1	-1
0	256	0.0738242	5.31514	-1	-1	-1
0	256	-8.66965	0.694706	81	142.906	-1
0	256	-6.2243	-5.70955	241	368.719	-1
0	256	5.14272	-3.77052	-1	-1	-1
0	256	4.53236	0.514277	-1	-1	-1
0	256	-5.99831	-5.8868	-1	-1	-1
0	256	6.94448	3.49936	-1	-1	-1
0	256	2.64082	5.45302	-1	-1	-1
0	256	-5.65242	-6.04822	2723	2794.16	-1
0	256	2.13541	7.32509	5146	5201.03	-1
0	256	6.27724	7.62698	-1	-1	-1
0	256	4.32609	6.55798	4934	4992.53	-1
0	256	9.52883	2.43915	1430	1500.34	-1
0	256	6.67155	5.9142	-1	-1	-1
0	256	-8.33897	1.23676	-1	-1	-1
0	256	4.3245	5.8544	-1	-1	-1
0	256	-3.9996	8.94824	-1	-1	-1
0	256	-1.04876	3.4778	282	321.562	-1
0	256	3.38796	-3.14007	1151	1196.81	-1
0	256	-7.73075	-5.89245	-1	-1	-1
0	256	1.13851	-6.07865	-1	-1	-1
0	256	-0.799941	-8.23338	-1	-1	-1
0	256	4.55071	-1.02079	4519	4556.31	-1
0	256	4.15703	6.18443	743	799.062	-1
0	256	2.39586	-2.92768	5047	5080.19	-1
0	256	-8.07413	-5.23623	-1	-1	-1
0	256	-3.9772	-8.94287	-1	-1	-1
0	256	3.25057	3.01167	390	536.969	-1
0	256	2.90941	-1.72993	-1	-1	-1
0	256	4.84524	-7.67581	-1	-1	-1
0	256	3.59724	-6.31038	-1	-1	-1
0	256	-1.79583	6.64501	-1	-1	-1
0	256	-4.93589	7.83974	4048	4154.41	-1
0	256	-9.61626	-4.69666	3593	3669.5	-1
0	256	5.11045	-6.31125	-1	-1	-1
0	256	5.61209	-1.13861	5269	5365.88	-1
0	256	3.52588	6.44566	1710	1852.84	-1
0	256	-5.88196	-0.956291	2270	2314.44	-1
0	256	2.74289	-8.59729	-1	-1	-1
0	256	-5.20169	-1.1369	861	902.938	-1
0	256	2.40174	-8.78668	-1	-1	-1
0	256	-3.48815	4.08935	102	146.344	-1
0	256	8.15045	-1.15735	5114	5175.81	-1
0	256	-8.58493	1.01074	-1	-1	-1
0	256	9.05126	0.376953	-1	-1	-1
0	256	-4.50911	3.71689	212	260.031	-1
0	256	-3.14179	0.318859	2599	2629.62	-1
0	256	-8.50196	2.63086	-1	-1	-1
0	256	-1.49288	3.54682	610	642.344	-1
0	256	2.3868	8.17394	4190	4252.56	-1
0	256	7.61047	0.942568	-1	-1	-1
0	256	4.95397	2.4297	1948	2065.47	-1
0	256	2.6603	-1.61243	1152	1284.06	-1
0	256	3.48695	-3.64283	1775	1927.56	-1
0	256	-4.36474	7.58425	-1	-1	-1
0	256	8.15802	0.313605	5396	-1	-1
0	256	5.283	-5.26019	1206	1266.47	-1
0	256	6.01936	-6.9972	-1	-1	-1
0	256	-5.94869	0.314999	1387	1435.66	-1
0	256	1.7901	6.04561	1646	1703.53	-1
0	256	3.26171	-3.45127	274	434.25	-1
0	256	-3.73795	-8.04498	-1	-1	-1
0	256	6.52331	6.14967	-1	-1	-1
0	256	-1.40904	-8.59451	-1	-1	-1
0	256	5.31713	-3.19092	-1	-1	-1
0	256	-1.46538	-9.16018	1740	1812.81	-1
0	256	8.45357	-0.773917	698	789.125	-1
0	256	-2.95988	-7.77799	110	209.094	-1
0	256	-1.42231	-2.73007	1535	1566.41	-1
0	256	2.1442	8.75931	4025	4095.44	-1
0	256	-8.21158	1.69234	-1	-1	-1
0	256	7.53295	-1.68332	-1	-1	-1
0	256	2.22953	9.38058	2008	2077.59	-1
0	256	1.34099	7.69616	-1	-1	-1
0	256	0.0963602	-5.94587	-1	-1	-1
0	256	8.03472	4.24493	-1	-1	-1
0	256	5.55818	-5.06865	-1	-1	-1
0	256	7.2102	-1.4279	-1	-1	-1
0	256	9.51084	0.5991	3979	4046.97	-1
0	256	-0.618265	0.712502	4734	4900.5	-1
0	256	8.63796	-1.71838	-1	-1	-1
0	256	6.72581	-2.40368	-1	-1	-1
0	256	1.73662	-7.21917	-1	-1	-1
0	256	3.85795	6.70087	169	229	-1
0	256	-8.27341	-4.60147	-1	-1	-1
0	256	4.05726	-0.235805	585	700.531	-1
0	256	8.36453	-2.34249	-1	-1	-1
0	256	-5.76926	-4.18002	-1	-1	-1
0	256	-5.20954	-3.76013	5130	5200.38	-1
0	256	-3.36441	-0.952757	2090	2222.22	-1
0	256	6.8229	2.12418	-1	-1	-1
0	256	-3.75361	-3.55353	1535	1585.75	-1
0	256	5.8596	2.3055	-1	-1	-1
0	256	3.78186	-1.36037	-1	-1	-1
0	256	-8.40824	3.62868	-1	-1	-1
0	256	4.84597	6.51196	527	586.094	-1
0	256	-0.0367836	8.85356	2325	2391.12	-1
0	256	-2.77782	4.85856	-1	-1	-1
0	256	-7.16936	6.55227	-1	-1	-1
0	256	7.7361	5.77629	902	974.781	-1
0	256	-2.08956	8.93737	4630	4711.28	-1
0	256	1.93762	4.48967	1206	1246.5	-1
0	256	-7.47356	6.62098	2479	2590.88	-1
0	256	-0.743167	-7.27861	-1	-1	-1
0	256	7.94033	-3.00473	2936	3006.84	-1
0	256	-2.18876	6.35946	603	662.281	-1
0	256	-5.96886	7.98804	-1	-1	-1
0	256	-5.07085	-4.37683	5137	5192.94	-1
0	256	-4.64691	6.35225	-1	-1	-1
0	256	7.03588	-6.26235	-1	-1	-1
0	256	4.13022	-5.08377	-1	-1	-1
0	256	0.439023	4.47748	-1	-1	-1
0	256	6.63787	0.131073	-1	-1	-1
0	256	0.934594	-8.6149	-1	-1	-1
0	256	-0.329136	-7.2495	-1	-1	-1
0	256	-3.7308	2.00389	4563	4596.94	-1
0	256	8.91495	-1.27867	-1	-1	-1
0	256	-4.81489	3.40612	1087	1132.09	-1
0	256	0.151116	-7.6213	-1	-1	-1
0	256	-5.79914	-7.88714	-1	-1	-1
0	256	7.46417	0.401496	4430	4523.91	-1
0	256	-2.60987	4.7806	-1	-1	-1
0	256	-2.49378	4.11249	-1	-1	-1
0	256	-1.12303	4.0902	316	363.219	-1
0	256	-4.94665	-2.57564	765	809.969	-1
0	256	-3.10552	3.07678	3136	3172.94	-1
0	256	8.82901	0.303193	177	241.656	-1
0	256	1.95962	6.14048	2191	2239.22	-1
0	256	2.99444	-4.84434	-1	-1	-1
0	256	-0.325206	-9.04128	-1	-1	-1
0	256	-2.55019	-7.70527	2534	2598	-1
0	256	6.04987	-3.48166	-1	-1	-1
0	256	0.420177	5.23513	-1	-1	-1
0	256	-4.48933	-2.09123	-1	-1	-1
0	256	3.22106	0.14738	1662	1782.97	-1
0	256	-6.70318	5.04642	-1	-1	-1
0	256	-3.09612	-0.0850199	1313	1342.84	-1
0	256	3.26288	-3.1018	952	1113.5	-1
0	256	-3.15961	5.10337	-1	-1	-1
0	256	7.62007	2.85442	-1	-1	-1
0	256	1.27426	4.4839	-1	-1	-1
0	256	-4.67564	-1.09099	4433	4476.38	-1
0	256	-3.03491	-2.78347	3056	3095.88	-1
0	256	4.82611	-5.14776	3973	4026.66	-1
0	256	9.29657	3.11482	2394	2473.22	-1
0	256	-3.90452	1.26623	1241	1273.47	-1
0	256	-7.68094	1.38217	-1	-1	-1
0	256	5.24494	-3.035	-1	-1	-1
0	256	3.36818	-7.6169	2827	2889.97	-1
0	256	6.23505	5.99522	4033	4163.41	-1
0	256	-1.14893	4.44124	212	247.219	-1
0	256	-6.00229	-1.96956	2786	2832.88	-1
0	256	-5.40764	-2.82107	-1	-1	-1
0	256	-0.71995	6.40563	-1	-1	-1
0	256	2.10338	9.39153	2247	2320.44	-1
0	256	-1.53635	8.46617	5253	5324.72	-1
0	256	8.21747	0.0993875	-1	-1	-1
0	256	0.228748	8.59501	1910	2001.09	-1
0	256	-6.30773	-6.47244	-1	-1	-1
0	256	-2.8964	-9.54647	1082	1156.81	-1
0	256	1.12767	9.66176	2332	2405.22	-1
0	256	-1.69899	8.08877	263	356.219	-1
0	256	-6.68458	-4.89092	-1	-1	-1
