Pile ID	Distribution Type	X-Position	Y-Position	Pickup Time	Drop Off Time	Ant ID
1	1	4.06158	3.66079	1723	1875.66	-1
1	1	4.21158	3.66079	-1	-1	-1
1	1	4.36158	3.66079	-1	-1	-1
1	1	4.51158	3.66079	3099	3154.53	-1
1	1	4.66158	3.66079	1070	1128.69	-1
1	1	4.81158	3.66079	963	1020.47	-1
1	1	4.96158	3.66079	1084	1141.25	-1
1	1	5.11158	3.66079	1303	1367.47	-1
1	1	5.26158	3.66079	-1	-1	-1
1	1	5.41158	3.66079	-1	-1	-1
1	1	5.56158	3.66079	-1	-1	-1
1	1	5.71158	3.66079	-1	-1	-1
1	1	5.86158	3.66079	-1	-1	-1
1	1	6.01158	3.66079	-1	-1	-1
1	1	6.16158	3.66079	-1	-1	-1
1	1	6.31158	3.66079	-1	-1	-1
1	1	4.06158	3.81079	1921	1964.66	-1
1	1	4.21158	3.81079	-1	-1	-1
1	1	4.36158	3.81079	-1	-1	-1
1	1	4.51158	3.81079	3910	3972.22	-1
1	1	4.66158	3.81079	3200	3246.78	-1
1	1	4.81158	3.81079	1416	1466.22	-1
1	1	4.96158	3.81079	1514	1563.88	-1
1	1	5.11158	3.81079	3465	3524.91	-1
1	1	5.26158	3.81079	4112	4180.5	-1
1	1	5.41158	3.81079	-1	-1	-1
1	1	5.56158	3.81079	-1	-1	-1
1	1	5.71158	3.81079	5373	-1	-1
1	1	5.86158	3.81079	-1	-1	-1
1	1	6.01158	3.81079	-1	-1	-1
1	1	6.16158	3.81079	-1	-1	-1
1	1	6.31158	3.81079	-1	-1	-1
1	1	4.06158	3.96079	-1	-1	-1
1	1	4.21158	3.96079	-1	-1	-1
1	1	4.36158	3.96079	-1	-1	-1
1	1	4.51158	3.96079	3789	3859.31	-1
1	1	4.66158	3.96079	3306	3369.5	-1
1	1	4.81158	3.96079	3436	3502.5	-1
1	1	4.96158	3.96079	3581	3645.81	-1
1	1	5.11158	3.96079	3697	3754.03	-1
1	1	5.26158	3.96079	-1	-1	-1
1	1	5.41158	3.96079	-1	-1	-1
1	1	5.56158	3.96079	5219	5292.03	-1
1	1	5.71158	3.96079	5196	5254.84	-1
1	1	5.86158	3.96079	5317	5373.06	-1
1	1	6.01158	3.96079	-1	-1	-1
1	1	6.16158	3.96079	-1	-1	-1
1	1	6.31158	3.96079	-1	-1	-1
1	1	4.06158	4.11079	-1	-1	-1
1	1	4.21158	4.11079	-1	-1	-1
1	1	4.36158	4.11079	-1	-1	-1
1	1	4.51158	4.11079	-1	-1	-1
1	1	4.66158	4.11079	3938	4011.06	-1
1	1	4.81158	4.11079	3556	3609.62	-1
1	1	4.96158	4.11079	3672	3725.81	-1
1	1	5.11158	4.11079	3806	3872.84	-1
1	1	5.26158	4.11079	-1	-1	-1
1	1	5.41158	4.11079	5178	5239	-1
1	1	5.56158	4.11079	5030	5113.44	-1
1	1	5.71158	4.11079	4741	4844.47	-1
1	1	5.86158	4.11079	5068	5146.53	-1
1	1	6.01158	4.11079	-1	-1	-1
1	1	6.16158	4.11079	-1	-1	-1
1	1	6.31158	4.11079	-1	-1	-1
1	1	4.06158	4.26079	967	1015.06	-1
1	1	4.21158	4.26079	-1	-1	-1
1	1	4.36158	4.26079	-1	-1	-1
1	1	4.51158	4.26079	-1	-1	-1
1	1	4.66158	4.26079	4072	4132.03	-1
1	1	4.81158	4.26079	-1	-1	-1
1	1	4.96158	4.26079	-1	-1	-1
1	1	5.11158	4.26079	-1	-1	-1
1	1	5.26158	4.26079	-1	-1	-1
1	1	5.41158	4.26079	5291	5345.09	-1
1	1	5.56158	4.26079	4926	4992.66	-1
1	1	5.71158	4.26079	4462	4517.5	-1
1	1	5.86158	4.26079	4594	4655.78	-1
1	1	6.01158	4.26079	5372	-1	-1
1	1	6.16158	4.26079	5021	5103.34	-1
1	1	6.31158	4.26079	-1	-1	-1
1	1	4.06158	4.41079	782	924.531	-1
1	1	4.21158	4.41079	-1	-1	-1
1	1	4.36158	4.41079	-1	-1	-1
1	1	4.51158	4.41079	-1	-1	-1
1	1	4.66158	4.41079	-1	-1	-1
1	1	4.81158	4.41079	-1	-1	-1
1	1	4.96158	4.41079	-1	-1	-1
1	1	5.11158	4.41079	-1	-1	-1
1	1	5.26158	4.41079	-1	-1	-1
1	1	5.41158	4.41079	3966	4058.75	-1
1	1	5.56158	4.41079	3824	3894.88	-1
1	1	5.71158	4.41079	3683	3745.59	-1
1	1	5.86158	4.41079	4524	4601.47	-1
1	1	6.01158	4.41079	4259	4336.94	-1
1	1	6.16158	4.41079	4666	4733.75	-1
1	1	6.31158	4.41079	4868	4938.59	-1
1	1	4.06158	4.56079	1218	1352.12	-1
1	1	4.21158	4.56079	-1	-1	-1
1	1	4.36158	4.56079	-1	-1	-1
1	1	4.51158	4.56079	-1	-1	-1
1	1	4.66158	4.56079	-1	-1	-1
1	1	4.81158	4.56079	-1	-1	-1
1	1	4.96158	4.56079	-1	-1	-1
1	1	5.11158	4.56079	4597	4667.16	-1
1	1	5.26158	4.56079	4469	4539.72	-1
1	1	5.41158	4.56079	3640	3707.22	-1
1	1	5.56158	4.56079	3547	3617.5	-1
1	1	5.71158	4.56079	3398	3478.34	-1
1	1	5.86158	4.56079	3981	4045.34	-1
1	1	6.01158	4.56079	4077	4142.19	-1
1	1	6.16158	4.56079	4595	4663.78	-1
1	1	6.31158	4.56079	5168	5231.25	-1
1	1	4.06158	4.71079	-1	-1	-1
1	1	4.21158	4.71079	-1	-1	-1
1	1	4.36158	4.71079	-1	-1	-1
1	1	4.51158	4.71079	-1	-1	-1
1	1	4.66158	4.71079	-1	-1	-1
1	1	4.81158	4.71079	-1	-1	-1
1	1	4.96158	4.71079	-1	-1	-1
1	1	5.11158	4.71079	4628	4703.47	-1
1	1	5.26158	4.71079	4106	4161.59	-1
1	1	5.41158	4.71079	3630	3691.22	-1
1	1	5.56158	4.71079	3250	3332.69	-1
1	1	5.71158	4.71079	3368	3429	-1
1	1	5.86158	4.71079	3498	3566	-1
1	1	6.01158	4.71079	3926	3992.22	-1
1	1	6.16158	4.71079	4535	4627.53	-1
1	1	6.31158	4.71079	4725	4790.72	-1
1	1	4.06158	4.86079	2935	3058.16	-1
1	1	4.21158	4.86079	-1	-1	-1
1	1	4.36158	4.86079	-1	-1	-1
1	1	4.51158	4.86079	-1	-1	-1
1	1	4.66158	4.86079	-1	-1	-1
1	1	4.81158	4.86079	-1	-1	-1
1	1	4.96158	4.86079	4891	4960.75	-1
1	1	5.11158	4.86079	3985	4054.5	-1
1	1	5.26158	4.86079	3391	3455.38	-1
1	1	5.41158	4.86079	3244	3311.62	-1
1	1	5.56158	4.86079	2951	3011.97	-1
1	1	5.71158	4.86079	3095	3189.22	-1
1	1	5.86158	4.86079	3420	3489.97	-1
1	1	6.01158	4.86079	4128	4231.44	-1
1	1	6.16158	4.86079	4247	4312.91	-1
1	1	6.31158	4.86079	4391	4467.53	-1
1	1	4.06158	5.01079	-1	-1	-1
1	1	4.21158	5.01079	-1	-1	-1
1	1	4.36158	5.01079	-1	-1	-1
1	1	4.51158	5.01079	-1	-1	-1
1	1	4.66158	5.01079	-1	-1	-1
1	1	4.81158	5.01079	5376	-1	-1
1	1	4.96158	5.01079	4248	4302.97	-1
1	1	5.11158	5.01079	3833	3923.53	-1
1	1	5.26158	5.01079	3514	3569	-1
1	1	5.41158	5.01079	2629	2762.47	-1
1	1	5.56158	5.01079	2815	2875.16	-1
1	1	5.71158	5.01079	3237	3325.62	-1
1	1	5.86158	5.01079	3560	3631.09	-1
1	1	6.01158	5.01079	3895	3983.72	-1
1	1	6.16158	5.01079	4067	4169.91	-1
1	1	6.31158	5.01079	4675	4760.78	-1
1	1	4.06158	5.16079	-1	-1	-1
1	1	4.21158	5.16079	-1	-1	-1
1	1	4.36158	5.16079	-1	-1	-1
1	1	4.51158	5.16079	-1	-1	-1
1	1	4.66158	5.16079	-1	-1	-1
1	1	4.81158	5.16079	4881	4940.03	-1
1	1	4.96158	5.16079	4360	4419.38	-1
1	1	5.11158	5.16079	4132	4194.62	-1
1	1	5.26158	5.16079	3707	3771.16	-1
1	1	5.41158	5.16079	3057	3165.5	-1
1	1	5.56158	5.16079	2928	2987.78	-1
1	1	5.71158	5.16079	3047	3112.69	-1
1	1	5.86158	5.16079	3332	3401.62	-1
1	1	6.01158	5.16079	3760	3820.06	-1
1	1	6.16158	5.16079	4445	4532.34	-1
1	1	6.31158	5.16079	-1	-1	-1
1	1	4.06158	5.31079	-1	-1	-1
1	1	4.21158	5.31079	-1	-1	-1
1	1	4.36158	5.31079	-1	-1	-1
1	1	4.51158	5.31079	-1	-1	-1
1	1	4.66158	5.31079	-1	-1	-1
1	1	4.81158	5.31079	4732	4787.09	-1
1	1	4.96158	5.31079	4483	4576.75	-1
1	1	5.11158	5.31079	4648	4722.09	-1
1	1	5.26158	5.31079	5017	5076.28	-1
1	1	5.41158	5.31079	3197	3266	-1
1	1	5.56158	5.31079	3173	3252.97	-1
1	1	5.71158	5.31079	3216	3294.19	-1
1	1	5.86158	5.31079	4054	4155.06	-1
1	1	6.01158	5.31079	4227	4299.31	-1
1	1	6.16158	5.31079	4618	4707.06	-1
1	1	6.31158	5.31079	4851	4919.72	-1
1	1	4.06158	5.46079	-1	-1	-1
1	1	4.21158	5.46079	-1	-1	-1
1	1	4.36158	5.46079	-1	-1	-1
1	1	4.51158	5.46079	-1	-1	-1
1	1	4.66158	5.46079	-1	-1	-1
1	1	4.81158	5.46079	5214	5270.06	-1
1	1	4.96158	5.46079	4779	4842.94	-1
1	1	5.11158	5.46079	4910	4975.94	-1
1	1	5.26158	5.46079	-1	-1	-1
1	1	5.41158	5.46079	5155	5218.56	-1
1	1	5.56158	5.46079	4443	4513.16	-1
1	1	5.71158	5.46079	4369	4446.25	-1
1	1	5.86158	5.46079	4246	4332.09	-1
1	1	6.01158	5.46079	4388	4496.56	-1
1	1	6.16158	5.46079	4715	4790.44	-1
1	1	6.31158	5.46079	4787	4896.44	-1
1	1	4.06158	5.61079	-1	-1	-1
1	1	4.21158	5.61079	-1	-1	-1
1	1	4.36158	5.61079	-1	-1	-1
1	1	4.51158	5.61079	-1	-1	-1
1	1	4.66158	5.61079	-1	-1	-1
1	1	4.81158	5.61079	5231	5311.75	-1
1	1	4.96158	5.61079	5045	5130.06	-1
1	1	5.11158	5.61079	-1	-1	-1
1	1	5.26158	5.61079	-1	-1	-1
1	1	5.41158	5.61079	-1	-1	-1
1	1	5.56158	5.61079	5004	5082.38	-1
1	1	5.71158	5.61079	4809	4873.28	-1
1	1	5.86158	5.61079	4939	5005.56	-1
1	1	6.01158	5.61079	5218	5279.34	-1
1	1	6.16158	5.61079	-1	-1	-1
1	1	6.31158	5.61079	-1	-1	-1
1	1	4.06158	5.76079	-1	-1	-1
1	1	4.21158	5.76079	-1	-1	-1
1	1	4.36158	5.76079	-1	-1	-1
1	1	4.51158	5.76079	-1	-1	-1
1	1	4.66158	5.76079	-1	-1	-1
1	1	4.81158	5.76079	-1	-1	-1
1	1	4.96158	5.76079	-1	-1	-1
1	1	5.11158	5.76079	-1	-1	-1
1	1	5.26158	5.76079	-1	-1	-1
1	1	5.41158	5.76079	-1	-1	-1
1	1	5.56158	5.76079	-1	-1	-1
1	1	5.71158	5.76079	-1	-1	-1
1	1	5.86158	5.76079	5081	5152.31	-1
1	1	6.01158	5.76079	-1	-1	-1
1	1	6.16158	5.76079	-1	-1	-1
1	1	6.31158	5.76079	-1	-1	-1
1	1	4.06158	5.91079	610	663.125	-1
1	1	4.21158	5.91079	-1	-1	-1
1	1	4.36158	5.91079	-1	-1	-1
1	1	4.51158	5.91079	-1	-1	-1
1	1	4.66158	5.91079	-1	-1	-1
1	1	4.81158	5.91079	-1	-1	-1
1	1	4.96158	5.91079	-1	-1	-1
1	1	5.11158	5.91079	-1	-1	-1
1	1	5.26158	5.91079	-1	-1	-1
1	1	5.41158	5.91079	-1	-1	-1
1	1	5.56158	5.91079	-1	-1	-1
1	1	5.71158	5.91079	-1	-1	-1
1	1	5.86158	5.91079	-1	-1	-1
1	1	6.01158	5.91079	-1	-1	-1
1	1	6.16158	5.91079	-1	-1	-1
1	1	6.31158	5.91079	-1	-1	-1
2	4	1.21333	-6.39681	980	1030.75	-1
2	4	1.36333	-6.39681	1109	1160.5	-1
2	4	1.51333	-6.39681	1224	1273.28	-1
2	4	1.66333	-6.39681	-1	-1	-1
2	4	1.81333	-6.39681	-1	-1	-1
2	4	1.96333	-6.39681	-1	-1	-1
2	4	2.11333	-6.39681	-1	-1	-1
2	4	2.26333	-6.39681	-1	-1	-1
2	4	1.21333	-6.24681	1081	1142.25	-1
2	4	1.36333	-6.24681	1322	1371.94	-1
2	4	1.51333	-6.24681	-1	-1	-1
2	4	1.66333	-6.24681	-1	-1	-1
2	4	1.81333	-6.24681	-1	-1	-1
2	4	1.96333	-6.24681	-1	-1	-1
2	4	2.11333	-6.24681	-1	-1	-1
2	4	2.26333	-6.24681	-1	-1	-1
2	4	1.21333	-6.09681	3114	3172.59	-1
2	4	1.36333	-6.09681	3223	3272.47	-1
2	4	1.51333	-6.09681	-1	-1	-1
2	4	1.66333	-6.09681	-1	-1	-1
2	4	1.81333	-6.09681	-1	-1	-1
2	4	1.96333	-6.09681	-1	-1	-1
2	4	2.11333	-6.09681	-1	-1	-1
2	4	2.26333	-6.09681	-1	-1	-1
2	4	1.21333	-5.94681	2766	2823.34	-1
2	4	1.36333	-5.94681	2852	2909.16	-1
2	4	1.51333	-5.94681	-1	-1	-1
2	4	1.66333	-5.94681	-1	-1	-1
2	4	1.81333	-5.94681	-1	-1	-1
2	4	1.96333	-5.94681	-1	-1	-1
2	4	2.11333	-5.94681	-1	-1	-1
2	4	2.26333	-5.94681	-1	-1	-1
2	4	1.21333	-5.79681	2647	2694.19	-1
2	4	1.36333	-5.79681	2958	3049.88	-1
2	4	1.51333	-5.79681	3005	3067.88	-1
2	4	1.66333	-5.79681	-1	-1	-1
2	4	1.81333	-5.79681	-1	-1	-1
2	4	1.96333	-5.79681	-1	-1	-1
2	4	2.11333	-5.79681	-1	-1	-1
2	4	2.26333	-5.79681	-1	-1	-1
2	4	1.21333	-5.64681	2749	2794.16	-1
2	4	1.36333	-5.64681	2860	2910.94	-1
2	4	1.51333	-5.64681	3358	3402.06	-1
2	4	1.66333	-5.64681	-1	-1	-1
2	4	1.81333	-5.64681	-1	-1	-1
2	4	1.96333	-5.64681	-1	-1	-1
2	4	2.11333	-5.64681	-1	-1	-1
2	4	2.26333	-5.64681	-1	-1	-1
2	4	1.21333	-5.49681	2950	3004.56	-1
2	4	1.36333	-5.49681	3247	3302.97	-1
2	4	1.51333	-5.49681	-1	-1	-1
2	4	1.66333	-5.49681	-1	-1	-1
2	4	1.81333	-5.49681	-1	-1	-1
2	4	1.96333	-5.49681	-1	-1	-1
2	4	2.11333	-5.49681	-1	-1	-1
2	4	2.26333	-5.49681	-1	-1	-1
2	4	1.21333	-5.34681	3069	3115.78	-1
2	4	1.36333	-5.34681	-1	-1	-1
2	4	1.51333	-5.34681	-1	-1	-1
2	4	1.66333	-5.34681	-1	-1	-1
2	4	1.81333	-5.34681	-1	-1	-1
2	4	1.96333	-5.34681	-1	-1	-1
2	4	2.11333	-5.34681	-1	-1	-1
2	4	2.26333	-5.34681	-1	-1	-1
3	4	-3.0494	2.59095	1812	1949.09	-1
3	4	-2.8994	2.59095	5343	5380.75	-1
3	4	-2.7494	2.59095	-1	-1	-1
3	4	-2.5994	2.59095	2667	2710.16	-1
3	4	-2.4494	2.59095	323	355.688	-1
3	4	-2.2994	2.59095	379	430.719	-1
3	4	-2.1494	2.59095	479	530.5	-1
3	4	-1.9994	2.59095	219	247.344	-1
3	4	-3.0494	2.74095	5263	5305.97	-1
3	4	-2.8994	2.74095	5239	5284.91	-1
3	4	-2.7494	2.74095	5318	5355.12	-1
3	4	-2.5994	2.74095	4788	4987.75	-1
3	4	-2.4494	2.74095	-1	-1	-1
3	4	-2.2994	2.74095	562	595.281	-1
3	4	-2.1494	2.74095	3583	3733.03	-1
3	4	-1.9994	2.74095	1833	1869.59	-1
3	4	-3.0494	2.89095	5362	-1	-1
3	4	-2.8994	2.89095	5111	5166.81	-1
3	4	-2.7494	2.89095	5168	5203.06	-1
3	4	-2.5994	2.89095	-1	-1	-1
3	4	-2.4494	2.89095	-1	-1	-1
3	4	-2.2994	2.89095	-1	-1	-1
3	4	-2.1494	2.89095	-1	-1	-1
3	4	-1.9994	2.89095	-1	-1	-1
3	4	-3.0494	3.04095	4951	4996.97	-1
3	4	-2.8994	3.04095	5031	5069.31	-1
3	4	-2.7494	3.04095	5086	5126.19	-1
3	4	-2.5994	3.04095	-1	-1	-1
3	4	-2.4494	3.04095	-1	-1	-1
3	4	-2.2994	3.04095	-1	-1	-1
3	4	-2.1494	3.04095	-1	-1	-1
3	4	-1.9994	3.04095	-1	-1	-1
3	4	-3.0494	3.19095	4732	4888.66	-1
3	4	-2.8994	3.19095	4922	4969.94	-1
3	4	-2.7494	3.19095	5210	5250.12	-1
3	4	-2.5994	3.19095	-1	-1	-1
3	4	-2.4494	3.19095	-1	-1	-1
3	4	-2.2994	3.19095	-1	-1	-1
3	4	-2.1494	3.19095	-1	-1	-1
3	4	-1.9994	3.19095	3007	3043.41	-1
3	4	-3.0494	3.34095	-1	-1	-1
3	4	-2.8994	3.34095	5009	5046.66	-1
3	4	-2.7494	3.34095	-1	-1	-1
3	4	-2.5994	3.34095	-1	-1	-1
3	4	-2.4494	3.34095	-1	-1	-1
3	4	-2.2994	3.34095	-1	-1	-1
3	4	-2.1494	3.34095	-1	-1	-1
3	4	-1.9994	3.34095	2657	2694.31	-1
3	4	-3.0494	3.49095	-1	-1	-1
3	4	-2.8994	3.49095	-1	-1	-1
3	4	-2.7494	3.49095	-1	-1	-1
3	4	-2.5994	3.49095	-1	-1	-1
3	4	-2.4494	3.49095	-1	-1	-1
3	4	-2.2994	3.49095	2829	2868.28	-1
3	4	-2.1494	3.49095	2751	2791.97	-1
3	4	-1.9994	3.49095	2548	2582.03	-1
3	4	-3.0494	3.64095	-1	-1	-1
3	4	-2.8994	3.64095	-1	-1	-1
3	4	-2.7494	3.64095	-1	-1	-1
3	4	-2.5994	3.64095	-1	-1	-1
3	4	-2.4494	3.64095	-1	-1	-1
3	4	-2.2994	3.64095	2725	2760.19	-1
3	4	-2.1494	3.64095	2630	2684	-1
3	4	-1.9994	3.64095	2368	2502.59	-1
4	4	-8.39942	4.8797	-1	-1	-1
4	4	-8.24942	4.8797	-1	-1	-1
4	4	-8.09942	4.8797	3797	3864.66	-1
4	4	-7.94942	4.8797	-1	-1	-1
4	4	-7.79942	4.8797	-1	-1	-1
4	4	-7.64942	4.8797	-1	-1	-1
4	4	-7.49942	4.8797	-1	-1	-1
4	4	-7.34942	4.8797	-1	-1	-1
4	4	-8.39942	5.0297	-1	-1	-1
4	4	-8.24942	5.0297	-1	-1	-1
4	4	-8.09942	5.0297	-1	-1	-1
4	4	-7.94942	5.0297	-1	-1	-1
4	4	-7.79942	5.0297	-1	-1	-1
4	4	-7.64942	5.0297	-1	-1	-1
4	4	-7.49942	5.0297	-1	-1	-1
4	4	-7.34942	5.0297	-1	-1	-1
4	4	-8.39942	5.1797	-1	-1	-1
4	4	-8.24942	5.1797	-1	-1	-1
4	4	-8.09942	5.1797	-1	-1	-1
4	4	-7.94942	5.1797	-1	-1	-1
4	4	-7.79942	5.1797	-1	-1	-1
4	4	-7.64942	5.1797	-1	-1	-1
4	4	-7.49942	5.1797	-1	-1	-1
4	4	-7.34942	5.1797	-1	-1	-1
4	4	-8.39942	5.3297	-1	-1	-1
4	4	-8.24942	5.3297	-1	-1	-1
4	4	-8.09942	5.3297	-1	-1	-1
4	4	-7.94942	5.3297	-1	-1	-1
4	4	-7.79942	5.3297	-1	-1	-1
4	4	-7.64942	5.3297	-1	-1	-1
4	4	-7.49942	5.3297	-1	-1	-1
4	4	-7.34942	5.3297	2030	2101.78	-1
4	4	-8.39942	5.4797	-1	-1	-1
4	4	-8.24942	5.4797	-1	-1	-1
4	4	-8.09942	5.4797	-1	-1	-1
4	4	-7.94942	5.4797	-1	-1	-1
4	4	-7.79942	5.4797	-1	-1	-1
4	4	-7.64942	5.4797	2486	2558.69	-1
4	4	-7.49942	5.4797	2170	2243.41	-1
4	4	-7.34942	5.4797	1860	1957.88	-1
4	4	-8.39942	5.6297	-1	-1	-1
4	4	-8.24942	5.6297	-1	-1	-1
4	4	-8.09942	5.6297	-1	-1	-1
4	4	-7.94942	5.6297	-1	-1	-1
4	4	-7.79942	5.6297	-1	-1	-1
4	4	-7.64942	5.6297	2341	2412.16	-1
4	4	-7.49942	5.6297	2199	2269.5	-1
4	4	-7.34942	5.6297	2046	2113.28	-1
4	4	-8.39942	5.7797	-1	-1	-1
4	4	-8.24942	5.7797	-1	-1	-1
4	4	-8.09942	5.7797	-1	-1	-1
4	4	-7.94942	5.7797	-1	-1	-1
4	4	-7.79942	5.7797	-1	-1	-1
4	4	-7.64942	5.7797	-1	-1	-1
4	4	-7.49942	5.7797	2316	2389.09	-1
4	4	-7.34942	5.7797	2510	2578.12	-1
4	4	-8.39942	5.9297	-1	-1	-1
4	4	-8.24942	5.9297	-1	-1	-1
4	4	-8.09942	5.9297	-1	-1	-1
4	4	-7.94942	5.9297	-1	-1	-1
4	4	-7.79942	5.9297	-1	-1	-1
4	4	-7.64942	5.9297	-1	-1	-1
4	4	-7.49942	5.9297	-1	-1	-1
4	4	-7.34942	5.9297	-1	-1	-1
5	4	-7.10226	3.29174	3773	3837.22	-1
5	4	-6.95226	3.29174	-1	-1	-1
5	4	-6.80226	3.29174	-1	-1	-1
5	4	-6.65226	3.29174	-1	-1	-1
5	4	-6.50226	3.29174	-1	-1	-1
5	4	-6.35226	3.29174	-1	-1	-1
5	4	-6.20226	3.29174	-1	-1	-1
5	4	-6.05226	3.29174	-1	-1	-1
5	4	-7.10226	3.44174	-1	-1	-1
5	4	-6.95226	3.44174	-1	-1	-1
5	4	-6.80226	3.44174	-1	-1	-1
5	4	-6.65226	3.44174	-1	-1	-1
5	4	-6.50226	3.44174	-1	-1	-1
5	4	-6.35226	3.44174	-1	-1	-1
5	4	-6.20226	3.44174	-1	-1	-1
5	4	-6.05226	3.44174	-1	-1	-1
5	4	-7.10226	3.59174	-1	-1	-1
5	4	-6.95226	3.59174	-1	-1	-1
5	4	-6.80226	3.59174	-1	-1	-1
5	4	-6.65226	3.59174	-1	-1	-1
5	4	-6.50226	3.59174	-1	-1	-1
5	4	-6.35226	3.59174	-1	-1	-1
5	4	-6.20226	3.59174	-1	-1	-1
5	4	-6.05226	3.59174	-1	-1	-1
5	4	-7.10226	3.74174	-1	-1	-1
5	4	-6.95226	3.74174	-1	-1	-1
5	4	-6.80226	3.74174	-1	-1	-1
5	4	-6.65226	3.74174	-1	-1	-1
5	4	-6.50226	3.74174	-1	-1	-1
5	4	-6.35226	3.74174	-1	-1	-1
5	4	-6.20226	3.74174	-1	-1	-1
5	4	-6.05226	3.74174	-1	-1	-1
5	4	-7.10226	3.89174	-1	-1	-1
5	4	-6.95226	3.89174	-1	-1	-1
5	4	-6.80226	3.89174	-1	-1	-1
5	4	-6.65226	3.89174	-1	-1	-1
5	4	-6.50226	3.89174	-1	-1	-1
5	4	-6.35226	3.89174	-1	-1	-1
5	4	-6.20226	3.89174	-1	-1	-1
5	4	-6.05226	3.89174	-1	-1	-1
5	4	-7.10226	4.04174	-1	-1	-1
5	4	-6.95226	4.04174	-1	-1	-1
5	4	-6.80226	4.04174	-1	-1	-1
5	4	-6.65226	4.04174	-1	-1	-1
5	4	-6.50226	4.04174	-1	-1	-1
5	4	-6.35226	4.04174	-1	-1	-1
5	4	-6.20226	4.04174	-1	-1	-1
5	4	-6.05226	4.04174	-1	-1	-1
5	4	-7.10226	4.19174	-1	-1	-1
5	4	-6.95226	4.19174	-1	-1	-1
5	4	-6.80226	4.19174	-1	-1	-1
5	4	-6.65226	4.19174	-1	-1	-1
5	4	-6.50226	4.19174	-1	-1	-1
5	4	-6.35226	4.19174	-1	-1	-1
5	4	-6.20226	4.19174	-1	-1	-1
5	4	-6.05226	4.19174	-1	-1	-1
5	4	-7.10226	4.34174	-1	-1	-1
5	4	-6.95226	4.34174	-1	-1	-1
5	4	-6.80226	4.34174	-1	-1	-1
5	4	-6.65226	4.34174	-1	-1	-1
5	4	-6.50226	4.34174	-1	-1	-1
5	4	-6.35226	4.34174	-1	-1	-1
5	4	-6.20226	4.34174	-1	-1	-1
5	4	-6.05226	4.34174	-1	-1	-1
6	16	-3.88262	-3.65735	1566	1629.56	-1
6	16	-3.73262	-3.65735	-1	-1	-1
6	16	-3.58262	-3.65735	-1	-1	-1
6	16	-3.43262	-3.65735	-1	-1	-1
6	16	-3.88262	-3.50735	2875	2915.66	-1
6	16	-3.73262	-3.50735	-1	-1	-1
6	16	-3.58262	-3.50735	-1	-1	-1
6	16	-3.43262	-3.50735	-1	-1	-1
6	16	-3.88262	-3.35735	-1	-1	-1
6	16	-3.73262	-3.35735	-1	-1	-1
6	16	-3.58262	-3.35735	-1	-1	-1
6	16	-3.43262	-3.35735	-1	-1	-1
6	16	-3.88262	-3.20735	-1	-1	-1
6	16	-3.73262	-3.20735	-1	-1	-1
6	16	-3.58262	-3.20735	-1	-1	-1
6	16	-3.43262	-3.20735	4441	4475.72	-1
7	16	-9.81478	-0.677827	1537	1624.84	-1
7	16	-9.66478	-0.677827	1820	1888.38	-1
7	16	-9.51478	-0.677827	1486	1558.03	-1
7	16	-9.36478	-0.677827	1349	1418.38	-1
7	16	-9.81478	-0.527827	1713	1801	-1
7	16	-9.66478	-0.527827	3817	3887.16	-1
7	16	-9.51478	-0.527827	4088	4180.41	-1
7	16	-9.36478	-0.527827	-1	-1	-1
7	16	-9.81478	-0.377827	1960	2027.41	-1
7	16	-9.66478	-0.377827	3661	3728.03	-1
7	16	-9.51478	-0.377827	3959	4025.25	-1
7	16	-9.36478	-0.377827	-1	-1	-1
7	16	-9.81478	-0.227827	3523	3592.75	-1
7	16	-9.66478	-0.227827	3799	3873	-1
7	16	-9.51478	-0.227827	4253	4321.69	-1
7	16	-9.36478	-0.227827	-1	-1	-1
8	16	6.47392	1.81988	-1	-1	-1
8	16	6.62392	1.81988	-1	-1	-1
8	16	6.77392	1.81988	-1	-1	-1
8	16	6.92392	1.81988	-1	-1	-1
8	16	6.47392	1.96988	-1	-1	-1
8	16	6.62392	1.96988	-1	-1	-1
8	16	6.77392	1.96988	-1	-1	-1
8	16	6.92392	1.96988	-1	-1	-1
8	16	6.47392	2.11988	1336	1387.94	-1
8	16	6.62392	2.11988	-1	-1	-1
8	16	6.77392	2.11988	-1	-1	-1
8	16	6.92392	2.11988	-1	-1	-1
8	16	6.47392	2.26988	-1	-1	-1
8	16	6.62392	2.26988	-1	-1	-1
8	16	6.77392	2.26988	-1	-1	-1
8	16	6.92392	2.26988	-1	-1	-1
9	16	8.29159	5.37706	-1	-1	-1
9	16	8.44159	5.37706	-1	-1	-1
9	16	8.59159	5.37706	-1	-1	-1
9	16	8.74159	5.37706	-1	-1	-1
9	16	8.29159	5.52706	-1	-1	-1
9	16	8.44159	5.52706	-1	-1	-1
9	16	8.59159	5.52706	-1	-1	-1
9	16	8.74159	5.52706	-1	-1	-1
9	16	8.29159	5.67706	-1	-1	-1
9	16	8.44159	5.67706	-1	-1	-1
9	16	8.59159	5.67706	-1	-1	-1
9	16	8.74159	5.67706	-1	-1	-1
9	16	8.29159	5.82706	-1	-1	-1
9	16	8.44159	5.82706	-1	-1	-1
9	16	8.59159	5.82706	-1	-1	-1
9	16	8.74159	5.82706	-1	-1	-1
10	16	-5.40613	-4.93684	931	987.219	-1
10	16	-5.25613	-4.93684	1174	1232.81	-1
10	16	-5.10613	-4.93684	1394	1449.5	-1
10	16	-4.95613	-4.93684	1689	1744.41	-1
10	16	-5.40613	-4.78684	1156	1210.44	-1
10	16	-5.25613	-4.78684	1273	1338.84	-1
10	16	-5.10613	-4.78684	1505	1564.91	-1
10	16	-4.95613	-4.78684	1794	1848.66	-1
10	16	-5.40613	-4.63684	-1	-1	-1
10	16	-5.25613	-4.63684	-1	-1	-1
10	16	-5.10613	-4.63684	-1	-1	-1
10	16	-4.95613	-4.63684	-1	-1	-1
10	16	-5.40613	-4.48684	-1	-1	-1
10	16	-5.25613	-4.48684	-1	-1	-1
10	16	-5.10613	-4.48684	-1	-1	-1
10	16	-4.95613	-4.48684	-1	-1	-1
11	16	4.77099	-3.22872	-1	-1	-1
11	16	4.92099	-3.22872	2459	2505.5	-1
11	16	5.07099	-3.22872	2552	2611.31	-1
11	16	5.22099	-3.22872	-1	-1	-1
11	16	4.77099	-3.07872	2231	2288.56	-1
11	16	4.92099	-3.07872	2116	2165	-1
11	16	5.07099	-3.07872	2257	2321.09	-1
11	16	5.22099	-3.07872	2387	2441.41	-1
11	16	4.77099	-2.92872	250	307.281	-1
11	16	4.92099	-2.92872	2089	2133.62	-1
11	16	5.07099	-2.92872	2360	2432.44	-1
11	16	5.22099	-2.92872	2338	2396.97	-1
11	16	4.77099	-2.77872	85	208.875	-1
11	16	4.92099	-2.77872	1829	1950.84	-1
11	16	5.07099	-2.77872	1996	2045.91	-1
11	16	5.22099	-2.77872	2069	2182.31	-1
12	16	-2.97331	-6.03111	-1	-1	-1
12	16	-2.82331	-6.03111	-1	-1	-1
12	16	-2.67331	-6.03111	-1	-1	-1
12	16	-2.52331	-6.03111	-1	-1	-1
12	16	-2.97331	-5.88111	-1	-1	-1
12	16	-2.82331	-5.88111	-1	-1	-1
12	16	-2.67331	-5.88111	-1	-1	-1
12	16	-2.52331	-5.88111	-1	-1	-1
12	16	-2.97331	-5.73111	933	996.25	-1
12	16	-2.82331	-5.73111	829	878.156	-1
12	16	-2.67331	-5.73111	-1	-1	-1
12	16	-2.52331	-5.73111	-1	-1	-1
12	16	-2.97331	-5.58111	961	1013.28	-1
12	16	-2.82331	-5.58111	720	777.312	-1
12	16	-2.67331	-5.58111	587	672.188	-1
12	16	-2.52331	-5.58111	-1	-1	-1
13	16	3.93031	0.168485	1208	1243.03	-1
13	16	4.08031	0.168485	-1	-1	-1
13	16	4.23031	0.168485	-1	-1	-1
13	16	4.38031	0.168485	-1	-1	-1
13	16	3.93031	0.318485	-1	-1	-1
13	16	4.08031	0.318485	-1	-1	-1
13	16	4.23031	0.318485	-1	-1	-1
13	16	4.38031	0.318485	-1	-1	-1
13	16	3.93031	0.468485	166	227.5	-1
13	16	4.08031	0.468485	259	308.812	-1
13	16	4.23031	0.468485	-1	-1	-1
13	16	4.38031	0.468485	-1	-1	-1
13	16	3.93031	0.618485	51	95.2812	-1
13	16	4.08031	0.618485	68	120.656	-1
13	16	4.23031	0.618485	3078	3127.34	-1
13	16	4.38031	0.618485	-1	-1	-1
14	16	9.10421	-3.25105	-1	-1	-1
14	16	9.25421	-3.25105	-1	-1	-1
14	16	9.40421	-3.25105	-1	-1	-1
14	16	9.55421	-3.25105	-1	-1	-1
14	16	9.10421	-3.10105	-1	-1	-1
14	16	9.25421	-3.10105	-1	-1	-1
14	16	9.40421	-3.10105	-1	-1	-1
14	16	9.55421	-3.10105	-1	-1	-1
14	16	9.10421	-2.95105	-1	-1	-1
14	16	9.25421	-2.95105	-1	-1	-1
14	16	9.40421	-2.95105	-1	-1	-1
14	16	9.55421	-2.95105	-1	-1	-1
14	16	9.10421	-2.80105	5057	5131.56	-1
14	16	9.25421	-2.80105	4918	4987.28	-1
14	16	9.40421	-2.80105	-1	-1	-1
14	16	9.55421	-2.80105	-1	-1	-1
15	16	4.92415	8.18134	-1	-1	-1
15	16	5.07415	8.18134	-1	-1	-1
15	16	5.22415	8.18134	-1	-1	-1
15	16	5.37415	8.18134	-1	-1	-1
15	16	4.92415	8.33134	-1	-1	-1
15	16	5.07415	8.33134	-1	-1	-1
15	16	5.22415	8.33134	-1	-1	-1
15	16	5.37415	8.33134	-1	-1	-1
15	16	4.92415	8.48134	-1	-1	-1
15	16	5.07415	8.48134	-1	-1	-1
15	16	5.22415	8.48134	-1	-1	-1
15	16	5.37415	8.48134	-1	-1	-1
15	16	4.92415	8.63134	-1	-1	-1
15	16	5.07415	8.63134	-1	-1	-1
15	16	5.22415	8.63134	-1	-1	-1
15	16	5.37415	8.63134	-1	-1	-1
16	16	-5.16641	6.1035	-1	-1	-1
16	16	-5.01641	6.1035	-1	-1	-1
16	16	-4.86641	6.1035	-1	-1	-1
16	16	-4.71641	6.1035	-1	-1	-1
16	16	-5.16641	6.2535	-1	-1	-1
16	16	-5.01641	6.2535	-1	-1	-1
16	16	-4.86641	6.2535	-1	-1	-1
16	16	-4.71641	6.2535	-1	-1	-1
16	16	-5.16641	6.4035	-1	-1	-1
16	16	-5.01641	6.4035	-1	-1	-1
16	16	-4.86641	6.4035	-1	-1	-1
16	16	-4.71641	6.4035	-1	-1	-1
16	16	-5.16641	6.5535	-1	-1	-1
16	16	-5.01641	6.5535	-1	-1	-1
16	16	-4.86641	6.5535	-1	-1	-1
16	16	-4.71641	6.5535	-1	-1	-1
17	16	-6.64809	-1.15549	2904	2955.47	-1
17	16	-6.49809	-1.15549	2793	2852.34	-1
17	16	-6.34809	-1.15549	2605	2651.19	-1
17	16	-6.19809	-1.15549	2695	2745.69	-1
17	16	-6.64809	-1.00549	2978	3026.78	-1
17	16	-6.49809	-1.00549	2852	2904	-1
17	16	-6.34809	-1.00549	2370	2421.75	-1
17	16	-6.19809	-1.00549	2261	2310.28	-1
17	16	-6.64809	-0.855487	-1	-1	-1
17	16	-6.49809	-0.855487	2581	2640.28	-1
17	16	-6.34809	-0.855487	2480	2529.88	-1
17	16	-6.19809	-0.855487	1984	2087.72	-1
17	16	-6.64809	-0.705487	-1	-1	-1
17	16	-6.49809	-0.705487	2624	2677.94	-1
17	16	-6.34809	-0.705487	2732	2780.66	-1
17	16	-6.19809	-0.705487	2137	2194.06	-1
18	16	-2.72831	-3.20675	761	797.75	-1
18	16	-2.57831	-3.20675	855	893.906	-1
18	16	-2.42831	-3.20675	-1	-1	-1
18	16	-2.27831	-3.20675	1644	1687.69	-1
18	16	-2.72831	-3.05675	-1	-1	-1
18	16	-2.57831	-3.05675	-1	-1	-1
18	16	-2.42831	-3.05675	4667	4701.12	-1
18	16	-2.27831	-3.05675	187	237.844	-1
18	16	-2.72831	-2.90675	-1	-1	-1
18	16	-2.57831	-2.90675	-1	-1	-1
18	16	-2.42831	-2.90675	-1	-1	-1
18	16	-2.27831	-2.90675	266	320.438	-1
18	16	-2.72831	-2.75675	-1	-1	-1
18	16	-2.57831	-2.75675	1948	1985.25	-1
18	16	-2.42831	-2.75675	1739	1900.78	-1
18	16	-2.27831	-2.75675	564	595.781	-1
19	16	-7.72177	0.548654	-1	-1	-1
19	16	-7.57177	0.548654	-1	-1	-1
19	16	-7.42177	0.548654	-1	-1	-1
19	16	-7.27177	0.548654	-1	-1	-1
19	16	-7.72177	0.698654	-1	-1	-1
19	16	-7.57177	0.698654	-1	-1	-1
19	16	-7.42177	0.698654	-1	-1	-1
19	16	-7.27177	0.698654	-1	-1	-1
19	16	-7.72177	0.848654	-1	-1	-1
19	16	-7.57177	0.848654	-1	-1	-1
19	16	-7.42177	0.848654	-1	-1	-1
19	16	-7.27177	0.848654	-1	-1	-1
19	16	-7.72177	0.998654	-1	-1	-1
19	16	-7.57177	0.998654	-1	-1	-1
19	16	-7.42177	0.998654	-1	-1	-1
19	16	-7.27177	0.998654	-1	-1	-1
20	16	1.15216	-3.25961	241	320.625	-1
20	16	1.30216	-3.25961	439	476.438	-1
20	16	1.45216	-3.25961	423	471.844	-1
20	16	1.60216	-3.25961	503	542.688	-1
20	16	1.15216	-3.10961	35	64.5625	-1
20	16	1.30216	-3.10961	166	193.469	-1
20	16	1.45216	-3.10961	209	258.781	-1
20	16	1.60216	-3.10961	359	388.906	-1
20	16	1.15216	-2.95961	100	128.406	-1
20	16	1.30216	-2.95961	132	170.312	-1
20	16	1.45216	-2.95961	193	244.969	-1
20	16	1.60216	-2.95961	251	295.25	-1
20	16	1.15216	-2.80961	155	191.469	-1
20	16	1.30216	-2.80961	49	79.4688	-1
20	16	1.45216	-2.80961	109	156.812	-1
20	16	1.60216	-2.80961	298	326.469	-1
21	16	-4.34369	-5.79421	-1	-1	-1
21	16	-4.19369	-5.79421	-1	-1	-1
21	16	-4.04369	-5.79421	-1	-1	-1
21	16	-3.89369	-5.79421	-1	-1	-1
21	16	-4.34369	-5.64421	1541	1619.72	-1
21	16	-4.19369	-5.64421	-1	-1	-1
21	16	-4.04369	-5.64421	-1	-1	-1
21	16	-3.89369	-5.64421	-1	-1	-1
21	16	-4.34369	-5.49421	1432	1485.38	-1
21	16	-4.19369	-5.49421	1448	1501.31	-1
21	16	-4.04369	-5.49421	-1	-1	-1
21	16	-3.89369	-5.49421	-1	-1	-1
21	16	-4.34369	-5.34421	1323	1377.47	-1
21	16	-4.19369	-5.34421	1577	1634.16	-1
21	16	-4.04369	-5.34421	-1	-1	-1
21	16	-3.89369	-5.34421	-1	-1	-1
0	256	6.89906	1.1528	-1	-1	-1
0	256	-3.80223	7.29318	-1	-1	-1
0	256	-8.04447	-5.52486	-1	-1	-1
0	256	-2.68908	6.39908	-1	-1	-1
0	256	-5.96909	3.50605	-1	-1	-1
0	256	7.71397	5.65343	-1	-1	-1
0	256	1.89888	-3.42588	-1	-1	-1
0	256	2.11698	-7.34533	-1	-1	-1
0	256	7.73966	3.39903	-1	-1	-1
0	256	3.91731	-2.77295	-1	-1	-1
0	256	1.11578	3.68823	772	804.344	-1
0	256	-4.98615	-8.50514	-1	-1	-1
0	256	-6.96822	0.627688	-1	-1	-1
0	256	7.09126	0.195211	-1	-1	-1
0	256	-3.60775	2.50108	1800	1943.72	-1
0	256	0.301839	-9.27111	1930	2020.38	-1
0	256	-5.93793	-2.98499	690	743.094	-1
0	256	-7.72154	-5.49634	830	948.656	-1
0	256	4.59275	6.57945	-1	-1	-1
0	256	-0.414348	-6.57796	975	1027.38	-1
0	256	5.56679	-1.13615	-1	-1	-1
0	256	-5.56573	2.94606	-1	-1	-1
0	256	-0.770588	8.61323	-1	-1	-1
0	256	-8.35338	1.43822	-1	-1	-1
0	256	-1.32229	8.0062	-1	-1	-1
0	256	-8.71608	0.71039	-1	-1	-1
0	256	-2.97804	4.48506	-1	-1	-1
0	256	-8.58255	-0.134642	-1	-1	-1
0	256	-3.4983	5.65066	-1	-1	-1
0	256	-5.22575	0.473146	-1	-1	-1
0	256	9.61321	2.56158	-1	-1	-1
0	256	2.89786	-8.5307	-1	-1	-1
0	256	-2.93338	-5.33555	1050	1106.28	-1
0	256	-4.41738	8.93094	2543	2616.91	-1
0	256	4.21052	3.35114	1196	1327.06	-1
0	256	8.41835	-2.66287	5084	5173.72	-1
0	256	-6.95145	-5.22031	1528	1596.16	-1
0	256	3.11348	-7.67728	2696	2803.16	-1
0	256	-0.248888	-7.04935	2524	2578.84	-1
0	256	2.34435	8.34538	-1	-1	-1
0	256	-4.84743	-7.1704	1081	1147.59	-1
0	256	7.66134	-4.75122	-1	-1	-1
0	256	4.44182	-1.19734	689	805	-1
0	256	0.31741	6.63804	-1	-1	-1
0	256	-8.98452	1.28904	-1	-1	-1
0	256	-0.0253596	4.77264	1664	1784.72	-1
0	256	-2.39962	5.691	357	472.688	-1
0	256	-1.54864	7.25153	-1	-1	-1
0	256	-7.47269	-5.89887	-1	-1	-1
0	256	-3.71235	-6.80406	2063	2178.94	-1
0	256	-5.74772	-4.48983	3449	3579.31	-1
0	256	2.44987	-7.83119	-1	-1	-1
0	256	0.276346	-9.00055	-1	-1	-1
0	256	5.11436	-3.44595	2583	2633.59	-1
0	256	3.2827	-4.25023	-1	-1	-1
0	256	0.0329968	8.02765	-1	-1	-1
0	256	-1.22767	9.48239	-1	-1	-1
0	256	3.01115	-4.65317	-1	-1	-1
0	256	9.24623	1.00858	-1	-1	-1
0	256	-7.96596	-1.72911	528	586.062	-1
0	256	4.56895	-3.17324	2187	2233.44	-1
0	256	-5.86329	-1.17546	791	894.469	-1
0	256	5.0254	3.52376	1190	1248.06	-1
0	256	1.89538	2.68679	2763	2929.97	-1
0	256	-4.71805	-8.73735	4303	4406.06	-1
0	256	-2.20375	-2.05445	1952	1994.62	-1
0	256	8.28772	1.33256	371	457.781	-1
0	256	0.526544	-0.503	105	127.562	-1
0	256	-3.28775	1.58172	-1	-1	-1
0	256	4.48087	-7.68231	1558	1638.38	-1
0	256	6.48164	5.3469	-1	-1	-1
0	256	2.2105	-3.73484	-1	-1	-1
0	256	-3.69909	7.41133	-1	-1	-1
0	256	-7.8197	-1.43268	-1	-1	-1
0	256	5.17293	0.682244	-1	-1	-1
0	256	6.07736	-2.42554	-1	-1	-1
0	256	-2.86586	-2.17946	1940	1974.25	-1
0	256	3.99248	1.98333	2994	3029.75	-1
0	256	4.6409	8.13535	548	618.312	-1
0	256	1.32421	-7.20414	1765	1863.75	-1
0	256	-2.94931	9.22423	-1	-1	-1
0	256	-6.23667	-6.58782	1648	1715.34	-1
0	256	-0.716081	-7.11673	-1	-1	-1
0	256	-2.41477	-9.07531	-1	-1	-1
0	256	3.28644	3.31894	1425	1462.56	-1
0	256	-3.72207	5.68447	-1	-1	-1
0	256	-2.86073	-9.05922	-1	-1	-1
0	256	-8.94566	3.01601	-1	-1	-1
0	256	3.76445	1.21178	161	196.5	-1
0	256	1.11877	-3.8904	-1	-1	-1
0	256	0.83557	4.5588	2702	2738.28	-1
0	256	-9.2374	-2.09688	1652	1722.75	-1
0	256	-9.11346	1.41609	-1	-1	-1
0	256	-6.92666	6.32296	-1	-1	-1
0	256	-7.06441	1.8372	-1	-1	-1
0	256	-2.79356	-9.39048	1273	1347.84	-1
0	256	3.8298	-5.22539	1777	1911.06	-1
0	256	5.52032	-6.74944	4432	4495.41	-1
0	256	0.810767	-4.31994	-1	-1	-1
0	256	1.51018	-8.89663	-1	-1	-1
0	256	4.6305	0.0235943	-1	-1	-1
0	256	4.16553	-4.27906	897	1042.44	-1
0	256	-4.60514	-7.7244	3199	3310.81	-1
0	256	-6.73908	-0.230068	2845	2893.72	-1
0	256	-3.47086	-4.97629	-1	-1	-1
0	256	-6.67885	-5.77827	1027	1089.72	-1
0	256	4.21069	-3.72711	3755	3900.94	-1
0	256	0.317013	7.93784	-1	-1	-1
0	256	3.33451	-6.27005	-1	-1	-1
0	256	-3.66925	-8.89772	-1	-1	-1
0	256	3.7816	-1.81284	-1	-1	-1
0	256	1.82369	-4.2123	4764	4799.94	-1
0	256	3.44531	-5.25843	-1	-1	-1
0	256	5.27783	3.06435	81	216.875	-1
0	256	-1.38067	-4.29337	380	416.969	-1
0	256	3.75576	-3.11003	-1	-1	-1
0	256	-1.08287	-5.08758	60	107.031	-1
0	256	-2.92988	-6.70719	3160	3217.56	-1
0	256	-8.40093	0.310132	-1	-1	-1
0	256	2.40458	-9.3817	2358	2454.38	-1
0	256	4.24965	-3.41384	-1	-1	-1
0	256	2.20024	-3.35392	703	736.531	-1
0	256	6.27054	2.00351	4223	4272.47	-1
0	256	-0.194687	-3.58568	1057	1086.84	-1
0	256	-9.70826	0.0599681	3952	4024	-1
0	256	7.05562	2.98482	1346	1401.03	-1
0	256	2.22223	4.2691	3122	3180.12	-1
0	256	-0.421485	-6.26594	610	659.594	-1
0	256	-1.33786	9.26385	-1	-1	-1
0	256	-0.0749429	-7.58213	-1	-1	-1
0	256	4.94158	6.40903	-1	-1	-1
0	256	-8.60495	4.62328	-1	-1	-1
0	256	1.026	-8.73161	-1	-1	-1
0	256	-8.88992	-1.249	-1	-1	-1
0	256	8.81167	-1.27159	-1	-1	-1
0	256	1.9315	-7.84007	-1	-1	-1
0	256	4.41384	-1.84481	2269	2389.06	-1
0	256	8.89247	-0.0373898	3637	3720.5	-1
0	256	-8.41051	7.15299	4247	4345.12	-1
0	256	4.21192	2.05753	711	757.219	-1
0	256	-8.64309	-3.81633	1148	1260.88	-1
0	256	6.05629	-2.69256	4288	4397.44	-1
0	256	-5.98541	-3.58402	-1	-1	-1
0	256	3.09013	7.08531	-1	-1	-1
0	256	-9.21921	-2.2039	2009	2090.34	-1
0	256	6.99884	-1.22859	-1	-1	-1
0	256	-3.00119	4.21793	-1	-1	-1
0	256	6.12228	-0.0402763	-1	-1	-1
0	256	-3.17568	0.888019	-1	-1	-1
0	256	-3.42916	3.8993	-1	-1	-1
0	256	4.17082	-4.4296	-1	-1	-1
0	256	7.91369	2.11741	3060	3140.97	-1
0	256	1.92531	-4.14662	4602	4733.81	-1
0	256	-3.01596	1.04096	4527	4554.09	-1
0	256	5.2347	-0.439221	-1	-1	-1
0	256	2.80525	-9.21041	-1	-1	-1
0	256	3.00179	-3.6729	-1	-1	-1
0	256	-2.08179	-4.64531	488	533.719	-1
0	256	5.69152	3.48395	-1	-1	-1
0	256	-3.49942	-9.33042	-1	-1	-1
0	256	-1.61772	3.00716	875	1012.25	-1
0	256	3.80904	6.32317	423	544.094	-1
0	256	-7.78214	-5.30615	-1	-1	-1
0	256	3.50634	-7.08569	-1	-1	-1
0	256	-3.45876	-4.01371	-1	-1	-1
0	256	3.72347	8.87341	225	314.031	-1
0	256	-2.982	7.91938	-1	-1	-1
0	256	3.80851	0.134258	499	534.375	-1
0	256	8.55342	3.23669	-1	-1	-1
0	256	-7.01229	-1.05133	-1	-1	-1
0	256	0.844516	8.98485	-1	-1	-1
0	256	1.41107	8.67013	-1	-1	-1
0	256	6.61084	1.56665	-1	-1	-1
0	256	1.19014	-3.51267	-1	-1	-1
0	256	-8.45265	3.76129	3514	3578.22	-1
0	256	0.875296	3.6646	61	100.531	-1
0	256	1.4734	8.16231	-1	-1	-1
0	256	6.91173	0.496557	-1	-1	-1
0	256	-5.94438	0.67909	1969	2013.47	-1
0	256	1.52251	-4.91409	-1	-1	-1
0	256	-6.01877	0.928148	-1	-1	-1
0	256	-9.22938	1.4323	-1	-1	-1
0	256	-4.60338	-0.690397	50	87.0312	-1
0	256	-0.0512434	6.01917	-1	-1	-1
0	256	-8.51482	-7.35718	-1	-1	-1
0	256	6.91556	7.14632	-1	-1	-1
0	256	6.15266	-4.10258	-1	-1	-1
0	256	4.86155	-4.9331	2266	2318.22	-1
0	256	4.8275	-0.961538	-1	-1	-1
0	256	6.13167	-1.87704	-1	-1	-1
0	256	8.48629	-4.78456	-1	-1	-1
0	256	3.39037	-5.07955	-1	-1	-1
0	256	-7.89636	0.581746	-1	-1	-1
0	256	0.613276	5.45239	-1	-1	-1
0	256	-5.74553	-0.320845	62	112.219	-1
0	256	0.629439	-3.89266	351	388.969	-1
0	256	-1.20426	-4.64562	-1	-1	-1
0	256	5.09543	-0.467606	2462	2505.91	-1
0	256	-5.34021	-5.09165	1043	1096.38	-1
0	256	-7.08451	-4.68896	4020	4149.41	-1
0	256	7.68562	-0.184411	5276	5334.84	-1
0	256	-8.8952	4.47911	1222	1290.22	-1
0	256	4.76782	1.02231	83	197.5	-1
0	256	-2.47396	4.1954	-1	-1	-1
0	256	-5.05462	2.6237	-1	-1	-1
0	256	-4.94438	7.26451	-1	-1	-1
0	256	1.434	-4.47242	-1	-1	-1
0	256	-7.21803	3.10867	3656	3714.97	-1
0	256	-0.229672	7.40882	-1	-1	-1
0	256	-0.988273	7.17387	2940	2997	-1
0	256	-9.14171	1.58817	-1	-1	-1
0	256	-8.49531	2.76549	-1	-1	-1
0	256	7.44538	-2.81993	2486	2542.66	-1
0	256	4.84929	-5.53326	2110	2205.09	-1
0	256	-8.42976	4.13947	-1	-1	-1
0	256	-0.0283455	9.56133	2162	2233.34	-1
0	256	-3.38834	8.15531	-1	-1	-1
0	256	7.35166	1.17949	1193	1253.59	-1
0	256	0.475258	2.16382	-1	-1	-1
0	256	3.27483	1.65105	59	91.8125	-1
0	256	-1.78468	-6.95959	-1	-1	-1
0	256	-7.71131	-1.47165	-1	-1	-1
0	256	4.20855	-5.69335	-1	-1	-1
0	256	-7.15548	1.53378	-1	-1	-1
0	256	-0.188507	9.29304	3044	3113.19	-1
0	256	8.76922	-1.08144	-1	-1	-1
0	256	-6.19061	7.16795	3754	3830.47	-1
0	256	-3.13187	3.25492	5289	5327.06	-1
0	256	0.362915	-7.88795	-1	-1	-1
0	256	6.54443	-5.20274	3463	3585.53	-1
0	256	-7.35561	-1.19853	1653	1708.78	-1
0	256	5.45162	-0.520814	-1	-1	-1
0	256	-2.23703	-5.91675	-1	-1	-1
0	256	-8.61666	-3.49115	2172	2239.88	-1
0	256	0.325756	6.35046	2012	2058.88	-1
0	256	2.85409	-1.62696	2079	2121.44	-1
0	256	-8.39577	2.00419	-1	-1	-1
0	256	-1.16819	6.3908	-1	-1	-1
0	256	-3.74123	0.255245	-1	-1	-1
0	256	-3.10691	-5.14904	1368	1489.66	-1
0	256	7.39502	-3.77209	2293	2416	-1
0	256	-6.22218	0.0307783	-1	-1	-1
0	256	-4.46698	8.70714	-1	-1	-1
0	256	3.07205	2.26027	2852	2884.56	-1
0	256	4.13997	-8.7683	-1	-1	-1
0	256	7.05301	-0.0553529	2465	2516.91	-1
0	256	-3.70822	-8.48203	2875	2943.53	-1
0	256	7.40829	-3.45794	-1	-1	-1
0	256	2.75261	0.920117	408	451.062	-1
0	256	7.04567	-6.45054	-1	-1	-1
0	256	-4.42382	2.80142	-1	-1	-1
0	256	1.94099	3.61916	1079	1127.88	-1
0	256	-8.87717	0.737997	-1	-1	-1
0	256	-5.16122	0.645316	1654	1764.28	-1
0	256	-4.71706	-0.463577	314	356.719	-1
0	256	4.20548	-0.430841	-1	-1	-1
