Pile ID	Distribution Type	X-Position	Y-Position	Pickup Time	Drop Off Time	Ant ID
1	1	-0.469506	-6.26769	3168	3226.84	-1
1	1	-0.319506	-6.26769	3278	3333.25	-1
1	1	-0.169506	-6.26769	3675	3736.94	-1
1	1	-0.0195064	-6.26769	-1	-1	-1
1	1	0.130494	-6.26769	-1	-1	-1
1	1	0.280494	-6.26769	-1	-1	-1
1	1	0.430494	-6.26769	-1	-1	-1
1	1	0.580494	-6.26769	-1	-1	-1
1	1	0.730494	-6.26769	-1	-1	-1
1	1	0.880494	-6.26769	-1	-1	-1
1	1	1.03049	-6.26769	-1	-1	-1
1	1	1.18049	-6.26769	-1	-1	-1
1	1	1.33049	-6.26769	-1	-1	-1
1	1	1.48049	-6.26769	-1	-1	-1
1	1	1.63049	-6.26769	-1	-1	-1
1	1	1.78049	-6.26769	-1	-1	-1
1	1	-0.469506	-6.11769	2882	3013.75	-1
1	1	-0.319506	-6.11769	3056	3105.69	-1
1	1	-0.169506	-6.11769	-1	-1	-1
1	1	-0.0195064	-6.11769	-1	-1	-1
1	1	0.130494	-6.11769	-1	-1	-1
1	1	0.280494	-6.11769	-1	-1	-1
1	1	0.430494	-6.11769	-1	-1	-1
1	1	0.580494	-6.11769	-1	-1	-1
1	1	0.730494	-6.11769	-1	-1	-1
1	1	0.880494	-6.11769	-1	-1	-1
1	1	1.03049	-6.11769	-1	-1	-1
1	1	1.18049	-6.11769	-1	-1	-1
1	1	1.33049	-6.11769	-1	-1	-1
1	1	1.48049	-6.11769	-1	-1	-1
1	1	1.63049	-6.11769	-1	-1	-1
1	1	1.78049	-6.11769	-1	-1	-1
1	1	-0.469506	-5.96769	3069	3133.16	-1
1	1	-0.319506	-5.96769	-1	-1	-1
1	1	-0.169506	-5.96769	-1	-1	-1
1	1	-0.0195064	-5.96769	-1	-1	-1
1	1	0.130494	-5.96769	-1	-1	-1
1	1	0.280494	-5.96769	-1	-1	-1
1	1	0.430494	-5.96769	-1	-1	-1
1	1	0.580494	-5.96769	-1	-1	-1
1	1	0.730494	-5.96769	-1	-1	-1
1	1	0.880494	-5.96769	-1	-1	-1
1	1	1.03049	-5.96769	-1	-1	-1
1	1	1.18049	-5.96769	-1	-1	-1
1	1	1.33049	-5.96769	-1	-1	-1
1	1	1.48049	-5.96769	-1	-1	-1
1	1	1.63049	-5.96769	-1	-1	-1
1	1	1.78049	-5.96769	-1	-1	-1
1	1	-0.469506	-5.81769	-1	-1	-1
1	1	-0.319506	-5.81769	-1	-1	-1
1	1	-0.169506	-5.81769	-1	-1	-1
1	1	-0.0195064	-5.81769	-1	-1	-1
1	1	0.130494	-5.81769	-1	-1	-1
1	1	0.280494	-5.81769	-1	-1	-1
1	1	0.430494	-5.81769	-1	-1	-1
1	1	0.580494	-5.81769	-1	-1	-1
1	1	0.730494	-5.81769	-1	-1	-1
1	1	0.880494	-5.81769	-1	-1	-1
1	1	1.03049	-5.81769	-1	-1	-1
1	1	1.18049	-5.81769	-1	-1	-1
1	1	1.33049	-5.81769	-1	-1	-1
1	1	1.48049	-5.81769	-1	-1	-1
1	1	1.63049	-5.81769	-1	-1	-1
1	1	1.78049	-5.81769	-1	-1	-1
1	1	-0.469506	-5.66769	985	1031.62	-1
1	1	-0.319506	-5.66769	870	937.188	-1
1	1	-0.169506	-5.66769	968	1017.31	-1
1	1	-0.0195064	-5.66769	-1	-1	-1
1	1	0.130494	-5.66769	-1	-1	-1
1	1	0.280494	-5.66769	-1	-1	-1
1	1	0.430494	-5.66769	-1	-1	-1
1	1	0.580494	-5.66769	-1	-1	-1
1	1	0.730494	-5.66769	-1	-1	-1
1	1	0.880494	-5.66769	-1	-1	-1
1	1	1.03049	-5.66769	-1	-1	-1
1	1	1.18049	-5.66769	-1	-1	-1
1	1	1.33049	-5.66769	-1	-1	-1
1	1	1.48049	-5.66769	-1	-1	-1
1	1	1.63049	-5.66769	-1	-1	-1
1	1	1.78049	-5.66769	-1	-1	-1
1	1	-0.469506	-5.51769	746	816.281	-1
1	1	-0.319506	-5.51769	619	668.812	-1
1	1	-0.169506	-5.51769	860	910.375	-1
1	1	-0.0195064	-5.51769	-1	-1	-1
1	1	0.130494	-5.51769	-1	-1	-1
1	1	0.280494	-5.51769	-1	-1	-1
1	1	0.430494	-5.51769	-1	-1	-1
1	1	0.580494	-5.51769	-1	-1	-1
1	1	0.730494	-5.51769	-1	-1	-1
1	1	0.880494	-5.51769	-1	-1	-1
1	1	1.03049	-5.51769	-1	-1	-1
1	1	1.18049	-5.51769	-1	-1	-1
1	1	1.33049	-5.51769	-1	-1	-1
1	1	1.48049	-5.51769	-1	-1	-1
1	1	1.63049	-5.51769	-1	-1	-1
1	1	1.78049	-5.51769	-1	-1	-1
1	1	-0.469506	-5.36769	441	488.156	-1
1	1	-0.319506	-5.36769	365	415.781	-1
1	1	-0.169506	-5.36769	520	570.188	-1
1	1	-0.0195064	-5.36769	756	807.656	-1
1	1	0.130494	-5.36769	1039	1080.94	-1
1	1	0.280494	-5.36769	-1	-1	-1
1	1	0.430494	-5.36769	-1	-1	-1
1	1	0.580494	-5.36769	-1	-1	-1
1	1	0.730494	-5.36769	-1	-1	-1
1	1	0.880494	-5.36769	-1	-1	-1
1	1	1.03049	-5.36769	-1	-1	-1
1	1	1.18049	-5.36769	-1	-1	-1
1	1	1.33049	-5.36769	-1	-1	-1
1	1	1.48049	-5.36769	-1	-1	-1
1	1	1.63049	-5.36769	-1	-1	-1
1	1	1.78049	-5.36769	-1	-1	-1
1	1	-0.469506	-5.21769	291	373.469	-1
1	1	-0.319506	-5.21769	316	372	-1
1	1	-0.169506	-5.21769	415	471.812	-1
1	1	-0.0195064	-5.21769	645	695.312	-1
1	1	0.130494	-5.21769	-1	-1	-1
1	1	0.280494	-5.21769	-1	-1	-1
1	1	0.430494	-5.21769	-1	-1	-1
1	1	0.580494	-5.21769	-1	-1	-1
1	1	0.730494	-5.21769	4950	5009.12	-1
1	1	0.880494	-5.21769	-1	-1	-1
1	1	1.03049	-5.21769	-1	-1	-1
1	1	1.18049	-5.21769	-1	-1	-1
1	1	1.33049	-5.21769	-1	-1	-1
1	1	1.48049	-5.21769	-1	-1	-1
1	1	1.63049	-5.21769	-1	-1	-1
1	1	1.78049	-5.21769	-1	-1	-1
1	1	-0.469506	-5.06769	120	158.5	-1
1	1	-0.319506	-5.06769	218	258.406	-1
1	1	-0.169506	-5.06769	540	606.594	-1
1	1	-0.0195064	-5.06769	922	980.938	-1
1	1	0.130494	-5.06769	-1	-1	-1
1	1	0.280494	-5.06769	-1	-1	-1
1	1	0.430494	-5.06769	-1	-1	-1
1	1	0.580494	-5.06769	4967	5038.75	-1
1	1	0.730494	-5.06769	4770	4815.41	-1
1	1	0.880494	-5.06769	4858	4905.06	-1
1	1	1.03049	-5.06769	5084	5140.62	-1
1	1	1.18049	-5.06769	-1	-1	-1
1	1	1.33049	-5.06769	-1	-1	-1
1	1	1.48049	-5.06769	-1	-1	-1
1	1	1.63049	-5.06769	-1	-1	-1
1	1	1.78049	-5.06769	-1	-1	-1
1	1	-0.469506	-4.91769	201	253.125	-1
1	1	-0.319506	-4.91769	323	367.75	-1
1	1	-0.169506	-4.91769	904	946.062	-1
1	1	-0.0195064	-4.91769	-1	-1	-1
1	1	0.130494	-4.91769	-1	-1	-1
1	1	0.280494	-4.91769	-1	-1	-1
1	1	0.430494	-4.91769	-1	-1	-1
1	1	0.580494	-4.91769	5081	5146.12	-1
1	1	0.730494	-4.91769	4745	4789.62	-1
1	1	0.880494	-4.91769	4654	4706.12	-1
1	1	1.03049	-4.91769	4834	4877	-1
1	1	1.18049	-4.91769	5067	5111.03	-1
1	1	1.33049	-4.91769	-1	-1	-1
1	1	1.48049	-4.91769	-1	-1	-1
1	1	1.63049	-4.91769	-1	-1	-1
1	1	1.78049	-4.91769	-1	-1	-1
1	1	-0.469506	-4.76769	676	719.969	-1
1	1	-0.319506	-4.76769	755	802.781	-1
1	1	-0.169506	-4.76769	1015	1055.06	-1
1	1	-0.0195064	-4.76769	-1	-1	-1
1	1	0.130494	-4.76769	-1	-1	-1
1	1	0.280494	-4.76769	5299	5354.75	-1
1	1	0.430494	-4.76769	5204	5247.94	-1
1	1	0.580494	-4.76769	5115	5182.5	-1
1	1	0.730494	-4.76769	4677	4717.19	-1
1	1	0.880494	-4.76769	4488	4607.5	-1
1	1	1.03049	-4.76769	4939	4997.41	-1
1	1	1.18049	-4.76769	5176	5217.56	-1
1	1	1.33049	-4.76769	5271	5309.22	-1
1	1	1.48049	-4.76769	-1	-1	-1
1	1	1.63049	-4.76769	-1	-1	-1
1	1	1.78049	-4.76769	-1	-1	-1
1	1	-0.469506	-4.61769	726	769.562	-1
1	1	-0.319506	-4.61769	-1	-1	-1
1	1	-0.169506	-4.61769	-1	-1	-1
1	1	-0.0195064	-4.61769	-1	-1	-1
1	1	0.130494	-4.61769	-1	-1	-1
1	1	0.280494	-4.61769	5350	-1	-1
1	1	0.430494	-4.61769	5230	5270.97	-1
1	1	0.580494	-4.61769	5331	5385.53	-1
1	1	0.730494	-4.61769	4933	4973.78	-1
1	1	0.880494	-4.61769	5024	5104.56	-1
1	1	1.03049	-4.61769	5262	5329.53	-1
1	1	1.18049	-4.61769	-1	-1	-1
1	1	1.33049	-4.61769	-1	-1	-1
1	1	1.48049	-4.61769	-1	-1	-1
1	1	1.63049	-4.61769	-1	-1	-1
1	1	1.78049	-4.61769	-1	-1	-1
1	1	-0.469506	-4.46769	802	849.375	-1
1	1	-0.319506	-4.46769	892	931.844	-1
1	1	-0.169506	-4.46769	3321	3375.12	-1
1	1	-0.0195064	-4.46769	-1	-1	-1
1	1	0.130494	-4.46769	-1	-1	-1
1	1	0.280494	-4.46769	-1	-1	-1
1	1	0.430494	-4.46769	-1	-1	-1
1	1	0.580494	-4.46769	-1	-1	-1
1	1	0.730494	-4.46769	-1	-1	-1
1	1	0.880494	-4.46769	5326	5376.44	-1
1	1	1.03049	-4.46769	5291	5345.66	-1
1	1	1.18049	-4.46769	-1	-1	-1
1	1	1.33049	-4.46769	-1	-1	-1
1	1	1.48049	-4.46769	-1	-1	-1
1	1	1.63049	-4.46769	-1	-1	-1
1	1	1.78049	-4.46769	-1	-1	-1
1	1	-0.469506	-4.31769	359	400.5	-1
1	1	-0.319506	-4.31769	3181	3242.91	-1
1	1	-0.169506	-4.31769	3295	3337.53	-1
1	1	-0.0195064	-4.31769	-1	-1	-1
1	1	0.130494	-4.31769	-1	-1	-1
1	1	0.280494	-4.31769	-1	-1	-1
1	1	0.430494	-4.31769	-1	-1	-1
1	1	0.580494	-4.31769	-1	-1	-1
1	1	0.730494	-4.31769	-1	-1	-1
1	1	0.880494	-4.31769	-1	-1	-1
1	1	1.03049	-4.31769	5398	-1	-1
1	1	1.18049	-4.31769	-1	-1	-1
1	1	1.33049	-4.31769	-1	-1	-1
1	1	1.48049	-4.31769	-1	-1	-1
1	1	1.63049	-4.31769	-1	-1	-1
1	1	1.78049	-4.31769	-1	-1	-1
1	1	-0.469506	-4.16769	-1	-1	-1
1	1	-0.319506	-4.16769	3131	3177.41	-1
1	1	-0.169506	-4.16769	3163	3205.78	-1
1	1	-0.0195064	-4.16769	-1	-1	-1
1	1	0.130494	-4.16769	-1	-1	-1
1	1	0.280494	-4.16769	-1	-1	-1
1	1	0.430494	-4.16769	-1	-1	-1
1	1	0.580494	-4.16769	-1	-1	-1
1	1	0.730494	-4.16769	-1	-1	-1
1	1	0.880494	-4.16769	-1	-1	-1
1	1	1.03049	-4.16769	-1	-1	-1
1	1	1.18049	-4.16769	-1	-1	-1
1	1	1.33049	-4.16769	-1	-1	-1
1	1	1.48049	-4.16769	-1	-1	-1
1	1	1.63049	-4.16769	-1	-1	-1
1	1	1.78049	-4.16769	-1	-1	-1
1	1	-0.469506	-4.01769	3207	3252.53	-1
1	1	-0.319506	-4.01769	3068	3122.75	-1
1	1	-0.169506	-4.01769	2917	3040.94	-1
1	1	-0.0195064	-4.01769	3251	3286.91	-1
1	1	0.130494	-4.01769	4787	4901.06	-1
1	1	0.280494	-4.01769	-1	-1	-1
1	1	0.430494	-4.01769	-1	-1	-1
1	1	0.580494	-4.01769	44	83.4062	-1
1	1	0.730494	-4.01769	132	163.656	-1
1	1	0.880494	-4.01769	963	1001.31	-1
1	1	1.03049	-4.01769	-1	-1	-1
1	1	1.18049	-4.01769	-1	-1	-1
1	1	1.33049	-4.01769	-1	-1	-1
1	1	1.48049	-4.01769	-1	-1	-1
1	1	1.63049	-4.01769	-1	-1	-1
1	1	1.78049	-4.01769	-1	-1	-1
2	4	5.49733	6.91783	2767	2842.38	-1
2	4	5.64733	6.91783	-1	-1	-1
2	4	5.79733	6.91783	-1	-1	-1
2	4	5.94733	6.91783	2549	2618.38	-1
2	4	6.09733	6.91783	2682	2747.31	-1
2	4	6.24733	6.91783	-1	-1	-1
2	4	6.39733	6.91783	-1	-1	-1
2	4	6.54733	6.91783	-1	-1	-1
2	4	5.49733	7.06783	578	700.312	-1
2	4	5.64733	7.06783	4191	4273.69	-1
2	4	5.79733	7.06783	5075	5142.03	-1
2	4	5.94733	7.06783	2832	2901.38	-1
2	4	6.09733	7.06783	4854	4930.97	-1
2	4	6.24733	7.06783	5004	5070.44	-1
2	4	6.39733	7.06783	-1	-1	-1
2	4	6.54733	7.06783	-1	-1	-1
2	4	5.49733	7.21783	2592	2695.59	-1
2	4	5.64733	7.21783	3738	3802.62	-1
2	4	5.79733	7.21783	4178	4267.34	-1
2	4	5.94733	7.21783	4202	4290.94	-1
2	4	6.09733	7.21783	4391	4459.94	-1
2	4	6.24733	7.21783	4695	4776.19	-1
2	4	6.39733	7.21783	4924	4994.41	-1
2	4	6.54733	7.21783	-1	-1	-1
2	4	5.49733	7.36783	3548	3669.38	-1
2	4	5.64733	7.36783	3865	3933.06	-1
2	4	5.79733	7.36783	4001	4072.56	-1
2	4	5.94733	7.36783	4344	4434.03	-1
2	4	6.09733	7.36783	4530	4636.72	-1
2	4	6.24733	7.36783	4707	4821.81	-1
2	4	6.39733	7.36783	-1	-1	-1
2	4	6.54733	7.36783	-1	-1	-1
2	4	5.49733	7.51783	4010	4105.03	-1
2	4	5.64733	7.51783	-1	-1	-1
2	4	5.79733	7.51783	4511	4580.09	-1
2	4	5.94733	7.51783	4531	4606.44	-1
2	4	6.09733	7.51783	4724	4814.59	-1
2	4	6.24733	7.51783	-1	-1	-1
2	4	6.39733	7.51783	-1	-1	-1
2	4	6.54733	7.51783	-1	-1	-1
2	4	5.49733	7.66783	-1	-1	-1
2	4	5.64733	7.66783	4940	5017.03	-1
2	4	5.79733	7.66783	4667	4739.28	-1
2	4	5.94733	7.66783	4731	4837.34	-1
2	4	6.09733	7.66783	4772	4854.97	-1
2	4	6.24733	7.66783	-1	-1	-1
2	4	6.39733	7.66783	-1	-1	-1
2	4	6.54733	7.66783	-1	-1	-1
2	4	5.49733	7.81783	5154	5227.25	-1
2	4	5.64733	7.81783	5094	5169.81	-1
2	4	5.79733	7.81783	4827	4908.28	-1
2	4	5.94733	7.81783	4997	5085.97	-1
2	4	6.09733	7.81783	-1	-1	-1
2	4	6.24733	7.81783	-1	-1	-1
2	4	6.39733	7.81783	-1	-1	-1
2	4	6.54733	7.81783	-1	-1	-1
2	4	5.49733	7.96783	2693	2766.03	-1
2	4	5.64733	7.96783	2057	2128.81	-1
2	4	5.79733	7.96783	1761	1836.09	-1
2	4	5.94733	7.96783	1905	1977.53	-1
2	4	6.09733	7.96783	-1	-1	-1
2	4	6.24733	7.96783	-1	-1	-1
2	4	6.39733	7.96783	-1	-1	-1
2	4	6.54733	7.96783	-1	-1	-1
3	4	4.12391	-8.04327	-1	-1	-1
3	4	4.27391	-8.04327	-1	-1	-1
3	4	4.42391	-8.04327	-1	-1	-1
3	4	4.57391	-8.04327	-1	-1	-1
3	4	4.72391	-8.04327	-1	-1	-1
3	4	4.87391	-8.04327	-1	-1	-1
3	4	5.02391	-8.04327	-1	-1	-1
3	4	5.17391	-8.04327	-1	-1	-1
3	4	4.12391	-7.89327	-1	-1	-1
3	4	4.27391	-7.89327	-1	-1	-1
3	4	4.42391	-7.89327	-1	-1	-1
3	4	4.57391	-7.89327	-1	-1	-1
3	4	4.72391	-7.89327	-1	-1	-1
3	4	4.87391	-7.89327	-1	-1	-1
3	4	5.02391	-7.89327	-1	-1	-1
3	4	5.17391	-7.89327	-1	-1	-1
3	4	4.12391	-7.74327	991	1096.19	-1
3	4	4.27391	-7.74327	-1	-1	-1
3	4	4.42391	-7.74327	-1	-1	-1
3	4	4.57391	-7.74327	-1	-1	-1
3	4	4.72391	-7.74327	-1	-1	-1
3	4	4.87391	-7.74327	-1	-1	-1
3	4	5.02391	-7.74327	-1	-1	-1
3	4	5.17391	-7.74327	-1	-1	-1
3	4	4.12391	-7.59327	-1	-1	-1
3	4	4.27391	-7.59327	-1	-1	-1
3	4	4.42391	-7.59327	-1	-1	-1
3	4	4.57391	-7.59327	-1	-1	-1
3	4	4.72391	-7.59327	-1	-1	-1
3	4	4.87391	-7.59327	-1	-1	-1
3	4	5.02391	-7.59327	-1	-1	-1
3	4	5.17391	-7.59327	-1	-1	-1
3	4	4.12391	-7.44327	-1	-1	-1
3	4	4.27391	-7.44327	-1	-1	-1
3	4	4.42391	-7.44327	-1	-1	-1
3	4	4.57391	-7.44327	-1	-1	-1
3	4	4.72391	-7.44327	-1	-1	-1
3	4	4.87391	-7.44327	-1	-1	-1
3	4	5.02391	-7.44327	-1	-1	-1
3	4	5.17391	-7.44327	-1	-1	-1
3	4	4.12391	-7.29327	-1	-1	-1
3	4	4.27391	-7.29327	-1	-1	-1
3	4	4.42391	-7.29327	-1	-1	-1
3	4	4.57391	-7.29327	-1	-1	-1
3	4	4.72391	-7.29327	-1	-1	-1
3	4	4.87391	-7.29327	-1	-1	-1
3	4	5.02391	-7.29327	-1	-1	-1
3	4	5.17391	-7.29327	-1	-1	-1
3	4	4.12391	-7.14327	-1	-1	-1
3	4	4.27391	-7.14327	-1	-1	-1
3	4	4.42391	-7.14327	-1	-1	-1
3	4	4.57391	-7.14327	-1	-1	-1
3	4	4.72391	-7.14327	-1	-1	-1
3	4	4.87391	-7.14327	-1	-1	-1
3	4	5.02391	-7.14327	-1	-1	-1
3	4	5.17391	-7.14327	-1	-1	-1
3	4	4.12391	-6.99327	-1	-1	-1
3	4	4.27391	-6.99327	-1	-1	-1
3	4	4.42391	-6.99327	-1	-1	-1
3	4	4.57391	-6.99327	-1	-1	-1
3	4	4.72391	-6.99327	-1	-1	-1
3	4	4.87391	-6.99327	-1	-1	-1
3	4	5.02391	-6.99327	-1	-1	-1
3	4	5.17391	-6.99327	-1	-1	-1
4	4	5.88075	-1.83542	3535	3581.22	-1
4	4	6.03075	-1.83542	-1	-1	-1
4	4	6.18075	-1.83542	-1	-1	-1
4	4	6.33075	-1.83542	-1	-1	-1
4	4	6.48075	-1.83542	-1	-1	-1
4	4	6.63075	-1.83542	4002	4075.53	-1
4	4	6.78075	-1.83542	-1	-1	-1
4	4	6.93075	-1.83542	-1	-1	-1
4	4	5.88075	-1.68542	3629	3685.38	-1
4	4	6.03075	-1.68542	3703	3765.22	-1
4	4	6.18075	-1.68542	-1	-1	-1
4	4	6.33075	-1.68542	-1	-1	-1
4	4	6.48075	-1.68542	-1	-1	-1
4	4	6.63075	-1.68542	-1	-1	-1
4	4	6.78075	-1.68542	-1	-1	-1
4	4	6.93075	-1.68542	-1	-1	-1
4	4	5.88075	-1.53542	3592	3644.78	-1
4	4	6.03075	-1.53542	3959	4048.53	-1
4	4	6.18075	-1.53542	-1	-1	-1
4	4	6.33075	-1.53542	-1	-1	-1
4	4	6.48075	-1.53542	-1	-1	-1
4	4	6.63075	-1.53542	-1	-1	-1
4	4	6.78075	-1.53542	-1	-1	-1
4	4	6.93075	-1.53542	-1	-1	-1
4	4	5.88075	-1.38542	3710	3762.72	-1
4	4	6.03075	-1.38542	3852	3907.22	-1
4	4	6.18075	-1.38542	5283	5386.5	-1
4	4	6.33075	-1.38542	-1	-1	-1
4	4	6.48075	-1.38542	-1	-1	-1
4	4	6.63075	-1.38542	-1	-1	-1
4	4	6.78075	-1.38542	-1	-1	-1
4	4	6.93075	-1.38542	-1	-1	-1
4	4	5.88075	-1.23542	3744	3808.94	-1
4	4	6.03075	-1.23542	3874	3942.47	-1
4	4	6.18075	-1.23542	-1	-1	-1
4	4	6.33075	-1.23542	-1	-1	-1
4	4	6.48075	-1.23542	-1	-1	-1
4	4	6.63075	-1.23542	-1	-1	-1
4	4	6.78075	-1.23542	-1	-1	-1
4	4	6.93075	-1.23542	-1	-1	-1
4	4	5.88075	-1.08542	789	835.281	-1
4	4	6.03075	-1.08542	4262	4308.78	-1
4	4	6.18075	-1.08542	4360	4406.38	-1
4	4	6.33075	-1.08542	-1	-1	-1
4	4	6.48075	-1.08542	-1	-1	-1
4	4	6.63075	-1.08542	-1	-1	-1
4	4	6.78075	-1.08542	-1	-1	-1
4	4	6.93075	-1.08542	-1	-1	-1
4	4	5.88075	-0.935417	632	741.156	-1
4	4	6.03075	-0.935417	4152	4201.31	-1
4	4	6.18075	-0.935417	4450	4497.19	-1
4	4	6.33075	-0.935417	-1	-1	-1
4	4	6.48075	-0.935417	-1	-1	-1
4	4	6.63075	-0.935417	-1	-1	-1
4	4	6.78075	-0.935417	-1	-1	-1
4	4	6.93075	-0.935417	-1	-1	-1
4	4	5.88075	-0.785417	3326	3387.09	-1
4	4	6.03075	-0.785417	-1	-1	-1
4	4	6.18075	-0.785417	3851	3900.09	-1
4	4	6.33075	-0.785417	3681	3788.25	-1
4	4	6.48075	-0.785417	-1	-1	-1
4	4	6.63075	-0.785417	-1	-1	-1
4	4	6.78075	-0.785417	-1	-1	-1
4	4	6.93075	-0.785417	-1	-1	-1
5	4	-1.96782	-8.86649	-1	-1	-1
5	4	-1.81782	-8.86649	-1	-1	-1
5	4	-1.66782	-8.86649	-1	-1	-1
5	4	-1.51782	-8.86649	-1	-1	-1
5	4	-1.36782	-8.86649	-1	-1	-1
5	4	-1.21782	-8.86649	-1	-1	-1
5	4	-1.06782	-8.86649	-1	-1	-1
5	4	-0.917823	-8.86649	-1	-1	-1
5	4	-1.96782	-8.71649	-1	-1	-1
5	4	-1.81782	-8.71649	-1	-1	-1
5	4	-1.66782	-8.71649	-1	-1	-1
5	4	-1.51782	-8.71649	-1	-1	-1
5	4	-1.36782	-8.71649	-1	-1	-1
5	4	-1.21782	-8.71649	-1	-1	-1
5	4	-1.06782	-8.71649	-1	-1	-1
5	4	-0.917823	-8.71649	-1	-1	-1
5	4	-1.96782	-8.56649	-1	-1	-1
5	4	-1.81782	-8.56649	-1	-1	-1
5	4	-1.66782	-8.56649	-1	-1	-1
5	4	-1.51782	-8.56649	-1	-1	-1
5	4	-1.36782	-8.56649	-1	-1	-1
5	4	-1.21782	-8.56649	-1	-1	-1
5	4	-1.06782	-8.56649	-1	-1	-1
5	4	-0.917823	-8.56649	-1	-1	-1
5	4	-1.96782	-8.41649	-1	-1	-1
5	4	-1.81782	-8.41649	-1	-1	-1
5	4	-1.66782	-8.41649	-1	-1	-1
5	4	-1.51782	-8.41649	-1	-1	-1
5	4	-1.36782	-8.41649	-1	-1	-1
5	4	-1.21782	-8.41649	-1	-1	-1
5	4	-1.06782	-8.41649	-1	-1	-1
5	4	-0.917823	-8.41649	-1	-1	-1
5	4	-1.96782	-8.26649	-1	-1	-1
5	4	-1.81782	-8.26649	-1	-1	-1
5	4	-1.66782	-8.26649	-1	-1	-1
5	4	-1.51782	-8.26649	-1	-1	-1
5	4	-1.36782	-8.26649	-1	-1	-1
5	4	-1.21782	-8.26649	-1	-1	-1
5	4	-1.06782	-8.26649	-1	-1	-1
5	4	-0.917823	-8.26649	-1	-1	-1
5	4	-1.96782	-8.11649	-1	-1	-1
5	4	-1.81782	-8.11649	-1	-1	-1
5	4	-1.66782	-8.11649	-1	-1	-1
5	4	-1.51782	-8.11649	-1	-1	-1
5	4	-1.36782	-8.11649	-1	-1	-1
5	4	-1.21782	-8.11649	-1	-1	-1
5	4	-1.06782	-8.11649	-1	-1	-1
5	4	-0.917823	-8.11649	-1	-1	-1
5	4	-1.96782	-7.96649	-1	-1	-1
5	4	-1.81782	-7.96649	-1	-1	-1
5	4	-1.66782	-7.96649	-1	-1	-1
5	4	-1.51782	-7.96649	4547	4639.25	-1
5	4	-1.36782	-7.96649	4700	4758.56	-1
5	4	-1.21782	-7.96649	-1	-1	-1
5	4	-1.06782	-7.96649	-1	-1	-1
5	4	-0.917823	-7.96649	-1	-1	-1
5	4	-1.96782	-7.81649	-1	-1	-1
5	4	-1.81782	-7.81649	-1	-1	-1
5	4	-1.66782	-7.81649	1584	1655.88	-1
5	4	-1.51782	-7.81649	1455	1516.75	-1
5	4	-1.36782	-7.81649	1290	1387.12	-1
5	4	-1.21782	-7.81649	1392	1494.91	-1
5	4	-1.06782	-7.81649	-1	-1	-1
5	4	-0.917823	-7.81649	-1	-1	-1
6	16	6.53713	5.52646	-1	-1	-1
6	16	6.68713	5.52646	-1	-1	-1
6	16	6.83713	5.52646	-1	-1	-1
6	16	6.98713	5.52646	3524	3589.16	-1
6	16	6.53713	5.67646	-1	-1	-1
6	16	6.68713	5.67646	-1	-1	-1
6	16	6.83713	5.67646	-1	-1	-1
6	16	6.98713	5.67646	-1	-1	-1
6	16	6.53713	5.82646	-1	-1	-1
6	16	6.68713	5.82646	-1	-1	-1
6	16	6.83713	5.82646	-1	-1	-1
6	16	6.98713	5.82646	1896	1968.69	-1
6	16	6.53713	5.97646	-1	-1	-1
6	16	6.68713	5.97646	-1	-1	-1
6	16	6.83713	5.97646	-1	-1	-1
6	16	6.98713	5.97646	-1	-1	-1
7	16	-2.93769	-2.44606	-1	-1	-1
7	16	-2.78769	-2.44606	-1	-1	-1
7	16	-2.63769	-2.44606	-1	-1	-1
7	16	-2.48769	-2.44606	491	521.094	-1
7	16	-2.93769	-2.29606	4383	4413.88	-1
7	16	-2.78769	-2.29606	-1	-1	-1
7	16	-2.63769	-2.29606	-1	-1	-1
7	16	-2.48769	-2.29606	2373	2547.94	-1
7	16	-2.93769	-2.14606	1890	1919.16	-1
7	16	-2.78769	-2.14606	4484	4511.88	-1
7	16	-2.63769	-2.14606	-1	-1	-1
7	16	-2.48769	-2.14606	2807	2980.03	-1
7	16	-2.93769	-1.99606	4296	4324.66	-1
7	16	-2.78769	-1.99606	4350	4425.44	-1
7	16	-2.63769	-1.99606	-1	-1	-1
7	16	-2.48769	-1.99606	3030	3059.16	-1
8	16	6.74483	4.28504	-1	-1	-1
8	16	6.89483	4.28504	-1	-1	-1
8	16	7.04483	4.28504	-1	-1	-1
8	16	7.19483	4.28504	-1	-1	-1
8	16	6.74483	4.43504	-1	-1	-1
8	16	6.89483	4.43504	-1	-1	-1
8	16	7.04483	4.43504	-1	-1	-1
8	16	7.19483	4.43504	-1	-1	-1
8	16	6.74483	4.58504	-1	-1	-1
8	16	6.89483	4.58504	5391	-1	-1
8	16	7.04483	4.58504	-1	-1	-1
8	16	7.19483	4.58504	-1	-1	-1
8	16	6.74483	4.73504	-1	-1	-1
8	16	6.89483	4.73504	5250	5311.88	-1
8	16	7.04483	4.73504	5369	-1	-1
8	16	7.19483	4.73504	-1	-1	-1
9	16	-8.62349	1.56527	-1	-1	-1
9	16	-8.47349	1.56527	-1	-1	-1
9	16	-8.32349	1.56527	-1	-1	-1
9	16	-8.17349	1.56527	-1	-1	-1
9	16	-8.62349	1.71527	-1	-1	-1
9	16	-8.47349	1.71527	-1	-1	-1
9	16	-8.32349	1.71527	-1	-1	-1
9	16	-8.17349	1.71527	-1	-1	-1
9	16	-8.62349	1.86527	-1	-1	-1
9	16	-8.47349	1.86527	-1	-1	-1
9	16	-8.32349	1.86527	-1	-1	-1
9	16	-8.17349	1.86527	-1	-1	-1
9	16	-8.62349	2.01527	-1	-1	-1
9	16	-8.47349	2.01527	-1	-1	-1
9	16	-8.32349	2.01527	-1	-1	-1
9	16	-8.17349	2.01527	-1	-1	-1
10	16	8.87624	3.41435	2202	2270.97	-1
10	16	9.02624	3.41435	-1	-1	-1
10	16	9.17624	3.41435	-1	-1	-1
10	16	9.32624	3.41435	-1	-1	-1
10	16	8.87624	3.56435	2141	2211.25	-1
10	16	9.02624	3.56435	-1	-1	-1
10	16	9.17624	3.56435	3061	3136.78	-1
10	16	9.32624	3.56435	3209	3279.66	-1
10	16	8.87624	3.71435	1827	1904.38	-1
10	16	9.02624	3.71435	1973	2053.19	-1
10	16	9.17624	3.71435	2913	2984.28	-1
10	16	9.32624	3.71435	3349	3426.44	-1
10	16	8.87624	3.86435	1647	1723	-1
10	16	9.02624	3.86435	1797	1882.53	-1
10	16	9.17624	3.86435	1968	2065.22	-1
10	16	9.32624	3.86435	2567	2640.03	-1
11	16	-7.39595	-2.88306	2531	2598.56	-1
11	16	-7.24595	-2.88306	2506	2585.16	-1
11	16	-7.09595	-2.88306	2229	2287.34	-1
11	16	-6.94595	-2.88306	2357	2410.28	-1
11	16	-7.39595	-2.73306	2736	2798.09	-1
11	16	-7.24595	-2.73306	2490	2555.59	-1
11	16	-7.09595	-2.73306	2469	2538.84	-1
11	16	-6.94595	-2.73306	2478	2534.81	-1
11	16	-7.39595	-2.58306	-1	-1	-1
11	16	-7.24595	-2.58306	2643	2705.09	-1
11	16	-7.09595	-2.58306	2608	2668.72	-1
11	16	-6.94595	-2.58306	2632	2693.59	-1
11	16	-7.39595	-2.43306	-1	-1	-1
11	16	-7.24595	-2.43306	-1	-1	-1
11	16	-7.09595	-2.43306	-1	-1	-1
11	16	-6.94595	-2.43306	-1	-1	-1
12	16	-6.6417	-4.34867	-1	-1	-1
12	16	-6.4917	-4.34867	-1	-1	-1
12	16	-6.3417	-4.34867	2026	2155.53	-1
12	16	-6.1917	-4.34867	918	992.594	-1
12	16	-6.6417	-4.19867	-1	-1	-1
12	16	-6.4917	-4.19867	2572	2629.88	-1
12	16	-6.3417	-4.19867	-1	-1	-1
12	16	-6.1917	-4.19867	1046	1109.91	-1
12	16	-6.6417	-4.04867	2442	2504.84	-1
12	16	-6.4917	-4.04867	2204	2264.5	-1
12	16	-6.3417	-4.04867	1176	1231.94	-1
12	16	-6.1917	-4.04867	597	705.656	-1
12	16	-6.6417	-3.89867	2355	2420.69	-1
12	16	-6.4917	-3.89867	2022	2148.31	-1
12	16	-6.3417	-3.89867	2321	2375.66	-1
12	16	-6.1917	-3.89867	1427	1539	-1
13	16	4.21463	-2.59601	-1	-1	-1
13	16	4.36463	-2.59601	-1	-1	-1
13	16	4.51463	-2.59601	-1	-1	-1
13	16	4.66463	-2.59601	-1	-1	-1
13	16	4.21463	-2.44601	-1	-1	-1
13	16	4.36463	-2.44601	-1	-1	-1
13	16	4.51463	-2.44601	-1	-1	-1
13	16	4.66463	-2.44601	3748	3799.31	-1
13	16	4.21463	-2.29601	-1	-1	-1
13	16	4.36463	-2.29601	3472	3534.38	-1
13	16	4.51463	-2.29601	3287	3348.59	-1
13	16	4.66463	-2.29601	3420	3467.47	-1
13	16	4.21463	-2.14601	3094	3141.53	-1
13	16	4.36463	-2.14601	3182	3229.47	-1
13	16	4.51463	-2.14601	3198	3242.31	-1
13	16	4.66463	-2.14601	3384	3423.53	-1
14	16	7.16476	-1.55558	-1	-1	-1
14	16	7.31476	-1.55558	-1	-1	-1
14	16	7.46476	-1.55558	-1	-1	-1
14	16	7.61476	-1.55558	-1	-1	-1
14	16	7.16476	-1.40558	-1	-1	-1
14	16	7.31476	-1.40558	-1	-1	-1
14	16	7.46476	-1.40558	-1	-1	-1
14	16	7.61476	-1.40558	-1	-1	-1
14	16	7.16476	-1.25558	-1	-1	-1
14	16	7.31476	-1.25558	-1	-1	-1
14	16	7.46476	-1.25558	-1	-1	-1
14	16	7.61476	-1.25558	-1	-1	-1
14	16	7.16476	-1.10558	-1	-1	-1
14	16	7.31476	-1.10558	-1	-1	-1
14	16	7.46476	-1.10558	-1	-1	-1
14	16	7.61476	-1.10558	-1	-1	-1
15	16	-6.96211	5.61028	-1	-1	-1
15	16	-6.81211	5.61028	-1	-1	-1
15	16	-6.66211	5.61028	590	720.562	-1
15	16	-6.51211	5.61028	1908	1973.53	-1
15	16	-6.96211	5.76028	-1	-1	-1
15	16	-6.81211	5.76028	-1	-1	-1
15	16	-6.66211	5.76028	-1	-1	-1
15	16	-6.51211	5.76028	1698	1842.38	-1
15	16	-6.96211	5.91028	-1	-1	-1
15	16	-6.81211	5.91028	-1	-1	-1
15	16	-6.66211	5.91028	-1	-1	-1
15	16	-6.51211	5.91028	-1	-1	-1
15	16	-6.96211	6.06028	3708	3775.91	-1
15	16	-6.81211	6.06028	-1	-1	-1
15	16	-6.66211	6.06028	-1	-1	-1
15	16	-6.51211	6.06028	-1	-1	-1
16	16	4.05762	3.6618	-1	-1	-1
16	16	4.20762	3.6618	-1	-1	-1
16	16	4.35762	3.6618	-1	-1	-1
16	16	4.50762	3.6618	104	149.312	-1
16	16	4.05762	3.8118	1857	2004.81	-1
16	16	4.20762	3.8118	-1	-1	-1
16	16	4.35762	3.8118	-1	-1	-1
16	16	4.50762	3.8118	-1	-1	-1
16	16	4.05762	3.9618	3930	4080	-1
16	16	4.20762	3.9618	-1	-1	-1
16	16	4.35762	3.9618	-1	-1	-1
16	16	4.50762	3.9618	-1	-1	-1
16	16	4.05762	4.1118	-1	-1	-1
16	16	4.20762	4.1118	-1	-1	-1
16	16	4.35762	4.1118	-1	-1	-1
16	16	4.50762	4.1118	-1	-1	-1
17	16	-9.24767	-0.701875	2112	2180.31	-1
17	16	-9.09767	-0.701875	2248	2312.91	-1
17	16	-8.94767	-0.701875	-1	-1	-1
17	16	-8.79767	-0.701875	2893	2985.03	-1
17	16	-9.24767	-0.551875	-1	-1	-1
17	16	-9.09767	-0.551875	-1	-1	-1
17	16	-8.94767	-0.551875	-1	-1	-1
17	16	-8.79767	-0.551875	-1	-1	-1
17	16	-9.24767	-0.401875	-1	-1	-1
17	16	-9.09767	-0.401875	-1	-1	-1
17	16	-8.94767	-0.401875	-1	-1	-1
17	16	-8.79767	-0.401875	-1	-1	-1
17	16	-9.24767	-0.251875	-1	-1	-1
17	16	-9.09767	-0.251875	-1	-1	-1
17	16	-8.94767	-0.251875	-1	-1	-1
17	16	-8.79767	-0.251875	-1	-1	-1
18	16	-5.64521	-2.70124	2765	2825.53	-1
18	16	-5.49521	-2.70124	-1	-1	-1
18	16	-5.34521	-2.70124	-1	-1	-1
18	16	-5.19521	-2.70124	-1	-1	-1
18	16	-5.64521	-2.55124	-1	-1	-1
18	16	-5.49521	-2.55124	-1	-1	-1
18	16	-5.34521	-2.55124	-1	-1	-1
18	16	-5.19521	-2.55124	-1	-1	-1
18	16	-5.64521	-2.40124	-1	-1	-1
18	16	-5.49521	-2.40124	-1	-1	-1
18	16	-5.34521	-2.40124	-1	-1	-1
18	16	-5.19521	-2.40124	1695	1822.69	-1
18	16	-5.64521	-2.25124	-1	-1	-1
18	16	-5.49521	-2.25124	4576	4639.59	-1
18	16	-5.34521	-2.25124	2111	2212.38	-1
18	16	-5.19521	-2.25124	1555	1683.09	-1
19	16	-1.96821	-6.72392	-1	-1	-1
19	16	-1.81821	-6.72392	-1	-1	-1
19	16	-1.66821	-6.72392	-1	-1	-1
19	16	-1.51821	-6.72392	3404	3461.09	-1
19	16	-1.96821	-6.57392	-1	-1	-1
19	16	-1.81821	-6.57392	5220	5330.75	-1
19	16	-1.66821	-6.57392	-1	-1	-1
19	16	-1.51821	-6.57392	-1	-1	-1
19	16	-1.96821	-6.42392	-1	-1	-1
19	16	-1.81821	-6.42392	1230	1283.16	-1
19	16	-1.66821	-6.42392	-1	-1	-1
19	16	-1.51821	-6.42392	-1	-1	-1
19	16	-1.96821	-6.27392	-1	-1	-1
19	16	-1.81821	-6.27392	1041	1106.44	-1
19	16	-1.66821	-6.27392	1130	1179.84	-1
19	16	-1.51821	-6.27392	1332	1378.84	-1
20	16	-2.61481	-5.95498	-1	-1	-1
20	16	-2.46481	-5.95498	-1	-1	-1
20	16	-2.31481	-5.95498	1005	1053.53	-1
20	16	-2.16481	-5.95498	900	954.156	-1
20	16	-2.61481	-5.80498	-1	-1	-1
20	16	-2.46481	-5.80498	-1	-1	-1
20	16	-2.31481	-5.80498	-1	-1	-1
20	16	-2.16481	-5.80498	370	421.188	-1
20	16	-2.61481	-5.65498	790	836.531	-1
20	16	-2.46481	-5.65498	-1	-1	-1
20	16	-2.31481	-5.65498	-1	-1	-1
20	16	-2.16481	-5.65498	-1	-1	-1
20	16	-2.61481	-5.50498	680	806.5	-1
20	16	-2.46481	-5.50498	165	290.156	-1
20	16	-2.31481	-5.50498	-1	-1	-1
20	16	-2.16481	-5.50498	-1	-1	-1
21	16	8.44485	4.41212	660	749.875	-1
21	16	8.59485	4.41212	1012	1081.47	-1
21	16	8.74485	4.41212	1488	1567.06	-1
21	16	8.89485	4.41212	1567	1649.44	-1
21	16	8.44485	4.56212	817	900.25	-1
21	16	8.59485	4.56212	839	908.75	-1
21	16	8.74485	4.56212	1026	1106.31	-1
21	16	8.89485	4.56212	1405	1485.41	-1
21	16	8.44485	4.71212	968	1072.91	-1
21	16	8.59485	4.71212	1176	1266.41	-1
21	16	8.74485	4.71212	1190	1293.41	-1
21	16	8.89485	4.71212	1573	1659.88	-1
21	16	8.44485	4.86212	1146	1232.09	-1
21	16	8.59485	4.86212	1212	1307.78	-1
21	16	8.74485	4.86212	1305	1407.62	-1
21	16	8.89485	4.86212	-1	-1	-1
0	256	4.44886	6.30144	-1	-1	-1
0	256	8.16472	5.29169	-1	-1	-1
0	256	4.73286	3.72627	-1	-1	-1
0	256	2.23452	-2.40763	-1	-1	-1
0	256	4.70781	-4.28219	3102	3229.47	-1
0	256	-2.64882	5.25095	2468	2592.47	-1
0	256	8.88891	-0.471154	5154	5239.44	-1
0	256	7.79216	1.04518	-1	-1	-1
0	256	-3.10482	-4.09841	840	884.656	-1
0	256	4.28374	6.57198	-1	-1	-1
0	256	4.791	7.02492	4231	4305.88	-1
0	256	1.18851	-7.10202	-1	-1	-1
0	256	1.96579	7.25213	3379	3432.88	-1
0	256	3.10804	-1.71407	1494	1629.12	-1
0	256	7.11004	7.72715	-1	-1	-1
0	256	-2.23719	3.2923	-1	-1	-1
0	256	-9.10485	2.85062	-1	-1	-1
0	256	9.24139	-1.64912	-1	-1	-1
0	256	-4.10855	0.192321	4631	4666.84	-1
0	256	-7.3994	0.569273	-1	-1	-1
0	256	-7.48244	5.42266	-1	-1	-1
0	256	6.9057	2.41104	1388	1444.72	-1
0	256	-2.33368	5.16276	-1	-1	-1
0	256	-6.57226	-3.45814	1840	1893	-1
0	256	4.62835	7.86224	-1	-1	-1
0	256	8.14984	-4.18196	-1	-1	-1
0	256	-3.16054	5.56379	533	582.156	-1
0	256	-3.37808	7.63175	2676	2738.38	-1
0	256	-4.43098	3.03131	-1	-1	-1
0	256	-3.52551	-5.00518	2060	2188.41	-1
0	256	-3.80699	9.12966	529	598.062	-1
0	256	6.36527	5.27106	-1	-1	-1
0	256	7.86181	-4.66946	2355	2421.38	-1
0	256	-0.197325	5.51685	-1	-1	-1
0	256	1.31503	-8.69068	-1	-1	-1
0	256	-6.0664	-6.20544	-1	-1	-1
0	256	-4.33758	-2.96075	-1	-1	-1
0	256	-8.7717	-4.27547	-1	-1	-1
0	256	-6.12872	-7.51997	4483	4558.34	-1
0	256	3.38647	8.8742	-1	-1	-1
0	256	8.77097	-1.51476	-1	-1	-1
0	256	9.3748	2.6565	2486	2556.03	-1
0	256	-7.05576	2.28413	734	828.844	-1
0	256	6.09223	0.761046	-1	-1	-1
0	256	4.79724	-3.23793	111	239.906	-1
0	256	-2.10184	4.27483	-1	-1	-1
0	256	9.60926	0.76521	3466	3533.91	-1
0	256	-3.14962	4.49233	2246	2292.03	-1
0	256	-2.55606	9.31726	-1	-1	-1
0	256	8.14286	-2.37806	-1	-1	-1
0	256	-0.842823	-4.12127	-1	-1	-1
0	256	-5.50178	-3.77894	1080	1131.84	-1
0	256	1.11155	-8.42391	-1	-1	-1
0	256	-0.253946	3.70664	70	104.406	-1
0	256	7.49827	-0.994334	-1	-1	-1
0	256	6.18383	4.13645	-1	-1	-1
0	256	-3.95585	0.25759	-1	-1	-1
0	256	1.37597	-7.30293	-1	-1	-1
0	256	-4.87113	0.736379	1983	2020.09	-1
0	256	7.6439	6.07191	2380	2449.59	-1
0	256	1.89859	-4.85281	-1	-1	-1
0	256	-7.52272	-0.0273499	-1	-1	-1
0	256	-1.91052	-9.3755	-1	-1	-1
0	256	-7.9142	2.84279	-1	-1	-1
0	256	7.19299	-5.7514	3638	3704.53	-1
0	256	-4.27605	-1.12242	492	613.844	-1
0	256	-1.28797	7.19814	2220	2277.22	-1
0	256	-6.47211	-0.94657	584	684.844	-1
0	256	5.83657	6.29126	5165	5231.62	-1
0	256	9.00901	-1.7498	-1	-1	-1
0	256	6.34417	-0.17102	70	124.969	-1
0	256	9.40181	5.54021	1417	1503.56	-1
0	256	-3.94988	0.622714	515	638.031	-1
0	256	-4.61563	2.44193	-1	-1	-1
0	256	-8.65369	-1.20831	3062	3125.47	-1
0	256	3.10248	-1.45029	76	131.094	-1
0	256	5.53322	5.04391	-1	-1	-1
0	256	-5.37549	-2.03031	4491	4534.66	-1
0	256	7.42634	-2.13258	-1	-1	-1
0	256	8.85973	-2.90713	-1	-1	-1
0	256	6.96922	-0.641951	-1	-1	-1
0	256	3.88949	-5.74498	4643	4699.38	-1
0	256	7.45402	-3.46391	-1	-1	-1
0	256	8.51974	-9.59858	4687	4781.09	-1
0	256	1.72877	3.87247	3052	3086.34	-1
0	256	-8.16607	4.23238	-1	-1	-1
0	256	4.88189	7.90902	-1	-1	-1
0	256	4.2151	-5.99015	-1	-1	-1
0	256	6.08523	3.2554	-1	-1	-1
0	256	5.14482	-4.50416	-1	-1	-1
0	256	1.77432	8.06256	277	380.25	-1
0	256	3.97252	8.28454	-1	-1	-1
0	256	5.68705	-5.51525	-1	-1	-1
0	256	2.34248	-7.75961	-1	-1	-1
0	256	-2.24655	-1.83543	4369	4540.88	-1
0	256	5.76692	5.25885	-1	-1	-1
0	256	-1.6107	9.57001	-1	-1	-1
0	256	-6.34977	-2.50316	2700	2757.38	-1
0	256	0.390825	9.59176	-1	-1	-1
0	256	-6.88784	4.35696	496	598.062	-1
0	256	3.70992	3.93151	103	266.688	-1
0	256	-5.37756	-3.24742	-1	-1	-1
0	256	4.62586	5.5032	-1	-1	-1
0	256	1.70159	-8.76043	-1	-1	-1
0	256	-2.23069	-6.24705	-1	-1	-1
0	256	7.55984	2.55609	223	281.531	-1
0	256	-5.22535	3.98944	2661	2785.06	-1
0	256	2.99147	-2.00562	1365	1514	-1
0	256	-1.61904	-9.3945	-1	-1	-1
0	256	1.93692	-8.64561	3944	4009.97	-1
0	256	3.57455	8.21103	-1	-1	-1
0	256	-2.27069	-4.33603	456	496.219	-1
0	256	-5.61515	1.03489	-1	-1	-1
0	256	0.843481	7.11661	-1	-1	-1
0	256	1.9745	-4.93497	-1	-1	-1
0	256	7.91827	3.66461	1996	2072.81	-1
0	256	-2.94372	-4.17273	685	734.719	-1
0	256	-6.30506	6.80078	2893	3019.22	-1
0	256	4.05122	2.67624	3852	3890.88	-1
0	256	4.21871	-3.12323	-1	-1	-1
0	256	-3.47165	3.76778	-1	-1	-1
0	256	-2.56135	4.59919	2070	2198.28	-1
0	256	3.99092	4.7296	-1	-1	-1
0	256	9.38424	3.30803	-1	-1	-1
0	256	-7.57333	-5.44121	-1	-1	-1
0	256	-1.35008	-6.3415	-1	-1	-1
0	256	-8.6549	2.71525	-1	-1	-1
0	256	3.7544	1.17855	4575	4613.19	-1
0	256	-7.05187	-3.96194	-1	-1	-1
0	256	-4.46018	-0.367093	1654	1779.03	-1
0	256	-7.33055	-5.30905	-1	-1	-1
0	256	-9.34129	-1.57879	2387	2458.09	-1
0	256	-8.03761	1.5503	-1	-1	-1
0	256	7.2644	0.486484	-1	-1	-1
0	256	7.20176	5.74789	1758	1827.72	-1
0	256	-3.21211	-0.667369	4715	4747.31	-1
0	256	4.8752	-4.2131	4283	4335.59	-1
0	256	3.60472	-5.48046	-1	-1	-1
0	256	7.57896	1.55157	3556	3613.22	-1
0	256	6.36426	-2.00469	3868	3920.19	-1
0	256	3.01866	6.26149	-1	-1	-1
0	256	7.56431	-3.37385	-1	-1	-1
0	256	3.28705	1.5367	5178	5208.31	-1
0	256	-6.42112	1.43681	1726	1817.97	-1
0	256	5.25919	8.32773	150	222.594	-1
0	256	-3.80805	-6.33481	4861	4977.88	-1
0	256	6.29665	-5.98723	4424	4543.06	-1
0	256	4.08268	-1.95865	3292	3333.53	-1
0	256	4.26021	8.08585	269	386.719	-1
0	256	2.17072	-4.54131	-1	-1	-1
0	256	7.73783	-2.85561	3817	3914.94	-1
0	256	2.01264	7.55021	-1	-1	-1
0	256	-6.23334	4.53911	3787	3923.22	-1
0	256	-4.60149	-6.78924	1847	1961.38	-1
0	256	6.60273	4.45146	-1	-1	-1
0	256	4.78362	1.14003	1680	1786.25	-1
0	256	9.35635	4.32697	1964	2035.75	-1
0	256	0.966756	-3.31473	198	227.312	-1
0	256	-4.60227	-1.62702	4387	4425.06	-1
0	256	6.33409	-6.65958	-1	-1	-1
0	256	-6.33765	4.50587	-1	-1	-1
0	256	-2.05169	9.51676	5323	5395.22	-1
0	256	-3.18007	-2.76646	-1	-1	-1
0	256	1.26003	0.604887	1609	1728.81	-1
0	256	-3.70209	-2.61374	-1	-1	-1
0	256	2.99359	-2.84437	2765	2921.38	-1
0	256	-7.16934	-6.58211	-1	-1	-1
0	256	-0.561897	8.51016	2079	2144.44	-1
0	256	-4.72013	-8.21908	-1	-1	-1
0	256	-5.65375	-4.22394	1188	1244.5	-1
0	256	4.04029	6.43683	-1	-1	-1
0	256	9.46552	1.26957	-1	-1	-1
0	256	-7.33756	0.366471	-1	-1	-1
0	256	0.666023	-8.13593	-1	-1	-1
0	256	-6.83305	-6.52959	-1	-1	-1
0	256	-3.59267	5.2435	-1	-1	-1
0	256	3.25259	2.05183	-1	-1	-1
0	256	-0.686104	5.82282	4255	4302.25	-1
0	256	3.59223	8.80531	-1	-1	-1
0	256	-5.56662	2.08322	-1	-1	-1
0	256	5.62808	-1.24374	4003	4054.06	-1
0	256	9.39345	-2.4688	1566	1637.5	-1
0	256	8.7402	3.43032	2334	2406.34	-1
0	256	-1.78881	-4.83399	3430	3471.22	-1
0	256	-7.33632	1.52902	-1	-1	-1
0	256	-8.35888	3.54486	-1	-1	-1
0	256	7.59065	0.557667	-1	-1	-1
0	256	-5.53185	-7.17596	1270	1340.03	-1
0	256	-1.985	8.68942	4279	4347.22	-1
0	256	4.22022	-8.62644	-1	-1	-1
0	256	3.67069	-1.96247	3064	3196.06	-1
0	256	-4.88908	5.79496	-1	-1	-1
0	256	-7.38937	5.54236	-1	-1	-1
0	256	3.53999	-8.29502	-1	-1	-1
0	256	7.06196	-6.31462	-1	-1	-1
0	256	3.13819	0.36669	253	390	-1
0	256	-2.26559	6.9173	-1	-1	-1
0	256	3.07926	8.96049	479	547.188	-1
0	256	-4.37436	-8.77116	-1	-1	-1
0	256	8.10365	0.186548	2058	2151.5	-1
0	256	-5.11648	1.26661	3657	3761.91	-1
0	256	6.41133	-4.60417	4141	4198.03	-1
0	256	-7.83234	0.0771348	-1	-1	-1
0	256	-6.71444	-5.85149	-1	-1	-1
0	256	5.85786	3.52802	4038	4089.19	-1
0	256	7.57483	3.22892	-1	-1	-1
0	256	-1.31163	4.60101	2916	2959.66	-1
0	256	-6.6942	-6.81594	-1	-1	-1
0	256	2.09261	5.10343	-1	-1	-1
0	256	-6.89411	-3.04863	1717	1776.84	-1
0	256	-2.79853	-7.02852	1577	1639.78	-1
0	256	5.79634	6.72688	2815	2889.22	-1
0	256	5.12676	5.31063	-1	-1	-1
0	256	7.6697	-2.31478	3385	3449.09	-1
0	256	-3.84351	6.3013	-1	-1	-1
0	256	-0.388411	8.73704	-1	-1	-1
0	256	-1.72058	-6.90756	-1	-1	-1
0	256	-1.7423	6.10287	-1	-1	-1
0	256	-3.95283	-8.85547	-1	-1	-1
0	256	-3.4214	-7.22234	1129	1189.78	-1
0	256	-0.530564	-9.23201	3411	3486.62	-1
0	256	2.7087	3.16471	-1	-1	-1
0	256	-9.13314	-1.94114	3062	3133.53	-1
0	256	-4.86116	-5.44664	5267	5323.19	-1
0	256	-0.941918	-2.9558	3233	3260.72	-1
0	256	-8.83262	1.66591	-1	-1	-1
0	256	-6.53802	0.170185	-1	-1	-1
0	256	-8.41812	0.957181	-1	-1	-1
0	256	5.88784	-4.6196	-1	-1	-1
0	256	-6.86759	-6.67674	-1	-1	-1
0	256	-3.53158	6.01187	-1	-1	-1
0	256	-0.542959	8.00152	1967	2026.69	-1
0	256	2.33832	6.10149	-1	-1	-1
0	256	6.57367	-5.99348	-1	-1	-1
0	256	-0.567106	3.89614	5167	5282.69	-1
0	256	-2.92129	-1.03068	-1	-1	-1
0	256	7.68353	4.97652	1399	1469.12	-1
0	256	-4.42904	-4.3902	4566	4619.28	-1
0	256	-7.08242	6.84703	2346	2419.97	-1
0	256	-3.79534	-8.45742	-1	-1	-1
0	256	6.41155	1.32774	-1	-1	-1
0	256	6.33446	-5.35041	-1	-1	-1
0	256	1.57699	9.08363	-1	-1	-1
0	256	0.0750379	5.09512	-1	-1	-1
0	256	7.24214	-4.27658	-1	-1	-1
0	256	7.77188	9.52891	5140	5224.12	-1
0	256	5.02368	2.85662	918	967.094	-1
0	256	-7.00651	-5.29533	-1	-1	-1
0	256	7.69482	5.24931	1393	1464.06	-1
0	256	2.636	2.58675	318	348.094	-1
0	256	-2.4316	7.8031	385	443	-1
0	256	0.786592	8.60386	-1	-1	-1
0	256	0.946404	-8.12338	-1	-1	-1
0	256	-8.46498	4.74099	-1	-1	-1
0	256	-3.82996	2.1194	-1	-1	-1
0	256	-6.05449	-5.11616	-1	-1	-1
