Pile ID	Distribution Type	X-Position	Y-Position	Pickup Time	Drop Off Time	Ant ID
1	1	-1.18	-6.45083	-1	-1	-1
1	1	-1.03	-6.45083	-1	-1	-1
1	1	-0.879998	-6.45083	-1	-1	-1
1	1	-0.729998	-6.45083	-1	-1	-1
1	1	-0.579998	-6.45083	-1	-1	-1
1	1	-0.429998	-6.45083	4708	4774.81	-1
1	1	-0.279998	-6.45083	5325	5378.41	-1
1	1	-0.129998	-6.45083	3342	3398.34	-1
1	1	0.0200018	-6.45083	3468	3522.12	-1
1	1	0.170002	-6.45083	4531	4589.88	-1
1	1	0.320002	-6.45083	5009	5102.91	-1
1	1	0.470002	-6.45083	4896	4944.28	-1
1	1	0.620002	-6.45083	5100	5168.81	-1
1	1	0.770002	-6.45083	5223	5279	-1
1	1	0.920002	-6.45083	-1	-1	-1
1	1	1.07	-6.45083	-1	-1	-1
1	1	-1.18	-6.30083	-1	-1	-1
1	1	-1.03	-6.30083	-1	-1	-1
1	1	-0.879998	-6.30083	4472	4540.06	-1
1	1	-0.729998	-6.30083	4591	4637.06	-1
1	1	-0.579998	-6.30083	3478	3557.34	-1
1	1	-0.429998	-6.30083	3351	3429.12	-1
1	1	-0.279998	-6.30083	3121	3182.75	-1
1	1	-0.129998	-6.30083	3232	3286.84	-1
1	1	0.0200018	-6.30083	3577	3625.53	-1
1	1	0.170002	-6.30083	4514	4578.44	-1
1	1	0.320002	-6.30083	4661	4710.59	-1
1	1	0.470002	-6.30083	4789	4840.56	-1
1	1	0.620002	-6.30083	4992	5042.69	-1
1	1	0.770002	-6.30083	5217	5266.88	-1
1	1	0.920002	-6.30083	-1	-1	-1
1	1	1.07	-6.30083	-1	-1	-1
1	1	-1.18	-6.15083	-1	-1	-1
1	1	-1.03	-6.15083	-1	-1	-1
1	1	-0.879998	-6.15083	4604	4661.47	-1
1	1	-0.729998	-6.15083	4372	4421.5	-1
1	1	-0.579998	-6.15083	3243	3300.91	-1
1	1	-0.429998	-6.15083	2765	2820.69	-1
1	1	-0.279998	-6.15083	2868	2934.31	-1
1	1	-0.129998	-6.15083	2991	3063.47	-1
1	1	0.0200018	-6.15083	3608	3674.34	-1
1	1	0.170002	-6.15083	3629	3698.47	-1
1	1	0.320002	-6.15083	3572	3620.47	-1
1	1	0.470002	-6.15083	4704	4755.72	-1
1	1	0.620002	-6.15083	4811	4858.5	-1
1	1	0.770002	-6.15083	5097	5153.16	-1
1	1	0.920002	-6.15083	-1	-1	-1
1	1	1.07	-6.15083	-1	-1	-1
1	1	-1.18	-6.00083	4383	4429.25	-1
1	1	-1.03	-6.00083	4472	4520.66	-1
1	1	-0.879998	-6.00083	-1	-1	-1
1	1	-0.729998	-6.00083	3514	3565.53	-1
1	1	-0.579998	-6.00083	3145	3197.34	-1
1	1	-0.429998	-6.00083	2647	2709.56	-1
1	1	-0.279998	-6.00083	2439	2493.62	-1
1	1	-0.129998	-6.00083	2540	2589.72	-1
1	1	0.0200018	-6.00083	3438	3501.19	-1
1	1	0.170002	-6.00083	3333	3378.97	-1
1	1	0.320002	-6.00083	3510	3571.22	-1
1	1	0.470002	-6.00083	5283	5392.84	-1
1	1	0.620002	-6.00083	-1	-1	-1
1	1	0.770002	-6.00083	-1	-1	-1
1	1	0.920002	-6.00083	-1	-1	-1
1	1	1.07	-6.00083	-1	-1	-1
1	1	-1.18	-5.85083	4153	4217.97	-1
1	1	-1.03	-5.85083	4258	4309.09	-1
1	1	-0.879998	-5.85083	4024	4079.88	-1
1	1	-0.729998	-5.85083	3615	3665	-1
1	1	-0.579998	-5.85083	3365	3454.03	-1
1	1	-0.429998	-5.85083	2660	2722.28	-1
1	1	-0.279998	-5.85083	2327	2377.41	-1
1	1	-0.129998	-5.85083	2299	2356.88	-1
1	1	0.0200018	-5.85083	2789	2849.09	-1
1	1	0.170002	-5.85083	3076	3147.16	-1
1	1	0.320002	-5.85083	2967	3014.19	-1
1	1	0.470002	-5.85083	2981	3030	-1
1	1	0.620002	-5.85083	-1	-1	-1
1	1	0.770002	-5.85083	-1	-1	-1
1	1	0.920002	-5.85083	-1	-1	-1
1	1	1.07	-5.85083	-1	-1	-1
1	1	-1.18	-5.70083	4043	4096.72	-1
1	1	-1.03	-5.70083	3921	3966.31	-1
1	1	-0.879998	-5.70083	3829	3874.53	-1
1	1	-0.729998	-5.70083	3731	3780.84	-1
1	1	-0.579998	-5.70083	3756	3803.06	-1
1	1	-0.429998	-5.70083	3715	3759.5	-1
1	1	-0.279998	-5.70083	2201	2309.38	-1
1	1	-0.129998	-5.70083	2189	2248.25	-1
1	1	0.0200018	-5.70083	3204	3249.81	-1
1	1	0.170002	-5.70083	2919	2983.72	-1
1	1	0.320002	-5.70083	2812	2877.34	-1
1	1	0.470002	-5.70083	2916	2965.38	-1
1	1	0.620002	-5.70083	2798	2864.91	-1
1	1	0.770002	-5.70083	-1	-1	-1
1	1	0.920002	-5.70083	-1	-1	-1
1	1	1.07	-5.70083	-1	-1	-1
1	1	-1.18	-5.55083	4139	4190.25	-1
1	1	-1.03	-5.55083	3105	3154.56	-1
1	1	-0.879998	-5.55083	3212	3261.91	-1
1	1	-0.729998	-5.55083	4349	4438.59	-1
1	1	-0.579998	-5.55083	4485	4531.22	-1
1	1	-0.429998	-5.55083	2147	2221.84	-1
1	1	-0.279998	-5.55083	2020	2081.03	-1
1	1	-0.129998	-5.55083	2076	2132.06	-1
1	1	0.0200018	-5.55083	3093	3136.25	-1
1	1	0.170002	-5.55083	2713	2771.25	-1
1	1	0.320002	-5.55083	2574	2645.38	-1
1	1	0.470002	-5.55083	2344	2405.91	-1
1	1	0.620002	-5.55083	2466	2520.34	-1
1	1	0.770002	-5.55083	2507	2554.94	-1
1	1	0.920002	-5.55083	-1	-1	-1
1	1	1.07	-5.55083	-1	-1	-1
1	1	-1.18	-5.40083	5252	5295.75	-1
1	1	-1.03	-5.40083	2817	2923.47	-1
1	1	-0.879998	-5.40083	2975	3032.97	-1
1	1	-0.729998	-5.40083	2750	2803.44	-1
1	1	-0.579998	-5.40083	2812	2903.44	-1
1	1	-0.429998	-5.40083	1956	2000.44	-1
1	1	-0.279998	-5.40083	1787	1868.19	-1
1	1	-0.129998	-5.40083	1939	1990.47	-1
1	1	0.0200018	-5.40083	3434	3482.53	-1
1	1	0.170002	-5.40083	2834	2891.44	-1
1	1	0.320002	-5.40083	1969	2028.19	-1
1	1	0.470002	-5.40083	2094	2139.91	-1
1	1	0.620002	-5.40083	2187	2281.5	-1
1	1	0.770002	-5.40083	2363	2457.75	-1
1	1	0.920002	-5.40083	-1	-1	-1
1	1	1.07	-5.40083	-1	-1	-1
1	1	-1.18	-5.25083	2890	2955	-1
1	1	-1.03	-5.25083	2759	2814.91	-1
1	1	-0.879998	-5.25083	2677	2740.41	-1
1	1	-0.729998	-5.25083	2546	2619.12	-1
1	1	-0.579998	-5.25083	2157	2209.44	-1
1	1	-0.429998	-5.25083	2055	2106.06	-1
1	1	-0.279998	-5.25083	1678	1738.34	-1
1	1	-0.129998	-5.25083	1905	1962.88	-1
1	1	0.0200018	-5.25083	2976	3016.31	-1
1	1	0.170002	-5.25083	2962	3004.78	-1
1	1	0.320002	-5.25083	1625	1681.47	-1
1	1	0.470002	-5.25083	1523	1575.12	-1
1	1	0.620002	-5.25083	2943	3047.62	-1
1	1	0.770002	-5.25083	2471	2529.84	-1
1	1	0.920002	-5.25083	2594	2676.28	-1
1	1	1.07	-5.25083	4653	4693.41	-1
1	1	-1.18	-5.10083	4365	4408.69	-1
1	1	-1.03	-5.10083	2706	2755	-1
1	1	-0.879998	-5.10083	2652	2692.84	-1
1	1	-0.729998	-5.10083	2360	2424.66	-1
1	1	-0.579998	-5.10083	2173	2240.69	-1
1	1	-0.429998	-5.10083	1825	1904.88	-1
1	1	-0.279998	-5.10083	1541	1619.62	-1
1	1	-0.129998	-5.10083	1420	1474.47	-1
1	1	0.0200018	-5.10083	1863	1931.69	-1
1	1	0.170002	-5.10083	1621	1666.62	-1
1	1	0.320002	-5.10083	1454	1510.5	-1
1	1	0.470002	-5.10083	1498	1567.5	-1
1	1	0.620002	-5.10083	1672	1723.81	-1
1	1	0.770002	-5.10083	1822	1911.59	-1
1	1	0.920002	-5.10083	2570	2645.06	-1
1	1	1.07	-5.10083	1921	1978.53	-1
1	1	-1.18	-4.95083	-1	-1	-1
1	1	-1.03	-4.95083	4247	4287.53	-1
1	1	-0.879998	-4.95083	2558	2605.44	-1
1	1	-0.729998	-4.95083	2460	2500.28	-1
1	1	-0.579998	-4.95083	2266	2313.84	-1
1	1	-0.429998	-4.95083	1590	1671.41	-1
1	1	-0.279998	-4.95083	1478	1527.62	-1
1	1	-0.129998	-4.95083	1332	1377.12	-1
1	1	0.0200018	-4.95083	1270	1314.09	-1
1	1	0.170002	-4.95083	1344	1473.28	-1
1	1	0.320002	-4.95083	1237	1306.5	-1
1	1	0.470002	-4.95083	1362	1412.5	-1
1	1	0.620002	-4.95083	1768	1815.12	-1
1	1	0.770002	-4.95083	2322	2390.94	-1
1	1	0.920002	-4.95083	2695	2749.75	-1
1	1	1.07	-4.95083	3035	3078.56	-1
1	1	-1.18	-4.80083	-1	-1	-1
1	1	-1.03	-4.80083	-1	-1	-1
1	1	-0.879998	-4.80083	4660	4702.53	-1
1	1	-0.729998	-4.80083	4136	4183.72	-1
1	1	-0.579998	-4.80083	2942	3013.75	-1
1	1	-0.429998	-4.80083	1738	1801.41	-1
1	1	-0.279998	-4.80083	1655	1708.22	-1
1	1	-0.129998	-4.80083	1377	1426.59	-1
1	1	0.0200018	-4.80083	1074	1149.88	-1
1	1	0.170002	-4.80083	1186	1231.44	-1
1	1	0.320002	-4.80083	1225	1274.53	-1
1	1	0.470002	-4.80083	1246	1289.72	-1
1	1	0.620002	-4.80083	1566	1632.03	-1
1	1	0.770002	-4.80083	2118	2173.88	-1
1	1	0.920002	-4.80083	2215	2255.44	-1
1	1	1.07	-4.80083	2300	2350.31	-1
1	1	-1.18	-4.65083	-1	-1	-1
1	1	-1.03	-4.65083	-1	-1	-1
1	1	-0.879998	-4.65083	-1	-1	-1
1	1	-0.729998	-4.65083	-1	-1	-1
1	1	-0.579998	-4.65083	1805	1849.81	-1
1	1	-0.429998	-4.65083	1599	1643.56	-1
1	1	-0.279998	-4.65083	1067	1108.25	-1
1	1	-0.129998	-4.65083	688	730.594	-1
1	1	0.0200018	-4.65083	798	837.281	-1
1	1	0.170002	-4.65083	975	1049.44	-1
1	1	0.320002	-4.65083	1102	1174.03	-1
1	1	0.470002	-4.65083	1490	1541.56	-1
1	1	0.620002	-4.65083	1738	1787.97	-1
1	1	0.770002	-4.65083	1973	2055.75	-1
1	1	0.920002	-4.65083	2406	2482.94	-1
1	1	1.07	-4.65083	-1	-1	-1
1	1	-1.18	-4.50083	-1	-1	-1
1	1	-1.03	-4.50083	-1	-1	-1
1	1	-0.879998	-4.50083	-1	-1	-1
1	1	-0.729998	-4.50083	-1	-1	-1
1	1	-0.579998	-4.50083	-1	-1	-1
1	1	-0.429998	-4.50083	1694	1760.62	-1
1	1	-0.279998	-4.50083	888	931.312	-1
1	1	-0.129998	-4.50083	602	651.094	-1
1	1	0.0200018	-4.50083	769	834.5	-1
1	1	0.170002	-4.50083	821	915.781	-1
1	1	0.320002	-4.50083	1021	1078.62	-1
1	1	0.470002	-4.50083	1838	1893.03	-1
1	1	0.620002	-4.50083	1866	1920.41	-1
1	1	0.770002	-4.50083	2103	2158.06	-1
1	1	0.920002	-4.50083	581	626.562	-1
1	1	1.07	-4.50083	677	725.438	-1
1	1	-1.18	-4.35083	-1	-1	-1
1	1	-1.03	-4.35083	-1	-1	-1
1	1	-0.879998	-4.35083	-1	-1	-1
1	1	-0.729998	-4.35083	2506	2558.41	-1
1	1	-0.579998	-4.35083	263	304.406	-1
1	1	-0.429998	-4.35083	353	396.75	-1
1	1	-0.279998	-4.35083	458	492.281	-1
1	1	-0.129998	-4.35083	348	386.031	-1
1	1	0.0200018	-4.35083	531	565.5	-1
1	1	0.170002	-4.35083	971	1014.69	-1
1	1	0.320002	-4.35083	1161	1214	-1
1	1	0.470002	-4.35083	678	712.625	-1
1	1	0.620002	-4.35083	413	451.875	-1
1	1	0.770002	-4.35083	311	348.438	-1
1	1	0.920002	-4.35083	473	517.688	-1
1	1	1.07	-4.35083	503	554.188	-1
1	1	-1.18	-4.20083	66	104.625	-1
1	1	-1.03	-4.20083	154	217.219	-1
1	1	-0.879998	-4.20083	79	120.688	-1
1	1	-0.729998	-4.20083	156	198.719	-1
1	1	-0.579998	-4.20083	235	286.344	-1
1	1	-0.429998	-4.20083	207	261.719	-1
1	1	-0.279998	-4.20083	61	146.688	-1
1	1	-0.129998	-4.20083	183	220.906	-1
1	1	0.0200018	-4.20083	267	311.656	-1
1	1	0.170002	-4.20083	37	70.7812	-1
1	1	0.320002	-4.20083	499	624.375	-1
1	1	0.470002	-4.20083	331	374.875	-1
1	1	0.620002	-4.20083	143	179.625	-1
1	1	0.770002	-4.20083	234	275.969	-1
1	1	0.920002	-4.20083	392	425.562	-1
1	1	1.07	-4.20083	601	642.25	-1
2	4	-4.51968	8.06093	-1	-1	-1
2	4	-4.36968	8.06093	-1	-1	-1
2	4	-4.21968	8.06093	-1	-1	-1
2	4	-4.06968	8.06093	-1	-1	-1
2	4	-3.91968	8.06093	-1	-1	-1
2	4	-3.76968	8.06093	-1	-1	-1
2	4	-3.61968	8.06093	-1	-1	-1
2	4	-3.46968	8.06093	-1	-1	-1
2	4	-4.51968	8.21093	-1	-1	-1
2	4	-4.36968	8.21093	-1	-1	-1
2	4	-4.21968	8.21093	-1	-1	-1
2	4	-4.06968	8.21093	-1	-1	-1
2	4	-3.91968	8.21093	-1	-1	-1
2	4	-3.76968	8.21093	-1	-1	-1
2	4	-3.61968	8.21093	-1	-1	-1
2	4	-3.46968	8.21093	-1	-1	-1
2	4	-4.51968	8.36093	-1	-1	-1
2	4	-4.36968	8.36093	-1	-1	-1
2	4	-4.21968	8.36093	-1	-1	-1
2	4	-4.06968	8.36093	-1	-1	-1
2	4	-3.91968	8.36093	-1	-1	-1
2	4	-3.76968	8.36093	-1	-1	-1
2	4	-3.61968	8.36093	-1	-1	-1
2	4	-3.46968	8.36093	-1	-1	-1
2	4	-4.51968	8.51093	4339	4409.38	-1
2	4	-4.36968	8.51093	-1	-1	-1
2	4	-4.21968	8.51093	-1	-1	-1
2	4	-4.06968	8.51093	-1	-1	-1
2	4	-3.91968	8.51093	-1	-1	-1
2	4	-3.76968	8.51093	-1	-1	-1
2	4	-3.61968	8.51093	-1	-1	-1
2	4	-3.46968	8.51093	-1	-1	-1
2	4	-4.51968	8.66093	4476	4552.47	-1
2	4	-4.36968	8.66093	-1	-1	-1
2	4	-4.21968	8.66093	-1	-1	-1
2	4	-4.06968	8.66093	-1	-1	-1
2	4	-3.91968	8.66093	-1	-1	-1
2	4	-3.76968	8.66093	-1	-1	-1
2	4	-3.61968	8.66093	-1	-1	-1
2	4	-3.46968	8.66093	-1	-1	-1
2	4	-4.51968	8.81093	-1	-1	-1
2	4	-4.36968	8.81093	-1	-1	-1
2	4	-4.21968	8.81093	-1	-1	-1
2	4	-4.06968	8.81093	-1	-1	-1
2	4	-3.91968	8.81093	-1	-1	-1
2	4	-3.76968	8.81093	-1	-1	-1
2	4	-3.61968	8.81093	-1	-1	-1
2	4	-3.46968	8.81093	-1	-1	-1
2	4	-4.51968	8.96093	-1	-1	-1
2	4	-4.36968	8.96093	-1	-1	-1
2	4	-4.21968	8.96093	-1	-1	-1
2	4	-4.06968	8.96093	-1	-1	-1
2	4	-3.91968	8.96093	-1	-1	-1
2	4	-3.76968	8.96093	-1	-1	-1
2	4	-3.61968	8.96093	-1	-1	-1
2	4	-3.46968	8.96093	-1	-1	-1
2	4	-4.51968	9.11093	-1	-1	-1
2	4	-4.36968	9.11093	-1	-1	-1
2	4	-4.21968	9.11093	-1	-1	-1
2	4	-4.06968	9.11093	-1	-1	-1
2	4	-3.91968	9.11093	-1	-1	-1
2	4	-3.76968	9.11093	-1	-1	-1
2	4	-3.61968	9.11093	-1	-1	-1
2	4	-3.46968	9.11093	-1	-1	-1
3	4	2.78401	1.93381	4999	5147.31	-1
3	4	2.93401	1.93381	-1	-1	-1
3	4	3.08401	1.93381	-1	-1	-1
3	4	3.23401	1.93381	-1	-1	-1
3	4	3.38401	1.93381	-1	-1	-1
3	4	3.53401	1.93381	-1	-1	-1
3	4	3.68401	1.93381	-1	-1	-1
3	4	3.83401	1.93381	-1	-1	-1
3	4	2.78401	2.08381	222	370.594	-1
3	4	2.93401	2.08381	-1	-1	-1
3	4	3.08401	2.08381	-1	-1	-1
3	4	3.23401	2.08381	-1	-1	-1
3	4	3.38401	2.08381	-1	-1	-1
3	4	3.53401	2.08381	-1	-1	-1
3	4	3.68401	2.08381	-1	-1	-1
3	4	3.83401	2.08381	-1	-1	-1
3	4	2.78401	2.23381	-1	-1	-1
3	4	2.93401	2.23381	-1	-1	-1
3	4	3.08401	2.23381	-1	-1	-1
3	4	3.23401	2.23381	-1	-1	-1
3	4	3.38401	2.23381	-1	-1	-1
3	4	3.53401	2.23381	-1	-1	-1
3	4	3.68401	2.23381	-1	-1	-1
3	4	3.83401	2.23381	-1	-1	-1
3	4	2.78401	2.38381	-1	-1	-1
3	4	2.93401	2.38381	-1	-1	-1
3	4	3.08401	2.38381	-1	-1	-1
3	4	3.23401	2.38381	-1	-1	-1
3	4	3.38401	2.38381	-1	-1	-1
3	4	3.53401	2.38381	-1	-1	-1
3	4	3.68401	2.38381	-1	-1	-1
3	4	3.83401	2.38381	-1	-1	-1
3	4	2.78401	2.53381	924	955.375	-1
3	4	2.93401	2.53381	-1	-1	-1
3	4	3.08401	2.53381	-1	-1	-1
3	4	3.23401	2.53381	-1	-1	-1
3	4	3.38401	2.53381	-1	-1	-1
3	4	3.53401	2.53381	-1	-1	-1
3	4	3.68401	2.53381	-1	-1	-1
3	4	3.83401	2.53381	-1	-1	-1
3	4	2.78401	2.68381	984	1018.78	-1
3	4	2.93401	2.68381	-1	-1	-1
3	4	3.08401	2.68381	-1	-1	-1
3	4	3.23401	2.68381	-1	-1	-1
3	4	3.38401	2.68381	-1	-1	-1
3	4	3.53401	2.68381	-1	-1	-1
3	4	3.68401	2.68381	-1	-1	-1
3	4	3.83401	2.68381	-1	-1	-1
3	4	2.78401	2.83381	3509	3658	-1
3	4	2.93401	2.83381	-1	-1	-1
3	4	3.08401	2.83381	-1	-1	-1
3	4	3.23401	2.83381	-1	-1	-1
3	4	3.38401	2.83381	-1	-1	-1
3	4	3.53401	2.83381	-1	-1	-1
3	4	3.68401	2.83381	-1	-1	-1
3	4	3.83401	2.83381	-1	-1	-1
3	4	2.78401	2.98381	-1	-1	-1
3	4	2.93401	2.98381	-1	-1	-1
3	4	3.08401	2.98381	-1	-1	-1
3	4	3.23401	2.98381	-1	-1	-1
3	4	3.38401	2.98381	-1	-1	-1
3	4	3.53401	2.98381	-1	-1	-1
3	4	3.68401	2.98381	-1	-1	-1
3	4	3.83401	2.98381	-1	-1	-1
4	4	5.46705	-5.27639	-1	-1	-1
4	4	5.61705	-5.27639	-1	-1	-1
4	4	5.76705	-5.27639	-1	-1	-1
4	4	5.91705	-5.27639	-1	-1	-1
4	4	6.06705	-5.27639	-1	-1	-1
4	4	6.21705	-5.27639	-1	-1	-1
4	4	6.36705	-5.27639	-1	-1	-1
4	4	6.51705	-5.27639	-1	-1	-1
4	4	5.46705	-5.12639	-1	-1	-1
4	4	5.61705	-5.12639	-1	-1	-1
4	4	5.76705	-5.12639	-1	-1	-1
4	4	5.91705	-5.12639	-1	-1	-1
4	4	6.06705	-5.12639	-1	-1	-1
4	4	6.21705	-5.12639	-1	-1	-1
4	4	6.36705	-5.12639	-1	-1	-1
4	4	6.51705	-5.12639	-1	-1	-1
4	4	5.46705	-4.97639	-1	-1	-1
4	4	5.61705	-4.97639	-1	-1	-1
4	4	5.76705	-4.97639	-1	-1	-1
4	4	5.91705	-4.97639	-1	-1	-1
4	4	6.06705	-4.97639	-1	-1	-1
4	4	6.21705	-4.97639	-1	-1	-1
4	4	6.36705	-4.97639	-1	-1	-1
4	4	6.51705	-4.97639	-1	-1	-1
4	4	5.46705	-4.82639	-1	-1	-1
4	4	5.61705	-4.82639	-1	-1	-1
4	4	5.76705	-4.82639	-1	-1	-1
4	4	5.91705	-4.82639	-1	-1	-1
4	4	6.06705	-4.82639	-1	-1	-1
4	4	6.21705	-4.82639	-1	-1	-1
4	4	6.36705	-4.82639	-1	-1	-1
4	4	6.51705	-4.82639	-1	-1	-1
4	4	5.46705	-4.67639	-1	-1	-1
4	4	5.61705	-4.67639	-1	-1	-1
4	4	5.76705	-4.67639	-1	-1	-1
4	4	5.91705	-4.67639	-1	-1	-1
4	4	6.06705	-4.67639	-1	-1	-1
4	4	6.21705	-4.67639	-1	-1	-1
4	4	6.36705	-4.67639	-1	-1	-1
4	4	6.51705	-4.67639	-1	-1	-1
4	4	5.46705	-4.52639	-1	-1	-1
4	4	5.61705	-4.52639	-1	-1	-1
4	4	5.76705	-4.52639	-1	-1	-1
4	4	5.91705	-4.52639	-1	-1	-1
4	4	6.06705	-4.52639	-1	-1	-1
4	4	6.21705	-4.52639	-1	-1	-1
4	4	6.36705	-4.52639	-1	-1	-1
4	4	6.51705	-4.52639	-1	-1	-1
4	4	5.46705	-4.37639	-1	-1	-1
4	4	5.61705	-4.37639	-1	-1	-1
4	4	5.76705	-4.37639	-1	-1	-1
4	4	5.91705	-4.37639	-1	-1	-1
4	4	6.06705	-4.37639	-1	-1	-1
4	4	6.21705	-4.37639	-1	-1	-1
4	4	6.36705	-4.37639	-1	-1	-1
4	4	6.51705	-4.37639	-1	-1	-1
4	4	5.46705	-4.22639	-1	-1	-1
4	4	5.61705	-4.22639	-1	-1	-1
4	4	5.76705	-4.22639	-1	-1	-1
4	4	5.91705	-4.22639	-1	-1	-1
4	4	6.06705	-4.22639	-1	-1	-1
4	4	6.21705	-4.22639	-1	-1	-1
4	4	6.36705	-4.22639	-1	-1	-1
4	4	6.51705	-4.22639	-1	-1	-1
5	4	6.68349	0.861867	3043	3105.88	-1
5	4	6.83349	0.861867	4384	4434.94	-1
5	4	6.98349	0.861867	4594	4655.22	-1
5	4	7.13349	0.861867	-1	-1	-1
5	4	7.28349	0.861867	-1	-1	-1
5	4	7.43349	0.861867	-1	-1	-1
5	4	7.58349	0.861867	-1	-1	-1
5	4	7.73349	0.861867	-1	-1	-1
5	4	6.68349	1.01187	2888	2989.09	-1
5	4	6.83349	1.01187	4483	4538.12	-1
5	4	6.98349	1.01187	4943	5001.72	-1
5	4	7.13349	1.01187	5354	-1	-1
5	4	7.28349	1.01187	-1	-1	-1
5	4	7.43349	1.01187	-1	-1	-1
5	4	7.58349	1.01187	-1	-1	-1
5	4	7.73349	1.01187	-1	-1	-1
5	4	6.68349	1.16187	3060	3125.56	-1
5	4	6.83349	1.16187	4702	4754.47	-1
5	4	6.98349	1.16187	4826	4883.22	-1
5	4	7.13349	1.16187	-1	-1	-1
5	4	7.28349	1.16187	-1	-1	-1
5	4	7.43349	1.16187	-1	-1	-1
5	4	7.58349	1.16187	-1	-1	-1
5	4	7.73349	1.16187	-1	-1	-1
5	4	6.68349	1.31187	5237	5309.56	-1
5	4	6.83349	1.31187	4978	5057.25	-1
5	4	6.98349	1.31187	4964	5031.59	-1
5	4	7.13349	1.31187	-1	-1	-1
5	4	7.28349	1.31187	-1	-1	-1
5	4	7.43349	1.31187	-1	-1	-1
5	4	7.58349	1.31187	-1	-1	-1
5	4	7.73349	1.31187	-1	-1	-1
5	4	6.68349	1.46187	1464	1518.72	-1
5	4	6.83349	1.46187	-1	-1	-1
5	4	6.98349	1.46187	-1	-1	-1
5	4	7.13349	1.46187	-1	-1	-1
5	4	7.28349	1.46187	-1	-1	-1
5	4	7.43349	1.46187	-1	-1	-1
5	4	7.58349	1.46187	-1	-1	-1
5	4	7.73349	1.46187	-1	-1	-1
5	4	6.68349	1.61187	3145	3243.78	-1
5	4	6.83349	1.61187	4258	4329.31	-1
5	4	6.98349	1.61187	-1	-1	-1
5	4	7.13349	1.61187	-1	-1	-1
5	4	7.28349	1.61187	-1	-1	-1
5	4	7.43349	1.61187	-1	-1	-1
5	4	7.58349	1.61187	-1	-1	-1
5	4	7.73349	1.61187	-1	-1	-1
5	4	6.68349	1.76187	3297	3348.53	-1
5	4	6.83349	1.76187	4145	4197.44	-1
5	4	6.98349	1.76187	-1	-1	-1
5	4	7.13349	1.76187	-1	-1	-1
5	4	7.28349	1.76187	-1	-1	-1
5	4	7.43349	1.76187	-1	-1	-1
5	4	7.58349	1.76187	-1	-1	-1
5	4	7.73349	1.76187	-1	-1	-1
5	4	6.68349	1.91187	3991	4087.56	-1
5	4	6.83349	1.91187	4681	4786.5	-1
5	4	6.98349	1.91187	-1	-1	-1
5	4	7.13349	1.91187	-1	-1	-1
5	4	7.28349	1.91187	-1	-1	-1
5	4	7.43349	1.91187	-1	-1	-1
5	4	7.58349	1.91187	-1	-1	-1
5	4	7.73349	1.91187	-1	-1	-1
6	16	0.659351	-3.15618	505	544.688	-1
6	16	0.809351	-3.15618	802	863.125	-1
6	16	0.959351	-3.15618	714	767.75	-1
6	16	1.10935	-3.15618	932	969.344	-1
6	16	0.659351	-3.00618	2070	2102.31	-1
6	16	0.809351	-3.00618	902	933.875	-1
6	16	0.959351	-3.00618	981	1012.5	-1
6	16	1.10935	-3.00618	1150	1207.56	-1
6	16	0.659351	-2.85618	1986	2041.09	-1
6	16	0.809351	-2.85618	3132	3169.84	-1
6	16	0.959351	-2.85618	1057	1090.56	-1
6	16	1.10935	-2.85618	1123	1150.28	-1
6	16	0.659351	-2.70618	2089	2117.78	-1
6	16	0.809351	-2.70618	3613	3639.06	-1
6	16	0.959351	-2.70618	2629	2676.31	-1
6	16	1.10935	-2.70618	2703	2732.38	-1
7	16	5.07964	-1.39562	-1	-1	-1
7	16	5.22964	-1.39562	-1	-1	-1
7	16	5.37964	-1.39562	-1	-1	-1
7	16	5.52964	-1.39562	-1	-1	-1
7	16	5.07964	-1.24562	-1	-1	-1
7	16	5.22964	-1.24562	-1	-1	-1
7	16	5.37964	-1.24562	-1	-1	-1
7	16	5.52964	-1.24562	-1	-1	-1
7	16	5.07964	-1.09562	-1	-1	-1
7	16	5.22964	-1.09562	-1	-1	-1
7	16	5.37964	-1.09562	-1	-1	-1
7	16	5.52964	-1.09562	-1	-1	-1
7	16	5.07964	-0.945622	-1	-1	-1
7	16	5.22964	-0.945622	-1	-1	-1
7	16	5.37964	-0.945622	-1	-1	-1
7	16	5.52964	-0.945622	-1	-1	-1
8	16	-6.89894	-2.71868	-1	-1	-1
8	16	-6.74894	-2.71868	-1	-1	-1
8	16	-6.59894	-2.71868	-1	-1	-1
8	16	-6.44894	-2.71868	-1	-1	-1
8	16	-6.89894	-2.56868	-1	-1	-1
8	16	-6.74894	-2.56868	-1	-1	-1
8	16	-6.59894	-2.56868	-1	-1	-1
8	16	-6.44894	-2.56868	-1	-1	-1
8	16	-6.89894	-2.41868	-1	-1	-1
8	16	-6.74894	-2.41868	-1	-1	-1
8	16	-6.59894	-2.41868	-1	-1	-1
8	16	-6.44894	-2.41868	-1	-1	-1
8	16	-6.89894	-2.26868	-1	-1	-1
8	16	-6.74894	-2.26868	-1	-1	-1
8	16	-6.59894	-2.26868	-1	-1	-1
8	16	-6.44894	-2.26868	-1	-1	-1
9	16	-8.59352	-3.63194	-1	-1	-1
9	16	-8.44352	-3.63194	-1	-1	-1
9	16	-8.29352	-3.63194	-1	-1	-1
9	16	-8.14352	-3.63194	-1	-1	-1
9	16	-8.59352	-3.48194	-1	-1	-1
9	16	-8.44352	-3.48194	-1	-1	-1
9	16	-8.29352	-3.48194	-1	-1	-1
9	16	-8.14352	-3.48194	-1	-1	-1
9	16	-8.59352	-3.33194	-1	-1	-1
9	16	-8.44352	-3.33194	-1	-1	-1
9	16	-8.29352	-3.33194	-1	-1	-1
9	16	-8.14352	-3.33194	-1	-1	-1
9	16	-8.59352	-3.18194	-1	-1	-1
9	16	-8.44352	-3.18194	-1	-1	-1
9	16	-8.29352	-3.18194	-1	-1	-1
9	16	-8.14352	-3.18194	-1	-1	-1
10	16	5.41374	0.0160164	-1	-1	-1
10	16	5.56374	0.0160164	-1	-1	-1
10	16	5.71374	0.0160164	5131	5184.12	-1
10	16	5.86374	0.0160164	4921	4971.06	-1
10	16	5.41374	0.166016	-1	-1	-1
10	16	5.56374	0.166016	-1	-1	-1
10	16	5.71374	0.166016	4823	4868.47	-1
10	16	5.86374	0.166016	4720	4767.59	-1
10	16	5.41374	0.316016	-1	-1	-1
10	16	5.56374	0.316016	-1	-1	-1
10	16	5.71374	0.316016	4386	4431.09	-1
10	16	5.86374	0.316016	4474	4521.94	-1
10	16	5.41374	0.466016	-1	-1	-1
10	16	5.56374	0.466016	4261	4312.78	-1
10	16	5.71374	0.466016	4166	4214.16	-1
10	16	5.86374	0.466016	4268	4336.56	-1
11	16	-8.5877	3.69219	5112	5178	-1
11	16	-8.4377	3.69219	5400	-1	-1
11	16	-8.2877	3.69219	-1	-1	-1
11	16	-8.1377	3.69219	-1	-1	-1
11	16	-8.5877	3.84219	5254	5320.88	-1
11	16	-8.4377	3.84219	-1	-1	-1
11	16	-8.2877	3.84219	-1	-1	-1
11	16	-8.1377	3.84219	-1	-1	-1
11	16	-8.5877	3.99219	-1	-1	-1
11	16	-8.4377	3.99219	-1	-1	-1
11	16	-8.2877	3.99219	-1	-1	-1
11	16	-8.1377	3.99219	5368	-1	-1
11	16	-8.5877	4.14219	-1	-1	-1
11	16	-8.4377	4.14219	-1	-1	-1
11	16	-8.2877	4.14219	-1	-1	-1
11	16	-8.1377	4.14219	-1	-1	-1
12	16	-0.510038	9.18361	3229	3303.97	-1
12	16	-0.360038	9.18361	3072	3161.84	-1
12	16	-0.210038	9.18361	3253	3319.28	-1
12	16	-0.0600378	9.18361	-1	-1	-1
12	16	-0.510038	9.33361	-1	-1	-1
12	16	-0.360038	9.33361	3386	3459.09	-1
12	16	-0.210038	9.33361	-1	-1	-1
12	16	-0.0600378	9.33361	-1	-1	-1
12	16	-0.510038	9.48361	-1	-1	-1
12	16	-0.360038	9.48361	-1	-1	-1
12	16	-0.210038	9.48361	-1	-1	-1
12	16	-0.0600378	9.48361	-1	-1	-1
12	16	-0.510038	9.63361	-1	-1	-1
12	16	-0.360038	9.63361	1347	1418.69	-1
12	16	-0.210038	9.63361	1001	1073.84	-1
12	16	-0.0600378	9.63361	1156	1227.47	-1
13	16	-5.52219	-4.94606	-1	-1	-1
13	16	-5.37219	-4.94606	-1	-1	-1
13	16	-5.22219	-4.94606	-1	-1	-1
13	16	-5.07219	-4.94606	-1	-1	-1
13	16	-5.52219	-4.79606	-1	-1	-1
13	16	-5.37219	-4.79606	-1	-1	-1
13	16	-5.22219	-4.79606	-1	-1	-1
13	16	-5.07219	-4.79606	-1	-1	-1
13	16	-5.52219	-4.64606	-1	-1	-1
13	16	-5.37219	-4.64606	-1	-1	-1
13	16	-5.22219	-4.64606	-1	-1	-1
13	16	-5.07219	-4.64606	3850	3911.66	-1
13	16	-5.52219	-4.49606	-1	-1	-1
13	16	-5.37219	-4.49606	-1	-1	-1
13	16	-5.22219	-4.49606	3736	3790.38	-1
13	16	-5.07219	-4.49606	1251	1399.69	-1
14	16	3.10671	-3.49262	662	704.594	-1
14	16	3.25671	-3.49262	1699	1770.31	-1
14	16	3.40671	-3.49262	1904	1946.09	-1
14	16	3.55671	-3.49262	2138	2178.72	-1
14	16	3.10671	-3.34262	450	604.625	-1
14	16	3.25671	-3.34262	722	780.031	-1
14	16	3.40671	-3.34262	1806	1843.88	-1
14	16	3.55671	-3.34262	2041	2085.69	-1
14	16	3.10671	-3.19262	642	680.719	-1
14	16	3.25671	-3.19262	1036	1097.22	-1
14	16	3.40671	-3.19262	1602	1659.09	-1
14	16	3.55671	-3.19262	2123	2166.47	-1
14	16	3.10671	-3.04262	747	799.031	-1
14	16	3.25671	-3.04262	1532	1571.75	-1
14	16	3.40671	-3.04262	3560	3596.56	-1
14	16	3.55671	-3.04262	-1	-1	-1
15	16	9.11987	8.06263	-1	-1	-1
15	16	9.26987	8.06263	-1	-1	-1
15	16	9.41987	8.06263	-1	-1	-1
15	16	9.56987	8.06263	-1	-1	-1
15	16	9.11987	8.21263	-1	-1	-1
15	16	9.26987	8.21263	-1	-1	-1
15	16	9.41987	8.21263	-1	-1	-1
15	16	9.56987	8.21263	-1	-1	-1
15	16	9.11987	8.36263	-1	-1	-1
15	16	9.26987	8.36263	-1	-1	-1
15	16	9.41987	8.36263	-1	-1	-1
15	16	9.56987	8.36263	-1	-1	-1
15	16	9.11987	8.51263	-1	-1	-1
15	16	9.26987	8.51263	-1	-1	-1
15	16	9.41987	8.51263	4958	5051.09	-1
15	16	9.56987	8.51263	1394	1488.34	-1
16	16	-5.33137	-5.56674	3348	3425.72	-1
16	16	-5.18137	-5.56674	3486	3544.56	-1
16	16	-5.03137	-5.56674	-1	-1	-1
16	16	-4.88137	-5.56674	-1	-1	-1
16	16	-5.33137	-5.41674	-1	-1	-1
16	16	-5.18137	-5.41674	-1	-1	-1
16	16	-5.03137	-5.41674	-1	-1	-1
16	16	-4.88137	-5.41674	-1	-1	-1
16	16	-5.33137	-5.26674	-1	-1	-1
16	16	-5.18137	-5.26674	-1	-1	-1
16	16	-5.03137	-5.26674	-1	-1	-1
16	16	-4.88137	-5.26674	-1	-1	-1
16	16	-5.33137	-5.11674	-1	-1	-1
16	16	-5.18137	-5.11674	-1	-1	-1
16	16	-5.03137	-5.11674	-1	-1	-1
16	16	-4.88137	-5.11674	-1	-1	-1
17	16	8.64487	-4.85134	-1	-1	-1
17	16	8.79487	-4.85134	-1	-1	-1
17	16	8.94487	-4.85134	-1	-1	-1
17	16	9.09487	-4.85134	-1	-1	-1
17	16	8.64487	-4.70134	-1	-1	-1
17	16	8.79487	-4.70134	-1	-1	-1
17	16	8.94487	-4.70134	5377	-1	-1
17	16	9.09487	-4.70134	-1	-1	-1
17	16	8.64487	-4.55134	-1	-1	-1
17	16	8.79487	-4.55134	-1	-1	-1
17	16	8.94487	-4.55134	5329	-1	-1
17	16	9.09487	-4.55134	3196	3269.97	-1
17	16	8.64487	-4.40134	-1	-1	-1
17	16	8.79487	-4.40134	5200	5279.19	-1
17	16	8.94487	-4.40134	5036	5114.59	-1
17	16	9.09487	-4.40134	5184	5255.09	-1
18	16	8.14432	4.49726	-1	-1	-1
18	16	8.29432	4.49726	-1	-1	-1
18	16	8.44432	4.49726	-1	-1	-1
18	16	8.59432	4.49726	-1	-1	-1
18	16	8.14432	4.64726	-1	-1	-1
18	16	8.29432	4.64726	-1	-1	-1
18	16	8.44432	4.64726	-1	-1	-1
18	16	8.59432	4.64726	-1	-1	-1
18	16	8.14432	4.79726	-1	-1	-1
18	16	8.29432	4.79726	-1	-1	-1
18	16	8.44432	4.79726	-1	-1	-1
18	16	8.59432	4.79726	-1	-1	-1
18	16	8.14432	4.94726	-1	-1	-1
18	16	8.29432	4.94726	-1	-1	-1
18	16	8.44432	4.94726	-1	-1	-1
18	16	8.59432	4.94726	-1	-1	-1
19	16	-7.26962	-0.177054	4536	4589.22	-1
19	16	-7.11962	-0.177054	4521	4571.22	-1
19	16	-6.96962	-0.177054	353	403.062	-1
19	16	-6.81962	-0.177054	3640	3741.91	-1
19	16	-7.26962	-0.027054	4394	4458.88	-1
19	16	-7.11962	-0.027054	4034	4103.94	-1
19	16	-6.96962	-0.027054	3807	3874.34	-1
19	16	-6.81962	-0.027054	3792	3856.06	-1
19	16	-7.26962	0.122946	4264	4328.59	-1
19	16	-7.11962	0.122946	4151	4208.84	-1
19	16	-6.96962	0.122946	3927	3982.09	-1
19	16	-6.81962	0.122946	4069	4122.84	-1
19	16	-7.26962	0.272946	-1	-1	-1
19	16	-7.11962	0.272946	-1	-1	-1
19	16	-6.96962	0.272946	-1	-1	-1
19	16	-6.81962	0.272946	-1	-1	-1
20	16	-7.99107	-2.12695	-1	-1	-1
20	16	-7.84107	-2.12695	-1	-1	-1
20	16	-7.69107	-2.12695	-1	-1	-1
20	16	-7.54107	-2.12695	-1	-1	-1
20	16	-7.99107	-1.97695	-1	-1	-1
20	16	-7.84107	-1.97695	-1	-1	-1
20	16	-7.69107	-1.97695	-1	-1	-1
20	16	-7.54107	-1.97695	-1	-1	-1
20	16	-7.99107	-1.82695	-1	-1	-1
20	16	-7.84107	-1.82695	-1	-1	-1
20	16	-7.69107	-1.82695	-1	-1	-1
20	16	-7.54107	-1.82695	-1	-1	-1
20	16	-7.99107	-1.67695	-1	-1	-1
20	16	-7.84107	-1.67695	-1	-1	-1
20	16	-7.69107	-1.67695	-1	-1	-1
20	16	-7.54107	-1.67695	-1	-1	-1
21	16	-3.25146	-5.86066	-1	-1	-1
21	16	-3.10146	-5.86066	-1	-1	-1
21	16	-2.95146	-5.86066	-1	-1	-1
21	16	-2.80146	-5.86066	-1	-1	-1
21	16	-3.25146	-5.71066	-1	-1	-1
21	16	-3.10146	-5.71066	-1	-1	-1
21	16	-2.95146	-5.71066	-1	-1	-1
21	16	-2.80146	-5.71066	-1	-1	-1
21	16	-3.25146	-5.56066	-1	-1	-1
21	16	-3.10146	-5.56066	-1	-1	-1
21	16	-2.95146	-5.56066	-1	-1	-1
21	16	-2.80146	-5.56066	-1	-1	-1
21	16	-3.25146	-5.41066	-1	-1	-1
21	16	-3.10146	-5.41066	-1	-1	-1
21	16	-2.95146	-5.41066	-1	-1	-1
21	16	-2.80146	-5.41066	4052	4174.41	-1
0	256	7.75331	-5.14403	-1	-1	-1
0	256	-2.8536	-0.524446	271	407.906	-1
0	256	3.24187	-8.94792	-1	-1	-1
0	256	0.175398	6.97821	-1	-1	-1
0	256	3.47138	-7.00737	-1	-1	-1
0	256	-7.42859	-1.22388	-1	-1	-1
0	256	-2.9414	8.24801	-1	-1	-1
0	256	1.61322	-6.66819	-1	-1	-1
0	256	-4.82364	5.89393	-1	-1	-1
0	256	7.11704	-4.10634	-1	-1	-1
0	256	6.33517	-0.712479	3184	3233.81	-1
0	256	-4.86042	-8.66157	-1	-1	-1
0	256	1.82043	5.11365	49	99.2188	-1
0	256	-5.44195	4.36851	-1	-1	-1
0	256	-6.65446	0.960767	138	257.656	-1
0	256	-8.67915	-0.017556	-1	-1	-1
0	256	-4.97589	0.395446	-1	-1	-1
0	256	9.05019	-2.6033	-1	-1	-1
0	256	-7.95873	4.60486	-1	-1	-1
0	256	2.4225	7.69578	-1	-1	-1
0	256	-8.63204	1.49761	-1	-1	-1
0	256	-5.46026	-3.32719	3705	3840.69	-1
0	256	0.768224	8.84825	-1	-1	-1
0	256	7.44379	5.0031	-1	-1	-1
0	256	0.225591	4.68522	-1	-1	-1
0	256	-4.41891	-0.956912	1067	1184.22	-1
0	256	5.17985	-1.51199	863	905.656	-1
0	256	7.89863	-9.24746	-1	-1	-1
0	256	0.735299	3.96863	5322	-1	-1
0	256	5.50925	8.22012	-1	-1	-1
0	256	8.65196	-0.180563	4834	4924.38	-1
0	256	0.549653	4.85968	-1	-1	-1
0	256	-1.41148	6.32998	-1	-1	-1
0	256	-6.84329	2.99347	-1	-1	-1
0	256	3.97578	-5.04976	3268	3435.88	-1
0	256	-7.659	3.56175	-1	-1	-1
0	256	2.54897	-4.61585	2041	2086	-1
0	256	4.14616	3.46128	4926	4970.56	-1
0	256	-8.76072	-1.68593	-1	-1	-1
0	256	-9.50402	4.0504	1592	1664.16	-1
0	256	8.98309	3.44771	-1	-1	-1
0	256	2.54622	3.89399	-1	-1	-1
0	256	-6.59007	1.27472	-1	-1	-1
0	256	5.92062	5.29778	-1	-1	-1
0	256	-1.34496	-3.83359	188	234.219	-1
0	256	-7.26564	-5.92161	-1	-1	-1
0	256	-6.72315	5.33213	-1	-1	-1
0	256	-1.00829	4.68162	3189	3226.75	-1
0	256	-4.94168	-8.27569	-1	-1	-1
0	256	-2.84223	8.43315	-1	-1	-1
0	256	-9.45705	-2.85187	-1	-1	-1
0	256	3.09705	-6.3764	-1	-1	-1
0	256	-2.1131	6.63524	2848	2905.12	-1
0	256	6.70411	3.7231	-1	-1	-1
0	256	6.71448	-2.8082	3283	3387.91	-1
0	256	-9.4136	-1.18419	-1	-1	-1
0	256	5.47726	-8.06399	-1	-1	-1
0	256	2.77625	-6.46286	-1	-1	-1
0	256	7.26882	-5.12153	-1	-1	-1
0	256	5.86556	-3.41164	-1	-1	-1
0	256	-2.76877	-1.56701	2570	2597.38	-1
0	256	-6.92634	2.83153	-1	-1	-1
0	256	-1.77396	-5.1115	-1	-1	-1
0	256	-2.9272	5.16244	-1	-1	-1
0	256	-4.2198	-8.95416	-1	-1	-1
0	256	-3.33736	4.04964	-1	-1	-1
0	256	-8.82485	-2.79643	-1	-1	-1
0	256	-1.91422	-7.85731	-1	-1	-1
0	256	6.79094	-2.01932	4036	4090.62	-1
0	256	-4.45929	-5.35385	263	417.312	-1
0	256	8.81425	0.698542	1272	1358.19	-1
0	256	9.49556	-2.47114	666	742.938	-1
0	256	2.39096	-8.41233	-1	-1	-1
0	256	2.51613	-6.16872	-1	-1	-1
0	256	-1.979	7.23905	-1	-1	-1
0	256	-2.47927	-5.10064	939	1064.81	-1
0	256	-6.83538	6.28487	4788	4924.06	-1
0	256	-8.39916	-4.21347	3443	3511.25	-1
0	256	-4.02409	6.7094	-1	-1	-1
0	256	-0.57525	6.30996	-1	-1	-1
0	256	8.10358	-5.65564	-1	-1	-1
0	256	2.30531	-5.8625	-1	-1	-1
0	256	1.98884	7.09927	3740	3833.34	-1
0	256	4.31975	-7.63901	-1	-1	-1
0	256	2.44158	7.06551	-1	-1	-1
0	256	-5.88769	-7.62403	-1	-1	-1
0	256	-3.85302	-3.88097	-1	-1	-1
0	256	-5.4963	-5.34047	-1	-1	-1
0	256	-4.34522	5.09314	-1	-1	-1
0	256	7.99747	4.65661	-1	-1	-1
0	256	-3.34437	9.25644	-1	-1	-1
0	256	-6.56233	-1.79404	4243	4298.66	-1
0	256	4.7164	-2.15791	-1	-1	-1
0	256	5.11807	-4.70248	-1	-1	-1
0	256	-7.46423	-3.54456	3621	3681.88	-1
0	256	-3.32608	9.64884	4644	4727.44	-1
0	256	-1.56645	-3.96147	329	365.062	-1
0	256	5.06272	-5.01187	2437	2575.38	-1
0	256	-7.76069	3.73087	-1	-1	-1
0	256	-9.00964	-1.86494	677	744.625	-1
0	256	4.64546	-2.26274	-1	-1	-1
0	256	-5.96131	-4.62311	-1	-1	-1
0	256	8.9309	3.23139	-1	-1	-1
0	256	-6.06365	6.49195	-1	-1	-1
0	256	3.83823	0.756118	833	868.594	-1
0	256	4.75324	5.68898	-1	-1	-1
0	256	2.08035	-9.47817	113	190.594	-1
0	256	6.74601	0.23594	5107	5162.59	-1
0	256	7.5547	4.87003	-1	-1	-1
0	256	-3.89843	-8.35618	3542	3613.94	-1
0	256	6.94944	6.49475	466	532.062	-1
0	256	-5.2077	-1.27235	3951	3990.72	-1
0	256	5.57348	-0.699914	-1	-1	-1
0	256	-7.1089	6.01583	-1	-1	-1
0	256	6.56507	2.31165	-1	-1	-1
0	256	3.04197	0.776513	79	105.906	-1
0	256	0.148166	-3.62227	701	760.844	-1
0	256	2.27419	9.49809	-1	-1	-1
0	256	-4.73205	6.25059	-1	-1	-1
0	256	2.68949	8.36475	-1	-1	-1
0	256	-5.0888	-0.393102	4223	4261.91	-1
0	256	6.78861	4.99737	-1	-1	-1
0	256	0.27737	4.4042	-1	-1	-1
0	256	-2.55401	4.92531	-1	-1	-1
0	256	-4.86584	2.17661	-1	-1	-1
0	256	3.11674	-1.12338	3765	3891.31	-1
0	256	-7.02192	0.898156	-1	-1	-1
0	256	-3.05153	4.42408	690	736.312	-1
0	256	1.93715	-7.75387	-1	-1	-1
0	256	-1.88065	-9.1967	-1	-1	-1
0	256	6.20637	-7.15237	2305	2397.53	-1
0	256	4.19216	5.17828	1634	1755.41	-1
0	256	9.47596	-1.64856	484	591.812	-1
0	256	7.50115	6.02972	-1	-1	-1
0	256	-2.96379	3.28707	-1	-1	-1
0	256	-4.87427	-8.40649	-1	-1	-1
0	256	-4.80149	4.88287	-1	-1	-1
0	256	5.1729	-8.4295	4487	4620.41	-1
0	256	-6.69176	2.76621	-1	-1	-1
0	256	1.29764	4.32962	-1	-1	-1
0	256	0.51773	-4.03217	55	90.875	-1
0	256	3.51866	-6.13018	-1	-1	-1
0	256	0.330727	-9.59822	-1	-1	-1
0	256	-4.36195	-7.16617	-1	-1	-1
0	256	6.57248	1.79908	3396	3446.47	-1
0	256	-2.58065	8.67805	-1	-1	-1
0	256	4.15442	7.95969	-1	-1	-1
0	256	-4.07391	-4.0977	4102	4148.19	-1
0	256	6.04601	-1.01355	-1	-1	-1
0	256	5.31828	3.26892	-1	-1	-1
0	256	-4.45093	0.140915	-1	-1	-1
0	256	-2.51787	4.55409	653	724.062	-1
0	256	-0.305781	5.35238	-1	-1	-1
0	256	-2.59386	-8.87692	-1	-1	-1
0	256	-3.61196	7.17316	-1	-1	-1
0	256	2.50842	-1.70583	-1	-1	-1
0	256	-9.20143	-6.82021	-1	-1	-1
0	256	-1.40032	-8.92157	2375	2444.44	-1
0	256	2.64971	7.6894	-1	-1	-1
0	256	-0.0626141	6.35997	-1	-1	-1
0	256	5.55045	-2.26321	3939	3997	-1
0	256	-5.30906	8.22622	-1	-1	-1
0	256	-2.93429	0.779746	1243	1270.09	-1
0	256	-7.04061	0.789645	-1	-1	-1
0	256	-9.21619	-1.83618	4678	4747.44	-1
0	256	6.92647	-5.27597	-1	-1	-1
0	256	-4.74699	6.96135	2811	2875.94	-1
0	256	7.38474	4.83902	-1	-1	-1
0	256	4.69341	-5.00273	-1	-1	-1
0	256	-4.80507	-0.553458	323	360.969	-1
0	256	5.61504	-2.66292	-1	-1	-1
0	256	3.11541	5.18946	870	995.906	-1
0	256	-7.28029	4.80919	1256	1372.47	-1
0	256	-7.86479	-3.08342	-1	-1	-1
0	256	-4.64505	-2.60273	1017	1058.38	-1
0	256	-2.32946	4.49622	-1	-1	-1
0	256	-3.67389	0.608464	3915	3947.75	-1
0	256	-0.066105	6.81205	-1	-1	-1
0	256	8.33446	3.90219	-1	-1	-1
0	256	5.37139	0.594934	5230	5274.28	-1
0	256	4.42151	-3.93848	-1	-1	-1
0	256	-3.83335	3.88268	1335	1379.5	-1
0	256	-5.75029	-4.42252	2652	2706.16	-1
0	256	9.63393	1.61893	1522	1592.78	-1
0	256	0.976341	-8.68894	-1	-1	-1
0	256	5.74237	-1.57833	1454	1501.62	-1
0	256	5.89225	6.79243	603	671.812	-1
0	256	5.61312	-4.05469	-1	-1	-1
0	256	-4.57636	6.10128	2495	2621.69	-1
0	256	-2.5802	4.4535	482	612.5	-1
0	256	1.26905	5.74285	-1	-1	-1
0	256	3.09498	7.13102	-1	-1	-1
0	256	6.7169	-4.75532	-1	-1	-1
0	256	-5.94434	3.04296	5041	5090.41	-1
0	256	-1.51868	3.32068	-1	-1	-1
0	256	-5.03725	2.27116	-1	-1	-1
0	256	0.818962	6.01443	-1	-1	-1
0	256	2.60257	-3.07408	478	510.938	-1
0	256	-4.01093	6.31855	734	851.562	-1
0	256	-8.96521	-0.615682	-1	-1	-1
0	256	8.77331	3.90931	-1	-1	-1
0	256	6.8761	0.685068	4575	4636	-1
0	256	4.32253	-3.60576	-1	-1	-1
0	256	3.06764	4.52844	-1	-1	-1
0	256	5.63877	-7.68174	-1	-1	-1
0	256	2.79516	6.57713	4076	4197.31	-1
0	256	1.519	-3.50586	4408	4544.97	-1
0	256	0.585447	8.31556	-1	-1	-1
0	256	3.69082	-6.47462	-1	-1	-1
0	256	9.64934	8.12382	-1	-1	-1
0	256	-8.13041	1.27197	-1	-1	-1
0	256	-5.94673	-6.30308	-1	-1	-1
0	256	-1.4455	8.53588	-1	-1	-1
0	256	-4.36475	3.04355	-1	-1	-1
0	256	-3.21688	2.31278	1781	1931.47	-1
0	256	-6.75306	1.69549	5272	5325.03	-1
0	256	6.48941	-3.60937	4058	4167.41	-1
0	256	-6.53504	-6.23416	-1	-1	-1
0	256	5.93988	7.23744	-1	-1	-1
0	256	5.86006	-2.09728	386	448.188	-1
0	256	4.29847	7.72924	-1	-1	-1
0	256	5.67714	-7.38426	2163	2232.03	-1
0	256	-3.55492	6.46438	-1	-1	-1
0	256	3.8374	-4.45658	-1	-1	-1
0	256	8.2074	-5.16986	-1	-1	-1
0	256	-6.61258	1.60061	3170	3277.78	-1
0	256	-4.7684	0.0627316	-1	-1	-1
0	256	1.17464	1.67486	38	59.75	-1
0	256	-5.48185	-2.39938	2467	2511.59	-1
0	256	0.653737	8.95378	-1	-1	-1
0	256	2.67214	-7.72625	-1	-1	-1
0	256	-3.88138	-4.01619	-1	-1	-1
0	256	1.5849	-7.81051	-1	-1	-1
0	256	2.95306	-8.38543	-1	-1	-1
0	256	1.19666	-7.68893	-1	-1	-1
0	256	6.32716	5.5921	-1	-1	-1
0	256	4.51145	8.62402	-1	-1	-1
0	256	-0.037542	7.90179	-1	-1	-1
0	256	-2.81456	-2.61927	1736	1884.41	-1
0	256	-8.684	-4.78722	-1	-1	-1
0	256	-2.3696	4.61907	-1	-1	-1
0	256	5.99058	2.90361	3743	3858.56	-1
0	256	-8.60554	-4.92928	-1	-1	-1
0	256	1.28649	-5.27224	-1	-1	-1
0	256	5.9045	2.05573	-1	-1	-1
0	256	7.21023	5.08228	-1	-1	-1
0	256	-0.745332	7.8168	-1	-1	-1
0	256	6.93663	-2.4373	3913	3967.91	-1
0	256	8.30769	2.1431	-1	-1	-1
0	256	-6.68924	-5.7883	-1	-1	-1
0	256	-8.8275	-3.24519	-1	-1	-1
0	256	-5.12165	-7.66017	-1	-1	-1
0	256	-6.49939	-4.33085	-1	-1	-1
0	256	8.01583	-5.38986	-1	-1	-1
0	256	-6.36064	-1.86912	1247	1352.41	-1
0	256	4.82265	-0.649353	-1	-1	-1
