Pile ID	Distribution Type	X-Position	Y-Position	Pickup Time	Drop Off Time	Ant ID
1	1	3.53625	-5.26522	-1	-1	-1
1	1	3.68625	-5.26522	-1	-1	-1
1	1	3.83625	-5.26522	-1	-1	-1
1	1	3.98625	-5.26522	-1	-1	-1
1	1	4.13625	-5.26522	-1	-1	-1
1	1	4.28625	-5.26522	-1	-1	-1
1	1	4.43625	-5.26522	-1	-1	-1
1	1	4.58625	-5.26522	-1	-1	-1
1	1	4.73625	-5.26522	-1	-1	-1
1	1	4.88625	-5.26522	-1	-1	-1
1	1	5.03625	-5.26522	-1	-1	-1
1	1	5.18625	-5.26522	-1	-1	-1
1	1	5.33625	-5.26522	-1	-1	-1
1	1	5.48625	-5.26522	-1	-1	-1
1	1	5.63625	-5.26522	-1	-1	-1
1	1	5.78625	-5.26522	-1	-1	-1
1	1	3.53625	-5.11522	-1	-1	-1
1	1	3.68625	-5.11522	-1	-1	-1
1	1	3.83625	-5.11522	-1	-1	-1
1	1	3.98625	-5.11522	-1	-1	-1
1	1	4.13625	-5.11522	-1	-1	-1
1	1	4.28625	-5.11522	-1	-1	-1
1	1	4.43625	-5.11522	-1	-1	-1
1	1	4.58625	-5.11522	-1	-1	-1
1	1	4.73625	-5.11522	-1	-1	-1
1	1	4.88625	-5.11522	-1	-1	-1
1	1	5.03625	-5.11522	-1	-1	-1
1	1	5.18625	-5.11522	-1	-1	-1
1	1	5.33625	-5.11522	-1	-1	-1
1	1	5.48625	-5.11522	-1	-1	-1
1	1	5.63625	-5.11522	-1	-1	-1
1	1	5.78625	-5.11522	-1	-1	-1
1	1	3.53625	-4.96522	-1	-1	-1
1	1	3.68625	-4.96522	-1	-1	-1
1	1	3.83625	-4.96522	-1	-1	-1
1	1	3.98625	-4.96522	-1	-1	-1
1	1	4.13625	-4.96522	-1	-1	-1
1	1	4.28625	-4.96522	-1	-1	-1
1	1	4.43625	-4.96522	-1	-1	-1
1	1	4.58625	-4.96522	-1	-1	-1
1	1	4.73625	-4.96522	-1	-1	-1
1	1	4.88625	-4.96522	-1	-1	-1
1	1	5.03625	-4.96522	-1	-1	-1
1	1	5.18625	-4.96522	-1	-1	-1
1	1	5.33625	-4.96522	-1	-1	-1
1	1	5.48625	-4.96522	-1	-1	-1
1	1	5.63625	-4.96522	-1	-1	-1
1	1	5.78625	-4.96522	-1	-1	-1
1	1	3.53625	-4.81522	-1	-1	-1
1	1	3.68625	-4.81522	-1	-1	-1
1	1	3.83625	-4.81522	5220	5285.41	-1
1	1	3.98625	-4.81522	-1	-1	-1
1	1	4.13625	-4.81522	-1	-1	-1
1	1	4.28625	-4.81522	-1	-1	-1
1	1	4.43625	-4.81522	-1	-1	-1
1	1	4.58625	-4.81522	-1	-1	-1
1	1	4.73625	-4.81522	-1	-1	-1
1	1	4.88625	-4.81522	-1	-1	-1
1	1	5.03625	-4.81522	-1	-1	-1
1	1	5.18625	-4.81522	-1	-1	-1
1	1	5.33625	-4.81522	-1	-1	-1
1	1	5.48625	-4.81522	-1	-1	-1
1	1	5.63625	-4.81522	-1	-1	-1
1	1	5.78625	-4.81522	-1	-1	-1
1	1	3.53625	-4.66522	5335	5394.22	-1
1	1	3.68625	-4.66522	4968	5018	-1
1	1	3.83625	-4.66522	4993	5047.34	-1
1	1	3.98625	-4.66522	5113	5166.62	-1
1	1	4.13625	-4.66522	-1	-1	-1
1	1	4.28625	-4.66522	-1	-1	-1
1	1	4.43625	-4.66522	-1	-1	-1
1	1	4.58625	-4.66522	-1	-1	-1
1	1	4.73625	-4.66522	-1	-1	-1
1	1	4.88625	-4.66522	-1	-1	-1
1	1	5.03625	-4.66522	-1	-1	-1
1	1	5.18625	-4.66522	-1	-1	-1
1	1	5.33625	-4.66522	-1	-1	-1
1	1	5.48625	-4.66522	-1	-1	-1
1	1	5.63625	-4.66522	-1	-1	-1
1	1	5.78625	-4.66522	-1	-1	-1
1	1	3.53625	-4.51522	4905	5001.94	-1
1	1	3.68625	-4.51522	4836	4896.03	-1
1	1	3.83625	-4.51522	4666	4738.88	-1
1	1	3.98625	-4.51522	5069	5137.84	-1
1	1	4.13625	-4.51522	-1	-1	-1
1	1	4.28625	-4.51522	-1	-1	-1
1	1	4.43625	-4.51522	-1	-1	-1
1	1	4.58625	-4.51522	-1	-1	-1
1	1	4.73625	-4.51522	-1	-1	-1
1	1	4.88625	-4.51522	-1	-1	-1
1	1	5.03625	-4.51522	-1	-1	-1
1	1	5.18625	-4.51522	-1	-1	-1
1	1	5.33625	-4.51522	-1	-1	-1
1	1	5.48625	-4.51522	-1	-1	-1
1	1	5.63625	-4.51522	-1	-1	-1
1	1	5.78625	-4.51522	-1	-1	-1
1	1	3.53625	-4.36522	4762	4853.84	-1
1	1	3.68625	-4.36522	4805	4908.53	-1
1	1	3.83625	-4.36522	4645	4762.72	-1
1	1	3.98625	-4.36522	4611	4704.91	-1
1	1	4.13625	-4.36522	5201	5272.97	-1
1	1	4.28625	-4.36522	-1	-1	-1
1	1	4.43625	-4.36522	-1	-1	-1
1	1	4.58625	-4.36522	-1	-1	-1
1	1	4.73625	-4.36522	-1	-1	-1
1	1	4.88625	-4.36522	-1	-1	-1
1	1	5.03625	-4.36522	-1	-1	-1
1	1	5.18625	-4.36522	-1	-1	-1
1	1	5.33625	-4.36522	-1	-1	-1
1	1	5.48625	-4.36522	-1	-1	-1
1	1	5.63625	-4.36522	-1	-1	-1
1	1	5.78625	-4.36522	-1	-1	-1
1	1	3.53625	-4.21522	4619	4667.22	-1
1	1	3.68625	-4.21522	4470	4556.5	-1
1	1	3.83625	-4.21522	4375	4424.62	-1
1	1	3.98625	-4.21522	4509	4592.66	-1
1	1	4.13625	-4.21522	5145	5202.06	-1
1	1	4.28625	-4.21522	5249	5305.09	-1
1	1	4.43625	-4.21522	-1	-1	-1
1	1	4.58625	-4.21522	-1	-1	-1
1	1	4.73625	-4.21522	-1	-1	-1
1	1	4.88625	-4.21522	-1	-1	-1
1	1	5.03625	-4.21522	-1	-1	-1
1	1	5.18625	-4.21522	-1	-1	-1
1	1	5.33625	-4.21522	-1	-1	-1
1	1	5.48625	-4.21522	-1	-1	-1
1	1	5.63625	-4.21522	-1	-1	-1
1	1	5.78625	-4.21522	-1	-1	-1
1	1	3.53625	-4.06522	4674	4790.25	-1
1	1	3.68625	-4.06522	3859	3910.88	-1
1	1	3.83625	-4.06522	4169	4327.25	-1
1	1	3.98625	-4.06522	4499	4544.28	-1
1	1	4.13625	-4.06522	4785	4872.84	-1
1	1	4.28625	-4.06522	4874	4969.34	-1
1	1	4.43625	-4.06522	5005	5078.28	-1
1	1	4.58625	-4.06522	-1	-1	-1
1	1	4.73625	-4.06522	-1	-1	-1
1	1	4.88625	-4.06522	-1	-1	-1
1	1	5.03625	-4.06522	-1	-1	-1
1	1	5.18625	-4.06522	-1	-1	-1
1	1	5.33625	-4.06522	-1	-1	-1
1	1	5.48625	-4.06522	-1	-1	-1
1	1	5.63625	-4.06522	-1	-1	-1
1	1	5.78625	-4.06522	-1	-1	-1
1	1	3.53625	-3.91522	3633	3688.69	-1
1	1	3.68625	-3.91522	3732	3791.09	-1
1	1	3.83625	-3.91522	4031	4072.84	-1
1	1	3.98625	-3.91522	4401	4451.25	-1
1	1	4.13625	-3.91522	4532	4603.22	-1
1	1	4.28625	-3.91522	4951	5007.5	-1
1	1	4.43625	-3.91522	5028	5112.81	-1
1	1	4.58625	-3.91522	5166	5223.28	-1
1	1	4.73625	-3.91522	5300	5352.56	-1
1	1	4.88625	-3.91522	-1	-1	-1
1	1	5.03625	-3.91522	-1	-1	-1
1	1	5.18625	-3.91522	-1	-1	-1
1	1	5.33625	-3.91522	-1	-1	-1
1	1	5.48625	-3.91522	-1	-1	-1
1	1	5.63625	-3.91522	-1	-1	-1
1	1	5.78625	-3.91522	-1	-1	-1
1	1	3.53625	-3.76522	3301	3479.81	-1
1	1	3.68625	-3.76522	3745	3798.78	-1
1	1	3.83625	-3.76522	3837	3887.81	-1
1	1	3.98625	-3.76522	4644	4712.34	-1
1	1	4.13625	-3.76522	4756	4815.91	-1
1	1	4.28625	-3.76522	4853	4935.03	-1
1	1	4.43625	-3.76522	5061	5124.88	-1
1	1	4.58625	-3.76522	3086	3133.16	-1
1	1	4.73625	-3.76522	2975	3033.19	-1
1	1	4.88625	-3.76522	-1	-1	-1
1	1	5.03625	-3.76522	-1	-1	-1
1	1	5.18625	-3.76522	-1	-1	-1
1	1	5.33625	-3.76522	-1	-1	-1
1	1	5.48625	-3.76522	-1	-1	-1
1	1	5.63625	-3.76522	-1	-1	-1
1	1	5.78625	-3.76522	-1	-1	-1
1	1	3.53625	-3.61522	3519	3560.06	-1
1	1	3.68625	-3.61522	3935	3987.81	-1
1	1	3.83625	-3.61522	-1	-1	-1
1	1	3.98625	-3.61522	5014	5089.78	-1
1	1	4.13625	-3.61522	5134	5193.12	-1
1	1	4.28625	-3.61522	5013	5068.12	-1
1	1	4.43625	-3.61522	5164	5230.97	-1
1	1	4.58625	-3.61522	2830	2941.25	-1
1	1	4.73625	-3.61522	2858	2910.16	-1
1	1	4.88625	-3.61522	2860	2919.84	-1
1	1	5.03625	-3.61522	-1	-1	-1
1	1	5.18625	-3.61522	-1	-1	-1
1	1	5.33625	-3.61522	-1	-1	-1
1	1	5.48625	-3.61522	-1	-1	-1
1	1	5.63625	-3.61522	-1	-1	-1
1	1	5.78625	-3.61522	-1	-1	-1
1	1	3.53625	-3.46522	4744	4808.19	-1
1	1	3.68625	-3.46522	-1	-1	-1
1	1	3.83625	-3.46522	-1	-1	-1
1	1	3.98625	-3.46522	5258	5309.47	-1
1	1	4.13625	-3.46522	5350	-1	-1
1	1	4.28625	-3.46522	5197	5247.94	-1
1	1	4.43625	-3.46522	3116	3167.75	-1
1	1	4.58625	-3.46522	2714	2779.44	-1
1	1	4.73625	-3.46522	2610	2660.22	-1
1	1	4.88625	-3.46522	2712	2796.62	-1
1	1	5.03625	-3.46522	2589	2646.28	-1
1	1	5.18625	-3.46522	-1	-1	-1
1	1	5.33625	-3.46522	-1	-1	-1
1	1	5.48625	-3.46522	-1	-1	-1
1	1	5.63625	-3.46522	-1	-1	-1
1	1	5.78625	-3.46522	-1	-1	-1
1	1	3.53625	-3.31522	-1	-1	-1
1	1	3.68625	-3.31522	-1	-1	-1
1	1	3.83625	-3.31522	-1	-1	-1
1	1	3.98625	-3.31522	-1	-1	-1
1	1	4.13625	-3.31522	2835	2883.56	-1
1	1	4.28625	-3.31522	2706	2766.12	-1
1	1	4.43625	-3.31522	2261	2318.81	-1
1	1	4.58625	-3.31522	2224	2275	-1
1	1	4.73625	-3.31522	2065	2186.56	-1
1	1	4.88625	-3.31522	2338	2382.28	-1
1	1	5.03625	-3.31522	2249	2318.47	-1
1	1	5.18625	-3.31522	2418	2494.81	-1
1	1	5.33625	-3.31522	-1	-1	-1
1	1	5.48625	-3.31522	-1	-1	-1
1	1	5.63625	-3.31522	-1	-1	-1
1	1	5.78625	-3.31522	-1	-1	-1
1	1	3.53625	-3.16522	-1	-1	-1
1	1	3.68625	-3.16522	-1	-1	-1
1	1	3.83625	-3.16522	-1	-1	-1
1	1	3.98625	-3.16522	-1	-1	-1
1	1	4.13625	-3.16522	2683	2733.62	-1
1	1	4.28625	-3.16522	2437	2487.09	-1
1	1	4.43625	-3.16522	2125	2202.88	-1
1	1	4.58625	-3.16522	1979	2058.66	-1
1	1	4.73625	-3.16522	1923	1999.06	-1
1	1	4.88625	-3.16522	1832	1879.78	-1
1	1	5.03625	-3.16522	2104	2172.12	-1
1	1	5.18625	-3.16522	2235	2305.59	-1
1	1	5.33625	-3.16522	2470	2538.91	-1
1	1	5.48625	-3.16522	2439	2513.34	-1
1	1	5.63625	-3.16522	2958	3005.31	-1
1	1	5.78625	-3.16522	-1	-1	-1
1	1	3.53625	-3.01522	1921	1962.06	-1
1	1	3.68625	-3.01522	-1	-1	-1
1	1	3.83625	-3.01522	-1	-1	-1
1	1	3.98625	-3.01522	-1	-1	-1
1	1	4.13625	-3.01522	2541	2626.28	-1
1	1	4.28625	-3.01522	2076	2164.53	-1
1	1	4.43625	-3.01522	2759	2820.38	-1
1	1	4.58625	-3.01522	2152	2228.19	-1
1	1	4.73625	-3.01522	1807	1855.28	-1
1	1	4.88625	-3.01522	1643	1767.59	-1
1	1	5.03625	-3.01522	1966	2032.84	-1
1	1	5.18625	-3.01522	2057	2131.84	-1
1	1	5.33625	-3.01522	2227	2279.56	-1
1	1	5.48625	-3.01522	2337	2390.53	-1
1	1	5.63625	-3.01522	2996	3049.94	-1
1	1	5.78625	-3.01522	-1	-1	-1
2	4	-4.52858	-8.54288	1364	1452.12	-1
2	4	-4.37858	-8.54288	-1	-1	-1
2	4	-4.22858	-8.54288	-1	-1	-1
2	4	-4.07858	-8.54288	-1	-1	-1
2	4	-3.92858	-8.54288	-1	-1	-1
2	4	-3.77858	-8.54288	-1	-1	-1
2	4	-3.62858	-8.54288	-1	-1	-1
2	4	-3.47858	-8.54288	2735	2804.12	-1
2	4	-4.52858	-8.39288	-1	-1	-1
2	4	-4.37858	-8.39288	-1	-1	-1
2	4	-4.22858	-8.39288	-1	-1	-1
2	4	-4.07858	-8.39288	-1	-1	-1
2	4	-3.92858	-8.39288	-1	-1	-1
2	4	-3.77858	-8.39288	-1	-1	-1
2	4	-3.62858	-8.39288	-1	-1	-1
2	4	-3.47858	-8.39288	-1	-1	-1
2	4	-4.52858	-8.24288	-1	-1	-1
2	4	-4.37858	-8.24288	-1	-1	-1
2	4	-4.22858	-8.24288	-1	-1	-1
2	4	-4.07858	-8.24288	-1	-1	-1
2	4	-3.92858	-8.24288	-1	-1	-1
2	4	-3.77858	-8.24288	-1	-1	-1
2	4	-3.62858	-8.24288	-1	-1	-1
2	4	-3.47858	-8.24288	-1	-1	-1
2	4	-4.52858	-8.09288	-1	-1	-1
2	4	-4.37858	-8.09288	-1	-1	-1
2	4	-4.22858	-8.09288	-1	-1	-1
2	4	-4.07858	-8.09288	-1	-1	-1
2	4	-3.92858	-8.09288	-1	-1	-1
2	4	-3.77858	-8.09288	-1	-1	-1
2	4	-3.62858	-8.09288	-1	-1	-1
2	4	-3.47858	-8.09288	-1	-1	-1
2	4	-4.52858	-7.94288	1544	1613.94	-1
2	4	-4.37858	-7.94288	1251	1322.06	-1
2	4	-4.22858	-7.94288	1098	1176.88	-1
2	4	-4.07858	-7.94288	-1	-1	-1
2	4	-3.92858	-7.94288	-1	-1	-1
2	4	-3.77858	-7.94288	-1	-1	-1
2	4	-3.62858	-7.94288	-1	-1	-1
2	4	-3.47858	-7.94288	-1	-1	-1
2	4	-4.52858	-7.79288	-1	-1	-1
2	4	-4.37858	-7.79288	1056	1152.38	-1
2	4	-4.22858	-7.79288	899	988.406	-1
2	4	-4.07858	-7.79288	913	983.969	-1
2	4	-3.92858	-7.79288	-1	-1	-1
2	4	-3.77858	-7.79288	-1	-1	-1
2	4	-3.62858	-7.79288	5119	5188.34	-1
2	4	-3.47858	-7.79288	5265	5328.56	-1
2	4	-4.52858	-7.64288	453	533	-1
2	4	-4.37858	-7.64288	216	316.406	-1
2	4	-4.22858	-7.64288	598	669.562	-1
2	4	-4.07858	-7.64288	620	701.844	-1
2	4	-3.92858	-7.64288	1223	1289.47	-1
2	4	-3.77858	-7.64288	-1	-1	-1
2	4	-3.62858	-7.64288	1564	1628.25	-1
2	4	-3.47858	-7.64288	1823	1883.22	-1
2	4	-4.52858	-7.49288	381	467.438	-1
2	4	-4.37858	-7.49288	400	515.812	-1
2	4	-4.22858	-7.49288	766	834.781	-1
2	4	-4.07858	-7.49288	789	855.969	-1
2	4	-3.92858	-7.49288	940	1005.44	-1
2	4	-3.77858	-7.49288	1397	1459.44	-1
2	4	-3.62858	-7.49288	975	1050.91	-1
2	4	-3.47858	-7.49288	1693	1759	-1
3	4	8.34499	-6.27107	-1	-1	-1
3	4	8.49499	-6.27107	-1	-1	-1
3	4	8.64499	-6.27107	-1	-1	-1
3	4	8.79499	-6.27107	-1	-1	-1
3	4	8.94499	-6.27107	-1	-1	-1
3	4	9.09499	-6.27107	-1	-1	-1
3	4	9.24499	-6.27107	-1	-1	-1
3	4	9.39499	-6.27107	-1	-1	-1
3	4	8.34499	-6.12107	-1	-1	-1
3	4	8.49499	-6.12107	-1	-1	-1
3	4	8.64499	-6.12107	-1	-1	-1
3	4	8.79499	-6.12107	-1	-1	-1
3	4	8.94499	-6.12107	-1	-1	-1
3	4	9.09499	-6.12107	-1	-1	-1
3	4	9.24499	-6.12107	-1	-1	-1
3	4	9.39499	-6.12107	-1	-1	-1
3	4	8.34499	-5.97107	-1	-1	-1
3	4	8.49499	-5.97107	-1	-1	-1
3	4	8.64499	-5.97107	-1	-1	-1
3	4	8.79499	-5.97107	-1	-1	-1
3	4	8.94499	-5.97107	-1	-1	-1
3	4	9.09499	-5.97107	-1	-1	-1
3	4	9.24499	-5.97107	-1	-1	-1
3	4	9.39499	-5.97107	-1	-1	-1
3	4	8.34499	-5.82107	-1	-1	-1
3	4	8.49499	-5.82107	-1	-1	-1
3	4	8.64499	-5.82107	-1	-1	-1
3	4	8.79499	-5.82107	-1	-1	-1
3	4	8.94499	-5.82107	-1	-1	-1
3	4	9.09499	-5.82107	-1	-1	-1
3	4	9.24499	-5.82107	-1	-1	-1
3	4	9.39499	-5.82107	-1	-1	-1
3	4	8.34499	-5.67107	-1	-1	-1
3	4	8.49499	-5.67107	-1	-1	-1
3	4	8.64499	-5.67107	-1	-1	-1
3	4	8.79499	-5.67107	-1	-1	-1
3	4	8.94499	-5.67107	-1	-1	-1
3	4	9.09499	-5.67107	-1	-1	-1
3	4	9.24499	-5.67107	-1	-1	-1
3	4	9.39499	-5.67107	-1	-1	-1
3	4	8.34499	-5.52107	-1	-1	-1
3	4	8.49499	-5.52107	-1	-1	-1
3	4	8.64499	-5.52107	-1	-1	-1
3	4	8.79499	-5.52107	-1	-1	-1
3	4	8.94499	-5.52107	-1	-1	-1
3	4	9.09499	-5.52107	-1	-1	-1
3	4	9.24499	-5.52107	-1	-1	-1
3	4	9.39499	-5.52107	4257	4341.19	-1
3	4	8.34499	-5.37107	-1	-1	-1
3	4	8.49499	-5.37107	-1	-1	-1
3	4	8.64499	-5.37107	-1	-1	-1
3	4	8.79499	-5.37107	-1	-1	-1
3	4	8.94499	-5.37107	-1	-1	-1
3	4	9.09499	-5.37107	-1	-1	-1
3	4	9.24499	-5.37107	4097	4186.25	-1
3	4	9.39499	-5.37107	3938	4018.19	-1
3	4	8.34499	-5.22107	-1	-1	-1
3	4	8.49499	-5.22107	-1	-1	-1
3	4	8.64499	-5.22107	-1	-1	-1
3	4	8.79499	-5.22107	-1	-1	-1
3	4	8.94499	-5.22107	-1	-1	-1
3	4	9.09499	-5.22107	-1	-1	-1
3	4	9.24499	-5.22107	-1	-1	-1
3	4	9.39499	-5.22107	1339	1428.62	-1
4	4	-6.24117	-7.57631	-1	-1	-1
4	4	-6.09117	-7.57631	-1	-1	-1
4	4	-5.94117	-7.57631	-1	-1	-1
4	4	-5.79117	-7.57631	-1	-1	-1
4	4	-5.64117	-7.57631	-1	-1	-1
4	4	-5.49117	-7.57631	1362	1465.97	-1
4	4	-5.34117	-7.57631	1208	1280.34	-1
4	4	-5.19117	-7.57631	546	619	-1
4	4	-6.24117	-7.42631	-1	-1	-1
4	4	-6.09117	-7.42631	-1	-1	-1
4	4	-5.94117	-7.42631	-1	-1	-1
4	4	-5.79117	-7.42631	-1	-1	-1
4	4	-5.64117	-7.42631	-1	-1	-1
4	4	-5.49117	-7.42631	1231	1303.56	-1
4	4	-5.34117	-7.42631	910	995.281	-1
4	4	-5.19117	-7.42631	760	832.094	-1
4	4	-6.24117	-7.27631	-1	-1	-1
4	4	-6.09117	-7.27631	-1	-1	-1
4	4	-5.94117	-7.27631	-1	-1	-1
4	4	-5.79117	-7.27631	-1	-1	-1
4	4	-5.64117	-7.27631	-1	-1	-1
4	4	-5.49117	-7.27631	1377	1487.97	-1
4	4	-5.34117	-7.27631	1064	1132.84	-1
4	4	-5.19117	-7.27631	767	843.969	-1
4	4	-6.24117	-7.12631	-1	-1	-1
4	4	-6.09117	-7.12631	-1	-1	-1
4	4	-5.94117	-7.12631	-1	-1	-1
4	4	-5.79117	-7.12631	-1	-1	-1
4	4	-5.64117	-7.12631	-1	-1	-1
4	4	-5.49117	-7.12631	-1	-1	-1
4	4	-5.34117	-7.12631	-1	-1	-1
4	4	-5.19117	-7.12631	-1	-1	-1
4	4	-6.24117	-6.97631	-1	-1	-1
4	4	-6.09117	-6.97631	-1	-1	-1
4	4	-5.94117	-6.97631	-1	-1	-1
4	4	-5.79117	-6.97631	-1	-1	-1
4	4	-5.64117	-6.97631	-1	-1	-1
4	4	-5.49117	-6.97631	-1	-1	-1
4	4	-5.34117	-6.97631	-1	-1	-1
4	4	-5.19117	-6.97631	-1	-1	-1
4	4	-6.24117	-6.82631	-1	-1	-1
4	4	-6.09117	-6.82631	-1	-1	-1
4	4	-5.94117	-6.82631	-1	-1	-1
4	4	-5.79117	-6.82631	-1	-1	-1
4	4	-5.64117	-6.82631	-1	-1	-1
4	4	-5.49117	-6.82631	-1	-1	-1
4	4	-5.34117	-6.82631	-1	-1	-1
4	4	-5.19117	-6.82631	-1	-1	-1
4	4	-6.24117	-6.67631	-1	-1	-1
4	4	-6.09117	-6.67631	-1	-1	-1
4	4	-5.94117	-6.67631	-1	-1	-1
4	4	-5.79117	-6.67631	-1	-1	-1
4	4	-5.64117	-6.67631	-1	-1	-1
4	4	-5.49117	-6.67631	-1	-1	-1
4	4	-5.34117	-6.67631	-1	-1	-1
4	4	-5.19117	-6.67631	-1	-1	-1
4	4	-6.24117	-6.52631	-1	-1	-1
4	4	-6.09117	-6.52631	-1	-1	-1
4	4	-5.94117	-6.52631	-1	-1	-1
4	4	-5.79117	-6.52631	-1	-1	-1
4	4	-5.64117	-6.52631	-1	-1	-1
4	4	-5.49117	-6.52631	-1	-1	-1
4	4	-5.34117	-6.52631	-1	-1	-1
4	4	-5.19117	-6.52631	1274	1345.12	-1
5	4	5.03629	4.98328	-1	-1	-1
5	4	5.18629	4.98328	-1	-1	-1
5	4	5.33629	4.98328	1548	1606	-1
5	4	5.48629	4.98328	752	814.375	-1
5	4	5.63629	4.98328	472	540.5	-1
5	4	5.78629	4.98328	202	258.469	-1
5	4	5.93629	4.98328	315	375.406	-1
5	4	6.08629	4.98328	578	636.5	-1
5	4	5.03629	5.13328	-1	-1	-1
5	4	5.18629	5.13328	1454	1524.34	-1
5	4	5.33629	5.13328	1311	1379	-1
5	4	5.48629	5.13328	894	950.969	-1
5	4	5.63629	5.13328	615	680.656	-1
5	4	5.78629	5.13328	449	510.75	-1
5	4	5.93629	5.13328	640	706.5	-1
5	4	6.08629	5.13328	1473	1551.62	-1
5	4	5.03629	5.28328	-1	-1	-1
5	4	5.18629	5.28328	1614	1670.28	-1
5	4	5.33629	5.28328	1130	1206.28	-1
5	4	5.48629	5.28328	1007	1063.38	-1
5	4	5.63629	5.28328	766	829.188	-1
5	4	5.78629	5.28328	1121	1188	-1
5	4	5.93629	5.28328	1256	1324.59	-1
5	4	6.08629	5.28328	1610	1669.16	-1
5	4	5.03629	5.43328	-1	-1	-1
5	4	5.18629	5.43328	-1	-1	-1
5	4	5.33629	5.43328	1318	1394.16	-1
5	4	5.48629	5.43328	1263	1339.88	-1
5	4	5.63629	5.43328	-1	-1	-1
5	4	5.78629	5.43328	1398	1480.22	-1
5	4	5.93629	5.43328	-1	-1	-1
5	4	6.08629	5.43328	-1	-1	-1
5	4	5.03629	5.58328	-1	-1	-1
5	4	5.18629	5.58328	-1	-1	-1
5	4	5.33629	5.58328	-1	-1	-1
5	4	5.48629	5.58328	-1	-1	-1
5	4	5.63629	5.58328	-1	-1	-1
5	4	5.78629	5.58328	-1	-1	-1
5	4	5.93629	5.58328	-1	-1	-1
5	4	6.08629	5.58328	-1	-1	-1
5	4	5.03629	5.73328	-1	-1	-1
5	4	5.18629	5.73328	-1	-1	-1
5	4	5.33629	5.73328	-1	-1	-1
5	4	5.48629	5.73328	-1	-1	-1
5	4	5.63629	5.73328	-1	-1	-1
5	4	5.78629	5.73328	-1	-1	-1
5	4	5.93629	5.73328	-1	-1	-1
5	4	6.08629	5.73328	-1	-1	-1
5	4	5.03629	5.88328	-1	-1	-1
5	4	5.18629	5.88328	-1	-1	-1
5	4	5.33629	5.88328	-1	-1	-1
5	4	5.48629	5.88328	-1	-1	-1
5	4	5.63629	5.88328	-1	-1	-1
5	4	5.78629	5.88328	-1	-1	-1
5	4	5.93629	5.88328	-1	-1	-1
5	4	6.08629	5.88328	-1	-1	-1
5	4	5.03629	6.03328	-1	-1	-1
5	4	5.18629	6.03328	2751	2811.38	-1
5	4	5.33629	6.03328	2630	2688.59	-1
5	4	5.48629	6.03328	2508	2571.16	-1
5	4	5.63629	6.03328	-1	-1	-1
5	4	5.78629	6.03328	-1	-1	-1
5	4	5.93629	6.03328	-1	-1	-1
5	4	6.08629	6.03328	-1	-1	-1
6	16	6.6614	5.76741	-1	-1	-1
6	16	6.8114	5.76741	-1	-1	-1
6	16	6.9614	5.76741	-1	-1	-1
6	16	7.1114	5.76741	-1	-1	-1
6	16	6.6614	5.91741	-1	-1	-1
6	16	6.8114	5.91741	-1	-1	-1
6	16	6.9614	5.91741	-1	-1	-1
6	16	7.1114	5.91741	-1	-1	-1
6	16	6.6614	6.06741	-1	-1	-1
6	16	6.8114	6.06741	-1	-1	-1
6	16	6.9614	6.06741	-1	-1	-1
6	16	7.1114	6.06741	-1	-1	-1
6	16	6.6614	6.21741	-1	-1	-1
6	16	6.8114	6.21741	-1	-1	-1
6	16	6.9614	6.21741	-1	-1	-1
6	16	7.1114	6.21741	-1	-1	-1
7	16	4.04996	7.06809	-1	-1	-1
7	16	4.19996	7.06809	-1	-1	-1
7	16	4.34996	7.06809	-1	-1	-1
7	16	4.49996	7.06809	-1	-1	-1
7	16	4.04996	7.21809	-1	-1	-1
7	16	4.19996	7.21809	-1	-1	-1
7	16	4.34996	7.21809	-1	-1	-1
7	16	4.49996	7.21809	-1	-1	-1
7	16	4.04996	7.36809	-1	-1	-1
7	16	4.19996	7.36809	-1	-1	-1
7	16	4.34996	7.36809	-1	-1	-1
7	16	4.49996	7.36809	-1	-1	-1
7	16	4.04996	7.51809	-1	-1	-1
7	16	4.19996	7.51809	-1	-1	-1
7	16	4.34996	7.51809	-1	-1	-1
7	16	4.49996	7.51809	-1	-1	-1
8	16	-3.65936	-6.76152	706	765.875	-1
8	16	-3.50936	-6.76152	-1	-1	-1
8	16	-3.35936	-6.76152	-1	-1	-1
8	16	-3.20936	-6.76152	4984	5040.78	-1
8	16	-3.65936	-6.61152	-1	-1	-1
8	16	-3.50936	-6.61152	-1	-1	-1
8	16	-3.35936	-6.61152	-1	-1	-1
8	16	-3.20936	-6.61152	-1	-1	-1
8	16	-3.65936	-6.46152	-1	-1	-1
8	16	-3.50936	-6.46152	-1	-1	-1
8	16	-3.35936	-6.46152	-1	-1	-1
8	16	-3.20936	-6.46152	-1	-1	-1
8	16	-3.65936	-6.31152	-1	-1	-1
8	16	-3.50936	-6.31152	-1	-1	-1
8	16	-3.35936	-6.31152	-1	-1	-1
8	16	-3.20936	-6.31152	-1	-1	-1
9	16	-2.41997	-3.19307	5389	-1	-1
9	16	-2.26997	-3.19307	5297	5332.78	-1
9	16	-2.11997	-3.19307	5365	-1	-1
9	16	-1.96997	-3.19307	4323	4357.75	-1
9	16	-2.41997	-3.04307	-1	-1	-1
9	16	-2.26997	-3.04307	-1	-1	-1
9	16	-2.11997	-3.04307	-1	-1	-1
9	16	-1.96997	-3.04307	602	657.219	-1
9	16	-2.41997	-2.89307	127	163.531	-1
9	16	-2.26997	-2.89307	5257	5296.94	-1
9	16	-2.11997	-2.89307	689	731.281	-1
9	16	-1.96997	-2.89307	431	571.688	-1
9	16	-2.41997	-2.74307	49	79.6875	-1
9	16	-2.26997	-2.74307	5330	5370.72	-1
9	16	-2.11997	-2.74307	832	866.125	-1
9	16	-1.96997	-2.74307	763	795.844	-1
10	16	-4.71348	-6.54277	1782	1850.72	-1
10	16	-4.56348	-6.54277	-1	-1	-1
10	16	-4.41348	-6.54277	-1	-1	-1
10	16	-4.26348	-6.54277	-1	-1	-1
10	16	-4.71348	-6.39277	1907	1977.41	-1
10	16	-4.56348	-6.39277	-1	-1	-1
10	16	-4.41348	-6.39277	-1	-1	-1
10	16	-4.26348	-6.39277	841	900.219	-1
10	16	-4.71348	-6.24277	-1	-1	-1
10	16	-4.56348	-6.24277	-1	-1	-1
10	16	-4.41348	-6.24277	-1	-1	-1
10	16	-4.26348	-6.24277	-1	-1	-1
10	16	-4.71348	-6.09277	1415	1505.03	-1
10	16	-4.56348	-6.09277	-1	-1	-1
10	16	-4.41348	-6.09277	-1	-1	-1
10	16	-4.26348	-6.09277	-1	-1	-1
11	16	2.63686	5.6726	-1	-1	-1
11	16	2.78686	5.6726	-1	-1	-1
11	16	2.93686	5.6726	-1	-1	-1
11	16	3.08686	5.6726	-1	-1	-1
11	16	2.63686	5.8226	-1	-1	-1
11	16	2.78686	5.8226	-1	-1	-1
11	16	2.93686	5.8226	-1	-1	-1
11	16	3.08686	5.8226	-1	-1	-1
11	16	2.63686	5.9726	-1	-1	-1
11	16	2.78686	5.9726	-1	-1	-1
11	16	2.93686	5.9726	-1	-1	-1
11	16	3.08686	5.9726	-1	-1	-1
11	16	2.63686	6.1226	-1	-1	-1
11	16	2.78686	6.1226	-1	-1	-1
11	16	2.93686	6.1226	-1	-1	-1
11	16	3.08686	6.1226	-1	-1	-1
12	16	-7.17668	-0.320743	-1	-1	-1
12	16	-7.02668	-0.320743	-1	-1	-1
12	16	-6.87668	-0.320743	-1	-1	-1
12	16	-6.72668	-0.320743	-1	-1	-1
12	16	-7.17668	-0.170743	-1	-1	-1
12	16	-7.02668	-0.170743	-1	-1	-1
12	16	-6.87668	-0.170743	-1	-1	-1
12	16	-6.72668	-0.170743	837	885.531	-1
12	16	-7.17668	-0.0207429	-1	-1	-1
12	16	-7.02668	-0.0207429	3958	4016.16	-1
12	16	-6.87668	-0.0207429	4086	4152.03	-1
12	16	-6.72668	-0.0207429	4340	4391.03	-1
12	16	-7.17668	0.129257	3971	4030.62	-1
12	16	-7.02668	0.129257	3835	3896.09	-1
12	16	-6.87668	0.129257	3723	3781.81	-1
12	16	-6.72668	0.129257	4207	4269.78	-1
13	16	6.82975	-2.26465	-1	-1	-1
13	16	6.97975	-2.26465	3666	3727.12	-1
13	16	7.12975	-2.26465	3553	3609.66	-1
13	16	7.27975	-2.26465	3780	3836.19	-1
13	16	6.82975	-2.11465	-1	-1	-1
13	16	6.97975	-2.11465	-1	-1	-1
13	16	7.12975	-2.11465	-1	-1	-1
13	16	7.27975	-2.11465	-1	-1	-1
13	16	6.82975	-1.96465	-1	-1	-1
13	16	6.97975	-1.96465	-1	-1	-1
13	16	7.12975	-1.96465	-1	-1	-1
13	16	7.27975	-1.96465	-1	-1	-1
13	16	6.82975	-1.81465	-1	-1	-1
13	16	6.97975	-1.81465	-1	-1	-1
13	16	7.12975	-1.81465	-1	-1	-1
13	16	7.27975	-1.81465	-1	-1	-1
14	16	1.47016	-8.33431	-1	-1	-1
14	16	1.62016	-8.33431	-1	-1	-1
14	16	1.77016	-8.33431	-1	-1	-1
14	16	1.92016	-8.33431	-1	-1	-1
14	16	1.47016	-8.18431	-1	-1	-1
14	16	1.62016	-8.18431	-1	-1	-1
14	16	1.77016	-8.18431	-1	-1	-1
14	16	1.92016	-8.18431	-1	-1	-1
14	16	1.47016	-8.03431	-1	-1	-1
14	16	1.62016	-8.03431	-1	-1	-1
14	16	1.77016	-8.03431	-1	-1	-1
14	16	1.92016	-8.03431	-1	-1	-1
14	16	1.47016	-7.88431	-1	-1	-1
14	16	1.62016	-7.88431	-1	-1	-1
14	16	1.77016	-7.88431	-1	-1	-1
14	16	1.92016	-7.88431	-1	-1	-1
15	16	-7.86755	0.486431	3883	3965.16	-1
15	16	-7.71755	0.486431	3760	3821.19	-1
15	16	-7.56755	0.486431	3698	3770.59	-1
15	16	-7.41755	0.486431	3588	3645.25	-1
15	16	-7.86755	0.636431	-1	-1	-1
15	16	-7.71755	0.636431	-1	-1	-1
15	16	-7.56755	0.636431	3744	3808.47	-1
15	16	-7.41755	0.636431	4220	4277.12	-1
15	16	-7.86755	0.786431	-1	-1	-1
15	16	-7.71755	0.786431	4467	4532.97	-1
15	16	-7.56755	0.786431	4342	4407.22	-1
15	16	-7.41755	0.786431	4592	4648.78	-1
15	16	-7.86755	0.936431	-1	-1	-1
15	16	-7.71755	0.936431	-1	-1	-1
15	16	-7.56755	0.936431	4705	4769.94	-1
15	16	-7.41755	0.936431	4824	4889.06	-1
16	16	1.13924	-0.963921	4096	4136.78	-1
16	16	1.28924	-0.963921	4151	4172.88	-1
16	16	1.43924	-0.963921	4238	4260.12	-1
16	16	1.58924	-0.963921	-1	-1	-1
16	16	1.13924	-0.813921	-1	-1	-1
16	16	1.28924	-0.813921	4199	4220.69	-1
16	16	1.43924	-0.813921	-1	-1	-1
16	16	1.58924	-0.813921	-1	-1	-1
16	16	1.13924	-0.663921	601	751.375	-1
16	16	1.28924	-0.663921	-1	-1	-1
16	16	1.43924	-0.663921	-1	-1	-1
16	16	1.58924	-0.663921	2425	2446.47	-1
16	16	1.13924	-0.513921	1853	2068.16	-1
16	16	1.28924	-0.513921	2092	2128.31	-1
16	16	1.43924	-0.513921	2469	2503.72	-1
16	16	1.58924	-0.513921	2038	2106.97	-1
17	16	4.80584	3.98159	543	604.281	-1
17	16	4.95584	3.98159	654	711.375	-1
17	16	5.10584	3.98159	3991	4045.03	-1
17	16	5.25584	3.98159	-1	-1	-1
17	16	4.80584	4.13159	317	369.25	-1
17	16	4.95584	4.13159	432	481	-1
17	16	5.10584	4.13159	3815	3943.75	-1
17	16	5.25584	4.13159	-1	-1	-1
17	16	4.80584	4.28159	126	259.312	-1
17	16	4.95584	4.28159	4088	4231.09	-1
17	16	5.10584	4.28159	-1	-1	-1
17	16	5.25584	4.28159	-1	-1	-1
17	16	4.80584	4.43159	335	389.219	-1
17	16	4.95584	4.43159	-1	-1	-1
17	16	5.10584	4.43159	-1	-1	-1
17	16	5.25584	4.43159	-1	-1	-1
18	16	-4.82939	0.252589	-1	-1	-1
18	16	-4.67939	0.252589	-1	-1	-1
18	16	-4.52939	0.252589	3420	3458.12	-1
18	16	-4.37939	0.252589	288	327.375	-1
18	16	-4.82939	0.402589	-1	-1	-1
18	16	-4.67939	0.402589	-1	-1	-1
18	16	-4.52939	0.402589	4007	4058.88	-1
18	16	-4.37939	0.402589	2875	2996.81	-1
18	16	-4.82939	0.552589	-1	-1	-1
18	16	-4.67939	0.552589	-1	-1	-1
18	16	-4.52939	0.552589	4114	4148.34	-1
18	16	-4.37939	0.552589	191	229.094	-1
18	16	-4.82939	0.702589	151	189.938	-1
18	16	-4.67939	0.702589	-1	-1	-1
18	16	-4.52939	0.702589	-1	-1	-1
18	16	-4.37939	0.702589	-1	-1	-1
19	16	6.46184	-5.69781	-1	-1	-1
19	16	6.61184	-5.69781	-1	-1	-1
19	16	6.76184	-5.69781	-1	-1	-1
19	16	6.91184	-5.69781	-1	-1	-1
19	16	6.46184	-5.54781	-1	-1	-1
19	16	6.61184	-5.54781	-1	-1	-1
19	16	6.76184	-5.54781	-1	-1	-1
19	16	6.91184	-5.54781	-1	-1	-1
19	16	6.46184	-5.39781	-1	-1	-1
19	16	6.61184	-5.39781	-1	-1	-1
19	16	6.76184	-5.39781	-1	-1	-1
19	16	6.91184	-5.39781	-1	-1	-1
19	16	6.46184	-5.24781	-1	-1	-1
19	16	6.61184	-5.24781	-1	-1	-1
19	16	6.76184	-5.24781	-1	-1	-1
19	16	6.91184	-5.24781	-1	-1	-1
20	16	-0.192793	-8.134	-1	-1	-1
20	16	-0.0427928	-8.134	-1	-1	-1
20	16	0.107207	-8.134	-1	-1	-1
20	16	0.257207	-8.134	-1	-1	-1
20	16	-0.192793	-7.984	-1	-1	-1
20	16	-0.0427928	-7.984	-1	-1	-1
20	16	0.107207	-7.984	-1	-1	-1
20	16	0.257207	-7.984	-1	-1	-1
20	16	-0.192793	-7.834	-1	-1	-1
20	16	-0.0427928	-7.834	-1	-1	-1
20	16	0.107207	-7.834	-1	-1	-1
20	16	0.257207	-7.834	-1	-1	-1
20	16	-0.192793	-7.684	-1	-1	-1
20	16	-0.0427928	-7.684	-1	-1	-1
20	16	0.107207	-7.684	-1	-1	-1
20	16	0.257207	-7.684	-1	-1	-1
21	16	-2.93965	-8.84692	-1	-1	-1
21	16	-2.78965	-8.84692	1832	1902.12	-1
21	16	-2.63965	-8.84692	-1	-1	-1
21	16	-2.48965	-8.84692	-1	-1	-1
21	16	-2.93965	-8.69692	-1	-1	-1
21	16	-2.78965	-8.69692	-1	-1	-1
21	16	-2.63965	-8.69692	-1	-1	-1
21	16	-2.48965	-8.69692	-1	-1	-1
21	16	-2.93965	-8.54692	-1	-1	-1
21	16	-2.78965	-8.54692	-1	-1	-1
21	16	-2.63965	-8.54692	-1	-1	-1
21	16	-2.48965	-8.54692	-1	-1	-1
21	16	-2.93965	-8.39692	-1	-1	-1
21	16	-2.78965	-8.39692	-1	-1	-1
21	16	-2.63965	-8.39692	-1	-1	-1
21	16	-2.48965	-8.39692	-1	-1	-1
0	256	0.712502	3.94855	953	1069.69	-1
0	256	0.211335	-4.91805	4296	4335.19	-1
0	256	-5.96891	2.51187	3765	3880.44	-1
0	256	8.22214	0.703058	1174	1236.22	-1
0	256	2.78279	-4.3587	4998	5041.41	-1
0	256	5.92986	2.06394	908	956.812	-1
0	256	6.95258	-4.21413	-1	-1	-1
0	256	5.73113	-5.3719	-1	-1	-1
0	256	6.71809	3.72613	619	676.531	-1
0	256	5.80444	6.859	-1	-1	-1
0	256	9.27246	-1.81731	-1	-1	-1
0	256	-7.25801	4.29754	-1	-1	-1
0	256	7.08155	2.27718	-1	-1	-1
0	256	8.58261	0.295255	-1	-1	-1
0	256	5.97588	-3.71207	-1	-1	-1
0	256	5.82376	-0.201001	-1	-1	-1
0	256	-4.52412	-4.58233	4248	4300.72	-1
0	256	-4.78324	-8.22326	725	819.688	-1
0	256	2.18303	-3.09214	1846	1999.31	-1
0	256	1.49856	7.15077	-1	-1	-1
0	256	0.256829	-6.60072	3092	3140.69	-1
0	256	8.48255	-1.65991	-1	-1	-1
0	256	0.806554	-6.42145	1657	1755.22	-1
0	256	6.44125	2.65503	-1	-1	-1
0	256	3.39715	-0.544531	2735	2854.84	-1
0	256	3.97083	-0.307773	-1	-1	-1
0	256	1.18863	-9.26192	-1	-1	-1
0	256	2.55584	-9.20629	-1	-1	-1
0	256	7.89874	-3.84776	-1	-1	-1
0	256	8.25171	-2.82964	-1	-1	-1
0	256	-5.74293	-4.73083	-1	-1	-1
0	256	4.86418	-7.67286	-1	-1	-1
0	256	-4.69383	3.04806	-1	-1	-1
0	256	7.91294	1.74489	-1	-1	-1
0	256	-2.79037	9.08238	-1	-1	-1
0	256	6.61958	-5.9433	-1	-1	-1
0	256	9.41409	1.06931	2455	2525	-1
0	256	2.50596	-5.2086	3614	3658.97	-1
0	256	-6.31361	0.944432	677	783.156	-1
0	256	6.97928	-4.06887	-1	-1	-1
0	256	3.80095	-2.15366	2609	2649.53	-1
0	256	-4.32886	-1.74469	960	1005.81	-1
0	256	-5.40041	6.28763	-1	-1	-1
0	256	-3.70769	2.38416	3740	3775.16	-1
0	256	-7.09208	3.52961	-1	-1	-1
0	256	3.68992	-7.22735	-1	-1	-1
0	256	-0.666472	6.74082	-1	-1	-1
0	256	3.50683	6.36815	3449	3505.47	-1
0	256	-8.05869	-0.667798	-1	-1	-1
0	256	1.94062	5.64158	-1	-1	-1
0	256	-1.1689	3.14101	2133	2162.62	-1
0	256	1.95002	3.83038	-1	-1	-1
0	256	8.2413	1.96653	-1	-1	-1
0	256	-3.01307	4.42618	4172	4217.38	-1
0	256	2.63987	-0.239546	2278	2305.38	-1
0	256	-4.99104	0.676949	238	280.188	-1
0	256	-6.74513	-4.97472	-1	-1	-1
0	256	-8.96939	-0.444834	-1	-1	-1
0	256	5.82731	-1.67819	-1	-1	-1
0	256	5.75065	4.10625	342	411.219	-1
0	256	-9.22025	-2.13266	-1	-1	-1
0	256	7.42716	-3.23115	-1	-1	-1
0	256	5.65298	-7.31167	-1	-1	-1
0	256	6.81421	-7.25166	-1	-1	-1
0	256	7.43244	4.94308	2780	2846.97	-1
0	256	8.52999	-0.638472	-1	-1	-1
0	256	-1.71736	-4.83905	1910	2020.44	-1
0	256	-7.13033	-0.937836	-1	-1	-1
0	256	6.80507	-4.31487	-1	-1	-1
0	256	5.70183	0.844092	-1	-1	-1
0	256	6.28903	-3.90062	-1	-1	-1
0	256	5.60721	-6.3333	-1	-1	-1
0	256	2.78418	1.70347	1008	1152	-1
0	256	-0.743545	9.34817	-1	-1	-1
0	256	-6.01165	2.08285	-1	-1	-1
0	256	-6.35958	-1.48497	3193	3300.06	-1
0	256	0.833584	6.07929	-1	-1	-1
0	256	6.27741	2.63532	-1	-1	-1
0	256	6.77358	3.0473	-1	-1	-1
0	256	4.08257	5.11425	-1	-1	-1
0	256	4.58052	-9.67151	4489	4570.06	-1
0	256	-5.05269	1.33432	3584	3695.12	-1
0	256	-5.59799	-1.88642	3290	3394.16	-1
0	256	-4.62803	8.70821	2918	3003.97	-1
0	256	3.24668	3.30694	4116	4155	-1
0	256	7.77596	-3.06619	3375	3453.62	-1
0	256	-8.56979	-1.45861	-1	-1	-1
0	256	7.63124	-2.85286	3382	3486.22	-1
0	256	9.23118	3.36401	-1	-1	-1
0	256	-9.57981	0.709041	-1	-1	-1
0	256	-8.96485	-0.704609	-1	-1	-1
0	256	3.43362	4.00268	-1	-1	-1
0	256	-8.55752	-3.25448	-1	-1	-1
0	256	0.0519436	6.40446	-1	-1	-1
0	256	-1.97471	7.92282	5252	5315	-1
0	256	-8.86918	0.00682621	-1	-1	-1
0	256	-0.0956959	-5.06519	130	172.406	-1
0	256	-2.91865	-1.49486	126	154.156	-1
0	256	-6.91122	-6.24038	-1	-1	-1
0	256	-8.42253	-5.08209	1597	1666.66	-1
0	256	-6.58804	0.408517	4000	4083.75	-1
0	256	4.38853	3.59195	1283	1332.25	-1
0	256	3.45431	-5.81863	-1	-1	-1
0	256	-2.42932	6.90166	2276	2370.75	-1
0	256	-0.287767	5.25068	-1	-1	-1
0	256	0.364928	5.70933	116	159.188	-1
0	256	-5.50436	4.87338	3053	3198.41	-1
0	256	-4.23116	-3.5824	-1	-1	-1
0	256	-6.19203	-2.99129	355	405.219	-1
0	256	-1.89562	-3.37634	-1	-1	-1
0	256	4.23502	8.17937	2290	2363.31	-1
0	256	-6.25673	-2.69994	1769	1872.56	-1
0	256	-2.18492	4.28141	-1	-1	-1
0	256	-4.06933	6.3193	476	595.281	-1
0	256	7.16424	0.286845	-1	-1	-1
0	256	-2.60932	3.6858	-1	-1	-1
0	256	4.86353	-1.21242	2417	2460.41	-1
0	256	-0.348207	-5.27483	2516	2649.22	-1
0	256	7.03865	-6.27517	-1	-1	-1
0	256	7.18835	-0.569252	-1	-1	-1
0	256	-8.34716	3.81128	-1	-1	-1
0	256	-8.0004	-5.42853	2650	2765.88	-1
0	256	-4.0489	-9.79459	-1	-1	-1
0	256	-1.95705	2.46644	4272	4424.91	-1
0	256	-1.69264	-6.13485	3627	3675.38	-1
0	256	-6.60753	3.93382	-1	-1	-1
0	256	-0.982769	-4.84672	-1	-1	-1
0	256	-1.43639	8.94661	1748	1836.47	-1
0	256	8.79655	-3.52342	-1	-1	-1
0	256	-2.37221	-3.31384	-1	-1	-1
0	256	3.98953	-1.74404	2935	2973.03	-1
0	256	-5.79982	2.76996	-1	-1	-1
0	256	-2.06458	-4.1737	236	275.125	-1
0	256	3.90468	9.285	3629	3698.84	-1
0	256	-0.705157	6.43917	4309	4363.75	-1
0	256	-1.13567	-4.45551	4286	4323.66	-1
0	256	2.79117	-9.36723	2332	2403.56	-1
0	256	-0.0348611	6.64248	-1	-1	-1
0	256	-1.17017	7.23428	3367	3423.75	-1
0	256	2.08608	-3.83395	4534	4673.59	-1
0	256	8.8312	1.3298	1139	1214.25	-1
0	256	-4.24622	0.242869	136	249.469	-1
0	256	1.9024	-9.55341	-1	-1	-1
0	256	3.27699	5.95249	3494	3546.5	-1
0	256	6.16675	-6.63921	3739	3897.56	-1
0	256	-0.53861	6.01521	-1	-1	-1
0	256	-4.24714	6.71439	-1	-1	-1
0	256	-3.25525	-2.56207	-1	-1	-1
0	256	-2.18124	-9.68724	-1	-1	-1
0	256	-1.15652	-3.98875	228	262.844	-1
0	256	1.26037	-2.75829	3045	3181.09	-1
0	256	-6.4559	1.7999	-1	-1	-1
0	256	-1.04483	-3.22017	3797	3828.97	-1
0	256	0.668521	4.52132	802	841.656	-1
0	256	3.18131	-8.94519	-1	-1	-1
0	256	-5.77083	-8.14167	-1	-1	-1
0	256	3.0369	9.25994	-1	-1	-1
0	256	2.30083	2.86415	3015	3174.69	-1
0	256	-2.10359	-4.29662	4054	4092.59	-1
0	256	-7.1815	8.96105	3331	3417.62	-1
0	256	8.51536	4.83795	-1	-1	-1
0	256	-1.99733	8.74977	3316	3383.47	-1
0	256	5.25846	1.52928	2516	2558.56	-1
0	256	-9.39909	0.172178	-1	-1	-1
0	256	-3.5149	3.60384	3006	3162.31	-1
0	256	5.68627	-2.81272	2841	2894.97	-1
0	256	6.24743	3.38492	-1	-1	-1
0	256	0.658905	4.12309	-1	-1	-1
0	256	-5.00784	-6.26669	1127	1205.59	-1
0	256	-7.24008	4.94796	-1	-1	-1
0	256	4.8988	-6.56055	1595	1722.78	-1
0	256	-2.04704	6.52656	443	545.406	-1
0	256	3.16817	1.70767	4675	4704.69	-1
0	256	6.09095	1.33624	3906	4007.72	-1
0	256	6.35072	2.38285	3045	3149.25	-1
0	256	5.84341	-2.09456	2586	2632.97	-1
0	256	1.63697	6.55542	828	934.656	-1
0	256	2.48604	4.94246	-1	-1	-1
0	256	5.01304	-1.82677	1226	1267.94	-1
0	256	-9.72613	0.311292	3590	3662	-1
0	256	-7.03332	-3.43366	4528	4584.69	-1
0	256	8.432	1.6426	-1	-1	-1
0	256	-8.7759	-3.9826	-1	-1	-1
0	256	7.00888	5.65891	1739	1804.88	-1
0	256	5.1035	1.3023	66	108.719	-1
0	256	5.37006	-7.79232	-1	-1	-1
0	256	-6.17565	6.8876	2223	2350.47	-1
0	256	8.68439	4.18514	-1	-1	-1
0	256	3.10071	-4.56363	1998	2145.53	-1
0	256	5.87486	-5.64845	-1	-1	-1
0	256	6.35886	0.439585	-1	-1	-1
0	256	-8.4965	-2.3648	3205	3266.44	-1
0	256	3.91567	-7.40187	-1	-1	-1
0	256	9.27898	-3.52678	-1	-1	-1
0	256	-4.7263	7.41336	-1	-1	-1
0	256	-2.40852	6.65794	4348	4456.66	-1
0	256	4.9631	-1.25821	2308	2349.5	-1
0	256	-1.48683	-9.38253	-1	-1	-1
0	256	1.33728	-9.30436	5191	5260.88	-1
0	256	7.51022	2.71812	1895	1953.28	-1
0	256	6.22926	6.61736	-1	-1	-1
0	256	2.43985	8.57439	-1	-1	-1
0	256	7.58756	2.36771	-1	-1	-1
0	256	-6.11792	4.54157	1291	1409.19	-1
0	256	3.25668	8.6048	-1	-1	-1
0	256	6.89269	-1.48485	-1	-1	-1
0	256	-1.60392	-5.14101	-1	-1	-1
0	256	0.774247	-3.68027	1077	1194.59	-1
0	256	-3.05972	3.74013	3269	3323.53	-1
0	256	-6.10436	1.72523	-1	-1	-1
0	256	-7.6617	3.97303	-1	-1	-1
0	256	-4.84799	6.44215	-1	-1	-1
0	256	-3.96946	-2.04474	-1	-1	-1
0	256	-0.997896	-8.94258	4180	4248.72	-1
0	256	1.28829	-6.53313	2967	3022.75	-1
0	256	-9.6119	6.75941	5107	5192.03	-1
0	256	6.17144	1.7865	-1	-1	-1
0	256	7.18527	-2.79514	3211	3312.31	-1
0	256	-0.162709	5.62963	972	1018.38	-1
0	256	-8.22729	3.17816	-1	-1	-1
0	256	-2.40526	2.15452	3051	3218.47	-1
0	256	4.28581	4.93604	-1	-1	-1
0	256	-0.0670344	-5.58925	-1	-1	-1
0	256	9.10047	-2.13249	-1	-1	-1
0	256	-6.19586	1.6186	-1	-1	-1
0	256	-6.80283	-3.71702	5276	5343.91	-1
0	256	-1.81345	-5.14181	-1	-1	-1
0	256	-4.42114	5.5369	-1	-1	-1
0	256	-0.312727	6.52832	-1	-1	-1
0	256	-9.62095	-1.89648	3390	3486.66	-1
0	256	-0.807266	4.77021	4260	4300.03	-1
0	256	-2.12675	-7.19666	-1	-1	-1
0	256	5.99488	-0.457663	2011	2062.44	-1
0	256	3.27037	2.02876	3943	3977.53	-1
0	256	3.9394	-8.32288	-1	-1	-1
0	256	3.52426	7.50344	-1	-1	-1
0	256	-2.68177	9.49822	2901	2989.28	-1
0	256	7.27545	-2.55825	3391	3449.53	-1
0	256	5.55817	8.28723	-1	-1	-1
0	256	4.69371	-0.489194	2891	2930.47	-1
0	256	-1.80018	7.28199	2287	2377.31	-1
0	256	3.07918	-5.49866	-1	-1	-1
0	256	-1.08167	-6.72212	2973	3029.81	-1
0	256	1.01213	-6.75299	2811	2903.41	-1
0	256	-6.96106	0.509637	3914	3978.72	-1
0	256	-1.24445	5.32657	869	983.188	-1
0	256	5.38602	7.90546	-1	-1	-1
0	256	-9.68409	1.34004	-1	-1	-1
0	256	7.2144	-3.6286	-1	-1	-1
0	256	-0.652456	-8.03966	273	362.594	-1
0	256	-2.81232	-6.07512	-1	-1	-1
0	256	-1.04031	-7.79321	-1	-1	-1
0	256	-1.43379	7.84713	1759	1820.25	-1
0	256	8.9095	-1.16733	-1	-1	-1
0	256	7.00015	-1.20791	-1	-1	-1
0	256	0.0546001	-3.70267	3408	3533.53	-1
