Pile ID	Distribution Type	X-Position	Y-Position	Pickup Time	Drop Off Time	Ant ID
1	1	-1.88348	5.1407	2244	2331.47	-1
1	1	-1.73348	5.1407	2242	2301.41	-1
1	1	-1.58348	5.1407	2196	2247.12	-1
1	1	-1.43348	5.1407	2312	2364.75	-1
1	1	-1.28348	5.1407	2210	2281.56	-1
1	1	-1.13348	5.1407	2039	2140.59	-1
1	1	-0.983483	5.1407	2074	2150.69	-1
1	1	-0.833483	5.1407	1907	1954.16	-1
1	1	-0.683483	5.1407	2127	2210.78	-1
1	1	-0.533483	5.1407	2206	2258	-1
1	1	-0.383483	5.1407	2313	2360.56	-1
1	1	-0.233483	5.1407	2333	2385.62	-1
1	1	-0.0834835	5.1407	-1	-1	-1
1	1	0.0665165	5.1407	-1	-1	-1
1	1	0.216517	5.1407	-1	-1	-1
1	1	0.366517	5.1407	-1	-1	-1
1	1	-1.88348	5.2907	2125	2187.34	-1
1	1	-1.73348	5.2907	2027	2079.03	-1
1	1	-1.58348	5.2907	2145	2214.5	-1
1	1	-1.43348	5.2907	2286	2342.78	-1
1	1	-1.28348	5.2907	2334	2395.44	-1
1	1	-1.13348	5.2907	1860	1988.78	-1
1	1	-0.983483	5.2907	1790	1835.88	-1
1	1	-0.833483	5.2907	1880	1940.41	-1
1	1	-0.683483	5.2907	1992	2069.62	-1
1	1	-0.533483	5.2907	-1	-1	-1
1	1	-0.383483	5.2907	2591	2636.88	-1
1	1	-0.233483	5.2907	2446	2498.62	-1
1	1	-0.0834835	5.2907	-1	-1	-1
1	1	0.0665165	5.2907	-1	-1	-1
1	1	0.216517	5.2907	-1	-1	-1
1	1	0.366517	5.2907	-1	-1	-1
1	1	-1.88348	5.4407	2013	2057.75	-1
1	1	-1.73348	5.4407	1907	1960.19	-1
1	1	-1.58348	5.4407	1572	1626.59	-1
1	1	-1.43348	5.4407	1671	1719.81	-1
1	1	-1.28348	5.4407	2238	2295.5	-1
1	1	-1.13348	5.4407	1942	2042.41	-1
1	1	-0.983483	5.4407	1761	1813	-1
1	1	-0.833483	5.4407	1664	1712.91	-1
1	1	-0.683483	5.4407	2014	2131.06	-1
1	1	-0.533483	5.4407	-1	-1	-1
1	1	-0.383483	5.4407	-1	-1	-1
1	1	-0.233483	5.4407	-1	-1	-1
1	1	-0.0834835	5.4407	-1	-1	-1
1	1	0.0665165	5.4407	-1	-1	-1
1	1	0.216517	5.4407	-1	-1	-1
1	1	0.366517	5.4407	-1	-1	-1
1	1	-1.88348	5.5907	2171	2236.22	-1
1	1	-1.73348	5.5907	1699	1746.5	-1
1	1	-1.58348	5.5907	1426	1483.94	-1
1	1	-1.43348	5.5907	1336	1387.25	-1
1	1	-1.28348	5.5907	989	1036.78	-1
1	1	-1.13348	5.5907	963	1047.66	-1
1	1	-0.983483	5.5907	633	738.938	-1
1	1	-0.833483	5.5907	1573	1617.41	-1
1	1	-0.683483	5.5907	2054	2102.75	-1
1	1	-0.533483	5.5907	-1	-1	-1
1	1	-0.383483	5.5907	-1	-1	-1
1	1	-0.233483	5.5907	-1	-1	-1
1	1	-0.0834835	5.5907	-1	-1	-1
1	1	0.0665165	5.5907	-1	-1	-1
1	1	0.216517	5.5907	-1	-1	-1
1	1	0.366517	5.5907	-1	-1	-1
1	1	-1.88348	5.7407	-1	-1	-1
1	1	-1.73348	5.7407	1809	1854.47	-1
1	1	-1.58348	5.7407	1324	1369.97	-1
1	1	-1.43348	5.7407	1248	1325.59	-1
1	1	-1.28348	5.7407	1081	1144.09	-1
1	1	-1.13348	5.7407	875	924.062	-1
1	1	-0.983483	5.7407	779	830	-1
1	1	-0.833483	5.7407	1457	1505.53	-1
1	1	-0.683483	5.7407	-1	-1	-1
1	1	-0.533483	5.7407	-1	-1	-1
1	1	-0.383483	5.7407	-1	-1	-1
1	1	-0.233483	5.7407	-1	-1	-1
1	1	-0.0834835	5.7407	-1	-1	-1
1	1	0.0665165	5.7407	-1	-1	-1
1	1	0.216517	5.7407	-1	-1	-1
1	1	0.366517	5.7407	3758	3803.97	-1
1	1	-1.88348	5.8907	-1	-1	-1
1	1	-1.73348	5.8907	2207	2257.41	-1
1	1	-1.58348	5.8907	1911	1963.69	-1
1	1	-1.43348	5.8907	1198	1244.59	-1
1	1	-1.28348	5.8907	1106	1155.72	-1
1	1	-1.13348	5.8907	1220	1277.81	-1
1	1	-0.983483	5.8907	1555	1604.94	-1
1	1	-0.833483	5.8907	1674	1737.34	-1
1	1	-0.683483	5.8907	-1	-1	-1
1	1	-0.533483	5.8907	-1	-1	-1
1	1	-0.383483	5.8907	-1	-1	-1
1	1	-0.233483	5.8907	-1	-1	-1
1	1	-0.0834835	5.8907	-1	-1	-1
1	1	0.0665165	5.8907	-1	-1	-1
1	1	0.216517	5.8907	3649	3697.81	-1
1	1	0.366517	5.8907	3544	3596.12	-1
1	1	-1.88348	6.0407	-1	-1	-1
1	1	-1.73348	6.0407	2034	2108.31	-1
1	1	-1.58348	6.0407	1810	1865.25	-1
1	1	-1.43348	6.0407	1694	1758.91	-1
1	1	-1.28348	6.0407	1804	1853.12	-1
1	1	-1.13348	6.0407	1969	2028.38	-1
1	1	-0.983483	6.0407	2403	2451.41	-1
1	1	-0.833483	6.0407	2117	2178.19	-1
1	1	-0.683483	6.0407	-1	-1	-1
1	1	-0.533483	6.0407	-1	-1	-1
1	1	-0.383483	6.0407	-1	-1	-1
1	1	-0.233483	6.0407	-1	-1	-1
1	1	-0.0834835	6.0407	-1	-1	-1
1	1	0.0665165	6.0407	3423	3474.5	-1
1	1	0.216517	6.0407	3316	3377.84	-1
1	1	0.366517	6.0407	3527	3580.09	-1
1	1	-1.88348	6.1907	-1	-1	-1
1	1	-1.73348	6.1907	-1	-1	-1
1	1	-1.58348	6.1907	-1	-1	-1
1	1	-1.43348	6.1907	-1	-1	-1
1	1	-1.28348	6.1907	2094	2165.19	-1
1	1	-1.13348	6.1907	-1	-1	-1
1	1	-0.983483	6.1907	2501	2556.44	-1
1	1	-0.833483	6.1907	2605	2654.66	-1
1	1	-0.683483	6.1907	-1	-1	-1
1	1	-0.533483	6.1907	5333	-1	-1
1	1	-0.383483	6.1907	5245	5304.72	-1
1	1	-0.233483	6.1907	-1	-1	-1
1	1	-0.0834835	6.1907	-1	-1	-1
1	1	0.0665165	6.1907	3440	3494.38	-1
1	1	0.216517	6.1907	3197	3249.34	-1
1	1	0.366517	6.1907	3223	3288.28	-1
1	1	-1.88348	6.3407	-1	-1	-1
1	1	-1.73348	6.3407	-1	-1	-1
1	1	-1.58348	6.3407	-1	-1	-1
1	1	-1.43348	6.3407	-1	-1	-1
1	1	-1.28348	6.3407	-1	-1	-1
1	1	-1.13348	6.3407	-1	-1	-1
1	1	-0.983483	6.3407	-1	-1	-1
1	1	-0.833483	6.3407	-1	-1	-1
1	1	-0.683483	6.3407	-1	-1	-1
1	1	-0.533483	6.3407	-1	-1	-1
1	1	-0.383483	6.3407	5216	5270.34	-1
1	1	-0.233483	6.3407	5357	-1	-1
1	1	-0.0834835	6.3407	-1	-1	-1
1	1	0.0665165	6.3407	3127	3186.31	-1
1	1	0.216517	6.3407	2973	3025.44	-1
1	1	0.366517	6.3407	3075	3129.91	-1
1	1	-1.88348	6.4907	-1	-1	-1
1	1	-1.73348	6.4907	-1	-1	-1
1	1	-1.58348	6.4907	-1	-1	-1
1	1	-1.43348	6.4907	-1	-1	-1
1	1	-1.28348	6.4907	-1	-1	-1
1	1	-1.13348	6.4907	-1	-1	-1
1	1	-0.983483	6.4907	-1	-1	-1
1	1	-0.833483	6.4907	-1	-1	-1
1	1	-0.683483	6.4907	-1	-1	-1
1	1	-0.533483	6.4907	5037	5101.5	-1
1	1	-0.383483	6.4907	4921	4977.59	-1
1	1	-0.233483	6.4907	5070	5126.16	-1
1	1	-0.0834835	6.4907	5141	5193.03	-1
1	1	0.0665165	6.4907	3106	3166.12	-1
1	1	0.216517	6.4907	2950	3003.47	-1
1	1	0.366517	6.4907	2736	2789.03	-1
1	1	-1.88348	6.6407	-1	-1	-1
1	1	-1.73348	6.6407	-1	-1	-1
1	1	-1.58348	6.6407	-1	-1	-1
1	1	-1.43348	6.6407	-1	-1	-1
1	1	-1.28348	6.6407	-1	-1	-1
1	1	-1.13348	6.6407	-1	-1	-1
1	1	-0.983483	6.6407	-1	-1	-1
1	1	-0.833483	6.6407	-1	-1	-1
1	1	-0.683483	6.6407	-1	-1	-1
1	1	-0.533483	6.6407	5050	5106.22	-1
1	1	-0.383483	6.6407	4876	4960.75	-1
1	1	-0.233483	6.6407	4752	4821.12	-1
1	1	-0.0834835	6.6407	5172	5242.28	-1
1	1	0.0665165	6.6407	3060	3132.53	-1
1	1	0.216517	6.6407	2838	2900.41	-1
1	1	0.366517	6.6407	2613	2666.34	-1
1	1	-1.88348	6.7907	-1	-1	-1
1	1	-1.73348	6.7907	-1	-1	-1
1	1	-1.58348	6.7907	-1	-1	-1
1	1	-1.43348	6.7907	-1	-1	-1
1	1	-1.28348	6.7907	-1	-1	-1
1	1	-1.13348	6.7907	-1	-1	-1
1	1	-0.983483	6.7907	-1	-1	-1
1	1	-0.833483	6.7907	-1	-1	-1
1	1	-0.683483	6.7907	5175	5253.53	-1
1	1	-0.533483	6.7907	5018	5088.34	-1
1	1	-0.383483	6.7907	4913	5005.19	-1
1	1	-0.233483	6.7907	4641	4708.03	-1
1	1	-0.0834835	6.7907	4760	4849.28	-1
1	1	0.0665165	6.7907	4037	4094.28	-1
1	1	0.216517	6.7907	2868	2927.22	-1
1	1	0.366517	6.7907	2712	2770.88	-1
1	1	-1.88348	6.9407	-1	-1	-1
1	1	-1.73348	6.9407	-1	-1	-1
1	1	-1.58348	6.9407	-1	-1	-1
1	1	-1.43348	6.9407	-1	-1	-1
1	1	-1.28348	6.9407	-1	-1	-1
1	1	-1.13348	6.9407	-1	-1	-1
1	1	-0.983483	6.9407	-1	-1	-1
1	1	-0.833483	6.9407	5363	-1	-1
1	1	-0.683483	6.9407	5221	5295.09	-1
1	1	-0.533483	6.9407	4911	4982.5	-1
1	1	-0.383483	6.9407	4618	4687.56	-1
1	1	-0.233483	6.9407	4495	4563.06	-1
1	1	-0.0834835	6.9407	4146	4209.22	-1
1	1	0.0665165	6.9407	3901	3953.78	-1
1	1	0.216517	6.9407	3652	3703.47	-1
1	1	0.366517	6.9407	3762	3835.19	-1
1	1	-1.88348	7.0907	-1	-1	-1
1	1	-1.73348	7.0907	-1	-1	-1
1	1	-1.58348	7.0907	-1	-1	-1
1	1	-1.43348	7.0907	-1	-1	-1
1	1	-1.28348	7.0907	-1	-1	-1
1	1	-1.13348	7.0907	-1	-1	-1
1	1	-0.983483	7.0907	-1	-1	-1
1	1	-0.833483	7.0907	-1	-1	-1
1	1	-0.683483	7.0907	5314	5377.31	-1
1	1	-0.533483	7.0907	5089	5144.94	-1
1	1	-0.383483	7.0907	4649	4747.34	-1
1	1	-0.233483	7.0907	4372	4428.16	-1
1	1	-0.0834835	7.0907	4259	4314.25	-1
1	1	0.0665165	7.0907	4004	4072.91	-1
1	1	0.216517	7.0907	4126	4178.22	-1
1	1	0.366517	7.0907	3352	3413.03	-1
1	1	-1.88348	7.2407	-1	-1	-1
1	1	-1.73348	7.2407	-1	-1	-1
1	1	-1.58348	7.2407	-1	-1	-1
1	1	-1.43348	7.2407	-1	-1	-1
1	1	-1.28348	7.2407	-1	-1	-1
1	1	-1.13348	7.2407	-1	-1	-1
1	1	-0.983483	7.2407	-1	-1	-1
1	1	-0.833483	7.2407	-1	-1	-1
1	1	-0.683483	7.2407	-1	-1	-1
1	1	-0.533483	7.2407	5164	5231.75	-1
1	1	-0.383483	7.2407	5311	-1	-1
1	1	-0.233483	7.2407	4478	4534.34	-1
1	1	-0.0834835	7.2407	4588	4683.72	-1
1	1	0.0665165	7.2407	4286	4355.62	-1
1	1	0.216517	7.2407	4247	4318.53	-1
1	1	0.366517	7.2407	4378	4435.72	-1
1	1	-1.88348	7.3907	-1	-1	-1
1	1	-1.73348	7.3907	-1	-1	-1
1	1	-1.58348	7.3907	-1	-1	-1
1	1	-1.43348	7.3907	-1	-1	-1
1	1	-1.28348	7.3907	-1	-1	-1
1	1	-1.13348	7.3907	-1	-1	-1
1	1	-0.983483	7.3907	-1	-1	-1
1	1	-0.833483	7.3907	-1	-1	-1
1	1	-0.683483	7.3907	-1	-1	-1
1	1	-0.533483	7.3907	-1	-1	-1
1	1	-0.383483	7.3907	-1	-1	-1
1	1	-0.233483	7.3907	5202	5281.06	-1
1	1	-0.0834835	7.3907	5355	-1	-1
1	1	0.0665165	7.3907	5271	5333.72	-1
1	1	0.216517	7.3907	-1	-1	-1
1	1	0.366517	7.3907	-1	-1	-1
2	4	-6.04548	-3.84865	-1	-1	-1
2	4	-5.89548	-3.84865	-1	-1	-1
2	4	-5.74548	-3.84865	-1	-1	-1
2	4	-5.59548	-3.84865	4926	4980.69	-1
2	4	-5.44548	-3.84865	4821	4870.88	-1
2	4	-5.29548	-3.84865	-1	-1	-1
2	4	-5.14548	-3.84865	-1	-1	-1
2	4	-4.99548	-3.84865	-1	-1	-1
2	4	-6.04548	-3.69865	-1	-1	-1
2	4	-5.89548	-3.69865	-1	-1	-1
2	4	-5.74548	-3.69865	5049	5127.06	-1
2	4	-5.59548	-3.69865	4802	4856.28	-1
2	4	-5.44548	-3.69865	4574	4622.81	-1
2	4	-5.29548	-3.69865	4692	4754.62	-1
2	4	-5.14548	-3.69865	-1	-1	-1
2	4	-4.99548	-3.69865	-1	-1	-1
2	4	-6.04548	-3.54865	-1	-1	-1
2	4	-5.89548	-3.54865	-1	-1	-1
2	4	-5.74548	-3.54865	5210	5258.75	-1
2	4	-5.59548	-3.54865	4786	4842.5	-1
2	4	-5.44548	-3.54865	4540	4602.03	-1
2	4	-5.29548	-3.54865	4664	4716.16	-1
2	4	-5.14548	-3.54865	5181	5226.97	-1
2	4	-4.99548	-3.54865	-1	-1	-1
2	4	-6.04548	-3.39865	-1	-1	-1
2	4	-5.89548	-3.39865	-1	-1	-1
2	4	-5.74548	-3.39865	4633	4695.53	-1
2	4	-5.59548	-3.39865	4614	4700.16	-1
2	4	-5.44548	-3.39865	4414	4492.66	-1
2	4	-5.29548	-3.39865	4450	4509.31	-1
2	4	-5.14548	-3.39865	4900	4950.59	-1
2	4	-4.99548	-3.39865	-1	-1	-1
2	4	-6.04548	-3.24865	-1	-1	-1
2	4	-5.89548	-3.24865	-1	-1	-1
2	4	-5.74548	-3.24865	4676	4739.75	-1
2	4	-5.59548	-3.24865	4550	4618.53	-1
2	4	-5.44548	-3.24865	4391	4452.62	-1
2	4	-5.29548	-3.24865	4317	4394.19	-1
2	4	-5.14548	-3.24865	4274	4335.06	-1
2	4	-4.99548	-3.24865	4179	4233.81	-1
2	4	-6.04548	-3.09865	-1	-1	-1
2	4	-5.89548	-3.09865	-1	-1	-1
2	4	-5.74548	-3.09865	5098	5154.53	-1
2	4	-5.59548	-3.09865	4951	5016.81	-1
2	4	-5.44548	-3.09865	4470	4548.81	-1
2	4	-5.29548	-3.09865	4194	4259.75	-1
2	4	-5.14548	-3.09865	4050	4114.22	-1
2	4	-4.99548	-3.09865	3867	4001.53	-1
2	4	-6.04548	-2.94865	-1	-1	-1
2	4	-5.89548	-2.94865	-1	-1	-1
2	4	-5.74548	-2.94865	-1	-1	-1
2	4	-5.59548	-2.94865	-1	-1	-1
2	4	-5.44548	-2.94865	4630	4676.28	-1
2	4	-5.29548	-2.94865	4332	4385.53	-1
2	4	-5.14548	-2.94865	4153	4214.62	-1
2	4	-4.99548	-2.94865	4056	4100.66	-1
2	4	-6.04548	-2.79865	-1	-1	-1
2	4	-5.89548	-2.79865	-1	-1	-1
2	4	-5.74548	-2.79865	-1	-1	-1
2	4	-5.59548	-2.79865	-1	-1	-1
2	4	-5.44548	-2.79865	4724	4781.94	-1
2	4	-5.29548	-2.79865	4522	4577.97	-1
2	4	-5.14548	-2.79865	4205	4272.25	-1
2	4	-4.99548	-2.79865	4352	4416.38	-1
3	4	3.67736	-6.01667	-1	-1	-1
3	4	3.82736	-6.01667	-1	-1	-1
3	4	3.97736	-6.01667	-1	-1	-1
3	4	4.12736	-6.01667	-1	-1	-1
3	4	4.27736	-6.01667	-1	-1	-1
3	4	4.42736	-6.01667	-1	-1	-1
3	4	4.57736	-6.01667	-1	-1	-1
3	4	4.72736	-6.01667	-1	-1	-1
3	4	3.67736	-5.86667	-1	-1	-1
3	4	3.82736	-5.86667	-1	-1	-1
3	4	3.97736	-5.86667	-1	-1	-1
3	4	4.12736	-5.86667	-1	-1	-1
3	4	4.27736	-5.86667	-1	-1	-1
3	4	4.42736	-5.86667	-1	-1	-1
3	4	4.57736	-5.86667	-1	-1	-1
3	4	4.72736	-5.86667	-1	-1	-1
3	4	3.67736	-5.71667	3914	3969.59	-1
3	4	3.82736	-5.71667	4029	4083.03	-1
3	4	3.97736	-5.71667	3935	3987.78	-1
3	4	4.12736	-5.71667	-1	-1	-1
3	4	4.27736	-5.71667	-1	-1	-1
3	4	4.42736	-5.71667	-1	-1	-1
3	4	4.57736	-5.71667	-1	-1	-1
3	4	4.72736	-5.71667	-1	-1	-1
3	4	3.67736	-5.56667	3341	3396.56	-1
3	4	3.82736	-5.56667	3570	3623.28	-1
3	4	3.97736	-5.56667	3682	3742.88	-1
3	4	4.12736	-5.56667	4041	4092.88	-1
3	4	4.27736	-5.56667	-1	-1	-1
3	4	4.42736	-5.56667	-1	-1	-1
3	4	4.57736	-5.56667	-1	-1	-1
3	4	4.72736	-5.56667	-1	-1	-1
3	4	3.67736	-5.41667	3238	3293.12	-1
3	4	3.82736	-5.41667	3480	3535.22	-1
3	4	3.97736	-5.41667	3807	3857.88	-1
3	4	4.12736	-5.41667	-1	-1	-1
3	4	4.27736	-5.41667	-1	-1	-1
3	4	4.42736	-5.41667	-1	-1	-1
3	4	4.57736	-5.41667	-1	-1	-1
3	4	4.72736	-5.41667	-1	-1	-1
3	4	3.67736	-5.26667	3062	3173.38	-1
3	4	3.82736	-5.26667	3333	3383.06	-1
3	4	3.97736	-5.26667	3455	3504.19	-1
3	4	4.12736	-5.26667	3580	3635.94	-1
3	4	4.27736	-5.26667	-1	-1	-1
3	4	4.42736	-5.26667	-1	-1	-1
3	4	4.57736	-5.26667	-1	-1	-1
3	4	4.72736	-5.26667	-1	-1	-1
3	4	3.67736	-5.11667	3229	3281.25	-1
3	4	3.82736	-5.11667	3432	3515.44	-1
3	4	3.97736	-5.11667	1934	1983.81	-1
3	4	4.12736	-5.11667	3687	3760.38	-1
3	4	4.27736	-5.11667	-1	-1	-1
3	4	4.42736	-5.11667	-1	-1	-1
3	4	4.57736	-5.11667	-1	-1	-1
3	4	4.72736	-5.11667	-1	-1	-1
3	4	3.67736	-4.96667	1928	1993.16	-1
3	4	3.82736	-4.96667	1817	1872.91	-1
3	4	3.97736	-4.96667	1628	1769.91	-1
3	4	4.12736	-4.96667	2034	2085.25	-1
3	4	4.27736	-4.96667	-1	-1	-1
3	4	4.42736	-4.96667	5400	-1	-1
3	4	4.57736	-4.96667	-1	-1	-1
3	4	4.72736	-4.96667	-1	-1	-1
4	4	6.40681	-1.42803	-1	-1	-1
4	4	6.55681	-1.42803	-1	-1	-1
4	4	6.70681	-1.42803	-1	-1	-1
4	4	6.85681	-1.42803	-1	-1	-1
4	4	7.00681	-1.42803	-1	-1	-1
4	4	7.15681	-1.42803	-1	-1	-1
4	4	7.30681	-1.42803	-1	-1	-1
4	4	7.45681	-1.42803	-1	-1	-1
4	4	6.40681	-1.27803	-1	-1	-1
4	4	6.55681	-1.27803	-1	-1	-1
4	4	6.70681	-1.27803	-1	-1	-1
4	4	6.85681	-1.27803	-1	-1	-1
4	4	7.00681	-1.27803	-1	-1	-1
4	4	7.15681	-1.27803	-1	-1	-1
4	4	7.30681	-1.27803	-1	-1	-1
4	4	7.45681	-1.27803	-1	-1	-1
4	4	6.40681	-1.12803	-1	-1	-1
4	4	6.55681	-1.12803	-1	-1	-1
4	4	6.70681	-1.12803	-1	-1	-1
4	4	6.85681	-1.12803	-1	-1	-1
4	4	7.00681	-1.12803	-1	-1	-1
4	4	7.15681	-1.12803	-1	-1	-1
4	4	7.30681	-1.12803	-1	-1	-1
4	4	7.45681	-1.12803	-1	-1	-1
4	4	6.40681	-0.978031	-1	-1	-1
4	4	6.55681	-0.978031	-1	-1	-1
4	4	6.70681	-0.978031	-1	-1	-1
4	4	6.85681	-0.978031	-1	-1	-1
4	4	7.00681	-0.978031	-1	-1	-1
4	4	7.15681	-0.978031	-1	-1	-1
4	4	7.30681	-0.978031	-1	-1	-1
4	4	7.45681	-0.978031	-1	-1	-1
4	4	6.40681	-0.828031	-1	-1	-1
4	4	6.55681	-0.828031	-1	-1	-1
4	4	6.70681	-0.828031	-1	-1	-1
4	4	6.85681	-0.828031	-1	-1	-1
4	4	7.00681	-0.828031	-1	-1	-1
4	4	7.15681	-0.828031	-1	-1	-1
4	4	7.30681	-0.828031	-1	-1	-1
4	4	7.45681	-0.828031	-1	-1	-1
4	4	6.40681	-0.678031	2685	2733.06	-1
4	4	6.55681	-0.678031	-1	-1	-1
4	4	6.70681	-0.678031	-1	-1	-1
4	4	6.85681	-0.678031	-1	-1	-1
4	4	7.00681	-0.678031	-1	-1	-1
4	4	7.15681	-0.678031	-1	-1	-1
4	4	7.30681	-0.678031	-1	-1	-1
4	4	7.45681	-0.678031	-1	-1	-1
4	4	6.40681	-0.528031	-1	-1	-1
4	4	6.55681	-0.528031	-1	-1	-1
4	4	6.70681	-0.528031	-1	-1	-1
4	4	6.85681	-0.528031	-1	-1	-1
4	4	7.00681	-0.528031	-1	-1	-1
4	4	7.15681	-0.528031	-1	-1	-1
4	4	7.30681	-0.528031	-1	-1	-1
4	4	7.45681	-0.528031	-1	-1	-1
4	4	6.40681	-0.378031	-1	-1	-1
4	4	6.55681	-0.378031	1091	1140.59	-1
4	4	6.70681	-0.378031	-1	-1	-1
4	4	6.85681	-0.378031	-1	-1	-1
4	4	7.00681	-0.378031	-1	-1	-1
4	4	7.15681	-0.378031	-1	-1	-1
4	4	7.30681	-0.378031	-1	-1	-1
4	4	7.45681	-0.378031	-1	-1	-1
5	4	-4.30835	5.09599	-1	-1	-1
5	4	-4.15835	5.09599	537	595.062	-1
5	4	-4.00835	5.09599	333	470.031	-1
5	4	-3.85835	5.09599	558	678.688	-1
5	4	-3.70835	5.09599	1071	1123.09	-1
5	4	-3.55835	5.09599	-1	-1	-1
5	4	-3.40835	5.09599	-1	-1	-1
5	4	-3.25835	5.09599	1352	1411.03	-1
5	4	-4.30835	5.24599	-1	-1	-1
5	4	-4.15835	5.24599	-1	-1	-1
5	4	-4.00835	5.24599	859	911.625	-1
5	4	-3.85835	5.24599	736	788.562	-1
5	4	-3.70835	5.24599	965	1019.19	-1
5	4	-3.55835	5.24599	1181	1246.97	-1
5	4	-3.40835	5.24599	-1	-1	-1
5	4	-3.25835	5.24599	1164	1282.03	-1
5	4	-4.30835	5.39599	-1	-1	-1
5	4	-4.15835	5.39599	-1	-1	-1
5	4	-4.00835	5.39599	-1	-1	-1
5	4	-3.85835	5.39599	-1	-1	-1
5	4	-3.70835	5.39599	-1	-1	-1
5	4	-3.55835	5.39599	-1	-1	-1
5	4	-3.40835	5.39599	1457	1553.38	-1
5	4	-3.25835	5.39599	1330	1402.22	-1
5	4	-4.30835	5.54599	-1	-1	-1
5	4	-4.15835	5.54599	-1	-1	-1
5	4	-4.00835	5.54599	-1	-1	-1
5	4	-3.85835	5.54599	-1	-1	-1
5	4	-3.70835	5.54599	-1	-1	-1
5	4	-3.55835	5.54599	-1	-1	-1
5	4	-3.40835	5.54599	-1	-1	-1
5	4	-3.25835	5.54599	-1	-1	-1
5	4	-4.30835	5.69599	-1	-1	-1
5	4	-4.15835	5.69599	-1	-1	-1
5	4	-4.00835	5.69599	-1	-1	-1
5	4	-3.85835	5.69599	-1	-1	-1
5	4	-3.70835	5.69599	-1	-1	-1
5	4	-3.55835	5.69599	-1	-1	-1
5	4	-3.40835	5.69599	-1	-1	-1
5	4	-3.25835	5.69599	-1	-1	-1
5	4	-4.30835	5.84599	-1	-1	-1
5	4	-4.15835	5.84599	-1	-1	-1
5	4	-4.00835	5.84599	-1	-1	-1
5	4	-3.85835	5.84599	-1	-1	-1
5	4	-3.70835	5.84599	-1	-1	-1
5	4	-3.55835	5.84599	-1	-1	-1
5	4	-3.40835	5.84599	-1	-1	-1
5	4	-3.25835	5.84599	247	375.812	-1
5	4	-4.30835	5.99599	-1	-1	-1
5	4	-4.15835	5.99599	-1	-1	-1
5	4	-4.00835	5.99599	-1	-1	-1
5	4	-3.85835	5.99599	-1	-1	-1
5	4	-3.70835	5.99599	-1	-1	-1
5	4	-3.55835	5.99599	-1	-1	-1
5	4	-3.40835	5.99599	-1	-1	-1
5	4	-3.25835	5.99599	-1	-1	-1
5	4	-4.30835	6.14599	-1	-1	-1
5	4	-4.15835	6.14599	-1	-1	-1
5	4	-4.00835	6.14599	-1	-1	-1
5	4	-3.85835	6.14599	-1	-1	-1
5	4	-3.70835	6.14599	-1	-1	-1
5	4	-3.55835	6.14599	-1	-1	-1
5	4	-3.40835	6.14599	-1	-1	-1
5	4	-3.25835	6.14599	-1	-1	-1
6	16	-0.849869	-9.24826	-1	-1	-1
6	16	-0.699869	-9.24826	-1	-1	-1
6	16	-0.549869	-9.24826	-1	-1	-1
6	16	-0.399869	-9.24826	-1	-1	-1
6	16	-0.849869	-9.09826	-1	-1	-1
6	16	-0.699869	-9.09826	-1	-1	-1
6	16	-0.549869	-9.09826	-1	-1	-1
6	16	-0.399869	-9.09826	3982	4052.19	-1
6	16	-0.849869	-8.94826	-1	-1	-1
6	16	-0.699869	-8.94826	-1	-1	-1
6	16	-0.549869	-8.94826	-1	-1	-1
6	16	-0.399869	-8.94826	-1	-1	-1
6	16	-0.849869	-8.79826	-1	-1	-1
6	16	-0.699869	-8.79826	-1	-1	-1
6	16	-0.549869	-8.79826	3115	3208.41	-1
6	16	-0.399869	-8.79826	-1	-1	-1
7	16	-4.53016	1.56172	4083	4120	-1
7	16	-4.38016	1.56172	2814	2865.25	-1
7	16	-4.23016	1.56172	2796	2874	-1
7	16	-4.08016	1.56172	2502	2629.88	-1
7	16	-4.53016	1.71172	3887	3924.38	-1
7	16	-4.38016	1.71172	2646	2723.84	-1
7	16	-4.23016	1.71172	2538	2577.5	-1
7	16	-4.08016	1.71172	784	822.5	-1
7	16	-4.53016	1.86172	2907	2955.22	-1
7	16	-4.38016	1.86172	2752	2823.66	-1
7	16	-4.23016	1.86172	2364	2485.69	-1
7	16	-4.08016	1.86172	872	917.469	-1
7	16	-4.53016	2.01172	2787	2854.78	-1
7	16	-4.38016	2.01172	2721	2802.81	-1
7	16	-4.23016	2.01172	2604	2673.34	-1
7	16	-4.08016	2.01172	2523	2557.16	-1
8	16	-7.77289	2.92378	-1	-1	-1
8	16	-7.62289	2.92378	-1	-1	-1
8	16	-7.47289	2.92378	-1	-1	-1
8	16	-7.32289	2.92378	-1	-1	-1
8	16	-7.77289	3.07378	-1	-1	-1
8	16	-7.62289	3.07378	-1	-1	-1
8	16	-7.47289	3.07378	-1	-1	-1
8	16	-7.32289	3.07378	-1	-1	-1
8	16	-7.77289	3.22378	-1	-1	-1
8	16	-7.62289	3.22378	-1	-1	-1
8	16	-7.47289	3.22378	-1	-1	-1
8	16	-7.32289	3.22378	-1	-1	-1
8	16	-7.77289	3.37378	-1	-1	-1
8	16	-7.62289	3.37378	-1	-1	-1
8	16	-7.47289	3.37378	-1	-1	-1
8	16	-7.32289	3.37378	-1	-1	-1
9	16	1.42305	4.14886	1576	1619.81	-1
9	16	1.57305	4.14886	1391	1427.44	-1
9	16	1.72305	4.14886	87	213.969	-1
9	16	1.87305	4.14886	252	294.781	-1
9	16	1.42305	4.29886	-1	-1	-1
9	16	1.57305	4.29886	1317	1354.88	-1
9	16	1.72305	4.29886	889	1013.12	-1
9	16	1.87305	4.29886	1054	1090.22	-1
9	16	1.42305	4.44886	1595	1646.06	-1
9	16	1.57305	4.44886	1465	1528.34	-1
9	16	1.72305	4.44886	1131	1189.78	-1
9	16	1.87305	4.44886	1223	1273.59	-1
9	16	1.42305	4.59886	1683	1736.34	-1
9	16	1.57305	4.59886	1716	1753.94	-1
9	16	1.72305	4.59886	-1	-1	-1
9	16	1.87305	4.59886	-1	-1	-1
10	16	3.39786	7.66532	-1	-1	-1
10	16	3.54786	7.66532	-1	-1	-1
10	16	3.69786	7.66532	-1	-1	-1
10	16	3.84786	7.66532	-1	-1	-1
10	16	3.39786	7.81532	-1	-1	-1
10	16	3.54786	7.81532	-1	-1	-1
10	16	3.69786	7.81532	-1	-1	-1
10	16	3.84786	7.81532	-1	-1	-1
10	16	3.39786	7.96532	-1	-1	-1
10	16	3.54786	7.96532	-1	-1	-1
10	16	3.69786	7.96532	-1	-1	-1
10	16	3.84786	7.96532	-1	-1	-1
10	16	3.39786	8.11532	-1	-1	-1
10	16	3.54786	8.11532	-1	-1	-1
10	16	3.69786	8.11532	-1	-1	-1
10	16	3.84786	8.11532	-1	-1	-1
11	16	-3.72995	3.11058	-1	-1	-1
11	16	-3.57995	3.11058	3205	3246.28	-1
11	16	-3.42995	3.11058	684	732.562	-1
11	16	-3.27995	3.11058	115	161.375	-1
11	16	-3.72995	3.26058	-1	-1	-1
11	16	-3.57995	3.26058	3288	3329.62	-1
11	16	-3.42995	3.26058	3001	3164	-1
11	16	-3.27995	3.26058	767	829.281	-1
11	16	-3.72995	3.41058	-1	-1	-1
11	16	-3.57995	3.41058	-1	-1	-1
11	16	-3.42995	3.41058	-1	-1	-1
11	16	-3.27995	3.41058	3957	4121.31	-1
11	16	-3.72995	3.56058	662	707	-1
11	16	-3.57995	3.56058	577	620.719	-1
11	16	-3.42995	3.56058	492	533.031	-1
11	16	-3.27995	3.56058	595	636.25	-1
12	16	8.32926	0.39518	-1	-1	-1
12	16	8.47926	0.39518	-1	-1	-1
12	16	8.62926	0.39518	-1	-1	-1
12	16	8.77926	0.39518	-1	-1	-1
12	16	8.32926	0.54518	-1	-1	-1
12	16	8.47926	0.54518	-1	-1	-1
12	16	8.62926	0.54518	-1	-1	-1
12	16	8.77926	0.54518	-1	-1	-1
12	16	8.32926	0.69518	-1	-1	-1
12	16	8.47926	0.69518	-1	-1	-1
12	16	8.62926	0.69518	-1	-1	-1
12	16	8.77926	0.69518	-1	-1	-1
12	16	8.32926	0.84518	-1	-1	-1
12	16	8.47926	0.84518	-1	-1	-1
12	16	8.62926	0.84518	1734	1796.47	-1
12	16	8.77926	0.84518	1611	1675	-1
13	16	1.98269	5.74185	918	962.719	-1
13	16	2.13269	5.74185	-1	-1	-1
13	16	2.28269	5.74185	-1	-1	-1
13	16	2.43269	5.74185	-1	-1	-1
13	16	1.98269	5.89185	-1	-1	-1
13	16	2.13269	5.89185	-1	-1	-1
13	16	2.28269	5.89185	-1	-1	-1
13	16	2.43269	5.89185	-1	-1	-1
13	16	1.98269	6.04185	2476	2526.69	-1
13	16	2.13269	6.04185	3799	3863.22	-1
13	16	2.28269	6.04185	-1	-1	-1
13	16	2.43269	6.04185	-1	-1	-1
13	16	1.98269	6.19185	2458	2552.44	-1
13	16	2.13269	6.19185	3210	3269.56	-1
13	16	2.28269	6.19185	4846	4895.16	-1
13	16	2.43269	6.19185	4257	4306.03	-1
14	16	6.1688	0.303377	1594	1695.78	-1
14	16	6.3188	0.303377	-1	-1	-1
14	16	6.4688	0.303377	-1	-1	-1
14	16	6.6188	0.303377	-1	-1	-1
14	16	6.1688	0.453377	-1	-1	-1
14	16	6.3188	0.453377	-1	-1	-1
14	16	6.4688	0.453377	-1	-1	-1
14	16	6.6188	0.453377	-1	-1	-1
14	16	6.1688	0.603377	-1	-1	-1
14	16	6.3188	0.603377	-1	-1	-1
14	16	6.4688	0.603377	-1	-1	-1
14	16	6.6188	0.603377	-1	-1	-1
14	16	6.1688	0.753377	-1	-1	-1
14	16	6.3188	0.753377	-1	-1	-1
14	16	6.4688	0.753377	-1	-1	-1
14	16	6.6188	0.753377	-1	-1	-1
15	16	-6.47166	1.00187	-1	-1	-1
15	16	-6.32166	1.00187	-1	-1	-1
15	16	-6.17166	1.00187	-1	-1	-1
15	16	-6.02166	1.00187	5102	5147.12	-1
15	16	-6.47166	1.15187	-1	-1	-1
15	16	-6.32166	1.15187	-1	-1	-1
15	16	-6.17166	1.15187	-1	-1	-1
15	16	-6.02166	1.15187	4852	4966.88	-1
15	16	-6.47166	1.30187	-1	-1	-1
15	16	-6.32166	1.30187	-1	-1	-1
15	16	-6.17166	1.30187	-1	-1	-1
15	16	-6.02166	1.30187	5009	5055.66	-1
15	16	-6.47166	1.45187	-1	-1	-1
15	16	-6.32166	1.45187	-1	-1	-1
15	16	-6.17166	1.45187	-1	-1	-1
15	16	-6.02166	1.45187	2972	3021.28	-1
16	16	3.7083	4.61144	916	1041.59	-1
16	16	3.8583	4.61144	1091	1135.81	-1
16	16	4.0083	4.61144	-1	-1	-1
16	16	4.1583	4.61144	553	602.812	-1
16	16	3.7083	4.76144	-1	-1	-1
16	16	3.8583	4.76144	-1	-1	-1
16	16	4.0083	4.76144	-1	-1	-1
16	16	4.1583	4.76144	-1	-1	-1
16	16	3.7083	4.91144	-1	-1	-1
16	16	3.8583	4.91144	-1	-1	-1
16	16	4.0083	4.91144	-1	-1	-1
16	16	4.1583	4.91144	-1	-1	-1
16	16	3.7083	5.06144	-1	-1	-1
16	16	3.8583	5.06144	-1	-1	-1
16	16	4.0083	5.06144	-1	-1	-1
16	16	4.1583	5.06144	-1	-1	-1
17	16	-2.487	5.75765	-1	-1	-1
17	16	-2.337	5.75765	3108	3153.94	-1
17	16	-2.187	5.75765	3198	3245.69	-1
17	16	-2.037	5.75765	3406	3465.72	-1
17	16	-2.487	5.90765	-1	-1	-1
17	16	-2.337	5.90765	3295	3344.5	-1
17	16	-2.187	5.90765	3388	3439.34	-1
17	16	-2.037	5.90765	-1	-1	-1
17	16	-2.487	6.05765	3718	3771.41	-1
17	16	-2.337	6.05765	3514	3562.16	-1
17	16	-2.187	6.05765	3611	3663.25	-1
17	16	-2.037	6.05765	-1	-1	-1
17	16	-2.487	6.20765	-1	-1	-1
17	16	-2.337	6.20765	3819	3873.12	-1
17	16	-2.187	6.20765	3927	3976.56	-1
17	16	-2.037	6.20765	-1	-1	-1
18	16	-6.94731	-0.754525	-1	-1	-1
18	16	-6.79731	-0.754525	-1	-1	-1
18	16	-6.64731	-0.754525	-1	-1	-1
18	16	-6.49731	-0.754525	-1	-1	-1
18	16	-6.94731	-0.604525	-1	-1	-1
18	16	-6.79731	-0.604525	-1	-1	-1
18	16	-6.64731	-0.604525	-1	-1	-1
18	16	-6.49731	-0.604525	-1	-1	-1
18	16	-6.94731	-0.454525	-1	-1	-1
18	16	-6.79731	-0.454525	-1	-1	-1
18	16	-6.64731	-0.454525	-1	-1	-1
18	16	-6.49731	-0.454525	-1	-1	-1
18	16	-6.94731	-0.304525	-1	-1	-1
18	16	-6.79731	-0.304525	-1	-1	-1
18	16	-6.64731	-0.304525	-1	-1	-1
18	16	-6.49731	-0.304525	-1	-1	-1
19	16	-2.11766	-8.44606	-1	-1	-1
19	16	-1.96766	-8.44606	-1	-1	-1
19	16	-1.81766	-8.44606	-1	-1	-1
19	16	-1.66766	-8.44606	-1	-1	-1
19	16	-2.11766	-8.29606	-1	-1	-1
19	16	-1.96766	-8.29606	-1	-1	-1
19	16	-1.81766	-8.29606	-1	-1	-1
19	16	-1.66766	-8.29606	-1	-1	-1
19	16	-2.11766	-8.14606	-1	-1	-1
19	16	-1.96766	-8.14606	-1	-1	-1
19	16	-1.81766	-8.14606	-1	-1	-1
19	16	-1.66766	-8.14606	-1	-1	-1
19	16	-2.11766	-7.99606	4713	4775.34	-1
19	16	-1.96766	-7.99606	-1	-1	-1
19	16	-1.81766	-7.99606	-1	-1	-1
19	16	-1.66766	-7.99606	-1	-1	-1
20	16	-7.45087	6.22662	-1	-1	-1
20	16	-7.30087	6.22662	-1	-1	-1
20	16	-7.15087	6.22662	919	989.438	-1
20	16	-7.00087	6.22662	704	836.094	-1
20	16	-7.45087	6.37662	-1	-1	-1
20	16	-7.30087	6.37662	-1	-1	-1
20	16	-7.15087	6.37662	-1	-1	-1
20	16	-7.00087	6.37662	1054	1126.91	-1
20	16	-7.45087	6.52662	-1	-1	-1
20	16	-7.30087	6.52662	-1	-1	-1
20	16	-7.15087	6.52662	-1	-1	-1
20	16	-7.00087	6.52662	-1	-1	-1
20	16	-7.45087	6.67662	-1	-1	-1
20	16	-7.30087	6.67662	-1	-1	-1
20	16	-7.15087	6.67662	-1	-1	-1
20	16	-7.00087	6.67662	-1	-1	-1
21	16	-8.13065	-0.0280285	1625	1683.75	-1
21	16	-7.98065	-0.0280285	1743	1806.69	-1
21	16	-7.83065	-0.0280285	-1	-1	-1
21	16	-7.68065	-0.0280285	-1	-1	-1
21	16	-8.13065	0.121972	-1	-1	-1
21	16	-7.98065	0.121972	-1	-1	-1
21	16	-7.83065	0.121972	-1	-1	-1
21	16	-7.68065	0.121972	-1	-1	-1
21	16	-8.13065	0.271972	-1	-1	-1
21	16	-7.98065	0.271972	-1	-1	-1
21	16	-7.83065	0.271972	-1	-1	-1
21	16	-7.68065	0.271972	-1	-1	-1
21	16	-8.13065	0.421972	-1	-1	-1
21	16	-7.98065	0.421972	-1	-1	-1
21	16	-7.83065	0.421972	-1	-1	-1
21	16	-7.68065	0.421972	-1	-1	-1
0	256	0.0675639	7.84068	4097	4156.62	-1
0	256	-7.95205	-5.84659	-1	-1	-1
0	256	5.04453	2.99145	-1	-1	-1
0	256	-1.8751	-6.5316	-1	-1	-1
0	256	-5.86089	-5.67189	-1	-1	-1
0	256	6.8498	-7.01318	-1	-1	-1
0	256	5.03047	4.05963	237	358	-1
0	256	-1.16595	-7.2472	-1	-1	-1
0	256	4.09875	-3.00901	555	694.125	-1
0	256	-1.85198	-8.82739	-1	-1	-1
0	256	7.49686	4.00678	-1	-1	-1
0	256	2.54089	9.47471	3610	3687.5	-1
0	256	-7.60901	1.60832	3892	3948.09	-1
0	256	-7.4463	4.67325	-1	-1	-1
0	256	-3.86115	3.50137	-1	-1	-1
0	256	-5.61315	-7.42153	3469	3579.12	-1
0	256	7.60793	-4.30654	-1	-1	-1
0	256	3.84764	0.368647	3239	3274.66	-1
0	256	7.65353	-3.98532	-1	-1	-1
0	256	6.1411	1.37543	-1	-1	-1
0	256	4.24779	-4.4865	4815	4957	-1
0	256	-4.883	-3.30879	4504	4556.09	-1
0	256	-1.85449	-4.31132	-1	-1	-1
0	256	0.782913	-7.30071	-1	-1	-1
0	256	2.41835	2.37198	2663	2834.56	-1
0	256	3.10321	4.49885	2684	2821.31	-1
0	256	-7.03389	-5.77299	-1	-1	-1
0	256	-4.65198	2.85593	-1	-1	-1
0	256	1.20483	6.81801	2439	2521.94	-1
0	256	5.92916	6.25648	-1	-1	-1
0	256	-4.72376	0.11558	-1	-1	-1
0	256	-1.28918	9.54388	-1	-1	-1
0	256	-0.647882	-3.90551	-1	-1	-1
0	256	3.14656	-8.42993	-1	-1	-1
0	256	-8.42214	-2.12973	1663	1780.69	-1
0	256	-4.02283	-7.62373	2291	2402.12	-1
0	256	8.23243	-2.21404	-1	-1	-1
0	256	1.16181	-9.80301	488	568.5	-1
0	256	-3.54913	-8.23128	1043	1112.91	-1
0	256	-7.73959	0.676887	-1	-1	-1
0	256	4.52097	6.89284	-1	-1	-1
0	256	-1.65565	-7.02508	-1	-1	-1
0	256	0.0988724	9.18371	-1	-1	-1
0	256	4.20109	-8.6849	-1	-1	-1
0	256	5.4176	-5.45905	-1	-1	-1
0	256	-8.7273	-3.14422	-1	-1	-1
0	256	-4.75822	4.22266	668	724.688	-1
0	256	-7.21955	-2.10669	-1	-1	-1
0	256	-5.53452	5.34763	-1	-1	-1
0	256	8.64584	4.40702	1888	1972.22	-1
0	256	-4.57984	-0.154347	77	113.375	-1
0	256	9.10774	-3.734	-1	-1	-1
0	256	-5.52162	2.50734	3337	3391.09	-1
0	256	-2.67127	2.88672	2909	2944.25	-1
0	256	-2.69198	-7.76463	-1	-1	-1
0	256	1.59451	-8.91502	-1	-1	-1
0	256	5.51272	1.04499	-1	-1	-1
0	256	0.992289	-5.45784	-1	-1	-1
0	256	-7.56703	0.0348386	-1	-1	-1
0	256	8.888	0.708661	1278	1344.16	-1
0	256	0.663663	-6.7878	-1	-1	-1
0	256	8.22807	-3.17763	529	593.562	-1
0	256	9.28307	3.09017	-1	-1	-1
0	256	-7.91081	4.05686	-1	-1	-1
0	256	4.36593	4.08844	5079	5220.28	-1
0	256	-5.12431	-6.90861	1169	1294.31	-1
0	256	-4.49246	-2.43383	858	898.125	-1
0	256	5.52679	-3.41851	2419	2469.78	-1
0	256	2.92071	7.63034	4816	4873.56	-1
0	256	4.48475	-0.399071	2513	2620.03	-1
0	256	1.71943	7.32344	3323	3377.97	-1
0	256	-3.36192	3.93052	756	798.625	-1
0	256	-0.914756	-6.47977	3783	3878.91	-1
0	256	5.74406	-2.69468	1308	1419.44	-1
0	256	-3.85241	-1.62368	3016	3048.41	-1
0	256	5.93192	-7.38104	-1	-1	-1
0	256	3.7153	-8.13959	-1	-1	-1
0	256	6.70749	0.252161	4516	4568.84	-1
0	256	2.43443	-9.61043	2616	2688.59	-1
0	256	-2.67706	2.00784	1349	1497.22	-1
0	256	5.02912	6.17025	-1	-1	-1
0	256	-5.23393	-4.79352	147	300.906	-1
0	256	2.35489	-3.26388	1403	1438.41	-1
0	256	-9.63931	8.93774	-1	-1	-1
0	256	5.58654	3.95409	-1	-1	-1
0	256	-0.124793	-4.21336	299	417.312	-1
0	256	2.65148	7.79481	2627	2688.44	-1
0	256	8.27078	-4.02904	-1	-1	-1
0	256	7.23693	5.96476	3748	3858.75	-1
0	256	9.28629	-3.45478	-1	-1	-1
0	256	-7.41218	-3.0869	-1	-1	-1
0	256	-6.307	7.43645	918	991.562	-1
0	256	-8.59211	-1.19949	-1	-1	-1
0	256	-3.06678	-1.26441	-1	-1	-1
0	256	2.3088	2.7028	359	395.875	-1
0	256	-1.84121	8.56975	-1	-1	-1
0	256	5.05183	-6.86165	-1	-1	-1
0	256	2.35727	7.02755	2472	2542.38	-1
0	256	6.91936	2.70045	-1	-1	-1
0	256	-7.4566	-0.82149	-1	-1	-1
0	256	-7.91913	2.27575	-1	-1	-1
0	256	-2.51755	-8.01226	-1	-1	-1
0	256	-9.13099	3.01227	2811	2909.09	-1
0	256	3.59362	-2.07841	2238	2364.44	-1
0	256	1.51004	8.70199	3490	3559.69	-1
0	256	-4.13563	-7.0727	-1	-1	-1
0	256	-5.01214	7.19566	-1	-1	-1
0	256	-1.39224	-5.60659	-1	-1	-1
0	256	-6.42856	-7.30821	-1	-1	-1
0	256	-3.77689	-5.86144	3811	3872.72	-1
0	256	-5.47572	4.26984	-1	-1	-1
0	256	-6.45658	-2.9953	-1	-1	-1
0	256	-4.53109	-8.74217	-1	-1	-1
0	256	-6.71884	0.86902	-1	-1	-1
0	256	-5.65565	6.3768	-1	-1	-1
0	256	5.04629	-7.8434	-1	-1	-1
0	256	-3.63412	-1.48773	-1	-1	-1
0	256	-5.27304	-7.93864	631	754.406	-1
0	256	7.8209	1.0857	612	702.281	-1
0	256	3.35936	0.812515	4181	4297.47	-1
0	256	-7.0722	-9.3012	-1	-1	-1
0	256	0.423182	8.14813	-1	-1	-1
0	256	-5.23312	2.02281	2860	2918.66	-1
0	256	8.37594	-1.87609	-1	-1	-1
0	256	-4.07964	3.11188	-1	-1	-1
0	256	5.9805	-4.39637	3014	3136.91	-1
0	256	7.71488	5.35477	3015	3122.75	-1
0	256	5.72259	4.87869	-1	-1	-1
0	256	5.59906	1.34686	-1	-1	-1
0	256	-6.68619	-2.06625	-1	-1	-1
0	256	-0.343751	-5.2299	-1	-1	-1
0	256	7.33995	6.21734	-1	-1	-1
0	256	-4.10697	-6.94937	-1	-1	-1
0	256	5.20452	4.30851	425	481.219	-1
0	256	2.01575	-8.26229	3296	3360.69	-1
0	256	6.12432	7.42876	-1	-1	-1
0	256	-7.21299	-8.46442	-1	-1	-1
0	256	-6.26181	-3.14877	-1	-1	-1
0	256	-8.13614	0.994239	-1	-1	-1
0	256	-3.19749	-1.74678	-1	-1	-1
0	256	-6.78859	4.61356	1105	1175.97	-1
0	256	9.41627	0.480086	589	657.938	-1
0	256	3.14681	6.08395	-1	-1	-1
0	256	-2.66389	5.96163	-1	-1	-1
0	256	1.11681	6.64502	2288	2389.03	-1
0	256	-7.10902	0.0973244	-1	-1	-1
0	256	2.23528	-6.87921	3834	3890.12	-1
0	256	6.38626	1.58178	-1	-1	-1
0	256	-1.5435	4.82389	-1	-1	-1
0	256	5.20565	0.857594	-1	-1	-1
0	256	0.304716	-7.5675	-1	-1	-1
0	256	-5.4649	-4.87064	1264	1395.94	-1
0	256	7.74488	7.67222	-1	-1	-1
0	256	5.08961	-8.55627	-1	-1	-1
0	256	-6.22927	-4.77043	1579	1635.38	-1
0	256	-6.6376	2.31077	5268	5366.66	-1
0	256	-7.10234	3.84235	-1	-1	-1
0	256	6.04757	-0.839924	2861	2963.84	-1
0	256	-6.07023	4.11536	3618	3733.16	-1
0	256	-3.97373	3.17444	-1	-1	-1
0	256	-2.2755	2.38542	-1	-1	-1
0	256	6.71162	1.27056	-1	-1	-1
0	256	-5.37212	0.549333	-1	-1	-1
0	256	3.32384	-5.79173	775	823.812	-1
0	256	-5.30663	-2.24654	4353	4398.53	-1
0	256	5.27631	-7.16905	-1	-1	-1
0	256	4.9088	8.27216	2417	2488.28	-1
0	256	3.86021	0.900445	-1	-1	-1
0	256	4.16314	-4.74665	5193	5240.31	-1
0	256	-1.02435	-0.0370526	167	180.531	-1
0	256	-6.27984	4.20447	1822	1945.47	-1
0	256	4.63832	5.37674	-1	-1	-1
0	256	-3.31495	0.530222	3097	3124.12	-1
0	256	-2.61868	-2.44474	-1	-1	-1
0	256	7.5748	-2.84103	-1	-1	-1
0	256	-7.43031	-0.40048	1874	1926.44	-1
0	256	2.93377	7.73731	-1	-1	-1
0	256	5.11821	-2.97844	-1	-1	-1
0	256	2.44394	-3.16482	1213	1368.72	-1
0	256	-3.33585	9.10135	-1	-1	-1
0	256	-5.31444	1.10569	2927	2968.28	-1
0	256	-6.65619	-7.45117	-1	-1	-1
0	256	-2.44215	-8.79193	-1	-1	-1
0	256	-8.16815	-3.55894	-1	-1	-1
0	256	-5.12789	-0.273193	-1	-1	-1
0	256	7.46659	0.389989	-1	-1	-1
0	256	-3.53923	0.0437613	2968	3086.78	-1
0	256	6.33841	2.1568	-1	-1	-1
0	256	8.91032	3.66005	4504	4574.72	-1
0	256	-8.31397	2.06628	1110	1171.41	-1
0	256	1.72465	3.62241	-1	-1	-1
0	256	-5.35944	6.29195	-1	-1	-1
0	256	-4.2413	-4.60887	797	947.562	-1
0	256	5.54956	3.0416	-1	-1	-1
0	256	-3.51165	8.42546	-1	-1	-1
0	256	6.78425	0.674781	-1	-1	-1
0	256	-3.15019	-4.69077	-1	-1	-1
0	256	-2.22613	2.6968	-1	-1	-1
0	256	9.25041	3.7779	4324	4395.75	-1
0	256	2.21584	4.21259	-1	-1	-1
0	256	6.76456	-3.80041	-1	-1	-1
0	256	4.1003	-7.8903	-1	-1	-1
0	256	8.94128	7.58397	-1	-1	-1
0	256	-5.16835	6.20449	242	383.219	-1
0	256	-1.67216	-5.85288	-1	-1	-1
0	256	4.88397	-3.85894	218	360.625	-1
0	256	-3.19054	1.56461	148	285.469	-1
0	256	-5.22769	-6.27453	-1	-1	-1
0	256	0.496866	7.35407	-1	-1	-1
0	256	2.98012	4.33486	1503	1552.06	-1
0	256	1.54599	2.74865	135	172.375	-1
0	256	-3.26877	4.21325	3760	3802.88	-1
0	256	8.07303	3.88486	-1	-1	-1
0	256	-3.37497	1.81821	2637	2667.72	-1
0	256	-7.4005	4.4323	-1	-1	-1
0	256	-1.63262	7.51819	-1	-1	-1
0	256	-9.01043	2.25447	-1	-1	-1
0	256	-2.46356	2.10904	-1	-1	-1
0	256	-3.72052	9.02897	-1	-1	-1
0	256	-9.74898	0.220791	2007	2082.81	-1
0	256	5.49567	1.99524	-1	-1	-1
0	256	-0.195056	-1.03312	-1	-1	-1
0	256	-6.27415	4.75854	1096	1158.41	-1
0	256	6.5348	-0.155135	940	1041.09	-1
0	256	-6.64165	4.51815	-1	-1	-1
0	256	-2.95916	6.40548	-1	-1	-1
0	256	7.69232	-3.78624	-1	-1	-1
0	256	-2.10639	2.91231	-1	-1	-1
0	256	3.32452	2.526	976	1117.16	-1
0	256	-6.03334	-3.98256	1460	1515.56	-1
0	256	3.3131	-0.506289	3981	4009.72	-1
0	256	6.80164	1.80053	-1	-1	-1
0	256	-0.760882	4.69591	2192	2271.34	-1
0	256	4.07895	8.72514	263	337.719	-1
0	256	6.07855	4.58893	-1	-1	-1
0	256	0.235784	-3.76098	-1	-1	-1
0	256	3.71421	1.78994	-1	-1	-1
0	256	4.81393	-4.57114	-1	-1	-1
0	256	8.33055	-0.10289	4353	4441.38	-1
0	256	-3.10987	4.49136	1484	1534.75	-1
0	256	-8.03559	2.46265	-1	-1	-1
0	256	5.84357	6.77626	-1	-1	-1
0	256	-0.758244	-7.54798	-1	-1	-1
0	256	-1.80245	2.81053	154	317.25	-1
0	256	2.85053	1.10593	3631	3657.59	-1
0	256	2.05456	-9.06997	324	395.031	-1
0	256	5.41347	-7.08206	-1	-1	-1
0	256	-2.50493	-5.12574	3231	3355.75	-1
0	256	0.236721	3.93881	2603	2646.53	-1
0	256	0.922805	5.93656	3621	3742.41	-1
0	256	6.57102	-6.55254	-1	-1	-1
0	256	3.77708	6.76229	-1	-1	-1
0	256	7.69882	4.89417	3205	3271.88	-1
0	256	-5.27734	-2.11074	4254	4297.91	-1
0	256	-3.16341	-8.92473	-1	-1	-1
0	256	6.58409	-7.15194	-1	-1	-1
