Pile ID	Distribution Type	X-Position	Y-Position	Pickup Time	Drop Off Time	Ant ID
1	1	-7.98557	-1.64125	-1	-1	-1
1	1	-7.83557	-1.64125	-1	-1	-1
1	1	-7.68557	-1.64125	-1	-1	-1
1	1	-7.53557	-1.64125	-1	-1	-1
1	1	-7.38557	-1.64125	-1	-1	-1
1	1	-7.23557	-1.64125	-1	-1	-1
1	1	-7.08557	-1.64125	-1	-1	-1
1	1	-6.93557	-1.64125	-1	-1	-1
1	1	-6.78557	-1.64125	-1	-1	-1
1	1	-6.63557	-1.64125	-1	-1	-1
1	1	-6.48557	-1.64125	-1	-1	-1
1	1	-6.33557	-1.64125	4929	4980.22	-1
1	1	-6.18557	-1.64125	5033	5095.69	-1
1	1	-6.03557	-1.64125	-1	-1	-1
1	1	-5.88557	-1.64125	-1	-1	-1
1	1	-5.73557	-1.64125	-1	-1	-1
1	1	-7.98557	-1.49125	-1	-1	-1
1	1	-7.83557	-1.49125	-1	-1	-1
1	1	-7.68557	-1.49125	-1	-1	-1
1	1	-7.53557	-1.49125	-1	-1	-1
1	1	-7.38557	-1.49125	-1	-1	-1
1	1	-7.23557	-1.49125	-1	-1	-1
1	1	-7.08557	-1.49125	-1	-1	-1
1	1	-6.93557	-1.49125	-1	-1	-1
1	1	-6.78557	-1.49125	-1	-1	-1
1	1	-6.63557	-1.49125	-1	-1	-1
1	1	-6.48557	-1.49125	-1	-1	-1
1	1	-6.33557	-1.49125	-1	-1	-1
1	1	-6.18557	-1.49125	-1	-1	-1
1	1	-6.03557	-1.49125	-1	-1	-1
1	1	-5.88557	-1.49125	-1	-1	-1
1	1	-5.73557	-1.49125	-1	-1	-1
1	1	-7.98557	-1.34125	-1	-1	-1
1	1	-7.83557	-1.34125	-1	-1	-1
1	1	-7.68557	-1.34125	-1	-1	-1
1	1	-7.53557	-1.34125	-1	-1	-1
1	1	-7.38557	-1.34125	-1	-1	-1
1	1	-7.23557	-1.34125	-1	-1	-1
1	1	-7.08557	-1.34125	-1	-1	-1
1	1	-6.93557	-1.34125	-1	-1	-1
1	1	-6.78557	-1.34125	-1	-1	-1
1	1	-6.63557	-1.34125	-1	-1	-1
1	1	-6.48557	-1.34125	-1	-1	-1
1	1	-6.33557	-1.34125	-1	-1	-1
1	1	-6.18557	-1.34125	-1	-1	-1
1	1	-6.03557	-1.34125	-1	-1	-1
1	1	-5.88557	-1.34125	-1	-1	-1
1	1	-5.73557	-1.34125	-1	-1	-1
1	1	-7.98557	-1.19125	-1	-1	-1
1	1	-7.83557	-1.19125	-1	-1	-1
1	1	-7.68557	-1.19125	-1	-1	-1
1	1	-7.53557	-1.19125	-1	-1	-1
1	1	-7.38557	-1.19125	-1	-1	-1
1	1	-7.23557	-1.19125	-1	-1	-1
1	1	-7.08557	-1.19125	-1	-1	-1
1	1	-6.93557	-1.19125	-1	-1	-1
1	1	-6.78557	-1.19125	-1	-1	-1
1	1	-6.63557	-1.19125	-1	-1	-1
1	1	-6.48557	-1.19125	-1	-1	-1
1	1	-6.33557	-1.19125	-1	-1	-1
1	1	-6.18557	-1.19125	-1	-1	-1
1	1	-6.03557	-1.19125	-1	-1	-1
1	1	-5.88557	-1.19125	-1	-1	-1
1	1	-5.73557	-1.19125	-1	-1	-1
1	1	-7.98557	-1.04125	-1	-1	-1
1	1	-7.83557	-1.04125	-1	-1	-1
1	1	-7.68557	-1.04125	-1	-1	-1
1	1	-7.53557	-1.04125	-1	-1	-1
1	1	-7.38557	-1.04125	-1	-1	-1
1	1	-7.23557	-1.04125	-1	-1	-1
1	1	-7.08557	-1.04125	-1	-1	-1
1	1	-6.93557	-1.04125	-1	-1	-1
1	1	-6.78557	-1.04125	-1	-1	-1
1	1	-6.63557	-1.04125	-1	-1	-1
1	1	-6.48557	-1.04125	-1	-1	-1
1	1	-6.33557	-1.04125	-1	-1	-1
1	1	-6.18557	-1.04125	-1	-1	-1
1	1	-6.03557	-1.04125	-1	-1	-1
1	1	-5.88557	-1.04125	-1	-1	-1
1	1	-5.73557	-1.04125	-1	-1	-1
1	1	-7.98557	-0.891254	-1	-1	-1
1	1	-7.83557	-0.891254	-1	-1	-1
1	1	-7.68557	-0.891254	-1	-1	-1
1	1	-7.53557	-0.891254	-1	-1	-1
1	1	-7.38557	-0.891254	-1	-1	-1
1	1	-7.23557	-0.891254	-1	-1	-1
1	1	-7.08557	-0.891254	-1	-1	-1
1	1	-6.93557	-0.891254	-1	-1	-1
1	1	-6.78557	-0.891254	-1	-1	-1
1	1	-6.63557	-0.891254	-1	-1	-1
1	1	-6.48557	-0.891254	-1	-1	-1
1	1	-6.33557	-0.891254	-1	-1	-1
1	1	-6.18557	-0.891254	-1	-1	-1
1	1	-6.03557	-0.891254	-1	-1	-1
1	1	-5.88557	-0.891254	-1	-1	-1
1	1	-5.73557	-0.891254	-1	-1	-1
1	1	-7.98557	-0.741254	-1	-1	-1
1	1	-7.83557	-0.741254	-1	-1	-1
1	1	-7.68557	-0.741254	-1	-1	-1
1	1	-7.53557	-0.741254	-1	-1	-1
1	1	-7.38557	-0.741254	-1	-1	-1
1	1	-7.23557	-0.741254	-1	-1	-1
1	1	-7.08557	-0.741254	-1	-1	-1
1	1	-6.93557	-0.741254	-1	-1	-1
1	1	-6.78557	-0.741254	-1	-1	-1
1	1	-6.63557	-0.741254	-1	-1	-1
1	1	-6.48557	-0.741254	-1	-1	-1
1	1	-6.33557	-0.741254	-1	-1	-1
1	1	-6.18557	-0.741254	-1	-1	-1
1	1	-6.03557	-0.741254	-1	-1	-1
1	1	-5.88557	-0.741254	-1	-1	-1
1	1	-5.73557	-0.741254	-1	-1	-1
1	1	-7.98557	-0.591254	-1	-1	-1
1	1	-7.83557	-0.591254	-1	-1	-1
1	1	-7.68557	-0.591254	-1	-1	-1
1	1	-7.53557	-0.591254	-1	-1	-1
1	1	-7.38557	-0.591254	-1	-1	-1
1	1	-7.23557	-0.591254	-1	-1	-1
1	1	-7.08557	-0.591254	-1	-1	-1
1	1	-6.93557	-0.591254	-1	-1	-1
1	1	-6.78557	-0.591254	-1	-1	-1
1	1	-6.63557	-0.591254	-1	-1	-1
1	1	-6.48557	-0.591254	-1	-1	-1
1	1	-6.33557	-0.591254	-1	-1	-1
1	1	-6.18557	-0.591254	-1	-1	-1
1	1	-6.03557	-0.591254	-1	-1	-1
1	1	-5.88557	-0.591254	-1	-1	-1
1	1	-5.73557	-0.591254	-1	-1	-1
1	1	-7.98557	-0.441254	-1	-1	-1
1	1	-7.83557	-0.441254	-1	-1	-1
1	1	-7.68557	-0.441254	-1	-1	-1
1	1	-7.53557	-0.441254	-1	-1	-1
1	1	-7.38557	-0.441254	-1	-1	-1
1	1	-7.23557	-0.441254	-1	-1	-1
1	1	-7.08557	-0.441254	-1	-1	-1
1	1	-6.93557	-0.441254	-1	-1	-1
1	1	-6.78557	-0.441254	-1	-1	-1
1	1	-6.63557	-0.441254	-1	-1	-1
1	1	-6.48557	-0.441254	5293	5348.09	-1
1	1	-6.33557	-0.441254	-1	-1	-1
1	1	-6.18557	-0.441254	1755	1804.94	-1
1	1	-6.03557	-0.441254	1840	1886.12	-1
1	1	-5.88557	-0.441254	5186	5232.38	-1
1	1	-5.73557	-0.441254	-1	-1	-1
1	1	-7.98557	-0.291254	-1	-1	-1
1	1	-7.83557	-0.291254	-1	-1	-1
1	1	-7.68557	-0.291254	-1	-1	-1
1	1	-7.53557	-0.291254	-1	-1	-1
1	1	-7.38557	-0.291254	-1	-1	-1
1	1	-7.23557	-0.291254	-1	-1	-1
1	1	-7.08557	-0.291254	-1	-1	-1
1	1	-6.93557	-0.291254	-1	-1	-1
1	1	-6.78557	-0.291254	-1	-1	-1
1	1	-6.63557	-0.291254	-1	-1	-1
1	1	-6.48557	-0.291254	5170	5239.16	-1
1	1	-6.33557	-0.291254	4948	4998.94	-1
1	1	-6.18557	-0.291254	1613	1663.72	-1
1	1	-6.03557	-0.291254	1641	1696.16	-1
1	1	-5.88557	-0.291254	1720	1766.47	-1
1	1	-5.73557	-0.291254	5202	5251.03	-1
1	1	-7.98557	-0.141254	-1	-1	-1
1	1	-7.83557	-0.141254	-1	-1	-1
1	1	-7.68557	-0.141254	-1	-1	-1
1	1	-7.53557	-0.141254	-1	-1	-1
1	1	-7.38557	-0.141254	-1	-1	-1
1	1	-7.23557	-0.141254	-1	-1	-1
1	1	-7.08557	-0.141254	-1	-1	-1
1	1	-6.93557	-0.141254	-1	-1	-1
1	1	-6.78557	-0.141254	-1	-1	-1
1	1	-6.63557	-0.141254	-1	-1	-1
1	1	-6.48557	-0.141254	5052	5118.56	-1
1	1	-6.33557	-0.141254	1781	1835.5	-1
1	1	-6.18557	-0.141254	1410	1459.62	-1
1	1	-6.03557	-0.141254	1502	1562.53	-1
1	1	-5.88557	-0.141254	1543	1587.03	-1
1	1	-5.73557	-0.141254	1649	1701	-1
1	1	-7.98557	0.00874563	2704	2764.38	-1
1	1	-7.83557	0.00874563	-1	-1	-1
1	1	-7.68557	0.00874563	-1	-1	-1
1	1	-7.53557	0.00874563	-1	-1	-1
1	1	-7.38557	0.00874563	-1	-1	-1
1	1	-7.23557	0.00874563	-1	-1	-1
1	1	-7.08557	0.00874563	-1	-1	-1
1	1	-6.93557	0.00874563	-1	-1	-1
1	1	-6.78557	0.00874563	-1	-1	-1
1	1	-6.63557	0.00874563	-1	-1	-1
1	1	-6.48557	0.00874563	-1	-1	-1
1	1	-6.33557	0.00874563	5306	5365.41	-1
1	1	-6.18557	0.00874563	1329	1388	-1
1	1	-6.03557	0.00874563	1209	1253.03	-1
1	1	-5.88557	0.00874563	1299	1357.66	-1
1	1	-5.73557	0.00874563	1389	1433.91	-1
1	1	-7.98557	0.158746	-1	-1	-1
1	1	-7.83557	0.158746	-1	-1	-1
1	1	-7.68557	0.158746	-1	-1	-1
1	1	-7.53557	0.158746	-1	-1	-1
1	1	-7.38557	0.158746	-1	-1	-1
1	1	-7.23557	0.158746	-1	-1	-1
1	1	-7.08557	0.158746	-1	-1	-1
1	1	-6.93557	0.158746	-1	-1	-1
1	1	-6.78557	0.158746	-1	-1	-1
1	1	-6.63557	0.158746	-1	-1	-1
1	1	-6.48557	0.158746	-1	-1	-1
1	1	-6.33557	0.158746	-1	-1	-1
1	1	-6.18557	0.158746	-1	-1	-1
1	1	-6.03557	0.158746	1186	1244.69	-1
1	1	-5.88557	0.158746	1090	1137.72	-1
1	1	-5.73557	0.158746	886	931.594	-1
1	1	-7.98557	0.308746	-1	-1	-1
1	1	-7.83557	0.308746	-1	-1	-1
1	1	-7.68557	0.308746	-1	-1	-1
1	1	-7.53557	0.308746	-1	-1	-1
1	1	-7.38557	0.308746	-1	-1	-1
1	1	-7.23557	0.308746	-1	-1	-1
1	1	-7.08557	0.308746	-1	-1	-1
1	1	-6.93557	0.308746	-1	-1	-1
1	1	-6.78557	0.308746	-1	-1	-1
1	1	-6.63557	0.308746	-1	-1	-1
1	1	-6.48557	0.308746	-1	-1	-1
1	1	-6.33557	0.308746	-1	-1	-1
1	1	-6.18557	0.308746	-1	-1	-1
1	1	-6.03557	0.308746	1286	1333.56	-1
1	1	-5.88557	0.308746	982	1029.78	-1
1	1	-5.73557	0.308746	792	839.094	-1
1	1	-7.98557	0.458746	-1	-1	-1
1	1	-7.83557	0.458746	-1	-1	-1
1	1	-7.68557	0.458746	-1	-1	-1
1	1	-7.53557	0.458746	-1	-1	-1
1	1	-7.38557	0.458746	-1	-1	-1
1	1	-7.23557	0.458746	-1	-1	-1
1	1	-7.08557	0.458746	-1	-1	-1
1	1	-6.93557	0.458746	-1	-1	-1
1	1	-6.78557	0.458746	5205	5271.28	-1
1	1	-6.63557	0.458746	5089	5149	-1
1	1	-6.48557	0.458746	5108	5164.34	-1
1	1	-6.33557	0.458746	-1	-1	-1
1	1	-6.18557	0.458746	-1	-1	-1
1	1	-6.03557	0.458746	1633	1725.59	-1
1	1	-5.88557	0.458746	1489	1535.06	-1
1	1	-5.73557	0.458746	1441	1492.16	-1
1	1	-7.98557	0.608746	-1	-1	-1
1	1	-7.83557	0.608746	-1	-1	-1
1	1	-7.68557	0.608746	-1	-1	-1
1	1	-7.53557	0.608746	-1	-1	-1
1	1	-7.38557	0.608746	-1	-1	-1
1	1	-7.23557	0.608746	-1	-1	-1
1	1	-7.08557	0.608746	-1	-1	-1
1	1	-6.93557	0.608746	-1	-1	-1
1	1	-6.78557	0.608746	5328	5383.16	-1
1	1	-6.63557	0.608746	4985	5036.62	-1
1	1	-6.48557	0.608746	4873	4920.56	-1
1	1	-6.33557	0.608746	4775	4822	-1
1	1	-6.18557	0.608746	-1	-1	-1
1	1	-6.03557	0.608746	-1	-1	-1
1	1	-5.88557	0.608746	-1	-1	-1
1	1	-5.73557	0.608746	1587	1632.16	-1
2	4	1.35021	2.79105	-1	-1	-1
2	4	1.50021	2.79105	5068	5106.97	-1
2	4	1.65021	2.79105	4908	4950.62	-1
2	4	1.80021	2.79105	4798	4827.56	-1
2	4	1.95021	2.79105	4828	4873.38	-1
2	4	2.10021	2.79105	2079	2108.69	-1
2	4	2.25021	2.79105	1893	2051.25	-1
2	4	2.40021	2.79105	2157	2198.81	-1
2	4	1.35021	2.94105	4165	4191.81	-1
2	4	1.50021	2.94105	5151	5187.38	-1
2	4	1.65021	2.94105	4983	5037.41	-1
2	4	1.80021	2.94105	4934	4973.19	-1
2	4	1.95021	2.94105	4863	4903.88	-1
2	4	2.10021	2.94105	2144	2180.56	-1
2	4	2.25021	2.94105	2216	2253.31	-1
2	4	2.40021	2.94105	2248	2279.81	-1
2	4	1.35021	3.09105	-1	-1	-1
2	4	1.50021	3.09105	-1	-1	-1
2	4	1.65021	3.09105	5330	5368.44	-1
2	4	1.80021	3.09105	5076	5119.03	-1
2	4	1.95021	3.09105	5149	5207.56	-1
2	4	2.10021	3.09105	2284	2318.5	-1
2	4	2.25021	3.09105	2746	2778.78	-1
2	4	2.40021	3.09105	2386	2420.03	-1
2	4	1.35021	3.24105	-1	-1	-1
2	4	1.50021	3.24105	-1	-1	-1
2	4	1.65021	3.24105	5379	-1	-1
2	4	1.80021	3.24105	5309	5344.22	-1
2	4	1.95021	3.24105	5242	5278.66	-1
2	4	2.10021	3.24105	2636	2693.19	-1
2	4	2.25021	3.24105	2557	2597.16	-1
2	4	2.40021	3.24105	2293	2334.97	-1
2	4	1.35021	3.39105	-1	-1	-1
2	4	1.50021	3.39105	-1	-1	-1
2	4	1.65021	3.39105	-1	-1	-1
2	4	1.80021	3.39105	-1	-1	-1
2	4	1.95021	3.39105	-1	-1	-1
2	4	2.10021	3.39105	-1	-1	-1
2	4	2.25021	3.39105	-1	-1	-1
2	4	2.40021	3.39105	2493	2527.41	-1
2	4	1.35021	3.54105	-1	-1	-1
2	4	1.50021	3.54105	-1	-1	-1
2	4	1.65021	3.54105	-1	-1	-1
2	4	1.80021	3.54105	-1	-1	-1
2	4	1.95021	3.54105	-1	-1	-1
2	4	2.10021	3.54105	-1	-1	-1
2	4	2.25021	3.54105	-1	-1	-1
2	4	2.40021	3.54105	-1	-1	-1
2	4	1.35021	3.69105	-1	-1	-1
2	4	1.50021	3.69105	-1	-1	-1
2	4	1.65021	3.69105	-1	-1	-1
2	4	1.80021	3.69105	3384	3419.25	-1
2	4	1.95021	3.69105	-1	-1	-1
2	4	2.10021	3.69105	-1	-1	-1
2	4	2.25021	3.69105	-1	-1	-1
2	4	2.40021	3.69105	-1	-1	-1
2	4	1.35021	3.84105	-1	-1	-1
2	4	1.50021	3.84105	3111	3150.38	-1
2	4	1.65021	3.84105	3046	3080.59	-1
2	4	1.80021	3.84105	3188	3250.25	-1
2	4	1.95021	3.84105	3303	3339.94	-1
2	4	2.10021	3.84105	-1	-1	-1
2	4	2.25021	3.84105	-1	-1	-1
2	4	2.40021	3.84105	-1	-1	-1
3	4	-3.51745	-1.34978	-1	-1	-1
3	4	-3.36745	-1.34978	-1	-1	-1
3	4	-3.21745	-1.34978	-1	-1	-1
3	4	-3.06745	-1.34978	-1	-1	-1
3	4	-2.91745	-1.34978	-1	-1	-1
3	4	-2.76745	-1.34978	-1	-1	-1
3	4	-2.61745	-1.34978	-1	-1	-1
3	4	-2.46745	-1.34978	3990	4013.22	-1
3	4	-3.51745	-1.19978	-1	-1	-1
3	4	-3.36745	-1.19978	-1	-1	-1
3	4	-3.21745	-1.19978	-1	-1	-1
3	4	-3.06745	-1.19978	-1	-1	-1
3	4	-2.91745	-1.19978	-1	-1	-1
3	4	-2.76745	-1.19978	-1	-1	-1
3	4	-2.61745	-1.19978	-1	-1	-1
3	4	-2.46745	-1.19978	3760	3785.12	-1
3	4	-3.51745	-1.04978	-1	-1	-1
3	4	-3.36745	-1.04978	-1	-1	-1
3	4	-3.21745	-1.04978	-1	-1	-1
3	4	-3.06745	-1.04978	-1	-1	-1
3	4	-2.91745	-1.04978	-1	-1	-1
3	4	-2.76745	-1.04978	-1	-1	-1
3	4	-2.61745	-1.04978	3865	3889.31	-1
3	4	-2.46745	-1.04978	3811	3835.03	-1
3	4	-3.51745	-0.899779	-1	-1	-1
3	4	-3.36745	-0.899779	-1	-1	-1
3	4	-3.21745	-0.899779	-1	-1	-1
3	4	-3.06745	-0.899779	-1	-1	-1
3	4	-2.91745	-0.899779	-1	-1	-1
3	4	-2.76745	-0.899779	-1	-1	-1
3	4	-2.61745	-0.899779	3968	4008.88	-1
3	4	-2.46745	-0.899779	3911	3939.06	-1
3	4	-3.51745	-0.749779	-1	-1	-1
3	4	-3.36745	-0.749779	-1	-1	-1
3	4	-3.21745	-0.749779	-1	-1	-1
3	4	-3.06745	-0.749779	-1	-1	-1
3	4	-2.91745	-0.749779	-1	-1	-1
3	4	-2.76745	-0.749779	4802	4938.66	-1
3	4	-2.61745	-0.749779	4689	4716.06	-1
3	4	-2.46745	-0.749779	730	753.125	-1
3	4	-3.51745	-0.599779	-1	-1	-1
3	4	-3.36745	-0.599779	-1	-1	-1
3	4	-3.21745	-0.599779	-1	-1	-1
3	4	-3.06745	-0.599779	-1	-1	-1
3	4	-2.91745	-0.599779	-1	-1	-1
3	4	-2.76745	-0.599779	-1	-1	-1
3	4	-2.61745	-0.599779	-1	-1	-1
3	4	-2.46745	-0.599779	3065	3088.19	-1
3	4	-3.51745	-0.449779	-1	-1	-1
3	4	-3.36745	-0.449779	-1	-1	-1
3	4	-3.21745	-0.449779	-1	-1	-1
3	4	-3.06745	-0.449779	-1	-1	-1
3	4	-2.91745	-0.449779	-1	-1	-1
3	4	-2.76745	-0.449779	-1	-1	-1
3	4	-2.61745	-0.449779	3171	3194.75	-1
3	4	-2.46745	-0.449779	3108	3144	-1
3	4	-3.51745	-0.299779	4174	4202.03	-1
3	4	-3.36745	-0.299779	-1	-1	-1
3	4	-3.21745	-0.299779	-1	-1	-1
3	4	-3.06745	-0.299779	62	93.1875	-1
3	4	-2.91745	-0.299779	4449	4474.66	-1
3	4	-2.76745	-0.299779	-1	-1	-1
3	4	-2.61745	-0.299779	-1	-1	-1
3	4	-2.46745	-0.299779	3985	4028.56	-1
4	4	5.34576	2.6295	2717	2777.47	-1
4	4	5.49576	2.6295	3585	3652.81	-1
4	4	5.64576	2.6295	177	287.594	-1
4	4	5.79576	2.6295	2811	2871.69	-1
4	4	5.94576	2.6295	2934	3021.47	-1
4	4	6.09576	2.6295	4997	5047.81	-1
4	4	6.24576	2.6295	-1	-1	-1
4	4	6.39576	2.6295	-1	-1	-1
4	4	5.34576	2.7795	2818	2901.91	-1
4	4	5.49576	2.7795	2816	2891.41	-1
4	4	5.64576	2.7795	2669	2724.62	-1
4	4	5.79576	2.7795	2780	2876.25	-1
4	4	5.94576	2.7795	3041	3093.31	-1
4	4	6.09576	2.7795	3151	3206.16	-1
4	4	6.24576	2.7795	3572	3631.16	-1
4	4	6.39576	2.7795	3746	3798.22	-1
4	4	5.34576	2.9295	-1	-1	-1
4	4	5.49576	2.9295	2925	2981.31	-1
4	4	5.64576	2.9295	2522	2605.38	-1
4	4	5.79576	2.9295	2392	2462.97	-1
4	4	5.94576	2.9295	2949	3005.44	-1
4	4	6.09576	2.9295	3077	3130.66	-1
4	4	6.24576	2.9295	3262	3320.03	-1
4	4	6.39576	2.9295	3397	3490.88	-1
4	4	5.34576	3.0795	1119	1181.5	-1
4	4	5.49576	3.0795	2681	2734.97	-1
4	4	5.64576	3.0795	1698	1768.22	-1
4	4	5.79576	3.0795	1834	1887.06	-1
4	4	5.94576	3.0795	3058	3107.81	-1
4	4	6.09576	3.0795	3182	3235.72	-1
4	4	6.24576	3.0795	3292	3371.16	-1
4	4	6.39576	3.0795	-1	-1	-1
4	4	5.34576	3.2295	793	854.125	-1
4	4	5.49576	3.2295	1008	1057.19	-1
4	4	5.64576	3.2295	1372	1421.88	-1
4	4	5.79576	3.2295	1467	1518.84	-1
4	4	5.94576	3.2295	1688	1752.28	-1
4	4	6.09576	3.2295	1988	2042.38	-1
4	4	6.24576	3.2295	2239	2296.22	-1
4	4	6.39576	3.2295	2398	2472.25	-1
4	4	5.34576	3.3795	688	738.594	-1
4	4	5.49576	3.3795	904	956.031	-1
4	4	5.64576	3.3795	1158	1222.25	-1
4	4	5.79576	3.3795	1571	1625.38	-1
4	4	5.94576	3.3795	1717	1781.91	-1
4	4	6.09576	3.3795	1826	1908.28	-1
4	4	6.24576	3.3795	2110	2184.84	-1
4	4	6.39576	3.3795	3437	3491.06	-1
4	4	5.34576	3.5295	1023	1083.25	-1
4	4	5.49576	3.5295	1126	1191.66	-1
4	4	5.64576	3.5295	1247	1316.69	-1
4	4	5.79576	3.5295	1596	1657.81	-1
4	4	5.94576	3.5295	1819	1872.38	-1
4	4	6.09576	3.5295	1960	2023.91	-1
4	4	6.24576	3.5295	2091	2165.03	-1
4	4	6.39576	3.5295	-1	-1	-1
4	4	5.34576	3.6795	1287	1351.88	-1
4	4	5.49576	3.6795	1283	1335.47	-1
4	4	5.64576	3.6795	1320	1372.81	-1
4	4	5.79576	3.6795	2524	2577.06	-1
4	4	5.94576	3.6795	1952	2014.16	-1
4	4	6.09576	3.6795	2081	2145.75	-1
4	4	6.24576	3.6795	2373	2447.12	-1
4	4	6.39576	3.6795	-1	-1	-1
5	4	-1.91592	-4.19495	-1	-1	-1
5	4	-1.76592	-4.19495	-1	-1	-1
5	4	-1.61592	-4.19495	-1	-1	-1
5	4	-1.46592	-4.19495	-1	-1	-1
5	4	-1.31592	-4.19495	-1	-1	-1
5	4	-1.16592	-4.19495	-1	-1	-1
5	4	-1.01592	-4.19495	-1	-1	-1
5	4	-0.865919	-4.19495	-1	-1	-1
5	4	-1.91592	-4.04495	-1	-1	-1
5	4	-1.76592	-4.04495	-1	-1	-1
5	4	-1.61592	-4.04495	-1	-1	-1
5	4	-1.46592	-4.04495	-1	-1	-1
5	4	-1.31592	-4.04495	-1	-1	-1
5	4	-1.16592	-4.04495	-1	-1	-1
5	4	-1.01592	-4.04495	-1	-1	-1
5	4	-0.865919	-4.04495	-1	-1	-1
5	4	-1.91592	-3.89495	1215	1252.5	-1
5	4	-1.76592	-3.89495	-1	-1	-1
5	4	-1.61592	-3.89495	-1	-1	-1
5	4	-1.46592	-3.89495	-1	-1	-1
5	4	-1.31592	-3.89495	-1	-1	-1
5	4	-1.16592	-3.89495	-1	-1	-1
5	4	-1.01592	-3.89495	-1	-1	-1
5	4	-0.865919	-3.89495	-1	-1	-1
5	4	-1.91592	-3.74495	1140	1176.09	-1
5	4	-1.76592	-3.74495	1299	1339.53	-1
5	4	-1.61592	-3.74495	-1	-1	-1
5	4	-1.46592	-3.74495	-1	-1	-1
5	4	-1.31592	-3.74495	-1	-1	-1
5	4	-1.16592	-3.74495	-1	-1	-1
5	4	-1.01592	-3.74495	-1	-1	-1
5	4	-0.865919	-3.74495	-1	-1	-1
5	4	-1.91592	-3.59495	1024	1066.75	-1
5	4	-1.76592	-3.59495	-1	-1	-1
5	4	-1.61592	-3.59495	-1	-1	-1
5	4	-1.46592	-3.59495	-1	-1	-1
5	4	-1.31592	-3.59495	-1	-1	-1
5	4	-1.16592	-3.59495	4629	4673.91	-1
5	4	-1.01592	-3.59495	4541	4582.34	-1
5	4	-0.865919	-3.59495	4644	4696.28	-1
5	4	-1.91592	-3.44495	1122	1157	-1
5	4	-1.76592	-3.44495	-1	-1	-1
5	4	-1.61592	-3.44495	-1	-1	-1
5	4	-1.46592	-3.44495	-1	-1	-1
5	4	-1.31592	-3.44495	4348	4385.97	-1
5	4	-1.16592	-3.44495	4414	4443.44	-1
5	4	-1.01592	-3.44495	615	653.969	-1
5	4	-0.865919	-3.44495	4383	4508.88	-1
5	4	-1.91592	-3.29495	2277	2321.06	-1
5	4	-1.76592	-3.29495	2147	2180.59	-1
5	4	-1.61592	-3.29495	2207	2241.25	-1
5	4	-1.46592	-3.29495	4475	4505.62	-1
5	4	-1.31592	-3.29495	4289	4317.72	-1
5	4	-1.16592	-3.29495	525	562.844	-1
5	4	-1.01592	-3.29495	408	439.375	-1
5	4	-0.865919	-3.29495	465	493.688	-1
5	4	-1.91592	-3.14495	1115	1149.62	-1
5	4	-1.76592	-3.14495	608	641.344	-1
5	4	-1.61592	-3.14495	437	579.312	-1
5	4	-1.46592	-3.14495	-1	-1	-1
5	4	-1.31592	-3.14495	596	648.344	-1
5	4	-1.16592	-3.14495	365	398.344	-1
5	4	-1.01592	-3.14495	181	310.562	-1
5	4	-0.865919	-3.14495	343	373.875	-1
6	16	5.2839	-7.52583	-1	-1	-1
6	16	5.4339	-7.52583	-1	-1	-1
6	16	5.5839	-7.52583	-1	-1	-1
6	16	5.7339	-7.52583	-1	-1	-1
6	16	5.2839	-7.37583	-1	-1	-1
6	16	5.4339	-7.37583	-1	-1	-1
6	16	5.5839	-7.37583	-1	-1	-1
6	16	5.7339	-7.37583	-1	-1	-1
6	16	5.2839	-7.22583	-1	-1	-1
6	16	5.4339	-7.22583	-1	-1	-1
6	16	5.5839	-7.22583	-1	-1	-1
6	16	5.7339	-7.22583	-1	-1	-1
6	16	5.2839	-7.07583	-1	-1	-1
6	16	5.4339	-7.07583	-1	-1	-1
6	16	5.5839	-7.07583	-1	-1	-1
6	16	5.7339	-7.07583	-1	-1	-1
7	16	-2.62856	3.12826	-1	-1	-1
7	16	-2.47856	3.12826	4028	4092.69	-1
7	16	-2.32856	3.12826	2953	2988.59	-1
7	16	-2.17856	3.12826	158	242.812	-1
7	16	-2.62856	3.27826	-1	-1	-1
7	16	-2.47856	3.27826	4173	4211.59	-1
7	16	-2.32856	3.27826	4098	4138.06	-1
7	16	-2.17856	3.27826	3095	3223.5	-1
7	16	-2.62856	3.42826	-1	-1	-1
7	16	-2.47856	3.42826	4340	4373.41	-1
7	16	-2.32856	3.42826	4242	4279.53	-1
7	16	-2.17856	3.42826	4323	4360.81	-1
7	16	-2.62856	3.57826	-1	-1	-1
7	16	-2.47856	3.57826	-1	-1	-1
7	16	-2.32856	3.57826	-1	-1	-1
7	16	-2.17856	3.57826	-1	-1	-1
8	16	1.86591	5.4139	-1	-1	-1
8	16	2.01591	5.4139	-1	-1	-1
8	16	2.16591	5.4139	2277	2332.19	-1
8	16	2.31591	5.4139	2171	2218.47	-1
8	16	1.86591	5.5639	4451	4497.75	-1
8	16	2.01591	5.5639	-1	-1	-1
8	16	2.16591	5.5639	-1	-1	-1
8	16	2.31591	5.5639	-1	-1	-1
8	16	1.86591	5.7139	4364	4409.91	-1
8	16	2.01591	5.7139	-1	-1	-1
8	16	2.16591	5.7139	-1	-1	-1
8	16	2.31591	5.7139	-1	-1	-1
8	16	1.86591	5.8639	-1	-1	-1
8	16	2.01591	5.8639	-1	-1	-1
8	16	2.16591	5.8639	-1	-1	-1
8	16	2.31591	5.8639	-1	-1	-1
9	16	-7.17926	2.19902	-1	-1	-1
9	16	-7.02926	2.19902	-1	-1	-1
9	16	-6.87926	2.19902	5267	5323.06	-1
9	16	-6.72926	2.19902	4652	4706.06	-1
9	16	-7.17926	2.34902	-1	-1	-1
9	16	-7.02926	2.34902	-1	-1	-1
9	16	-6.87926	2.34902	5381	-1	-1
9	16	-6.72926	2.34902	575	627.469	-1
9	16	-7.17926	2.49902	-1	-1	-1
9	16	-7.02926	2.49902	-1	-1	-1
9	16	-6.87926	2.49902	-1	-1	-1
9	16	-6.72926	2.49902	4512	4571.12	-1
9	16	-7.17926	2.64902	-1	-1	-1
9	16	-7.02926	2.64902	-1	-1	-1
9	16	-6.87926	2.64902	-1	-1	-1
9	16	-6.72926	2.64902	4315	4440.31	-1
10	16	3.46477	7.03745	-1	-1	-1
10	16	3.61477	7.03745	-1	-1	-1
10	16	3.76477	7.03745	-1	-1	-1
10	16	3.91477	7.03745	-1	-1	-1
10	16	3.46477	7.18745	-1	-1	-1
10	16	3.61477	7.18745	-1	-1	-1
10	16	3.76477	7.18745	-1	-1	-1
10	16	3.91477	7.18745	-1	-1	-1
10	16	3.46477	7.33745	-1	-1	-1
10	16	3.61477	7.33745	-1	-1	-1
10	16	3.76477	7.33745	-1	-1	-1
10	16	3.91477	7.33745	-1	-1	-1
10	16	3.46477	7.48745	-1	-1	-1
10	16	3.61477	7.48745	-1	-1	-1
10	16	3.76477	7.48745	-1	-1	-1
10	16	3.91477	7.48745	-1	-1	-1
11	16	3.82061	-9.29174	1681	1759.09	-1
11	16	3.97061	-9.29174	1529	1605.16	-1
11	16	4.12061	-9.29174	1371	1452.06	-1
11	16	4.27061	-9.29174	1055	1129.44	-1
11	16	3.82061	-9.14174	1881	1958.88	-1
11	16	3.97061	-9.14174	4003	4077.56	-1
11	16	4.12061	-9.14174	2607	2680.81	-1
11	16	4.27061	-9.14174	1197	1295.44	-1
11	16	3.82061	-8.99174	-1	-1	-1
11	16	3.97061	-8.99174	-1	-1	-1
11	16	4.12061	-8.99174	4152	4231.81	-1
11	16	4.27061	-8.99174	4198	4273.84	-1
11	16	3.82061	-8.84174	-1	-1	-1
11	16	3.97061	-8.84174	4531	4603.69	-1
11	16	4.12061	-8.84174	4336	4418.31	-1
11	16	4.27061	-8.84174	4499	4582.5	-1
12	16	4.75433	-4.06521	1163	1307.62	-1
12	16	4.90433	-4.06521	-1	-1	-1
12	16	5.05433	-4.06521	-1	-1	-1
12	16	5.20433	-4.06521	-1	-1	-1
12	16	4.75433	-3.91521	-1	-1	-1
12	16	4.90433	-3.91521	-1	-1	-1
12	16	5.05433	-3.91521	-1	-1	-1
12	16	5.20433	-3.91521	-1	-1	-1
12	16	4.75433	-3.76521	4050	4187.06	-1
12	16	4.90433	-3.76521	-1	-1	-1
12	16	5.05433	-3.76521	-1	-1	-1
12	16	5.20433	-3.76521	-1	-1	-1
12	16	4.75433	-3.61521	5270	5315.5	-1
12	16	4.90433	-3.61521	5358	-1	-1
12	16	5.05433	-3.61521	-1	-1	-1
12	16	5.20433	-3.61521	-1	-1	-1
13	16	4.59442	5.08916	3401	3452	-1
13	16	4.74442	5.08916	3504	3564.69	-1
13	16	4.89442	5.08916	-1	-1	-1
13	16	5.04442	5.08916	-1	-1	-1
13	16	4.59442	5.23916	3524	3580	-1
13	16	4.74442	5.23916	3630	3685.53	-1
13	16	4.89442	5.23916	-1	-1	-1
13	16	5.04442	5.23916	-1	-1	-1
13	16	4.59442	5.38916	-1	-1	-1
13	16	4.74442	5.38916	-1	-1	-1
13	16	4.89442	5.38916	-1	-1	-1
13	16	5.04442	5.38916	-1	-1	-1
13	16	4.59442	5.53916	-1	-1	-1
13	16	4.74442	5.53916	-1	-1	-1
13	16	4.89442	5.53916	-1	-1	-1
13	16	5.04442	5.53916	-1	-1	-1
14	16	4.20945	-1.24621	91	129.312	-1
14	16	4.35945	-1.24621	272	317.719	-1
14	16	4.50945	-1.24621	4601	4639.31	-1
14	16	4.65945	-1.24621	4758	4802.75	-1
14	16	4.20945	-1.09621	165	200.625	-1
14	16	4.35945	-1.09621	4674	4715.69	-1
14	16	4.50945	-1.09621	4691	4746.41	-1
14	16	4.65945	-1.09621	5007	5045.81	-1
14	16	4.20945	-0.946209	240	299.062	-1
14	16	4.35945	-0.946209	4305	4435.62	-1
14	16	4.50945	-0.946209	4769	4810.22	-1
14	16	4.65945	-0.946209	4929	4966.84	-1
14	16	4.20945	-0.796209	221	262.5	-1
14	16	4.35945	-0.796209	4473	4509.94	-1
14	16	4.50945	-0.796209	4850	4890.28	-1
14	16	4.65945	-0.796209	3328	3365.31	-1
15	16	-5.06433	0.445626	782	834.562	-1
15	16	-4.91433	0.445626	970	1007.44	-1
15	16	-4.76433	0.445626	4529	4565.22	-1
15	16	-4.61433	0.445626	1784	1854.59	-1
15	16	-5.06433	0.595626	680	738.438	-1
15	16	-4.91433	0.595626	876	914.031	-1
15	16	-4.76433	0.595626	1559	1595	-1
15	16	-4.61433	0.595626	5241	5276.66	-1
15	16	-5.06433	0.745626	598	640.875	-1
15	16	-4.91433	0.745626	805	855.188	-1
15	16	-4.76433	0.745626	1961	1998.09	-1
15	16	-4.61433	0.745626	2121	2155.81	-1
15	16	-5.06433	0.895626	892	946.156	-1
15	16	-4.91433	0.895626	982	1022.12	-1
15	16	-4.76433	0.895626	2036	2072.5	-1
15	16	-4.61433	0.895626	2190	2246.41	-1
16	16	-2.27155	-2.57674	-1	-1	-1
16	16	-2.12155	-2.57674	-1	-1	-1
16	16	-1.97155	-2.57674	-1	-1	-1
16	16	-1.82155	-2.57674	-1	-1	-1
16	16	-2.27155	-2.42674	1241	1274.5	-1
16	16	-2.12155	-2.42674	-1	-1	-1
16	16	-1.97155	-2.42674	-1	-1	-1
16	16	-1.82155	-2.42674	-1	-1	-1
16	16	-2.27155	-2.27674	-1	-1	-1
16	16	-2.12155	-2.27674	3775	3940.38	-1
16	16	-1.97155	-2.27674	2115	2168.75	-1
16	16	-1.82155	-2.27674	2061	2095.78	-1
16	16	-2.27155	-2.12674	-1	-1	-1
16	16	-2.12155	-2.12674	-1	-1	-1
16	16	-1.97155	-2.12674	1832	2006.97	-1
16	16	-1.82155	-2.12674	2030	2079	-1
17	16	1.95775	-7.03076	-1	-1	-1
17	16	2.10775	-7.03076	-1	-1	-1
17	16	2.25775	-7.03076	-1	-1	-1
17	16	2.40775	-7.03076	-1	-1	-1
17	16	1.95775	-6.88076	-1	-1	-1
17	16	2.10775	-6.88076	-1	-1	-1
17	16	2.25775	-6.88076	-1	-1	-1
17	16	2.40775	-6.88076	-1	-1	-1
17	16	1.95775	-6.73076	-1	-1	-1
17	16	2.10775	-6.73076	-1	-1	-1
17	16	2.25775	-6.73076	-1	-1	-1
17	16	2.40775	-6.73076	-1	-1	-1
17	16	1.95775	-6.58076	-1	-1	-1
17	16	2.10775	-6.58076	-1	-1	-1
17	16	2.25775	-6.58076	-1	-1	-1
17	16	2.40775	-6.58076	-1	-1	-1
18	16	-5.38452	3.41322	450	499.344	-1
18	16	-5.23452	3.41322	-1	-1	-1
18	16	-5.08452	3.41322	-1	-1	-1
18	16	-4.93452	3.41322	2888	3020.97	-1
18	16	-5.38452	3.56322	-1	-1	-1
18	16	-5.23452	3.56322	-1	-1	-1
18	16	-5.08452	3.56322	-1	-1	-1
18	16	-4.93452	3.56322	-1	-1	-1
18	16	-5.38452	3.71322	-1	-1	-1
18	16	-5.23452	3.71322	-1	-1	-1
18	16	-5.08452	3.71322	-1	-1	-1
18	16	-4.93452	3.71322	-1	-1	-1
18	16	-5.38452	3.86322	-1	-1	-1
18	16	-5.23452	3.86322	-1	-1	-1
18	16	-5.08452	3.86322	-1	-1	-1
18	16	-4.93452	3.86322	-1	-1	-1
19	16	-0.0390864	6.21408	201	311.969	-1
19	16	0.110914	6.21408	3119	3173.41	-1
19	16	0.260914	6.21408	3257	3303.78	-1
19	16	0.410914	6.21408	2817	2864.34	-1
19	16	-0.0390864	6.36408	369	422.188	-1
19	16	0.110914	6.36408	590	638.469	-1
19	16	0.260914	6.36408	2914	2968.5	-1
19	16	0.410914	6.36408	2711	2767.44	-1
19	16	-0.0390864	6.51408	473	533.594	-1
19	16	0.110914	6.51408	4564	4613.28	-1
19	16	0.260914	6.51408	4663	4729.88	-1
19	16	0.410914	6.51408	2617	2667.34	-1
19	16	-0.0390864	6.66408	-1	-1	-1
19	16	0.110914	6.66408	-1	-1	-1
19	16	0.260914	6.66408	-1	-1	-1
19	16	0.410914	6.66408	-1	-1	-1
20	16	-4.12354	-0.444769	-1	-1	-1
20	16	-3.97354	-0.444769	-1	-1	-1
20	16	-3.82354	-0.444769	-1	-1	-1
20	16	-3.67354	-0.444769	-1	-1	-1
20	16	-4.12354	-0.294769	-1	-1	-1
20	16	-3.97354	-0.294769	-1	-1	-1
20	16	-3.82354	-0.294769	-1	-1	-1
20	16	-3.67354	-0.294769	-1	-1	-1
20	16	-4.12354	-0.144769	-1	-1	-1
20	16	-3.97354	-0.144769	-1	-1	-1
20	16	-3.82354	-0.144769	-1	-1	-1
20	16	-3.67354	-0.144769	4110	4140.31	-1
20	16	-4.12354	0.00523061	-1	-1	-1
20	16	-3.97354	0.00523061	-1	-1	-1
20	16	-3.82354	0.00523061	-1	-1	-1
20	16	-3.67354	0.00523061	4236	4278.53	-1
21	16	2.72567	-8.1129	-1	-1	-1
21	16	2.87567	-8.1129	-1	-1	-1
21	16	3.02567	-8.1129	-1	-1	-1
21	16	3.17567	-8.1129	-1	-1	-1
21	16	2.72567	-7.9629	-1	-1	-1
21	16	2.87567	-7.9629	-1	-1	-1
21	16	3.02567	-7.9629	-1	-1	-1
21	16	3.17567	-7.9629	-1	-1	-1
21	16	2.72567	-7.8129	-1	-1	-1
21	16	2.87567	-7.8129	-1	-1	-1
21	16	3.02567	-7.8129	-1	-1	-1
21	16	3.17567	-7.8129	-1	-1	-1
21	16	2.72567	-7.6629	-1	-1	-1
21	16	2.87567	-7.6629	-1	-1	-1
21	16	3.02567	-7.6629	-1	-1	-1
21	16	3.17567	-7.6629	5097	5158.31	-1
0	256	7.48299	-6.01724	-1	-1	-1
0	256	-6.81083	-7.04933	3596	3670.75	-1
0	256	0.72734	4.78242	2409	2523.19	-1
0	256	3.47874	-0.630967	2986	3107.31	-1
0	256	3.95916	5.9057	3748	3801.97	-1
0	256	4.43518	-7.7458	-1	-1	-1
0	256	-3.87668	-4.46596	2438	2586.75	-1
0	256	-6.07888	1.46665	-1	-1	-1
0	256	4.39683	4.71831	-1	-1	-1
0	256	0.437559	8.14157	168	227.594	-1
0	256	-8.49005	4.69726	834	902.062	-1
0	256	-5.12686	-3.02864	4294	4405.62	-1
0	256	-3.90012	-6.50928	4713	4769.84	-1
0	256	-8.53013	2.60934	-1	-1	-1
0	256	6.09619	-0.430625	93	154.938	-1
0	256	9.34684	0.686327	-1	-1	-1
0	256	4.46376	-2.20702	-1	-1	-1
0	256	3.35637	-7.16268	-1	-1	-1
0	256	-8.40953	5.14618	5041	5112.97	-1
0	256	-2.1085	1.04482	30	58.5312	-1
0	256	1.92901	-6.12832	-1	-1	-1
0	256	6.04911	-0.59273	-1	-1	-1
0	256	-6.24205	7.59106	-1	-1	-1
0	256	7.41594	0.431713	76	160.25	-1
0	256	9.33127	-9.27239	-1	-1	-1
0	256	4.5139	-4.52934	408	455.75	-1
0	256	-6.68383	4.07416	-1	-1	-1
0	256	1.54512	-5.9141	-1	-1	-1
0	256	-3.20447	5.83964	1156	1289.34	-1
0	256	-0.788142	-5.38836	-1	-1	-1
0	256	4.24841	4.71716	-1	-1	-1
0	256	-2.28634	-8.86208	-1	-1	-1
0	256	-4.67716	2.60891	4093	4225.5	-1
0	256	6.03647	-8.07889	-1	-1	-1
0	256	-8.1417	-9.55151	-1	-1	-1
0	256	-0.571343	4.91158	91	237.062	-1
0	256	7.38348	2.32243	-1	-1	-1
0	256	2.58817	-3.23734	4742	4775	-1
0	256	3.64173	-5.45282	-1	-1	-1
0	256	5.35587	-3.33909	-1	-1	-1
0	256	-6.26638	3.65221	2254	2305.97	-1
0	256	6.57475	-4.08709	-1	-1	-1
0	256	-5.51588	-0.307588	1895	1948.12	-1
0	256	4.34591	6.7892	-1	-1	-1
0	256	0.916206	-3.50035	-1	-1	-1
0	256	-5.61496	3.37848	554	606.656	-1
0	256	8.56965	-3.50424	-1	-1	-1
0	256	2.77843	-3.74762	4826	4862.81	-1
0	256	-0.225865	-6.91238	1003	1057.72	-1
0	256	-1.60242	6.41593	498	562.875	-1
0	256	7.75469	4.53588	2414	2487.22	-1
0	256	-5.77194	-7.20329	-1	-1	-1
0	256	-6.54469	-3.9713	-1	-1	-1
0	256	8.53505	-3.38734	1368	1435.47	-1
0	256	-3.00467	7.73868	-1	-1	-1
0	256	8.22585	-0.623058	-1	-1	-1
0	256	0.0257833	-7.2653	-1	-1	-1
0	256	3.99551	4.30746	-1	-1	-1
0	256	3.10039	-4.12433	-1	-1	-1
0	256	2.09191	-8.60074	816	903.125	-1
0	256	5.75266	-1.00192	-1	-1	-1
0	256	-7.01017	-3.70533	-1	-1	-1
0	256	7.3453	0.691135	2544	2597.88	-1
0	256	7.25306	1.15561	-1	-1	-1
0	256	-8.81529	2.07558	-1	-1	-1
0	256	2.59559	-1.72434	-1	-1	-1
0	256	0.437276	9.07396	4498	4565.31	-1
0	256	5.52316	-5.3649	3559	3616.28	-1
0	256	2.74301	8.4903	-1	-1	-1
0	256	8.42523	0.0414255	-1	-1	-1
0	256	3.72146	-4.90879	-1	-1	-1
0	256	-2.33517	-6.66637	-1	-1	-1
0	256	7.76046	-5.12389	-1	-1	-1
0	256	5.54448	6.01274	-1	-1	-1
0	256	-4.7272	4.95777	-1	-1	-1
0	256	7.5715	0.0955051	-1	-1	-1
0	256	-0.433809	-4.74986	-1	-1	-1
0	256	-5.47731	4.10345	-1	-1	-1
0	256	-7.8397	9.35249	-1	-1	-1
0	256	-3.84918	8.20155	-1	-1	-1
0	256	4.57956	-6.77541	-1	-1	-1
0	256	1.13718	-5.88083	3819	3918.81	-1
0	256	-3.11604	-7.41719	-1	-1	-1
0	256	-7.24282	5.35604	3305	3386.25	-1
0	256	3.20529	5.10209	-1	-1	-1
0	256	-5.98391	-4.44271	-1	-1	-1
0	256	5.5914	-6.13287	-1	-1	-1
0	256	-3.25998	1.0482	-1	-1	-1
0	256	1.91123	-5.78421	599	716.969	-1
0	256	4.67389	-4.45435	-1	-1	-1
0	256	-6.47145	-9.21138	1584	1671.16	-1
0	256	0.573358	-5.02988	-1	-1	-1
0	256	6.22878	-1.11265	-1	-1	-1
0	256	8.58432	-4.18178	-1	-1	-1
0	256	3.16853	8.93668	3243	3319.75	-1
0	256	7.1926	-4.43136	-1	-1	-1
0	256	4.14656	2.77847	-1	-1	-1
0	256	6.30216	-1.24728	-1	-1	-1
0	256	4.41879	-7.51037	4924	5025.12	-1
0	256	2.91663	7.11057	5063	5132.78	-1
0	256	-8.70648	-4.31388	5103	5170.59	-1
0	256	2.93854	5.35426	-1	-1	-1
0	256	2.90523	6.10992	-1	-1	-1
0	256	6.79171	0.0980501	713	764.938	-1
0	256	-8.53169	-1.82848	-1	-1	-1
0	256	-8.61917	0.652051	-1	-1	-1
0	256	-9.08042	3.95322	-1	-1	-1
0	256	-4.89302	7.51395	-1	-1	-1
0	256	8.60581	-3.05468	1511	1577.47	-1
0	256	-6.23757	-6.32477	-1	-1	-1
0	256	4.71185	3.94479	3630	3695.44	-1
0	256	-2.20061	-3.20988	1381	1415.91	-1
0	256	2.16204	8.11283	-1	-1	-1
0	256	0.638503	3.3499	64	120.469	-1
0	256	-3.01128	-8.96303	-1	-1	-1
0	256	5.36679	8.19617	-1	-1	-1
0	256	3.82563	-2.93412	4611	4650.56	-1
0	256	3.4941	-2.50533	3167	3202.09	-1
0	256	1.64099	-9.66138	558	635.781	-1
0	256	-3.8326	-8.772	3498	3597.12	-1
0	256	1.98581	-7.6806	-1	-1	-1
0	256	-5.67339	0.71333	4153	4261.25	-1
0	256	-5.93186	6.65698	1541	1694.94	-1
0	256	6.53456	6.48147	2247	2313.06	-1
0	256	5.45937	-8.24831	-1	-1	-1
0	256	-4.48129	5.4718	-1	-1	-1
0	256	-6.93156	-2.04102	-1	-1	-1
0	256	-9.42846	-4.4949	2302	2377.91	-1
0	256	5.45452	-5.58927	3573	3644.06	-1
0	256	1.86245	-1.28272	2269	2301.34	-1
0	256	9.24655	1.52179	-1	-1	-1
0	256	9.17151	-1.53702	-1	-1	-1
0	256	9.04129	-2.53262	-1	-1	-1
0	256	0.221312	-4.2234	-1	-1	-1
0	256	-2.76982	8.1082	-1	-1	-1
0	256	4.0659	3.48634	-1	-1	-1
0	256	-5.26496	-4.04095	-1	-1	-1
0	256	3.4654	-3.66918	-1	-1	-1
0	256	-1.18301	3.99425	4244	4300.88	-1
0	256	5.96344	7.68134	-1	-1	-1
0	256	2.88773	3.12135	2662	2717.34	-1
0	256	-5.38064	-6.11836	3444	3507.19	-1
0	256	-3.48402	-3.12306	2305	2343.12	-1
0	256	5.03777	3.66532	1181	1236.81	-1
0	256	0.374113	-7.7041	-1	-1	-1
0	256	-0.1102	-4.83902	-1	-1	-1
0	256	5.69035	-6.1149	3438	3503.66	-1
0	256	1.59182	6.18001	4794	4842.12	-1
0	256	-2.40113	8.10167	-1	-1	-1
0	256	-5.19287	-2.10092	-1	-1	-1
0	256	5.21154	-4.77151	-1	-1	-1
0	256	3.16118	-6.99268	-1	-1	-1
0	256	-1.11939	7.25861	3126	3183.41	-1
0	256	8.17427	-1.33477	-1	-1	-1
0	256	3.75532	3.53247	935	1076.59	-1
0	256	9.49409	0.997553	321	391.281	-1
0	256	-4.98869	0.0886967	1773	1822.69	-1
0	256	3.04269	7.26477	-1	-1	-1
0	256	-4.68698	3.37973	130	179.719	-1
0	256	-6.91608	-6.98142	-1	-1	-1
0	256	-5.45886	-6.43627	-1	-1	-1
0	256	2.94036	-0.677068	1120	1234.41	-1
0	256	-4.28809	-2.22712	-1	-1	-1
0	256	1.3347	-8.27408	1462	1527.28	-1
0	256	-6.21175	7.43616	-1	-1	-1
0	256	3.33029	-4.0829	-1	-1	-1
0	256	7.1702	-3.02031	5347	-1	-1
0	256	9.01744	4.20619	-1	-1	-1
0	256	4.4985	2.51137	5244	5286.25	-1
0	256	5.94719	7.90557	-1	-1	-1
0	256	-3.42803	-8.95231	1483	1555.25	-1
0	256	1.20774	6.55444	2004	2053.69	-1
0	256	-2.61466	6.8713	-1	-1	-1
0	256	4.99739	-0.740319	-1	-1	-1
0	256	6.36241	-3.67886	-1	-1	-1
0	256	-5.1498	7.5236	-1	-1	-1
0	256	-1.25704	-4.98966	-1	-1	-1
0	256	2.98643	1.06922	429	546.812	-1
0	256	-4.28034	-6.33567	-1	-1	-1
0	256	-4.67356	6.85488	-1	-1	-1
0	256	4.9968	1.26842	363	404.625	-1
0	256	2.57019	-7.01016	258	316.656	-1
0	256	5.39353	5.00897	1410	1467.06	-1
0	256	1.46175	5.09795	-1	-1	-1
0	256	-5.84002	3.13638	259	385.062	-1
0	256	-6.21629	2.2658	464	514.25	-1
0	256	9.07333	4.04272	-1	-1	-1
0	256	4.47014	1.83284	72	128.75	-1
0	256	-5.45578	-7.14819	-1	-1	-1
0	256	7.64284	1.88474	2101	2162	-1
0	256	-3.09438	-2.57385	4098	4254.25	-1
0	256	-7.31249	2.30031	-1	-1	-1
0	256	-5.1652	4.44907	4744	4884.62	-1
0	256	-1.65511	-8.94902	4198	4288.53	-1
0	256	-9.3987	1.79409	-1	-1	-1
0	256	-3.79806	7.4372	4793	4866.88	-1
0	256	-1.77953	-9.23457	4046	4124.16	-1
0	256	-2.92158	7.91906	4653	4719.5	-1
0	256	-4.94542	-6.23054	-1	-1	-1
0	256	6.6015	-4.99552	-1	-1	-1
0	256	7.93264	-5.24959	-1	-1	-1
0	256	3.10349	-8.81468	-1	-1	-1
0	256	-4.61678	5.67242	-1	-1	-1
0	256	2.38905	-5.14436	520	574.156	-1
0	256	-1.57516	6.58744	3258	3312.47	-1
0	256	1.65152	-9.11772	4359	4429.28	-1
0	256	-7.29611	-2.18504	-1	-1	-1
0	256	7.99789	-1.74912	-1	-1	-1
0	256	-6.25614	4.11245	-1	-1	-1
0	256	7.4709	3.95589	2900	2960.5	-1
0	256	-8.59549	0.484476	-1	-1	-1
0	256	7.15947	3.81713	-1	-1	-1
0	256	-3.79086	9.30745	2935	3009.34	-1
0	256	6.64041	-4.37849	-1	-1	-1
0	256	-3.78492	1.01506	2179	2211.25	-1
0	256	4.70531	-0.0681069	-1	-1	-1
0	256	-8.65137	-0.70069	-1	-1	-1
0	256	3.70643	-4.53323	356	401.25	-1
0	256	-5.7139	-5.73377	-1	-1	-1
0	256	-8.66544	-2.98864	3864	3927.03	-1
0	256	5.22797	6.44931	-1	-1	-1
0	256	0.674495	-7.11506	-1	-1	-1
0	256	7.56317	-0.905463	376	435.531	-1
0	256	3.19113	-9.30437	3418	3498.06	-1
0	256	3.67568	-9.28855	1718	1793.81	-1
0	256	0.827344	9.61386	-1	-1	-1
0	256	-1.30981	-8.65373	1007	1073.81	-1
0	256	0.524041	5.12887	-1	-1	-1
0	256	4.49422	-6.62023	-1	-1	-1
0	256	-0.458372	-6.08371	-1	-1	-1
0	256	2.71602	-4.46785	-1	-1	-1
0	256	3.59833	2.20529	271	416.969	-1
0	256	-7.69024	2.02205	-1	-1	-1
0	256	-4.43449	-4.99214	-1	-1	-1
0	256	4.74551	-0.329993	639	757.375	-1
0	256	5.5819	0.863492	-1	-1	-1
0	256	-4.33442	-0.468363	-1	-1	-1
0	256	-5.07865	-2.12151	-1	-1	-1
0	256	-3.87613	6.40351	140	205.031	-1
0	256	8.59994	-4.67368	3055	3126.03	-1
0	256	6.60097	6.16264	1967	2031.66	-1
0	256	-3.95233	6.275	-1	-1	-1
0	256	-4.04841	1.9132	5308	5349.28	-1
0	256	1.54387	4.54206	3294	3332.88	-1
0	256	8.03939	-4.14182	2776	2883.72	-1
0	256	-6.75777	-5.96747	3993	4113.12	-1
0	256	-5.22107	4.93382	275	416.219	-1
0	256	5.2823	-6.70703	3534	3677.34	-1
0	256	-3.25173	-8.58386	1630	1699.53	-1
0	256	3.80418	-5.95365	4546	4602.69	-1
0	256	1.96959	-4.79189	2837	2966.06	-1
0	256	-3.60043	-2.30185	1465	1499.22	-1
0	256	0.950543	3.44153	3622	3748.84	-1
0	256	5.90627	0.857932	1563	1612.31	-1
0	256	-3.3721	6.7677	-1	-1	-1
0	256	7.64119	-5.02012	3203	3270.31	-1
