Pile ID	Distribution Type	X-Position	Y-Position	Pickup Time	Drop Off Time	Ant ID
1	1	3.06428	-1.24003	944	988.5	-1
1	1	3.21428	-1.24003	876	906.844	-1
1	1	3.36428	-1.24003	955	993.75	-1
1	1	3.51428	-1.24003	3338	3443.72	-1
1	1	3.66428	-1.24003	3010	3052.12	-1
1	1	3.81428	-1.24003	2945	2981.03	-1
1	1	3.96428	-1.24003	3811	3864.47	-1
1	1	4.11428	-1.24003	4209	4273.19	-1
1	1	4.26428	-1.24003	4190	4229.66	-1
1	1	4.41428	-1.24003	4275	4340.34	-1
1	1	4.56428	-1.24003	4699	4738.62	-1
1	1	4.71428	-1.24003	4612	4666.47	-1
1	1	4.86428	-1.24003	-1	-1	-1
1	1	5.01428	-1.24003	-1	-1	-1
1	1	5.16428	-1.24003	-1	-1	-1
1	1	5.31428	-1.24003	-1	-1	-1
1	1	3.06428	-1.09003	-1	-1	-1
1	1	3.21428	-1.09003	3701	3738.66	-1
1	1	3.36428	-1.09003	1026	1067.94	-1
1	1	3.51428	-1.09003	3225	3262.69	-1
1	1	3.66428	-1.09003	3152	3189.94	-1
1	1	3.81428	-1.09003	3083	3117	-1
1	1	3.96428	-1.09003	3732	3772.78	-1
1	1	4.11428	-1.09003	4315	4358.06	-1
1	1	4.26428	-1.09003	4613	4657.16	-1
1	1	4.41428	-1.09003	4672	4718.06	-1
1	1	4.56428	-1.09003	4390	4432.12	-1
1	1	4.71428	-1.09003	4568	4631.22	-1
1	1	4.86428	-1.09003	-1	-1	-1
1	1	5.01428	-1.09003	-1	-1	-1
1	1	5.16428	-1.09003	-1	-1	-1
1	1	5.31428	-1.09003	-1	-1	-1
1	1	3.06428	-0.940035	-1	-1	-1
1	1	3.21428	-0.940035	-1	-1	-1
1	1	3.36428	-0.940035	4351	4383.12	-1
1	1	3.51428	-0.940035	3672	3723.97	-1
1	1	3.66428	-0.940035	3314	3354.12	-1
1	1	3.81428	-0.940035	3408	3459.75	-1
1	1	3.96428	-0.940035	3527	3585.38	-1
1	1	4.11428	-0.940035	3798	3838.28	-1
1	1	4.26428	-0.940035	3907	3949	-1
1	1	4.41428	-0.940035	4089	4156.44	-1
1	1	4.56428	-0.940035	4367	4423.75	-1
1	1	4.71428	-0.940035	4475	4534.62	-1
1	1	4.86428	-0.940035	-1	-1	-1
1	1	5.01428	-0.940035	-1	-1	-1
1	1	5.16428	-0.940035	-1	-1	-1
1	1	5.31428	-0.940035	-1	-1	-1
1	1	3.06428	-0.790035	-1	-1	-1
1	1	3.21428	-0.790035	-1	-1	-1
1	1	3.36428	-0.790035	-1	-1	-1
1	1	3.51428	-0.790035	4006	4063.97	-1
1	1	3.66428	-0.790035	3498	3536.12	-1
1	1	3.81428	-0.790035	3580	3633.25	-1
1	1	3.96428	-0.790035	3623	3670.25	-1
1	1	4.11428	-0.790035	3830	3873.34	-1
1	1	4.26428	-0.790035	3989	4050.62	-1
1	1	4.41428	-0.790035	4141	4212.94	-1
1	1	4.56428	-0.790035	4249	4308.34	-1
1	1	4.71428	-0.790035	4563	4631.81	-1
1	1	4.86428	-0.790035	-1	-1	-1
1	1	5.01428	-0.790035	-1	-1	-1
1	1	5.16428	-0.790035	-1	-1	-1
1	1	5.31428	-0.790035	-1	-1	-1
1	1	3.06428	-0.640035	-1	-1	-1
1	1	3.21428	-0.640035	-1	-1	-1
1	1	3.36428	-0.640035	-1	-1	-1
1	1	3.51428	-0.640035	4099	4134.91	-1
1	1	3.66428	-0.640035	3517	3571.69	-1
1	1	3.81428	-0.640035	3548	3615.56	-1
1	1	3.96428	-0.640035	3641	3692.59	-1
1	1	4.11428	-0.640035	3884	3933.78	-1
1	1	4.26428	-0.640035	3979	4016	-1
1	1	4.41428	-0.640035	4142	4189.41	-1
1	1	4.56428	-0.640035	4464	4511.41	-1
1	1	4.71428	-0.640035	-1	-1	-1
1	1	4.86428	-0.640035	-1	-1	-1
1	1	5.01428	-0.640035	-1	-1	-1
1	1	5.16428	-0.640035	-1	-1	-1
1	1	5.31428	-0.640035	-1	-1	-1
1	1	3.06428	-0.490035	-1	-1	-1
1	1	3.21428	-0.490035	-1	-1	-1
1	1	3.36428	-0.490035	-1	-1	-1
1	1	3.51428	-0.490035	4207	4247.41	-1
1	1	3.66428	-0.490035	3437	3482.47	-1
1	1	3.81428	-0.490035	3334	3382.78	-1
1	1	3.96428	-0.490035	3433	3487.97	-1
1	1	4.11428	-0.490035	4583	4621.22	-1
1	1	4.26428	-0.490035	4055	4099.75	-1
1	1	4.41428	-0.490035	4237	4296.41	-1
1	1	4.56428	-0.490035	-1	-1	-1
1	1	4.71428	-0.490035	-1	-1	-1
1	1	4.86428	-0.490035	-1	-1	-1
1	1	5.01428	-0.490035	-1	-1	-1
1	1	5.16428	-0.490035	-1	-1	-1
1	1	5.31428	-0.490035	-1	-1	-1
1	1	3.06428	-0.340035	1816	1850.41	-1
1	1	3.21428	-0.340035	-1	-1	-1
1	1	3.36428	-0.340035	3374	3422.19	-1
1	1	3.51428	-0.340035	3221	3259.31	-1
1	1	3.66428	-0.340035	3191	3224.09	-1
1	1	3.81428	-0.340035	3260	3297.62	-1
1	1	3.96428	-0.340035	4806	4843.41	-1
1	1	4.11428	-0.340035	4671	4707.22	-1
1	1	4.26428	-0.340035	4744	4789.66	-1
1	1	4.41428	-0.340035	-1	-1	-1
1	1	4.56428	-0.340035	-1	-1	-1
1	1	4.71428	-0.340035	-1	-1	-1
1	1	4.86428	-0.340035	-1	-1	-1
1	1	5.01428	-0.340035	-1	-1	-1
1	1	5.16428	-0.340035	-1	-1	-1
1	1	5.31428	-0.340035	-1	-1	-1
1	1	3.06428	-0.190035	1722	1749.84	-1
1	1	3.21428	-0.190035	1918	1951.25	-1
1	1	3.36428	-0.190035	3307	3342.69	-1
1	1	3.51428	-0.190035	3036	3079.91	-1
1	1	3.66428	-0.190035	2862	2900.62	-1
1	1	3.81428	-0.190035	3127	3168.53	-1
1	1	3.96428	-0.190035	4301	4349.94	-1
1	1	4.11428	-0.190035	-1	-1	-1
1	1	4.26428	-0.190035	-1	-1	-1
1	1	4.41428	-0.190035	-1	-1	-1
1	1	4.56428	-0.190035	-1	-1	-1
1	1	4.71428	-0.190035	-1	-1	-1
1	1	4.86428	-0.190035	-1	-1	-1
1	1	5.01428	-0.190035	-1	-1	-1
1	1	5.16428	-0.190035	-1	-1	-1
1	1	5.31428	-0.190035	-1	-1	-1
1	1	3.06428	-0.0400349	1845	1887.69	-1
1	1	3.21428	-0.0400349	4509	-1	-1
1	1	3.36428	-0.0400349	3135	3215.66	-1
1	1	3.51428	-0.0400349	2970	3002.97	-1
1	1	3.66428	-0.0400349	2716	2751	-1
1	1	3.81428	-0.0400349	2869	2925.59	-1
1	1	3.96428	-0.0400349	5181	5215.53	-1
1	1	4.11428	-0.0400349	-1	-1	-1
1	1	4.26428	-0.0400349	-1	-1	-1
1	1	4.41428	-0.0400349	-1	-1	-1
1	1	4.56428	-0.0400349	-1	-1	-1
1	1	4.71428	-0.0400349	-1	-1	-1
1	1	4.86428	-0.0400349	-1	-1	-1
1	1	5.01428	-0.0400349	-1	-1	-1
1	1	5.16428	-0.0400349	-1	-1	-1
1	1	5.31428	-0.0400349	-1	-1	-1
1	1	3.06428	0.109965	1896	1930.5	-1
1	1	3.21428	0.109965	2577	2632.25	-1
1	1	3.36428	0.109965	2549	2598.06	-1
1	1	3.51428	0.109965	2385	2441.28	-1
1	1	3.66428	0.109965	2618	2649.91	-1
1	1	3.81428	0.109965	2791	2822.44	-1
1	1	3.96428	0.109965	3116	3148.88	-1
1	1	4.11428	0.109965	4528	-1	-1
1	1	4.26428	0.109965	-1	-1	-1
1	1	4.41428	0.109965	-1	-1	-1
1	1	4.56428	0.109965	-1	-1	-1
1	1	4.71428	0.109965	-1	-1	-1
1	1	4.86428	0.109965	-1	-1	-1
1	1	5.01428	0.109965	-1	-1	-1
1	1	5.16428	0.109965	-1	-1	-1
1	1	5.31428	0.109965	-1	-1	-1
1	1	3.06428	0.259965	-1	-1	-1
1	1	3.21428	0.259965	4896	4926.59	-1
1	1	3.36428	0.259965	2470	2506.75	-1
1	1	3.51428	0.259965	1742	1801.91	-1
1	1	3.66428	0.259965	2498	2533.69	-1
1	1	3.81428	0.259965	2689	2729.62	-1
1	1	3.96428	0.259965	3482	3517.84	-1
1	1	4.11428	0.259965	5037	5143.34	-1
1	1	4.26428	0.259965	-1	-1	-1
1	1	4.41428	0.259965	-1	-1	-1
1	1	4.56428	0.259965	-1	-1	-1
1	1	4.71428	0.259965	-1	-1	-1
1	1	4.86428	0.259965	-1	-1	-1
1	1	5.01428	0.259965	-1	-1	-1
1	1	5.16428	0.259965	-1	-1	-1
1	1	5.31428	0.259965	-1	-1	-1
1	1	3.06428	0.409965	1644	1679.12	-1
1	1	3.21428	0.409965	1318	1350.44	-1
1	1	3.36428	0.409965	1216	1257.59	-1
1	1	3.51428	0.409965	1395	1433.22	-1
1	1	3.66428	0.409965	2020	2068.78	-1
1	1	3.81428	0.409965	2100	2152.69	-1
1	1	3.96428	0.409965	3957	4084.41	-1
1	1	4.11428	0.409965	4129	4172.12	-1
1	1	4.26428	0.409965	-1	-1	-1
1	1	4.41428	0.409965	-1	-1	-1
1	1	4.56428	0.409965	-1	-1	-1
1	1	4.71428	0.409965	-1	-1	-1
1	1	4.86428	0.409965	-1	-1	-1
1	1	5.01428	0.409965	-1	-1	-1
1	1	5.16428	0.409965	-1	-1	-1
1	1	5.31428	0.409965	-1	-1	-1
1	1	3.06428	0.559965	1072	1105.06	-1
1	1	3.21428	0.559965	1007	1037.81	-1
1	1	3.36428	0.559965	1132	1173	-1
1	1	3.51428	0.559965	1308	1346.97	-1
1	1	3.66428	0.559965	1475	1536.16	-1
1	1	3.81428	0.559965	1574	1625.94	-1
1	1	3.96428	0.559965	2184	2232.44	-1
1	1	4.11428	0.559965	2493	2526.97	-1
1	1	4.26428	0.559965	4211	4253.28	-1
1	1	4.41428	0.559965	-1	-1	-1
1	1	4.56428	0.559965	-1	-1	-1
1	1	4.71428	0.559965	-1	-1	-1
1	1	4.86428	0.559965	-1	-1	-1
1	1	5.01428	0.559965	-1	-1	-1
1	1	5.16428	0.559965	-1	-1	-1
1	1	5.31428	0.559965	-1	-1	-1
1	1	3.06428	0.709965	869	923.312	-1
1	1	3.21428	0.709965	948	976.094	-1
1	1	3.36428	0.709965	1160	1190.06	-1
1	1	3.51428	0.709965	1504	1553.53	-1
1	1	3.66428	0.709965	1572	1610.22	-1
1	1	3.81428	0.709965	1903	1968.78	-1
1	1	3.96428	0.709965	2084	2141.25	-1
1	1	4.11428	0.709965	2357	2394.06	-1
1	1	4.26428	0.709965	-1	-1	-1
1	1	4.41428	0.709965	-1	-1	-1
1	1	4.56428	0.709965	-1	-1	-1
1	1	4.71428	0.709965	-1	-1	-1
1	1	4.86428	0.709965	-1	-1	-1
1	1	5.01428	0.709965	-1	-1	-1
1	1	5.16428	0.709965	-1	-1	-1
1	1	5.31428	0.709965	-1	-1	-1
1	1	3.06428	0.859965	140	167.656	-1
1	1	3.21428	0.859965	682	812.312	-1
1	1	3.36428	0.859965	1469	1503.44	-1
1	1	3.51428	0.859965	1550	1596.91	-1
1	1	3.66428	0.859965	1649	1681.09	-1
1	1	3.81428	0.859965	1814	1860.12	-1
1	1	3.96428	0.859965	2274	2308.62	-1
1	1	4.11428	0.859965	-1	-1	-1
1	1	4.26428	0.859965	-1	-1	-1
1	1	4.41428	0.859965	-1	-1	-1
1	1	4.56428	0.859965	-1	-1	-1
1	1	4.71428	0.859965	-1	-1	-1
1	1	4.86428	0.859965	-1	-1	-1
1	1	5.01428	0.859965	-1	-1	-1
1	1	5.16428	0.859965	-1	-1	-1
1	1	5.31428	0.859965	-1	-1	-1
1	1	3.06428	1.00997	211	239.094	-1
1	1	3.21428	1.00997	848	882.656	-1
1	1	3.36428	1.00997	1677	1714.5	-1
1	1	3.51428	1.00997	4299	4343.09	-1
1	1	3.66428	1.00997	1714	1759.84	-1
1	1	3.81428	1.00997	2002	2042.88	-1
1	1	3.96428	1.00997	3606	3640.66	-1
1	1	4.11428	1.00997	1718	1798	-1
1	1	4.26428	1.00997	-1	-1	-1
1	1	4.41428	1.00997	-1	-1	-1
1	1	4.56428	1.00997	-1	-1	-1
1	1	4.71428	1.00997	-1	-1	-1
1	1	4.86428	1.00997	-1	-1	-1
1	1	5.01428	1.00997	-1	-1	-1
1	1	5.16428	1.00997	-1	-1	-1
1	1	5.31428	1.00997	-1	-1	-1
2	4	-4.74935	7.46165	4233	4301.06	-1
2	4	-4.59935	7.46165	4363	4430.78	-1
2	4	-4.44935	7.46165	-1	-1	-1
2	4	-4.29935	7.46165	-1	-1	-1
2	4	-4.14935	7.46165	-1	-1	-1
2	4	-3.99935	7.46165	-1	-1	-1
2	4	-3.84935	7.46165	-1	-1	-1
2	4	-3.69935	7.46165	-1	-1	-1
2	4	-4.74935	7.61165	-1	-1	-1
2	4	-4.59935	7.61165	-1	-1	-1
2	4	-4.44935	7.61165	-1	-1	-1
2	4	-4.29935	7.61165	-1	-1	-1
2	4	-4.14935	7.61165	-1	-1	-1
2	4	-3.99935	7.61165	-1	-1	-1
2	4	-3.84935	7.61165	2245	2310.41	-1
2	4	-3.69935	7.61165	2076	2179.41	-1
2	4	-4.74935	7.76165	-1	-1	-1
2	4	-4.59935	7.76165	-1	-1	-1
2	4	-4.44935	7.76165	-1	-1	-1
2	4	-4.29935	7.76165	-1	-1	-1
2	4	-4.14935	7.76165	-1	-1	-1
2	4	-3.99935	7.76165	-1	-1	-1
2	4	-3.84935	7.76165	-1	-1	-1
2	4	-3.69935	7.76165	-1	-1	-1
2	4	-4.74935	7.91165	-1	-1	-1
2	4	-4.59935	7.91165	-1	-1	-1
2	4	-4.44935	7.91165	-1	-1	-1
2	4	-4.29935	7.91165	-1	-1	-1
2	4	-4.14935	7.91165	-1	-1	-1
2	4	-3.99935	7.91165	-1	-1	-1
2	4	-3.84935	7.91165	-1	-1	-1
2	4	-3.69935	7.91165	-1	-1	-1
2	4	-4.74935	8.06165	-1	-1	-1
2	4	-4.59935	8.06165	-1	-1	-1
2	4	-4.44935	8.06165	-1	-1	-1
2	4	-4.29935	8.06165	-1	-1	-1
2	4	-4.14935	8.06165	-1	-1	-1
2	4	-3.99935	8.06165	-1	-1	-1
2	4	-3.84935	8.06165	-1	-1	-1
2	4	-3.69935	8.06165	-1	-1	-1
2	4	-4.74935	8.21165	-1	-1	-1
2	4	-4.59935	8.21165	-1	-1	-1
2	4	-4.44935	8.21165	-1	-1	-1
2	4	-4.29935	8.21165	-1	-1	-1
2	4	-4.14935	8.21165	-1	-1	-1
2	4	-3.99935	8.21165	-1	-1	-1
2	4	-3.84935	8.21165	-1	-1	-1
2	4	-3.69935	8.21165	-1	-1	-1
2	4	-4.74935	8.36165	-1	-1	-1
2	4	-4.59935	8.36165	-1	-1	-1
2	4	-4.44935	8.36165	-1	-1	-1
2	4	-4.29935	8.36165	-1	-1	-1
2	4	-4.14935	8.36165	-1	-1	-1
2	4	-3.99935	8.36165	-1	-1	-1
2	4	-3.84935	8.36165	-1	-1	-1
2	4	-3.69935	8.36165	-1	-1	-1
2	4	-4.74935	8.51165	-1	-1	-1
2	4	-4.59935	8.51165	-1	-1	-1
2	4	-4.44935	8.51165	-1	-1	-1
2	4	-4.29935	8.51165	-1	-1	-1
2	4	-4.14935	8.51165	-1	-1	-1
2	4	-3.99935	8.51165	-1	-1	-1
2	4	-3.84935	8.51165	-1	-1	-1
2	4	-3.69935	8.51165	-1	-1	-1
3	4	3.51955	7.533	-1	-1	-1
3	4	3.66955	7.533	-1	-1	-1
3	4	3.81955	7.533	-1	-1	-1
3	4	3.96955	7.533	-1	-1	-1
3	4	4.11955	7.533	-1	-1	-1
3	4	4.26955	7.533	-1	-1	-1
3	4	4.41955	7.533	-1	-1	-1
3	4	4.56955	7.533	-1	-1	-1
3	4	3.51955	7.683	-1	-1	-1
3	4	3.66955	7.683	-1	-1	-1
3	4	3.81955	7.683	-1	-1	-1
3	4	3.96955	7.683	-1	-1	-1
3	4	4.11955	7.683	-1	-1	-1
3	4	4.26955	7.683	-1	-1	-1
3	4	4.41955	7.683	-1	-1	-1
3	4	4.56955	7.683	-1	-1	-1
3	4	3.51955	7.833	-1	-1	-1
3	4	3.66955	7.833	-1	-1	-1
3	4	3.81955	7.833	-1	-1	-1
3	4	3.96955	7.833	-1	-1	-1
3	4	4.11955	7.833	-1	-1	-1
3	4	4.26955	7.833	-1	-1	-1
3	4	4.41955	7.833	-1	-1	-1
3	4	4.56955	7.833	-1	-1	-1
3	4	3.51955	7.983	-1	-1	-1
3	4	3.66955	7.983	-1	-1	-1
3	4	3.81955	7.983	-1	-1	-1
3	4	3.96955	7.983	-1	-1	-1
3	4	4.11955	7.983	-1	-1	-1
3	4	4.26955	7.983	-1	-1	-1
3	4	4.41955	7.983	-1	-1	-1
3	4	4.56955	7.983	-1	-1	-1
3	4	3.51955	8.133	-1	-1	-1
3	4	3.66955	8.133	-1	-1	-1
3	4	3.81955	8.133	-1	-1	-1
3	4	3.96955	8.133	-1	-1	-1
3	4	4.11955	8.133	-1	-1	-1
3	4	4.26955	8.133	-1	-1	-1
3	4	4.41955	8.133	-1	-1	-1
3	4	4.56955	8.133	-1	-1	-1
3	4	3.51955	8.283	-1	-1	-1
3	4	3.66955	8.283	-1	-1	-1
3	4	3.81955	8.283	-1	-1	-1
3	4	3.96955	8.283	-1	-1	-1
3	4	4.11955	8.283	-1	-1	-1
3	4	4.26955	8.283	-1	-1	-1
3	4	4.41955	8.283	-1	-1	-1
3	4	4.56955	8.283	-1	-1	-1
3	4	3.51955	8.433	1783	1880.88	-1
3	4	3.66955	8.433	-1	-1	-1
3	4	3.81955	8.433	-1	-1	-1
3	4	3.96955	8.433	-1	-1	-1
3	4	4.11955	8.433	-1	-1	-1
3	4	4.26955	8.433	-1	-1	-1
3	4	4.41955	8.433	-1	-1	-1
3	4	4.56955	8.433	-1	-1	-1
3	4	3.51955	8.583	1952	2020.34	-1
3	4	3.66955	8.583	-1	-1	-1
3	4	3.81955	8.583	-1	-1	-1
3	4	3.96955	8.583	-1	-1	-1
3	4	4.11955	8.583	-1	-1	-1
3	4	4.26955	8.583	-1	-1	-1
3	4	4.41955	8.583	-1	-1	-1
3	4	4.56955	8.583	-1	-1	-1
4	4	2.9529	-4.20215	-1	-1	-1
4	4	3.1029	-4.20215	-1	-1	-1
4	4	3.2529	-4.20215	-1	-1	-1
4	4	3.4029	-4.20215	4142	4203.81	-1
4	4	3.5529	-4.20215	4060	4103.12	-1
4	4	3.7029	-4.20215	-1	-1	-1
4	4	3.8529	-4.20215	5134	5179.34	-1
4	4	4.0029	-4.20215	2658	2709.22	-1
4	4	2.9529	-4.05215	-1	-1	-1
4	4	3.1029	-4.05215	-1	-1	-1
4	4	3.2529	-4.05215	-1	-1	-1
4	4	3.4029	-4.05215	2800	2847.75	-1
4	4	3.5529	-4.05215	2907	2957.41	-1
4	4	3.7029	-4.05215	3103	3145.91	-1
4	4	3.8529	-4.05215	-1	-1	-1
4	4	4.0029	-4.05215	3151	3197.31	-1
4	4	2.9529	-3.90215	-1	-1	-1
4	4	3.1029	-3.90215	-1	-1	-1
4	4	3.2529	-3.90215	3104	3164.66	-1
4	4	3.4029	-3.90215	2759	2805.47	-1
4	4	3.5529	-3.90215	2643	2703.38	-1
4	4	3.7029	-3.90215	1720	1775.47	-1
4	4	3.8529	-3.90215	3023	3093.72	-1
4	4	4.0029	-3.90215	1187	1276.34	-1
4	4	2.9529	-3.75215	-1	-1	-1
4	4	3.1029	-3.75215	-1	-1	-1
4	4	3.2529	-3.75215	2982	3060.03	-1
4	4	3.4029	-3.75215	2780	2837.88	-1
4	4	3.5529	-3.75215	1441	1484	-1
4	4	3.7029	-3.75215	1190	1240.97	-1
4	4	3.8529	-3.75215	1294	1370.66	-1
4	4	4.0029	-3.75215	1080	1134.69	-1
4	4	2.9529	-3.60215	-1	-1	-1
4	4	3.1029	-3.60215	3323	3362.94	-1
4	4	3.2529	-3.60215	3001	3044.38	-1
4	4	3.4029	-3.60215	2858	2939.53	-1
4	4	3.5529	-3.60215	2546	2587.59	-1
4	4	3.7029	-3.60215	1063	1131.03	-1
4	4	3.8529	-3.60215	954	1009.22	-1
4	4	4.0029	-3.60215	866	910.875	-1
4	4	2.9529	-3.45215	-1	-1	-1
4	4	3.1029	-3.45215	-1	-1	-1
4	4	3.2529	-3.45215	3137	3178.94	-1
4	4	3.4029	-3.45215	3219	3266.72	-1
4	4	3.5529	-3.45215	1500	1553.16	-1
4	4	3.7029	-3.45215	1623	1670.44	-1
4	4	3.8529	-3.45215	842	891.594	-1
4	4	4.0029	-3.45215	461	510.812	-1
4	4	2.9529	-3.30215	-1	-1	-1
4	4	3.1029	-3.30215	-1	-1	-1
4	4	3.2529	-3.30215	-1	-1	-1
4	4	3.4029	-3.30215	1156	1203.16	-1
4	4	3.5529	-3.30215	1385	1441.91	-1
4	4	3.7029	-3.30215	1639	1691.59	-1
4	4	3.8529	-3.30215	755	801.469	-1
4	4	4.0029	-3.30215	554	595.719	-1
4	4	2.9529	-3.15215	790	825.969	-1
4	4	3.1029	-3.15215	2702	2870.78	-1
4	4	3.2529	-3.15215	1065	1103.97	-1
4	4	3.4029	-3.15215	131	168.781	-1
4	4	3.5529	-3.15215	1249	1296.91	-1
4	4	3.7029	-3.15215	1342	1389.03	-1
4	4	3.8529	-3.15215	662	703.25	-1
4	4	4.0029	-3.15215	644	698.469	-1
5	4	4.24376	-3.02021	665	721.656	-1
5	4	4.39376	-3.02021	565	619.219	-1
5	4	4.54376	-3.02021	2050	2108.56	-1
5	4	4.69376	-3.02021	1201	1245.53	-1
5	4	4.84376	-3.02021	1289	1360.97	-1
5	4	4.99376	-3.02021	992	1039.25	-1
5	4	5.14376	-3.02021	1729	1804.22	-1
5	4	5.29376	-3.02021	2234	2287.53	-1
5	4	4.24376	-2.87021	751	792.594	-1
5	4	4.39376	-2.87021	1515	1554.94	-1
5	4	4.54376	-2.87021	1953	2004.78	-1
5	4	4.69376	-2.87021	1740	1788.41	-1
5	4	4.84376	-2.87021	1937	1993.72	-1
5	4	4.99376	-2.87021	1987	2050.84	-1
5	4	5.14376	-2.87021	2107	2161	-1
5	4	5.29376	-2.87021	2378	2449.75	-1
5	4	4.24376	-2.72021	2938	2977.69	-1
5	4	4.39376	-2.72021	2823	2883.66	-1
5	4	4.54376	-2.72021	2456	2513.62	-1
5	4	4.69376	-2.72021	1839	1891.06	-1
5	4	4.84376	-2.72021	2069	2114.41	-1
5	4	4.99376	-2.72021	2242	2303.78	-1
5	4	5.14376	-2.72021	2350	2396.19	-1
5	4	5.29376	-2.72021	-1	-1	-1
5	4	4.24376	-2.57021	-1	-1	-1
5	4	4.39376	-2.57021	-1	-1	-1
5	4	4.54376	-2.57021	2709	2765.25	-1
5	4	4.69376	-2.57021	2560	2631.59	-1
5	4	4.84376	-2.57021	-1	-1	-1
5	4	4.99376	-2.57021	-1	-1	-1
5	4	5.14376	-2.57021	3952	3996.75	-1
5	4	5.29376	-2.57021	-1	-1	-1
5	4	4.24376	-2.42021	597	723.844	-1
5	4	4.39376	-2.42021	-1	-1	-1
5	4	4.54376	-2.42021	-1	-1	-1
5	4	4.69376	-2.42021	-1	-1	-1
5	4	4.84376	-2.42021	-1	-1	-1
5	4	4.99376	-2.42021	-1	-1	-1
5	4	5.14376	-2.42021	-1	-1	-1
5	4	5.29376	-2.42021	-1	-1	-1
5	4	4.24376	-2.27021	1176	1213.22	-1
5	4	4.39376	-2.27021	-1	-1	-1
5	4	4.54376	-2.27021	-1	-1	-1
5	4	4.69376	-2.27021	-1	-1	-1
5	4	4.84376	-2.27021	-1	-1	-1
5	4	4.99376	-2.27021	-1	-1	-1
5	4	5.14376	-2.27021	-1	-1	-1
5	4	5.29376	-2.27021	-1	-1	-1
5	4	4.24376	-2.12021	3611	3670.41	-1
5	4	4.39376	-2.12021	-1	-1	-1
5	4	4.54376	-2.12021	-1	-1	-1
5	4	4.69376	-2.12021	-1	-1	-1
5	4	4.84376	-2.12021	-1	-1	-1
5	4	4.99376	-2.12021	-1	-1	-1
5	4	5.14376	-2.12021	-1	-1	-1
5	4	5.29376	-2.12021	1286	1335.31	-1
5	4	4.24376	-1.97021	1048	1084.78	-1
5	4	4.39376	-1.97021	-1	-1	-1
5	4	4.54376	-1.97021	-1	-1	-1
5	4	4.69376	-1.97021	-1	-1	-1
5	4	4.84376	-1.97021	-1	-1	-1
5	4	4.99376	-1.97021	-1	-1	-1
5	4	5.14376	-1.97021	-1	-1	-1
5	4	5.29376	-1.97021	-1	-1	-1
6	16	2.74008	3.8186	180	225.469	-1
6	16	2.89008	3.8186	98	140.656	-1
6	16	3.04008	3.8186	204	248.562	-1
6	16	3.19008	3.8186	1413	1452.88	-1
6	16	2.74008	3.9686	372	410.531	-1
6	16	2.89008	3.9686	-1	-1	-1
6	16	3.04008	3.9686	1420	1567.44	-1
6	16	3.19008	3.9686	1603	1646.62	-1
6	16	2.74008	4.1186	-1	-1	-1
6	16	2.89008	4.1186	-1	-1	-1
6	16	3.04008	4.1186	-1	-1	-1
6	16	3.19008	4.1186	1627	1678.72	-1
6	16	2.74008	4.2686	-1	-1	-1
6	16	2.89008	4.2686	-1	-1	-1
6	16	3.04008	4.2686	-1	-1	-1
6	16	3.19008	4.2686	-1	-1	-1
7	16	-1.22014	-6.93818	-1	-1	-1
7	16	-1.07014	-6.93818	-1	-1	-1
7	16	-0.920142	-6.93818	-1	-1	-1
7	16	-0.770142	-6.93818	-1	-1	-1
7	16	-1.22014	-6.78818	-1	-1	-1
7	16	-1.07014	-6.78818	-1	-1	-1
7	16	-0.920142	-6.78818	-1	-1	-1
7	16	-0.770142	-6.78818	-1	-1	-1
7	16	-1.22014	-6.63818	-1	-1	-1
7	16	-1.07014	-6.63818	-1	-1	-1
7	16	-0.920142	-6.63818	-1	-1	-1
7	16	-0.770142	-6.63818	-1	-1	-1
7	16	-1.22014	-6.48818	-1	-1	-1
7	16	-1.07014	-6.48818	-1	-1	-1
7	16	-0.920142	-6.48818	875	982.688	-1
7	16	-0.770142	-6.48818	2847	2905.47	-1
8	16	-5.82447	4.7867	-1	-1	-1
8	16	-5.67447	4.7867	2895	2952.09	-1
8	16	-5.52447	4.7867	-1	-1	-1
8	16	-5.37447	4.7867	-1	-1	-1
8	16	-5.82447	4.9367	-1	-1	-1
8	16	-5.67447	4.9367	-1	-1	-1
8	16	-5.52447	4.9367	-1	-1	-1
8	16	-5.37447	4.9367	-1	-1	-1
8	16	-5.82447	5.0867	-1	-1	-1
8	16	-5.67447	5.0867	-1	-1	-1
8	16	-5.52447	5.0867	-1	-1	-1
8	16	-5.37447	5.0867	-1	-1	-1
8	16	-5.82447	5.2367	-1	-1	-1
8	16	-5.67447	5.2367	-1	-1	-1
8	16	-5.52447	5.2367	-1	-1	-1
8	16	-5.37447	5.2367	-1	-1	-1
9	16	8.24509	-4.80438	-1	-1	-1
9	16	8.39509	-4.80438	-1	-1	-1
9	16	8.54509	-4.80438	-1	-1	-1
9	16	8.69509	-4.80438	-1	-1	-1
9	16	8.24509	-4.65438	-1	-1	-1
9	16	8.39509	-4.65438	-1	-1	-1
9	16	8.54509	-4.65438	-1	-1	-1
9	16	8.69509	-4.65438	-1	-1	-1
9	16	8.24509	-4.50438	-1	-1	-1
9	16	8.39509	-4.50438	-1	-1	-1
9	16	8.54509	-4.50438	-1	-1	-1
9	16	8.69509	-4.50438	-1	-1	-1
9	16	8.24509	-4.35438	-1	-1	-1
9	16	8.39509	-4.35438	-1	-1	-1
9	16	8.54509	-4.35438	-1	-1	-1
9	16	8.69509	-4.35438	-1	-1	-1
10	16	-7.00332	6.98683	-1	-1	-1
10	16	-6.85332	6.98683	5333	-1	-1
10	16	-6.70332	6.98683	-1	-1	-1
10	16	-6.55332	6.98683	-1	-1	-1
10	16	-7.00332	7.13683	4850	4924.34	-1
10	16	-6.85332	7.13683	5184	5257.84	-1
10	16	-6.70332	7.13683	-1	-1	-1
10	16	-6.55332	7.13683	-1	-1	-1
10	16	-7.00332	7.28683	5001	5110.59	-1
10	16	-6.85332	7.28683	5344	-1	-1
10	16	-6.70332	7.28683	-1	-1	-1
10	16	-6.55332	7.28683	-1	-1	-1
10	16	-7.00332	7.43683	-1	-1	-1
10	16	-6.85332	7.43683	-1	-1	-1
10	16	-6.70332	7.43683	-1	-1	-1
10	16	-6.55332	7.43683	-1	-1	-1
11	16	4.84023	-7.19102	-1	-1	-1
11	16	4.99023	-7.19102	-1	-1	-1
11	16	5.14023	-7.19102	-1	-1	-1
11	16	5.29023	-7.19102	-1	-1	-1
11	16	4.84023	-7.04102	-1	-1	-1
11	16	4.99023	-7.04102	-1	-1	-1
11	16	5.14023	-7.04102	-1	-1	-1
11	16	5.29023	-7.04102	-1	-1	-1
11	16	4.84023	-6.89102	-1	-1	-1
11	16	4.99023	-6.89102	-1	-1	-1
11	16	5.14023	-6.89102	-1	-1	-1
11	16	5.29023	-6.89102	-1	-1	-1
11	16	4.84023	-6.74102	-1	-1	-1
11	16	4.99023	-6.74102	-1	-1	-1
11	16	5.14023	-6.74102	-1	-1	-1
11	16	5.29023	-6.74102	-1	-1	-1
12	16	-0.899069	-3.05442	-1	-1	-1
12	16	-0.749069	-3.05442	-1	-1	-1
12	16	-0.599069	-3.05442	-1	-1	-1
12	16	-0.449069	-3.05442	-1	-1	-1
12	16	-0.899069	-2.90442	-1	-1	-1
12	16	-0.749069	-2.90442	-1	-1	-1
12	16	-0.599069	-2.90442	-1	-1	-1
12	16	-0.449069	-2.90442	1443	1574.5	-1
12	16	-0.899069	-2.75442	-1	-1	-1
12	16	-0.749069	-2.75442	-1	-1	-1
12	16	-0.599069	-2.75442	261	290.969	-1
12	16	-0.449069	-2.75442	314	341.125	-1
12	16	-0.899069	-2.60442	-1	-1	-1
12	16	-0.749069	-2.60442	-1	-1	-1
12	16	-0.599069	-2.60442	209	234.219	-1
12	16	-0.449069	-2.60442	143	167.031	-1
13	16	-6.38995	-1.43749	-1	-1	-1
13	16	-6.23995	-1.43749	-1	-1	-1
13	16	-6.08995	-1.43749	-1	-1	-1
13	16	-5.93995	-1.43749	1220	1281.66	-1
13	16	-6.38995	-1.28749	-1	-1	-1
13	16	-6.23995	-1.28749	-1	-1	-1
13	16	-6.08995	-1.28749	-1	-1	-1
13	16	-5.93995	-1.28749	-1	-1	-1
13	16	-6.38995	-1.13749	-1	-1	-1
13	16	-6.23995	-1.13749	-1	-1	-1
13	16	-6.08995	-1.13749	-1	-1	-1
13	16	-5.93995	-1.13749	-1	-1	-1
13	16	-6.38995	-0.987485	-1	-1	-1
13	16	-6.23995	-0.987485	-1	-1	-1
13	16	-6.08995	-0.987485	-1	-1	-1
13	16	-5.93995	-0.987485	-1	-1	-1
14	16	7.93364	-3.47512	-1	-1	-1
14	16	8.08364	-3.47512	-1	-1	-1
14	16	8.23364	-3.47512	-1	-1	-1
14	16	8.38364	-3.47512	-1	-1	-1
14	16	7.93364	-3.32512	1111	1172.47	-1
14	16	8.08364	-3.32512	-1	-1	-1
14	16	8.23364	-3.32512	-1	-1	-1
14	16	8.38364	-3.32512	-1	-1	-1
14	16	7.93364	-3.17512	1235	1326.69	-1
14	16	8.08364	-3.17512	-1	-1	-1
14	16	8.23364	-3.17512	-1	-1	-1
14	16	8.38364	-3.17512	-1	-1	-1
14	16	7.93364	-3.02512	-1	-1	-1
14	16	8.08364	-3.02512	-1	-1	-1
14	16	8.23364	-3.02512	-1	-1	-1
14	16	8.38364	-3.02512	-1	-1	-1
15	16	1.64485	-4.14402	4923	4959.56	-1
15	16	1.79485	-4.14402	3623	3703.84	-1
15	16	1.94485	-4.14402	3549	3593.53	-1
15	16	2.09485	-4.14402	3429	3470.22	-1
15	16	1.64485	-3.99402	3344	3397.44	-1
15	16	1.79485	-3.99402	3631	3668.12	-1
15	16	1.94485	-3.99402	3509	3554.47	-1
15	16	2.09485	-3.99402	3332	3375.5	-1
15	16	1.64485	-3.84402	2492	2525.41	-1
15	16	1.79485	-3.84402	3175	3306.56	-1
15	16	1.94485	-3.84402	3708	3747.41	-1
15	16	2.09485	-3.84402	3527	3579.03	-1
15	16	1.64485	-3.69402	1815	1848.12	-1
15	16	1.79485	-3.69402	2563	2597.84	-1
15	16	1.94485	-3.69402	3922	4043.47	-1
15	16	2.09485	-3.69402	4364	4499.56	-1
16	16	-5.04811	4.01916	716	770.75	-1
16	16	-4.89811	4.01916	120	177.688	-1
16	16	-4.74811	4.01916	222	272.625	-1
16	16	-4.59811	4.01916	2034	2084.19	-1
16	16	-5.04811	4.16916	468	520.281	-1
16	16	-4.89811	4.16916	325	387.656	-1
16	16	-4.74811	4.16916	443	510.281	-1
16	16	-4.59811	4.16916	700	748.438	-1
16	16	-5.04811	4.31916	564	629.938	-1
16	16	-4.89811	4.31916	680	748.094	-1
16	16	-4.74811	4.31916	580	629.5	-1
16	16	-4.59811	4.31916	-1	-1	-1
16	16	-5.04811	4.46916	-1	-1	-1
16	16	-4.89811	4.46916	799	857.344	-1
16	16	-4.74811	4.46916	-1	-1	-1
16	16	-4.59811	4.46916	-1	-1	-1
17	16	3.57242	5.70968	-1	-1	-1
17	16	3.72242	5.70968	-1	-1	-1
17	16	3.87242	5.70968	-1	-1	-1
17	16	4.02242	5.70968	-1	-1	-1
17	16	3.57242	5.85968	-1	-1	-1
17	16	3.72242	5.85968	-1	-1	-1
17	16	3.87242	5.85968	-1	-1	-1
17	16	4.02242	5.85968	-1	-1	-1
17	16	3.57242	6.00968	-1	-1	-1
17	16	3.72242	6.00968	-1	-1	-1
17	16	3.87242	6.00968	-1	-1	-1
17	16	4.02242	6.00968	-1	-1	-1
17	16	3.57242	6.15968	-1	-1	-1
17	16	3.72242	6.15968	-1	-1	-1
17	16	3.87242	6.15968	-1	-1	-1
17	16	4.02242	6.15968	-1	-1	-1
18	16	4.26069	-4.2768	2552	2603.84	-1
18	16	4.41069	-4.2768	2388	2481.31	-1
18	16	4.56069	-4.2768	2440	2495.06	-1
18	16	4.71069	-4.2768	-1	-1	-1
18	16	4.26069	-4.1268	1590	1657.03	-1
18	16	4.41069	-4.1268	2178	2224.22	-1
18	16	4.56069	-4.1268	2278	2323.19	-1
18	16	4.71069	-4.1268	2404	2462.12	-1
18	16	4.26069	-3.9768	1458	1518.94	-1
18	16	4.41069	-3.9768	1982	2127.75	-1
18	16	4.56069	-3.9768	2350	2425.28	-1
18	16	4.71069	-3.9768	2127	2185.91	-1
18	16	4.26069	-3.8268	1338	1393.62	-1
18	16	4.41069	-3.8268	2668	2734.78	-1
18	16	4.56069	-3.8268	2195	2254.03	-1
18	16	4.71069	-3.8268	1874	1920.97	-1
19	16	-7.92048	-2.26806	-1	-1	-1
19	16	-7.77048	-2.26806	-1	-1	-1
19	16	-7.62048	-2.26806	-1	-1	-1
19	16	-7.47048	-2.26806	-1	-1	-1
19	16	-7.92048	-2.11806	-1	-1	-1
19	16	-7.77048	-2.11806	-1	-1	-1
19	16	-7.62048	-2.11806	-1	-1	-1
19	16	-7.47048	-2.11806	-1	-1	-1
19	16	-7.92048	-1.96806	-1	-1	-1
19	16	-7.77048	-1.96806	-1	-1	-1
19	16	-7.62048	-1.96806	-1	-1	-1
19	16	-7.47048	-1.96806	-1	-1	-1
19	16	-7.92048	-1.81806	-1	-1	-1
19	16	-7.77048	-1.81806	-1	-1	-1
19	16	-7.62048	-1.81806	-1	-1	-1
19	16	-7.47048	-1.81806	-1	-1	-1
20	16	-5.31204	6.97314	-1	-1	-1
20	16	-5.16204	6.97314	-1	-1	-1
20	16	-5.01204	6.97314	-1	-1	-1
20	16	-4.86204	6.97314	-1	-1	-1
20	16	-5.31204	7.12314	-1	-1	-1
20	16	-5.16204	7.12314	-1	-1	-1
20	16	-5.01204	7.12314	-1	-1	-1
20	16	-4.86204	7.12314	3967	4032.06	-1
20	16	-5.31204	7.27314	-1	-1	-1
20	16	-5.16204	7.27314	-1	-1	-1
20	16	-5.01204	7.27314	-1	-1	-1
20	16	-4.86204	7.27314	4097	4165.62	-1
20	16	-5.31204	7.42314	919	994.375	-1
20	16	-5.16204	7.42314	-1	-1	-1
20	16	-5.01204	7.42314	-1	-1	-1
20	16	-4.86204	7.42314	-1	-1	-1
21	16	-4.78523	-4.96704	-1	-1	-1
21	16	-4.63523	-4.96704	-1	-1	-1
21	16	-4.48523	-4.96704	-1	-1	-1
21	16	-4.33523	-4.96704	-1	-1	-1
21	16	-4.78523	-4.81704	-1	-1	-1
21	16	-4.63523	-4.81704	-1	-1	-1
21	16	-4.48523	-4.81704	-1	-1	-1
21	16	-4.33523	-4.81704	-1	-1	-1
21	16	-4.78523	-4.66704	-1	-1	-1
21	16	-4.63523	-4.66704	-1	-1	-1
21	16	-4.48523	-4.66704	-1	-1	-1
21	16	-4.33523	-4.66704	-1	-1	-1
21	16	-4.78523	-4.51704	3605	3656.88	-1
21	16	-4.63523	-4.51704	-1	-1	-1
21	16	-4.48523	-4.51704	-1	-1	-1
21	16	-4.33523	-4.51704	-1	-1	-1
0	256	-0.106024	-4.16551	2283	2411.31	-1
0	256	0.534797	-6.60855	-1	-1	-1
0	256	5.55064	4.00661	3154	3280.12	-1
0	256	6.30159	8.55018	5351	-1	-1
0	256	-7.78395	-4.48218	-1	-1	-1
0	256	-7.43058	2.12888	364	418.688	-1
0	256	6.59251	-5.01728	2232	2353.75	-1
0	256	-2.81204	-7.33421	-1	-1	-1
0	256	-8.44843	-0.0683998	4205	4293.62	-1
0	256	-0.781429	-8.54971	-1	-1	-1
0	256	0.211663	-3.19845	2106	2239.81	-1
0	256	-6.19628	-4.04823	710	764.594	-1
0	256	2.30868	8.83666	5275	5342.31	-1
0	256	-1.79251	-7.16399	-1	-1	-1
0	256	7.5067	-3.91228	-1	-1	-1
0	256	-4.88313	7.52695	-1	-1	-1
0	256	-6.80656	-6.81054	-1	-1	-1
0	256	-2.0174	4.69628	579	692.594	-1
0	256	3.62607	4.97815	-1	-1	-1
0	256	-3.17691	-7.59801	-1	-1	-1
0	256	-6.15968	-5.58227	-1	-1	-1
0	256	-2.45267	-2.56481	3635	3814.28	-1
0	256	5.39025	-1.87939	-1	-1	-1
0	256	1.56361	-5.17537	3381	3489.38	-1
0	256	5.26843	6.19888	-1	-1	-1
0	256	5.42351	-2.84845	-1	-1	-1
0	256	5.91525	-7.34405	518	590.062	-1
0	256	7.35854	4.28483	-1	-1	-1
0	256	-0.778811	-7.3264	464	527.969	-1
0	256	-5.97834	5.99566	-1	-1	-1
0	256	-7.26369	5.41007	-1	-1	-1
0	256	-4.70998	0.293246	1942	2054.56	-1
0	256	4.96778	-6.27916	3781	3838.59	-1
0	256	-9.62223	-1.98014	-1	-1	-1
0	256	-4.37585	2.09682	2416	2456.72	-1
0	256	-2.02408	-2.98641	-1	-1	-1
0	256	1.56928	-2.66736	710	736.656	-1
0	256	-9.06737	-0.499197	-1	-1	-1
0	256	-3.80055	-4.16797	-1	-1	-1
0	256	6.47058	-4.43675	1569	1635.19	-1
0	256	6.65983	-6.01185	-1	-1	-1
0	256	-4.54324	3.34478	-1	-1	-1
0	256	5.92931	2.30799	2847	2896.66	-1
0	256	-5.00322	-2.39266	48	122.812	-1
0	256	5.54874	-0.410901	-1	-1	-1
0	256	8.43114	5.31537	-1	-1	-1
0	256	-7.73003	4.65344	-1	-1	-1
0	256	-3.36148	6.84976	1264	1321.16	-1
0	256	0.656071	-3.85786	1106	1138.94	-1
0	256	-7.41544	0.358236	109	208.281	-1
0	256	-9.17227	3.78364	5178	5272.75	-1
0	256	-2.84065	-9.51272	-1	-1	-1
0	256	-3.45878	-8.20685	-1	-1	-1
0	256	5.3385	3.57094	2252	2332.34	-1
0	256	1.94598	-9.34211	4779	4852.5	-1
0	256	-3.87142	5.77903	-1	-1	-1
0	256	-1.93004	-3.84299	2999	3040.03	-1
0	256	5.46165	3.47297	3693	3749.22	-1
0	256	4.33459	-8.87991	-1	-1	-1
0	256	0.351252	-6.87001	3898	3948.62	-1
0	256	-7.74216	4.16499	953	1018.06	-1
0	256	3.55757	6.59689	5272	5381.94	-1
0	256	6.94341	-6.24414	-1	-1	-1
0	256	7.84076	-2.98145	-1	-1	-1
0	256	4.82239	8.40099	-1	-1	-1
0	256	2.64985	2.33874	62	100.562	-1
0	256	5.80572	-1.1811	-1	-1	-1
0	256	0.222944	6.76763	4595	4645.09	-1
0	256	-5.66474	-6.74175	1382	1511.47	-1
0	256	-3.93135	3.69163	767	820.969	-1
0	256	-6.78689	-1.21834	-1	-1	-1
0	256	6.03234	5.51125	-1	-1	-1
0	256	7.55298	5.56244	-1	-1	-1
0	256	3.52774	3.82969	1642	1699	-1
0	256	-5.8134	1.17673	-1	-1	-1
0	256	-9.49973	0.592464	-1	-1	-1
0	256	-1.3603	5.45013	-1	-1	-1
0	256	4.35852	3.83254	-1	-1	-1
0	256	-2.26569	-6.50423	-1	-1	-1
0	256	-4.12432	-0.652019	2490	2625.69	-1
0	256	1.27563	-4.23326	-1	-1	-1
0	256	5.50624	-3.92574	1862	1912.06	-1
0	256	2.62732	5.68064	-1	-1	-1
0	256	7.8338	5.70469	5005	5076.03	-1
0	256	-4.75285	-0.624491	-1	-1	-1
0	256	8.89574	-3.75309	-1	-1	-1
0	256	-5.39758	6.06687	909	1044.28	-1
0	256	5.7326	3.68283	-1	-1	-1
0	256	-3.14131	5.88294	-1	-1	-1
0	256	8.78653	-0.924608	4029	4119.28	-1
0	256	-5.30682	8.25394	5115	5191.19	-1
0	256	8.50502	-4.0534	-1	-1	-1
0	256	-6.4578	6.40503	-1	-1	-1
0	256	7.62729	-0.621607	-1	-1	-1
0	256	4.97317	-5.26397	3144	3200.41	-1
0	256	8.38514	-4.15511	-1	-1	-1
0	256	3.91435	2.74265	284	322.281	-1
0	256	-0.482729	6.4679	-1	-1	-1
0	256	9.01416	1.42163	-1	-1	-1
0	256	-6.60739	1.12026	-1	-1	-1
0	256	-3.51596	2.81011	340	397.062	-1
0	256	2.27713	-3.29661	4387	4531.31	-1
0	256	-7.06406	2.67517	3290	3400.69	-1
0	256	-4.3142	-7.34167	-1	-1	-1
0	256	-7.90041	-3.66311	-1	-1	-1
0	256	-7.43365	-6.44813	-1	-1	-1
0	256	4.29275	-7.53963	-1	-1	-1
0	256	3.71125	-7.48333	-1	-1	-1
0	256	-0.394964	-4.04015	-1	-1	-1
0	256	4.21861	5.49155	-1	-1	-1
0	256	7.82215	-3.52318	2492	2552.75	-1
0	256	6.22686	3.38271	-1	-1	-1
0	256	-7.88073	0.946458	-1	-1	-1
0	256	7.13367	3.05737	5330	-1	-1
0	256	-3.98127	1.80875	-1	-1	-1
0	256	6.15287	-6.14172	-1	-1	-1
0	256	-5.23488	5.35487	-1	-1	-1
0	256	-8.67994	2.95898	-1	-1	-1
0	256	7.43124	-5.55791	2964	3029.53	-1
0	256	-2.12196	7.21553	813	918.719	-1
0	256	1.86665	8.39191	-1	-1	-1
0	256	-2.37978	-3.22977	2016	2167.84	-1
0	256	3.67496	-5.06042	3288	3336.53	-1
0	256	-3.83932	3.07029	4533	4574.94	-1
0	256	2.63638	-9.58367	4738	4830.06	-1
0	256	3.655	4.57747	4767	4912.69	-1
0	256	8.21036	1.00292	-1	-1	-1
0	256	4.97929	5.36905	-1	-1	-1
0	256	9.18791	2.05792	1150	1229.62	-1
0	256	7.15844	-0.382656	-1	-1	-1
0	256	-1.64309	-5.61501	-1	-1	-1
0	256	0.196377	7.02717	-1	-1	-1
0	256	-1.87911	-5.10681	1229	1270.91	-1
0	256	-8.50691	6.82948	-1	-1	-1
0	256	-0.133702	-5.95499	-1	-1	-1
0	256	-5.77846	2.99838	3024	3072.28	-1
0	256	1.4425	4.16968	2515	2550.75	-1
0	256	-1.90442	-3.11264	-1	-1	-1
0	256	-0.39167	7.27816	-1	-1	-1
0	256	-8.39797	3.16302	4036	4126.81	-1
0	256	0.643602	8.26234	3822	3914.84	-1
0	256	4.57249	-8.5269	-1	-1	-1
0	256	-1.2776	-2.88353	-1	-1	-1
0	256	-1.81089	2.63096	344	494.625	-1
0	256	-0.306365	-8.93774	-1	-1	-1
0	256	3.25182	-5.85406	3144	3264.19	-1
0	256	8.83601	-2.63684	-1	-1	-1
0	256	-4.98987	-4.6085	-1	-1	-1
0	256	-1.06733	5.60551	-1	-1	-1
0	256	1.08734	8.08615	-1	-1	-1
0	256	6.31604	6.642	-1	-1	-1
0	256	2.77826	-3.62242	3896	4038.72	-1
0	256	-4.72178	5.87288	-1	-1	-1
0	256	-4.08567	-0.412176	-1	-1	-1
0	256	9.16724	-2.97831	-1	-1	-1
0	256	-6.3926	-3.88168	531	639.375	-1
0	256	-7.07108	-4.13425	-1	-1	-1
0	256	4.94694	-3.55696	445	500.906	-1
0	256	2.93505	7.71729	-1	-1	-1
0	256	-7.52053	2.30049	-1	-1	-1
0	256	8.61942	-4.97298	-1	-1	-1
0	256	0.622858	-4.10523	4829	4864.44	-1
0	256	-3.71118	-4.02206	-1	-1	-1
0	256	-3.46539	-7.35862	-1	-1	-1
0	256	4.21011	4.03326	-1	-1	-1
0	256	-0.419937	-5.2054	4842	4948.59	-1
0	256	5.80061	3.48777	5151	5263.12	-1
0	256	6.12723	-4.88161	1427	1495.72	-1
0	256	9.28931	-2.49804	-1	-1	-1
0	256	5.8308	-6.32716	-1	-1	-1
0	256	-2.76435	-2.47258	2925	3099.91	-1
0	256	7.02009	-6.00029	4929	5039.03	-1
0	256	-8.5677	3.00338	-1	-1	-1
0	256	1.27158	3.97148	448	482.906	-1
0	256	-4.88275	5.16833	-1	-1	-1
0	256	6.07496	7.10438	-1	-1	-1
0	256	-0.18362	8.01958	-1	-1	-1
0	256	7.28608	-5.8652	-1	-1	-1
0	256	-1.35151	-7.77411	-1	-1	-1
0	256	-4.04799	-7.64547	-1	-1	-1
0	256	-5.01835	2.5578	606	659.688	-1
0	256	-1.74441	-8.80689	5236	5305.62	-1
0	256	-1.72587	-2.81653	322	363.469	-1
0	256	7.4941	9.59621	-1	-1	-1
0	256	5.81039	-7.8976	-1	-1	-1
0	256	-9.07988	-2.24578	-1	-1	-1
0	256	-3.18747	4.14541	-1	-1	-1
0	256	2.08516	6.76178	2614	2669.34	-1
0	256	6.3059	2.19012	-1	-1	-1
0	256	2.98037	-6.69766	-1	-1	-1
0	256	2.792	5.08569	786	832.562	-1
0	256	-1.05118	7.17208	-1	-1	-1
0	256	7.07126	6.04803	-1	-1	-1
0	256	2.60169	3.77216	298	337.5	-1
0	256	-4.57854	-1.27307	-1	-1	-1
0	256	1.64163	-8.85375	2991	3086	-1
0	256	-1.6461	6.64675	-1	-1	-1
0	256	0.460908	3.23606	4384	4496.59	-1
0	256	-9.16408	1.36536	-1	-1	-1
0	256	-5.41101	3.48017	2288	2339.88	-1
0	256	8.8068	2.32301	-1	-1	-1
0	256	5.74564	-3.87437	264	376.875	-1
0	256	6.99823	-2.5428	4914	5009.34	-1
0	256	-0.945095	8.31245	5129	5222.06	-1
0	256	-5.54907	-4.35559	-1	-1	-1
0	256	3.98436	4.56679	-1	-1	-1
0	256	-3.94296	-8.8363	-1	-1	-1
0	256	-2.61413	6.20917	1003	1055.41	-1
0	256	7.62189	6.69665	-1	-1	-1
0	256	0.181333	-5.22871	1760	1814.69	-1
0	256	-6.47973	-6.53733	-1	-1	-1
0	256	8.17791	2.15197	-1	-1	-1
0	256	-4.77234	-8.07816	-1	-1	-1
0	256	-2.35416	-1.01111	514	653.062	-1
0	256	-3.20487	-1.04089	-1	-1	-1
0	256	1.93012	-2.67515	3734	3768.75	-1
0	256	-7.71786	-3.09614	-1	-1	-1
0	256	-3.18712	-7.8754	-1	-1	-1
0	256	5.68004	2.07067	-1	-1	-1
0	256	-6.8693	-0.395465	-1	-1	-1
0	256	-2.80341	-4.40098	558	605.031	-1
0	256	-4.29038	-0.927743	-1	-1	-1
0	256	2.58574	-9.31783	4558	4652.28	-1
0	256	6.51414	2.97348	459	565.406	-1
0	256	-0.333331	1.4116	21	59.5625	-1
0	256	5.70835	-1.04619	-1	-1	-1
0	256	6.81109	7.48352	-1	-1	-1
0	256	3.69677	3.86199	2144	2294.56	-1
0	256	6.07414	-5.6508	1082	1163.75	-1
0	256	-7.86038	6.07092	445	551.438	-1
0	256	-2.72851	-3.27813	974	1118.88	-1
0	256	-8.54037	-4.00338	3979	4064.41	-1
0	256	-5.08731	6.00759	1125	1185.75	-1
0	256	9.61165	-1.32192	2882	2952.09	-1
0	256	-4.08419	2.50513	-1	-1	-1
0	256	3.3621	-5.39351	-1	-1	-1
0	256	-4.02348	3.3123	4585	4727	-1
0	256	-8.95411	2.32775	-1	-1	-1
0	256	-7.654	4.83907	-1	-1	-1
0	256	-5.14488	-7.42419	383	453.156	-1
0	256	-2.22519	-2.2085	53	92.7812	-1
0	256	-8.2697	-0.333618	-1	-1	-1
0	256	-0.168759	9.27337	5318	5388.66	-1
0	256	-2.28142	-8.39488	-1	-1	-1
0	256	9.64096	-2.57003	4031	4112.66	-1
0	256	1.35535	5.96929	5363	-1	-1
0	256	-3.27635	3.36671	235	296	-1
0	256	-1.44419	-8.65873	-1	-1	-1
0	256	-1.34685	-9.19831	2862	2933.06	-1
0	256	-1.82517	7.70008	-1	-1	-1
0	256	-3.67194	-0.0211826	249	282.812	-1
0	256	7.29978	5.48078	-1	-1	-1
0	256	9.54358	2.38207	1627	1722.75	-1
0	256	9.39832	-2.81896	-1	-1	-1
0	256	7.31189	2.04269	-1	-1	-1
0	256	2.21089	6.91601	-1	-1	-1
