Pile ID	Distribution Type	X-Position	Y-Position	Pickup Time	Drop Off Time	Ant ID
1	1	-7.65709	3.41905	-1	-1	-1
1	1	-7.50709	3.41905	3998	4069.28	-1
1	1	-7.35709	3.41905	3469	3557.84	-1
1	1	-7.20709	3.41905	2621	2677.31	-1
1	1	-7.05709	3.41905	2741	2833.16	-1
1	1	-6.90709	3.41905	2762	2854.06	-1
1	1	-6.75709	3.41905	3591	3651.53	-1
1	1	-6.60709	3.41905	3661	3730.06	-1
1	1	-6.45709	3.41905	572	636.781	-1
1	1	-6.30709	3.41905	370	431.5	-1
1	1	-6.15709	3.41905	426	510.531	-1
1	1	-6.00709	3.41905	307	358.281	-1
1	1	-5.85709	3.41905	2363	2425.84	-1
1	1	-5.70709	3.41905	2269	2319.19	-1
1	1	-5.55709	3.41905	1111	1162.94	-1
1	1	-5.40709	3.41905	911	1027.22	-1
1	1	-7.65709	3.56905	4086	4157.75	-1
1	1	-7.50709	3.56905	3974	4076	-1
1	1	-7.35709	3.56905	3164	3235.47	-1
1	1	-7.20709	3.56905	3033	3097.47	-1
1	1	-7.05709	3.56905	2908	2967.19	-1
1	1	-6.90709	3.56905	2937	2999.06	-1
1	1	-6.75709	3.56905	3443	3506.78	-1
1	1	-6.60709	3.56905	3733	3820.06	-1
1	1	-6.45709	3.56905	-1	-1	-1
1	1	-6.30709	3.56905	-1	-1	-1
1	1	-6.15709	3.56905	-1	-1	-1
1	1	-6.00709	3.56905	-1	-1	-1
1	1	-5.85709	3.56905	2070	2198.69	-1
1	1	-5.70709	3.56905	1972	2100.66	-1
1	1	-5.55709	3.56905	1195	1254.34	-1
1	1	-5.40709	3.56905	1081	1140.34	-1
1	1	-7.65709	3.71905	3939	4009.25	-1
1	1	-7.50709	3.71905	3859	3930.59	-1
1	1	-7.35709	3.71905	3307	3379.5	-1
1	1	-7.20709	3.71905	3214	3282.53	-1
1	1	-7.05709	3.71905	3050	3128.69	-1
1	1	-6.90709	3.71905	3326	3394.19	-1
1	1	-6.75709	3.71905	3621	3679.78	-1
1	1	-6.60709	3.71905	3769	3839.84	-1
1	1	-6.45709	3.71905	-1	-1	-1
1	1	-6.30709	3.71905	-1	-1	-1
1	1	-6.15709	3.71905	-1	-1	-1
1	1	-6.00709	3.71905	-1	-1	-1
1	1	-5.85709	3.71905	-1	-1	-1
1	1	-5.70709	3.71905	2246	2306.78	-1
1	1	-5.55709	3.71905	2146	2195.34	-1
1	1	-5.40709	3.71905	-1	-1	-1
1	1	-7.65709	3.86905	4170	4233.69	-1
1	1	-7.50709	3.86905	4426	4537	-1
1	1	-7.35709	3.86905	3502	3578.84	-1
1	1	-7.20709	3.86905	3366	3427.28	-1
1	1	-7.05709	3.86905	3466	3538.16	-1
1	1	-6.90709	3.86905	3488	3562.94	-1
1	1	-6.75709	3.86905	3724	3788.5	-1
1	1	-6.60709	3.86905	3903	3972.66	-1
1	1	-6.45709	3.86905	-1	-1	-1
1	1	-6.30709	3.86905	-1	-1	-1
1	1	-6.15709	3.86905	-1	-1	-1
1	1	-6.00709	3.86905	-1	-1	-1
1	1	-5.85709	3.86905	-1	-1	-1
1	1	-5.70709	3.86905	-1	-1	-1
1	1	-5.55709	3.86905	-1	-1	-1
1	1	-5.40709	3.86905	-1	-1	-1
1	1	-7.65709	4.01905	-1	-1	-1
1	1	-7.50709	4.01905	4289	4365.72	-1
1	1	-7.35709	4.01905	3636	3715.53	-1
1	1	-7.20709	4.01905	3815	3895.16	-1
1	1	-7.05709	4.01905	3626	3689.03	-1
1	1	-6.90709	4.01905	3759	3850.34	-1
1	1	-6.75709	4.01905	-1	-1	-1
1	1	-6.60709	4.01905	-1	-1	-1
1	1	-6.45709	4.01905	-1	-1	-1
1	1	-6.30709	4.01905	-1	-1	-1
1	1	-6.15709	4.01905	-1	-1	-1
1	1	-6.00709	4.01905	-1	-1	-1
1	1	-5.85709	4.01905	-1	-1	-1
1	1	-5.70709	4.01905	-1	-1	-1
1	1	-5.55709	4.01905	5006	5057.25	-1
1	1	-5.40709	4.01905	-1	-1	-1
1	1	-7.65709	4.16905	-1	-1	-1
1	1	-7.50709	4.16905	4118	4187.5	-1
1	1	-7.35709	4.16905	3978	4049.69	-1
1	1	-7.20709	4.16905	-1	-1	-1
1	1	-7.05709	4.16905	-1	-1	-1
1	1	-6.90709	4.16905	-1	-1	-1
1	1	-6.75709	4.16905	-1	-1	-1
1	1	-6.60709	4.16905	-1	-1	-1
1	1	-6.45709	4.16905	-1	-1	-1
1	1	-6.30709	4.16905	-1	-1	-1
1	1	-6.15709	4.16905	-1	-1	-1
1	1	-6.00709	4.16905	-1	-1	-1
1	1	-5.85709	4.16905	-1	-1	-1
1	1	-5.70709	4.16905	-1	-1	-1
1	1	-5.55709	4.16905	4670	4726.41	-1
1	1	-5.40709	4.16905	4894	4948.03	-1
1	1	-7.65709	4.31905	-1	-1	-1
1	1	-7.50709	4.31905	-1	-1	-1
1	1	-7.35709	4.31905	4264	4327.72	-1
1	1	-7.20709	4.31905	-1	-1	-1
1	1	-7.05709	4.31905	-1	-1	-1
1	1	-6.90709	4.31905	-1	-1	-1
1	1	-6.75709	4.31905	-1	-1	-1
1	1	-6.60709	4.31905	-1	-1	-1
1	1	-6.45709	4.31905	-1	-1	-1
1	1	-6.30709	4.31905	-1	-1	-1
1	1	-6.15709	4.31905	-1	-1	-1
1	1	-6.00709	4.31905	-1	-1	-1
1	1	-5.85709	4.31905	4806	4862.09	-1
1	1	-5.70709	4.31905	4785	4838.38	-1
1	1	-5.55709	4.31905	4544	4614.38	-1
1	1	-5.40709	4.31905	3409	3562.06	-1
1	1	-7.65709	4.46905	-1	-1	-1
1	1	-7.50709	4.46905	-1	-1	-1
1	1	-7.35709	4.46905	-1	-1	-1
1	1	-7.20709	4.46905	-1	-1	-1
1	1	-7.05709	4.46905	-1	-1	-1
1	1	-6.90709	4.46905	-1	-1	-1
1	1	-6.75709	4.46905	-1	-1	-1
1	1	-6.60709	4.46905	-1	-1	-1
1	1	-6.45709	4.46905	-1	-1	-1
1	1	-6.30709	4.46905	-1	-1	-1
1	1	-6.15709	4.46905	-1	-1	-1
1	1	-6.00709	4.46905	-1	-1	-1
1	1	-5.85709	4.46905	-1	-1	-1
1	1	-5.70709	4.46905	4930	4985.94	-1
1	1	-5.55709	4.46905	4667	4748.88	-1
1	1	-5.40709	4.46905	3628	3690.91	-1
1	1	-7.65709	4.61905	-1	-1	-1
1	1	-7.50709	4.61905	-1	-1	-1
1	1	-7.35709	4.61905	-1	-1	-1
1	1	-7.20709	4.61905	-1	-1	-1
1	1	-7.05709	4.61905	-1	-1	-1
1	1	-6.90709	4.61905	-1	-1	-1
1	1	-6.75709	4.61905	-1	-1	-1
1	1	-6.60709	4.61905	-1	-1	-1
1	1	-6.45709	4.61905	-1	-1	-1
1	1	-6.30709	4.61905	-1	-1	-1
1	1	-6.15709	4.61905	-1	-1	-1
1	1	-6.00709	4.61905	-1	-1	-1
1	1	-5.85709	4.61905	-1	-1	-1
1	1	-5.70709	4.61905	4615	4675	-1
1	1	-5.55709	4.61905	4550	4609.19	-1
1	1	-5.40709	4.61905	4430	4486.28	-1
1	1	-7.65709	4.76905	-1	-1	-1
1	1	-7.50709	4.76905	-1	-1	-1
1	1	-7.35709	4.76905	-1	-1	-1
1	1	-7.20709	4.76905	-1	-1	-1
1	1	-7.05709	4.76905	-1	-1	-1
1	1	-6.90709	4.76905	-1	-1	-1
1	1	-6.75709	4.76905	-1	-1	-1
1	1	-6.60709	4.76905	-1	-1	-1
1	1	-6.45709	4.76905	-1	-1	-1
1	1	-6.30709	4.76905	-1	-1	-1
1	1	-6.15709	4.76905	-1	-1	-1
1	1	-6.00709	4.76905	-1	-1	-1
1	1	-5.85709	4.76905	-1	-1	-1
1	1	-5.70709	4.76905	-1	-1	-1
1	1	-5.55709	4.76905	4578	4650.09	-1
1	1	-5.40709	4.76905	4463	4525.5	-1
1	1	-7.65709	4.91905	-1	-1	-1
1	1	-7.50709	4.91905	-1	-1	-1
1	1	-7.35709	4.91905	-1	-1	-1
1	1	-7.20709	4.91905	-1	-1	-1
1	1	-7.05709	4.91905	-1	-1	-1
1	1	-6.90709	4.91905	-1	-1	-1
1	1	-6.75709	4.91905	-1	-1	-1
1	1	-6.60709	4.91905	-1	-1	-1
1	1	-6.45709	4.91905	-1	-1	-1
1	1	-6.30709	4.91905	-1	-1	-1
1	1	-6.15709	4.91905	-1	-1	-1
1	1	-6.00709	4.91905	-1	-1	-1
1	1	-5.85709	4.91905	-1	-1	-1
1	1	-5.70709	4.91905	-1	-1	-1
1	1	-5.55709	4.91905	1678	1740.41	-1
1	1	-5.40709	4.91905	1785	1864.28	-1
1	1	-7.65709	5.06905	-1	-1	-1
1	1	-7.50709	5.06905	-1	-1	-1
1	1	-7.35709	5.06905	-1	-1	-1
1	1	-7.20709	5.06905	-1	-1	-1
1	1	-7.05709	5.06905	-1	-1	-1
1	1	-6.90709	5.06905	-1	-1	-1
1	1	-6.75709	5.06905	-1	-1	-1
1	1	-6.60709	5.06905	-1	-1	-1
1	1	-6.45709	5.06905	-1	-1	-1
1	1	-6.30709	5.06905	-1	-1	-1
1	1	-6.15709	5.06905	-1	-1	-1
1	1	-6.00709	5.06905	-1	-1	-1
1	1	-5.85709	5.06905	-1	-1	-1
1	1	-5.70709	5.06905	1977	2047.09	-1
1	1	-5.55709	5.06905	1503	1567.47	-1
1	1	-5.40709	5.06905	1657	1727.12	-1
1	1	-7.65709	5.21905	-1	-1	-1
1	1	-7.50709	5.21905	-1	-1	-1
1	1	-7.35709	5.21905	-1	-1	-1
1	1	-7.20709	5.21905	-1	-1	-1
1	1	-7.05709	5.21905	-1	-1	-1
1	1	-6.90709	5.21905	-1	-1	-1
1	1	-6.75709	5.21905	-1	-1	-1
1	1	-6.60709	5.21905	-1	-1	-1
1	1	-6.45709	5.21905	-1	-1	-1
1	1	-6.30709	5.21905	-1	-1	-1
1	1	-6.15709	5.21905	-1	-1	-1
1	1	-6.00709	5.21905	-1	-1	-1
1	1	-5.85709	5.21905	-1	-1	-1
1	1	-5.70709	5.21905	1705	1782.25	-1
1	1	-5.55709	5.21905	1489	1614.47	-1
1	1	-5.40709	5.21905	1156	1298.78	-1
1	1	-7.65709	5.36905	-1	-1	-1
1	1	-7.50709	5.36905	-1	-1	-1
1	1	-7.35709	5.36905	-1	-1	-1
1	1	-7.20709	5.36905	-1	-1	-1
1	1	-7.05709	5.36905	-1	-1	-1
1	1	-6.90709	5.36905	-1	-1	-1
1	1	-6.75709	5.36905	-1	-1	-1
1	1	-6.60709	5.36905	-1	-1	-1
1	1	-6.45709	5.36905	-1	-1	-1
1	1	-6.30709	5.36905	-1	-1	-1
1	1	-6.15709	5.36905	-1	-1	-1
1	1	-6.00709	5.36905	-1	-1	-1
1	1	-5.85709	5.36905	-1	-1	-1
1	1	-5.70709	5.36905	1767	1846.59	-1
1	1	-5.55709	5.36905	1623	1701.84	-1
1	1	-5.40709	5.36905	1361	1423.09	-1
1	1	-7.65709	5.51905	-1	-1	-1
1	1	-7.50709	5.51905	-1	-1	-1
1	1	-7.35709	5.51905	-1	-1	-1
1	1	-7.20709	5.51905	-1	-1	-1
1	1	-7.05709	5.51905	-1	-1	-1
1	1	-6.90709	5.51905	-1	-1	-1
1	1	-6.75709	5.51905	-1	-1	-1
1	1	-6.60709	5.51905	-1	-1	-1
1	1	-6.45709	5.51905	-1	-1	-1
1	1	-6.30709	5.51905	-1	-1	-1
1	1	-6.15709	5.51905	-1	-1	-1
1	1	-6.00709	5.51905	2514	2579.97	-1
1	1	-5.85709	5.51905	2233	2297.38	-1
1	1	-5.70709	5.51905	1788	1883.25	-1
1	1	-5.55709	5.51905	1698	1765.31	-1
1	1	-5.40709	5.51905	1482	1551.59	-1
1	1	-7.65709	5.66905	-1	-1	-1
1	1	-7.50709	5.66905	-1	-1	-1
1	1	-7.35709	5.66905	-1	-1	-1
1	1	-7.20709	5.66905	-1	-1	-1
1	1	-7.05709	5.66905	-1	-1	-1
1	1	-6.90709	5.66905	-1	-1	-1
1	1	-6.75709	5.66905	-1	-1	-1
1	1	-6.60709	5.66905	-1	-1	-1
1	1	-6.45709	5.66905	5187	5253.12	-1
1	1	-6.30709	5.66905	4786	4852.81	-1
1	1	-6.15709	5.66905	5046	5120.66	-1
1	1	-6.00709	5.66905	2494	2569.38	-1
1	1	-5.85709	5.66905	2354	2417.75	-1
1	1	-5.70709	5.66905	2110	2171.81	-1
1	1	-5.55709	5.66905	2638	2698.91	-1
1	1	-5.40709	5.66905	-1	-1	-1
2	4	-3.85854	6.07593	4045	4098.59	-1
2	4	-3.70854	6.07593	-1	-1	-1
2	4	-3.55854	6.07593	-1	-1	-1
2	4	-3.40854	6.07593	-1	-1	-1
2	4	-3.25854	6.07593	2725	2779	-1
2	4	-3.10854	6.07593	1250	1299.88	-1
2	4	-2.95854	6.07593	1358	1424.19	-1
2	4	-2.80854	6.07593	1683	1736.28	-1
2	4	-3.85854	6.22593	4153	4212.56	-1
2	4	-3.70854	6.22593	4293	4350	-1
2	4	-3.55854	6.22593	-1	-1	-1
2	4	-3.40854	6.22593	-1	-1	-1
2	4	-3.25854	6.22593	-1	-1	-1
2	4	-3.10854	6.22593	1805	1871.47	-1
2	4	-2.95854	6.22593	-1	-1	-1
2	4	-2.80854	6.22593	-1	-1	-1
2	4	-3.85854	6.37593	4268	4333.81	-1
2	4	-3.70854	6.37593	4392	4478.28	-1
2	4	-3.55854	6.37593	4541	4597.34	-1
2	4	-3.40854	6.37593	-1	-1	-1
2	4	-3.25854	6.37593	-1	-1	-1
2	4	-3.10854	6.37593	-1	-1	-1
2	4	-2.95854	6.37593	-1	-1	-1
2	4	-2.80854	6.37593	-1	-1	-1
2	4	-3.85854	6.52593	-1	-1	-1
2	4	-3.70854	6.52593	4426	4491.41	-1
2	4	-3.55854	6.52593	4660	4719.72	-1
2	4	-3.40854	6.52593	-1	-1	-1
2	4	-3.25854	6.52593	-1	-1	-1
2	4	-3.10854	6.52593	-1	-1	-1
2	4	-2.95854	6.52593	-1	-1	-1
2	4	-2.80854	6.52593	-1	-1	-1
2	4	-3.85854	6.67593	-1	-1	-1
2	4	-3.70854	6.67593	-1	-1	-1
2	4	-3.55854	6.67593	-1	-1	-1
2	4	-3.40854	6.67593	-1	-1	-1
2	4	-3.25854	6.67593	-1	-1	-1
2	4	-3.10854	6.67593	-1	-1	-1
2	4	-2.95854	6.67593	-1	-1	-1
2	4	-2.80854	6.67593	-1	-1	-1
2	4	-3.85854	6.82593	-1	-1	-1
2	4	-3.70854	6.82593	-1	-1	-1
2	4	-3.55854	6.82593	-1	-1	-1
2	4	-3.40854	6.82593	-1	-1	-1
2	4	-3.25854	6.82593	-1	-1	-1
2	4	-3.10854	6.82593	-1	-1	-1
2	4	-2.95854	6.82593	-1	-1	-1
2	4	-2.80854	6.82593	-1	-1	-1
2	4	-3.85854	6.97593	-1	-1	-1
2	4	-3.70854	6.97593	-1	-1	-1
2	4	-3.55854	6.97593	-1	-1	-1
2	4	-3.40854	6.97593	-1	-1	-1
2	4	-3.25854	6.97593	-1	-1	-1
2	4	-3.10854	6.97593	-1	-1	-1
2	4	-2.95854	6.97593	-1	-1	-1
2	4	-2.80854	6.97593	-1	-1	-1
2	4	-3.85854	7.12593	-1	-1	-1
2	4	-3.70854	7.12593	-1	-1	-1
2	4	-3.55854	7.12593	-1	-1	-1
2	4	-3.40854	7.12593	-1	-1	-1
2	4	-3.25854	7.12593	-1	-1	-1
2	4	-3.10854	7.12593	-1	-1	-1
2	4	-2.95854	7.12593	-1	-1	-1
2	4	-2.80854	7.12593	-1	-1	-1
3	4	-4.36941	0.495793	-1	-1	-1
3	4	-4.21941	0.495793	-1	-1	-1
3	4	-4.06941	0.495793	987	1022.81	-1
3	4	-3.91941	0.495793	785	842.562	-1
3	4	-3.76941	0.495793	740	790.406	-1
3	4	-3.61941	0.495793	687	723.094	-1
3	4	-3.46941	0.495793	600	628.375	-1
3	4	-3.31941	0.495793	659	702.781	-1
3	4	-4.36941	0.645793	1695	1744.38	-1
3	4	-4.21941	0.645793	1596	1635.16	-1
3	4	-4.06941	0.645793	1013	1064.09	-1
3	4	-3.91941	0.645793	876	935.219	-1
3	4	-3.76941	0.645793	913	962.188	-1
3	4	-3.61941	0.645793	1856	1890.34	-1
3	4	-3.46941	0.645793	-1	-1	-1
3	4	-3.31941	0.645793	2291	2318.91	-1
3	4	-4.36941	0.795793	-1	-1	-1
3	4	-4.21941	0.795793	1666	1711.97	-1
3	4	-4.06941	0.795793	1071	1106.47	-1
3	4	-3.91941	0.795793	972	1014.31	-1
3	4	-3.76941	0.795793	3320	3363.09	-1
3	4	-3.61941	0.795793	3241	3270.28	-1
3	4	-3.46941	0.795793	2718	2751.75	-1
3	4	-3.31941	0.795793	2575	2604.31	-1
3	4	-4.36941	0.945793	-1	-1	-1
3	4	-4.21941	0.945793	-1	-1	-1
3	4	-4.06941	0.945793	1771	1804	-1
3	4	-3.91941	0.945793	1090	1141.91	-1
3	4	-3.76941	0.945793	878	926	-1
3	4	-3.61941	0.945793	989	1038.84	-1
3	4	-3.46941	0.945793	806	910.812	-1
3	4	-3.31941	0.945793	741	779.781	-1
3	4	-4.36941	1.09579	-1	-1	-1
3	4	-4.21941	1.09579	-1	-1	-1
3	4	-4.06941	1.09579	3245	3330.06	-1
3	4	-3.91941	1.09579	962	1056.75	-1
3	4	-3.76941	1.09579	748	834.062	-1
3	4	-3.61941	1.09579	597	647.406	-1
3	4	-3.46941	1.09579	707	756.406	-1
3	4	-3.31941	1.09579	336	399.344	-1
3	4	-4.36941	1.24579	624	671.188	-1
3	4	-4.21941	1.24579	-1	-1	-1
3	4	-4.06941	1.24579	3160	3197.66	-1
3	4	-3.91941	1.24579	3085	3118.75	-1
3	4	-3.76941	1.24579	621	667.375	-1
3	4	-3.61941	1.24579	499	535.125	-1
3	4	-3.46941	1.24579	411	451.188	-1
3	4	-3.31941	1.24579	448	500.281	-1
3	4	-4.36941	1.39579	514	557.156	-1
3	4	-4.21941	1.39579	2713	2751.47	-1
3	4	-4.06941	1.39579	1512	1552.88	-1
3	4	-3.91941	1.39579	1448	1480.19	-1
3	4	-3.76941	1.39579	673	723.438	-1
3	4	-3.61941	1.39579	573	623.281	-1
3	4	-3.46941	1.39579	328	364.312	-1
3	4	-3.31941	1.39579	221	294.812	-1
3	4	-4.36941	1.54579	710	818.469	-1
3	4	-4.21941	1.54579	887	920.844	-1
3	4	-4.06941	1.54579	1290	1328.16	-1
3	4	-3.91941	1.54579	1367	1402	-1
3	4	-3.76941	1.54579	516	576.094	-1
3	4	-3.61941	1.54579	287	329	-1
3	4	-3.46941	1.54579	61	99.2188	-1
3	4	-3.31941	1.54579	142	182.938	-1
4	4	-2.86839	-2.5927	-1	-1	-1
4	4	-2.71839	-2.5927	-1	-1	-1
4	4	-2.56839	-2.5927	-1	-1	-1
4	4	-2.41839	-2.5927	-1	-1	-1
4	4	-2.26839	-2.5927	2224	2255.19	-1
4	4	-2.11839	-2.5927	-1	-1	-1
4	4	-1.96839	-2.5927	2290	2324.31	-1
4	4	-1.81839	-2.5927	2229	2262.34	-1
4	4	-2.86839	-2.4427	-1	-1	-1
4	4	-2.71839	-2.4427	-1	-1	-1
4	4	-2.56839	-2.4427	-1	-1	-1
4	4	-2.41839	-2.4427	-1	-1	-1
4	4	-2.26839	-2.4427	-1	-1	-1
4	4	-2.11839	-2.4427	-1	-1	-1
4	4	-1.96839	-2.4427	-1	-1	-1
4	4	-1.81839	-2.4427	29	64.125	-1
4	4	-2.86839	-2.2927	-1	-1	-1
4	4	-2.71839	-2.2927	-1	-1	-1
4	4	-2.56839	-2.2927	-1	-1	-1
4	4	-2.41839	-2.2927	-1	-1	-1
4	4	-2.26839	-2.2927	-1	-1	-1
4	4	-2.11839	-2.2927	-1	-1	-1
4	4	-1.96839	-2.2927	-1	-1	-1
4	4	-1.81839	-2.2927	102	128.031	-1
4	4	-2.86839	-2.1427	3652	3808.12	-1
4	4	-2.71839	-2.1427	3847	3878.19	-1
4	4	-2.56839	-2.1427	-1	-1	-1
4	4	-2.41839	-2.1427	-1	-1	-1
4	4	-2.26839	-2.1427	-1	-1	-1
4	4	-2.11839	-2.1427	-1	-1	-1
4	4	-1.96839	-2.1427	-1	-1	-1
4	4	-1.81839	-2.1427	-1	-1	-1
4	4	-2.86839	-1.9927	3359	3399.19	-1
4	4	-2.71839	-1.9927	2490	2546.5	-1
4	4	-2.56839	-1.9927	2421	2458.12	-1
4	4	-2.41839	-1.9927	2604	2646.06	-1
4	4	-2.26839	-1.9927	-1	-1	-1
4	4	-2.11839	-1.9927	-1	-1	-1
4	4	-1.96839	-1.9927	-1	-1	-1
4	4	-1.81839	-1.9927	-1	-1	-1
4	4	-2.86839	-1.8427	2514	2550.47	-1
4	4	-2.71839	-1.8427	2318	2375.25	-1
4	4	-2.56839	-1.8427	2240	2275.72	-1
4	4	-2.41839	-1.8427	2310	2346.72	-1
4	4	-2.26839	-1.8427	2479	2532.31	-1
4	4	-2.11839	-1.8427	-1	-1	-1
4	4	-1.96839	-1.8427	3232	3272.69	-1
4	4	-1.81839	-1.8427	-1	-1	-1
4	4	-2.86839	-1.6927	2575	2618.78	-1
4	4	-2.71839	-1.6927	2251	2285.88	-1
4	4	-2.56839	-1.6927	2159	2205.34	-1
4	4	-2.41839	-1.6927	2188	2218.94	-1
4	4	-2.26839	-1.6927	2399	2432.44	-1
4	4	-2.11839	-1.6927	2462	2495.19	-1
4	4	-1.96839	-1.6927	2076	2098.34	-1
4	4	-1.81839	-1.6927	939	1107.28	-1
4	4	-2.86839	-1.5427	2071	2121.41	-1
4	4	-2.71839	-1.5427	1979	2037.16	-1
4	4	-2.56839	-1.5427	1911	1937.28	-1
4	4	-2.41839	-1.5427	2079	2109.97	-1
4	4	-2.26839	-1.5427	879	902.094	-1
4	4	-2.11839	-1.5427	1973	1999.16	-1
4	4	-1.96839	-1.5427	2025	2063.84	-1
4	4	-1.81839	-1.5427	2128	2194.44	-1
5	4	-8.98334	5.97657	-1	-1	-1
5	4	-8.83334	5.97657	-1	-1	-1
5	4	-8.68334	5.97657	-1	-1	-1
5	4	-8.53334	5.97657	-1	-1	-1
5	4	-8.38334	5.97657	-1	-1	-1
5	4	-8.23334	5.97657	-1	-1	-1
5	4	-8.08334	5.97657	-1	-1	-1
5	4	-7.93334	5.97657	-1	-1	-1
5	4	-8.98334	6.12657	-1	-1	-1
5	4	-8.83334	6.12657	-1	-1	-1
5	4	-8.68334	6.12657	-1	-1	-1
5	4	-8.53334	6.12657	-1	-1	-1
5	4	-8.38334	6.12657	-1	-1	-1
5	4	-8.23334	6.12657	-1	-1	-1
5	4	-8.08334	6.12657	-1	-1	-1
5	4	-7.93334	6.12657	-1	-1	-1
5	4	-8.98334	6.27657	-1	-1	-1
5	4	-8.83334	6.27657	-1	-1	-1
5	4	-8.68334	6.27657	-1	-1	-1
5	4	-8.53334	6.27657	-1	-1	-1
5	4	-8.38334	6.27657	-1	-1	-1
5	4	-8.23334	6.27657	-1	-1	-1
5	4	-8.08334	6.27657	-1	-1	-1
5	4	-7.93334	6.27657	-1	-1	-1
5	4	-8.98334	6.42657	-1	-1	-1
5	4	-8.83334	6.42657	-1	-1	-1
5	4	-8.68334	6.42657	-1	-1	-1
5	4	-8.53334	6.42657	-1	-1	-1
5	4	-8.38334	6.42657	-1	-1	-1
5	4	-8.23334	6.42657	-1	-1	-1
5	4	-8.08334	6.42657	-1	-1	-1
5	4	-7.93334	6.42657	-1	-1	-1
5	4	-8.98334	6.57657	-1	-1	-1
5	4	-8.83334	6.57657	-1	-1	-1
5	4	-8.68334	6.57657	-1	-1	-1
5	4	-8.53334	6.57657	-1	-1	-1
5	4	-8.38334	6.57657	-1	-1	-1
5	4	-8.23334	6.57657	-1	-1	-1
5	4	-8.08334	6.57657	-1	-1	-1
5	4	-7.93334	6.57657	-1	-1	-1
5	4	-8.98334	6.72657	-1	-1	-1
5	4	-8.83334	6.72657	-1	-1	-1
5	4	-8.68334	6.72657	-1	-1	-1
5	4	-8.53334	6.72657	-1	-1	-1
5	4	-8.38334	6.72657	-1	-1	-1
5	4	-8.23334	6.72657	-1	-1	-1
5	4	-8.08334	6.72657	-1	-1	-1
5	4	-7.93334	6.72657	-1	-1	-1
5	4	-8.98334	6.87657	-1	-1	-1
5	4	-8.83334	6.87657	-1	-1	-1
5	4	-8.68334	6.87657	-1	-1	-1
5	4	-8.53334	6.87657	-1	-1	-1
5	4	-8.38334	6.87657	-1	-1	-1
5	4	-8.23334	6.87657	-1	-1	-1
5	4	-8.08334	6.87657	-1	-1	-1
5	4	-7.93334	6.87657	-1	-1	-1
5	4	-8.98334	7.02657	-1	-1	-1
5	4	-8.83334	7.02657	-1	-1	-1
5	4	-8.68334	7.02657	-1	-1	-1
5	4	-8.53334	7.02657	-1	-1	-1
5	4	-8.38334	7.02657	-1	-1	-1
5	4	-8.23334	7.02657	-1	-1	-1
5	4	-8.08334	7.02657	-1	-1	-1
5	4	-7.93334	7.02657	-1	-1	-1
6	16	2.86431	-6.63518	-1	-1	-1
6	16	3.01431	-6.63518	-1	-1	-1
6	16	3.16431	-6.63518	-1	-1	-1
6	16	3.31431	-6.63518	-1	-1	-1
6	16	2.86431	-6.48518	-1	-1	-1
6	16	3.01431	-6.48518	-1	-1	-1
6	16	3.16431	-6.48518	-1	-1	-1
6	16	3.31431	-6.48518	-1	-1	-1
6	16	2.86431	-6.33518	4566	4681.72	-1
6	16	3.01431	-6.33518	-1	-1	-1
6	16	3.16431	-6.33518	-1	-1	-1
6	16	3.31431	-6.33518	-1	-1	-1
6	16	2.86431	-6.18518	1240	1289.47	-1
6	16	3.01431	-6.18518	2277	2335.72	-1
6	16	3.16431	-6.18518	4739	4789.84	-1
6	16	3.31431	-6.18518	-1	-1	-1
7	16	2.86068	6.62652	4122	4180	-1
7	16	3.01068	6.62652	3998	4050.91	-1
7	16	3.16068	6.62652	-1	-1	-1
7	16	3.31068	6.62652	-1	-1	-1
7	16	2.86068	6.77652	-1	-1	-1
7	16	3.01068	6.77652	-1	-1	-1
7	16	3.16068	6.77652	-1	-1	-1
7	16	3.31068	6.77652	-1	-1	-1
7	16	2.86068	6.92652	-1	-1	-1
7	16	3.01068	6.92652	-1	-1	-1
7	16	3.16068	6.92652	-1	-1	-1
7	16	3.31068	6.92652	-1	-1	-1
7	16	2.86068	7.07652	-1	-1	-1
7	16	3.01068	7.07652	-1	-1	-1
7	16	3.16068	7.07652	-1	-1	-1
7	16	3.31068	7.07652	-1	-1	-1
8	16	4.59652	-6.81523	-1	-1	-1
8	16	4.74652	-6.81523	-1	-1	-1
8	16	4.89652	-6.81523	-1	-1	-1
8	16	5.04652	-6.81523	-1	-1	-1
8	16	4.59652	-6.66523	-1	-1	-1
8	16	4.74652	-6.66523	-1	-1	-1
8	16	4.89652	-6.66523	-1	-1	-1
8	16	5.04652	-6.66523	-1	-1	-1
8	16	4.59652	-6.51523	-1	-1	-1
8	16	4.74652	-6.51523	-1	-1	-1
8	16	4.89652	-6.51523	-1	-1	-1
8	16	5.04652	-6.51523	654	718	-1
8	16	4.59652	-6.36523	-1	-1	-1
8	16	4.74652	-6.36523	-1	-1	-1
8	16	4.89652	-6.36523	784	843.812	-1
8	16	5.04652	-6.36523	534	594.312	-1
9	16	-0.714861	-3.87182	-1	-1	-1
9	16	-0.564861	-3.87182	-1	-1	-1
9	16	-0.414861	-3.87182	-1	-1	-1
9	16	-0.264861	-3.87182	2193	2237.12	-1
9	16	-0.714861	-3.72182	-1	-1	-1
9	16	-0.564861	-3.72182	-1	-1	-1
9	16	-0.414861	-3.72182	-1	-1	-1
9	16	-0.264861	-3.72182	2092	2156.78	-1
9	16	-0.714861	-3.57182	-1	-1	-1
9	16	-0.564861	-3.57182	-1	-1	-1
9	16	-0.414861	-3.57182	2208	2248.44	-1
9	16	-0.264861	-3.57182	2019	2051.56	-1
9	16	-0.714861	-3.42182	-1	-1	-1
9	16	-0.564861	-3.42182	2106	2150.97	-1
9	16	-0.414861	-3.42182	1959	1988.41	-1
9	16	-0.264861	-3.42182	202	232.812	-1
10	16	3.5557	-5.81396	-1	-1	-1
10	16	3.7057	-5.81396	-1	-1	-1
10	16	3.8557	-5.81396	-1	-1	-1
10	16	4.0057	-5.81396	-1	-1	-1
10	16	3.5557	-5.66396	2282	2418.59	-1
10	16	3.7057	-5.66396	-1	-1	-1
10	16	3.8557	-5.66396	-1	-1	-1
10	16	4.0057	-5.66396	-1	-1	-1
10	16	3.5557	-5.51396	1393	1449	-1
10	16	3.7057	-5.51396	-1	-1	-1
10	16	3.8557	-5.51396	-1	-1	-1
10	16	4.0057	-5.51396	-1	-1	-1
10	16	3.5557	-5.36396	-1	-1	-1
10	16	3.7057	-5.36396	-1	-1	-1
10	16	3.8557	-5.36396	-1	-1	-1
10	16	4.0057	-5.36396	-1	-1	-1
11	16	-3.3488	2.33557	65	128.312	-1
11	16	-3.1988	2.33557	635	686.031	-1
11	16	-3.0488	2.33557	1189	1242.56	-1
11	16	-2.8988	2.33557	2536	2569.75	-1
11	16	-3.3488	2.48557	3688	3760.84	-1
11	16	-3.1988	2.48557	-1	-1	-1
11	16	-3.0488	2.48557	2677	2713.25	-1
11	16	-2.8988	2.48557	2602	2642.38	-1
11	16	-3.3488	2.63557	-1	-1	-1
11	16	-3.1988	2.63557	-1	-1	-1
11	16	-3.0488	2.63557	-1	-1	-1
11	16	-2.8988	2.63557	38	87.25	-1
11	16	-3.3488	2.78557	-1	-1	-1
11	16	-3.1988	2.78557	-1	-1	-1
11	16	-3.0488	2.78557	1046	1201.12	-1
11	16	-2.8988	2.78557	124	167	-1
12	16	7.55415	-5.03108	-1	-1	-1
12	16	7.70415	-5.03108	-1	-1	-1
12	16	7.85415	-5.03108	-1	-1	-1
12	16	8.00415	-5.03108	-1	-1	-1
12	16	7.55415	-4.88108	4526	4623.41	-1
12	16	7.70415	-4.88108	5224	5293.69	-1
12	16	7.85415	-4.88108	-1	-1	-1
12	16	8.00415	-4.88108	-1	-1	-1
12	16	7.55415	-4.73108	4689	4752.53	-1
12	16	7.70415	-4.73108	4954	5021.69	-1
12	16	7.85415	-4.73108	5090	5157.12	-1
12	16	8.00415	-4.73108	-1	-1	-1
12	16	7.55415	-4.58108	4821	4884.97	-1
12	16	7.70415	-4.58108	-1	-1	-1
12	16	7.85415	-4.58108	5361	-1	-1
12	16	8.00415	-4.58108	-1	-1	-1
13	16	-6.03549	6.26623	-1	-1	-1
13	16	-5.88549	6.26623	4617	4682.97	-1
13	16	-5.73549	6.26623	-1	-1	-1
13	16	-5.58549	6.26623	-1	-1	-1
13	16	-6.03549	6.41623	-1	-1	-1
13	16	-5.88549	6.41623	-1	-1	-1
13	16	-5.73549	6.41623	-1	-1	-1
13	16	-5.58549	6.41623	-1	-1	-1
13	16	-6.03549	6.56623	-1	-1	-1
13	16	-5.88549	6.56623	-1	-1	-1
13	16	-5.73549	6.56623	-1	-1	-1
13	16	-5.58549	6.56623	-1	-1	-1
13	16	-6.03549	6.71623	-1	-1	-1
13	16	-5.88549	6.71623	-1	-1	-1
13	16	-5.73549	6.71623	-1	-1	-1
13	16	-5.58549	6.71623	1997	2065.19	-1
14	16	-4.25364	-1.90336	-1	-1	-1
14	16	-4.10364	-1.90336	-1	-1	-1
14	16	-3.95364	-1.90336	-1	-1	-1
14	16	-3.80364	-1.90336	3931	3964.28	-1
14	16	-4.25364	-1.75336	-1	-1	-1
14	16	-4.10364	-1.75336	-1	-1	-1
14	16	-3.95364	-1.75336	3999	4033.97	-1
14	16	-3.80364	-1.75336	3846	3879.91	-1
14	16	-4.25364	-1.60336	-1	-1	-1
14	16	-4.10364	-1.60336	-1	-1	-1
14	16	-3.95364	-1.60336	-1	-1	-1
14	16	-3.80364	-1.60336	510	544.719	-1
14	16	-4.25364	-1.45336	-1	-1	-1
14	16	-4.10364	-1.45336	-1	-1	-1
14	16	-3.95364	-1.45336	-1	-1	-1
14	16	-3.80364	-1.45336	341	473.375	-1
15	16	7.50151	-2.18643	4875	4933.28	-1
15	16	7.65151	-2.18643	5006	5064.69	-1
15	16	7.80151	-2.18643	-1	-1	-1
15	16	7.95151	-2.18643	-1	-1	-1
15	16	7.50151	-2.03643	4700	4815.34	-1
15	16	7.65151	-2.03643	5118	5182.12	-1
15	16	7.80151	-2.03643	-1	-1	-1
15	16	7.95151	-2.03643	-1	-1	-1
15	16	7.50151	-1.88643	-1	-1	-1
15	16	7.65151	-1.88643	3887	3955.38	-1
15	16	7.80151	-1.88643	-1	-1	-1
15	16	7.95151	-1.88643	-1	-1	-1
15	16	7.50151	-1.73643	3498	3583.88	-1
15	16	7.65151	-1.73643	3641	3700.34	-1
15	16	7.80151	-1.73643	3761	3825.69	-1
15	16	7.95151	-1.73643	-1	-1	-1
16	16	7.17034	6.52286	-1	-1	-1
16	16	7.32034	6.52286	-1	-1	-1
16	16	7.47034	6.52286	-1	-1	-1
16	16	7.62034	6.52286	-1	-1	-1
16	16	7.17034	6.67286	4639	4709.59	-1
16	16	7.32034	6.67286	-1	-1	-1
16	16	7.47034	6.67286	-1	-1	-1
16	16	7.62034	6.67286	-1	-1	-1
16	16	7.17034	6.82286	4505	4574.91	-1
16	16	7.32034	6.82286	-1	-1	-1
16	16	7.47034	6.82286	-1	-1	-1
16	16	7.62034	6.82286	-1	-1	-1
16	16	7.17034	6.97286	3325	3448.41	-1
16	16	7.32034	6.97286	-1	-1	-1
16	16	7.47034	6.97286	-1	-1	-1
16	16	7.62034	6.97286	-1	-1	-1
17	16	-4.29748	-3.79363	-1	-1	-1
17	16	-4.14748	-3.79363	-1	-1	-1
17	16	-3.99748	-3.79363	-1	-1	-1
17	16	-3.84748	-3.79363	-1	-1	-1
17	16	-4.29748	-3.64363	-1	-1	-1
17	16	-4.14748	-3.64363	-1	-1	-1
17	16	-3.99748	-3.64363	3466	3508.5	-1
17	16	-3.84748	-3.64363	1407	1456.88	-1
17	16	-4.29748	-3.49363	-1	-1	-1
17	16	-4.14748	-3.49363	-1	-1	-1
17	16	-3.99748	-3.49363	-1	-1	-1
17	16	-3.84748	-3.49363	3385	3424.56	-1
17	16	-4.29748	-3.34363	2708	2749.22	-1
17	16	-4.14748	-3.34363	2796	2835.94	-1
17	16	-3.99748	-3.34363	-1	-1	-1
17	16	-3.84748	-3.34363	-1	-1	-1
18	16	1.75202	-6.55357	-1	-1	-1
18	16	1.90202	-6.55357	5092	5167.09	-1
18	16	2.05202	-6.55357	4958	5027.31	-1
18	16	2.20202	-6.55357	5078	5131.66	-1
18	16	1.75202	-6.40357	5109	5170.28	-1
18	16	1.90202	-6.40357	4979	5039.09	-1
18	16	2.05202	-6.40357	4857	4908.84	-1
18	16	2.20202	-6.40357	1588	1639.59	-1
18	16	1.75202	-6.25357	5219	5279.69	-1
18	16	1.90202	-6.25357	-1	-1	-1
18	16	2.05202	-6.25357	1472	1525.47	-1
18	16	2.20202	-6.25357	1360	1416.44	-1
18	16	1.75202	-6.10357	2316	2368.62	-1
18	16	1.90202	-6.10357	-1	-1	-1
18	16	2.05202	-6.10357	5279	5391.28	-1
18	16	2.20202	-6.10357	1247	1310.84	-1
19	16	-6.86832	6.69836	-1	-1	-1
19	16	-6.71832	6.69836	-1	-1	-1
19	16	-6.56832	6.69836	-1	-1	-1
19	16	-6.41832	6.69836	-1	-1	-1
19	16	-6.86832	6.84836	-1	-1	-1
19	16	-6.71832	6.84836	-1	-1	-1
19	16	-6.56832	6.84836	-1	-1	-1
19	16	-6.41832	6.84836	-1	-1	-1
19	16	-6.86832	6.99836	-1	-1	-1
19	16	-6.71832	6.99836	-1	-1	-1
19	16	-6.56832	6.99836	-1	-1	-1
19	16	-6.41832	6.99836	-1	-1	-1
19	16	-6.86832	7.14836	-1	-1	-1
19	16	-6.71832	7.14836	-1	-1	-1
19	16	-6.56832	7.14836	4419	4502.91	-1
19	16	-6.41832	7.14836	4667	4739.72	-1
20	16	-9.29325	1.59654	-1	-1	-1
20	16	-9.14325	1.59654	-1	-1	-1
20	16	-8.99325	1.59654	-1	-1	-1
20	16	-8.84325	1.59654	-1	-1	-1
20	16	-9.29325	1.74654	-1	-1	-1
20	16	-9.14325	1.74654	-1	-1	-1
20	16	-8.99325	1.74654	-1	-1	-1
20	16	-8.84325	1.74654	-1	-1	-1
20	16	-9.29325	1.89654	-1	-1	-1
20	16	-9.14325	1.89654	-1	-1	-1
20	16	-8.99325	1.89654	-1	-1	-1
20	16	-8.84325	1.89654	-1	-1	-1
20	16	-9.29325	2.04654	-1	-1	-1
20	16	-9.14325	2.04654	-1	-1	-1
20	16	-8.99325	2.04654	-1	-1	-1
20	16	-8.84325	2.04654	-1	-1	-1
21	16	-6.64991	1.56336	2894	2944	-1
21	16	-6.49991	1.56336	2696	2747.84	-1
21	16	-6.34991	1.56336	2795	2843.06	-1
21	16	-6.19991	1.56336	-1	-1	-1
21	16	-6.64991	1.71336	-1	-1	-1
21	16	-6.49991	1.71336	-1	-1	-1
21	16	-6.34991	1.71336	-1	-1	-1
21	16	-6.19991	1.71336	-1	-1	-1
21	16	-6.64991	1.86336	2447	2522.38	-1
21	16	-6.49991	1.86336	-1	-1	-1
21	16	-6.34991	1.86336	3810	3857.84	-1
21	16	-6.19991	1.86336	3903	3952.78	-1
21	16	-6.64991	2.01336	758	853.781	-1
21	16	-6.49991	2.01336	578	682.406	-1
21	16	-6.34991	2.01336	427	486.562	-1
21	16	-6.19991	2.01336	187	239.75	-1
0	256	8.48141	-0.271671	-1	-1	-1
0	256	7.8822	0.709095	-1	-1	-1
0	256	9.39375	9.38996	164	260.531	-1
0	256	-7.04737	1.08457	4081	4134.97	-1
0	256	3.87728	3.30693	5358	-1	-1
0	256	-3.09416	-4.36423	1511	1563.25	-1
0	256	-6.91542	-3.79743	459	518.781	-1
0	256	-9.69466	-2.39527	1217	1290.41	-1
0	256	2.57297	6.69645	-1	-1	-1
0	256	6.01391	-2.3056	-1	-1	-1
0	256	7.24797	-6.22743	3521	3644.53	-1
0	256	6.57621	-3.4453	3208	3317.84	-1
0	256	2.20997	-4.48987	501	540.406	-1
0	256	5.6186	3.6788	4539	4592.03	-1
0	256	3.0061	-3.66639	-1	-1	-1
0	256	-7.44859	-2.03939	4456	4511.78	-1
0	256	9.60796	0.82064	974	1049.16	-1
0	256	0.151558	-7.23332	2651	2764.94	-1
0	256	8.43424	-2.93041	-1	-1	-1
0	256	3.00941	-4.85384	1501	1560.75	-1
0	256	-2.28149	3.13149	139	170.156	-1
0	256	-4.17414	8.0511	-1	-1	-1
0	256	-5.85651	-7.48329	-1	-1	-1
0	256	-4.14161	2.54405	627	694.031	-1
0	256	-4.57713	-3.72172	-1	-1	-1
0	256	-3.47328	-4.19983	-1	-1	-1
0	256	-8.44936	-0.157939	-1	-1	-1
0	256	3.95592	7.22773	4764	4874.16	-1
0	256	-5.27712	-0.253397	2595	2637.84	-1
0	256	3.67177	-0.307886	1415	1446.41	-1
0	256	5.5516	-7.22445	-1	-1	-1
0	256	-4.87724	0.288616	2199	2240.53	-1
0	256	8.42511	4.15933	2901	2974	-1
0	256	9.47814	-0.0509336	3002	3070.34	-1
0	256	5.90812	-5.2027	-1	-1	-1
0	256	-3.87432	7.66215	-1	-1	-1
0	256	8.20561	-5.61361	-1	-1	-1
0	256	6.06233	-4.86206	5397	-1	-1
0	256	3.13572	6.34713	3147	3260.31	-1
0	256	-6.90719	-6.26918	-1	-1	-1
0	256	-3.54649	-5.68019	-1	-1	-1
0	256	-7.47362	-6.59332	-1	-1	-1
0	256	2.84318	5.46903	164	312.875	-1
0	256	-3.47542	-6.37144	-1	-1	-1
0	256	-8.31795	3.30344	-1	-1	-1
0	256	-6.46138	6.15172	-1	-1	-1
0	256	3.46718	5.05549	-1	-1	-1
0	256	1.99249	-8.39579	5318	5381	-1
0	256	-1.37626	-9.59698	-1	-1	-1
0	256	-2.40591	3.9867	81	121.312	-1
0	256	5.98667	4.47658	-1	-1	-1
0	256	-3.77016	-8.92982	-1	-1	-1
0	256	-5.5718	-0.468756	3665	3710.38	-1
0	256	6.60819	-3.98404	5258	5318.84	-1
0	256	-6.87817	5.81877	-1	-1	-1
0	256	-6.23625	6.77011	-1	-1	-1
0	256	-1.91486	7.48701	3530	3632.19	-1
0	256	-8.20459	-1.49654	-1	-1	-1
0	256	-3.92682	7.83424	-1	-1	-1
0	256	-9.60033	-2.13759	-1	-1	-1
0	256	1.23042	-6.53472	-1	-1	-1
0	256	0.525885	4.3535	-1	-1	-1
0	256	-0.264964	7.88578	-1	-1	-1
0	256	5.35233	-2.21016	-1	-1	-1
0	256	-9.79877	1.15961	1973	2057.97	-1
0	256	-2.31808	-6.0368	4088	4140.97	-1
0	256	5.28933	-5.49517	-1	-1	-1
0	256	6.85295	3.116	-1	-1	-1
0	256	-5.04788	-1.79763	2892	2932.53	-1
0	256	8.0926	4.6835	-1	-1	-1
0	256	-1.07767	7.11011	924	1020.75	-1
0	256	-4.48811	-7.78362	-1	-1	-1
0	256	-7.7392	-6.09397	-1	-1	-1
0	256	0.597119	8.46808	-1	-1	-1
0	256	-7.03666	0.204828	-1	-1	-1
0	256	2.4186	-2.51691	383	413.125	-1
0	256	-1.33753	2.87809	1170	1197.28	-1
0	256	2.4058	-2.15228	359	390.094	-1
0	256	7.56312	4.01885	2839	2900.88	-1
0	256	-5.98396	-2.97163	-1	-1	-1
0	256	1.62364	-7.63581	-1	-1	-1
0	256	0.264184	8.97916	-1	-1	-1
0	256	4.63171	-7.92348	-1	-1	-1
0	256	-2.25669	-8.82757	-1	-1	-1
0	256	-3.43318	-0.506376	853	887.188	-1
0	256	6.8484	3.96853	-1	-1	-1
0	256	-7.9008	2.08388	-1	-1	-1
0	256	-4.37207	3.57163	795	860.875	-1
0	256	-4.07314	6.66989	-1	-1	-1
0	256	-8.24129	0.870314	-1	-1	-1
0	256	-9.75079	-5.36752	657	737.375	-1
0	256	1.38186	-9.428	5166	5235.12	-1
0	256	3.1648	-1.55307	78	108.062	-1
0	256	-1.48276	6.88605	-1	-1	-1
0	256	1.4316	-9.80504	-1	-1	-1
0	256	-5.4999	6.87664	-1	-1	-1
0	256	-2.05533	-8.85131	1755	1836.78	-1
0	256	-2.64561	5.96243	1872	1926.88	-1
0	256	6.76712	-1.98395	-1	-1	-1
0	256	8.02993	2.76167	-1	-1	-1
0	256	3.81671	-0.64933	1582	1613.44	-1
0	256	8.41594	-2.59579	-1	-1	-1
0	256	2.95568	-3.20196	-1	-1	-1
0	256	-1.94001	-5.00369	1649	1773.97	-1
0	256	-4.51399	-7.91438	-1	-1	-1
0	256	5.49088	-7.34067	-1	-1	-1
0	256	2.28996	-2.37165	296	324.062	-1
0	256	-0.433046	5.43425	-1	-1	-1
0	256	2.74684	-9.31112	-1	-1	-1
0	256	-0.307749	-6.23896	-1	-1	-1
0	256	-6.51298	-6.07491	-1	-1	-1
0	256	-2.85913	-5.56109	3985	4035.06	-1
0	256	7.13	0.662381	3246	3298.19	-1
0	256	-7.87085	-5.01762	-1	-1	-1
0	256	2.4026	1.95976	977	1123.47	-1
0	256	-1.83349	5.54797	-1	-1	-1
0	256	-5.37999	7.99084	-1	-1	-1
0	256	-3.76308	5.19324	1384	1436.97	-1
0	256	3.27068	4.3747	-1	-1	-1
0	256	6.40032	7.67175	-1	-1	-1
0	256	5.60066	7.89424	-1	-1	-1
0	256	-7.26658	1.19493	4190	4262.44	-1
0	256	3.45856	-5.03635	5223	5270.22	-1
0	256	-4.161	-7.42135	-1	-1	-1
0	256	1.03064	-5.72718	-1	-1	-1
0	256	-1.14801	-5.87568	-1	-1	-1
0	256	-0.757293	1.5497	310	461.719	-1
0	256	-9.1125	3.80168	4173	4242.12	-1
0	256	-3.34734	-0.688859	3786	3907.22	-1
0	256	-1.23169	-8.3996	-1	-1	-1
0	256	2.54753	-2.79378	1148	1321.38	-1
0	256	-4.89316	-5.31984	-1	-1	-1
0	256	1.01816	-8.01401	-1	-1	-1
0	256	-5.01796	7.51578	1627	1696.59	-1
0	256	-1.55067	9.30027	-1	-1	-1
0	256	8.91502	-0.133763	-1	-1	-1
0	256	6.16609	-5.74907	-1	-1	-1
0	256	-2.3736	-8.46859	-1	-1	-1
0	256	3.74344	-6.75658	5334	-1	-1
0	256	4.28338	1.30051	-1	-1	-1
0	256	5.87986	-7.80766	-1	-1	-1
0	256	-8.27505	4.53818	2977	3047.72	-1
0	256	-3.54856	5.34037	1663	1719.53	-1
0	256	-8.11344	4.62601	-1	-1	-1
0	256	3.65179	9.2156	3287	3355.66	-1
0	256	-3.97969	5.10896	1282	1337.78	-1
0	256	2.34268	-6.22091	1070	1182.56	-1
0	256	-4.72738	-5.07554	1577	1629.62	-1
0	256	1.50579	-3.10905	106	232.938	-1
0	256	5.89295	-5.60702	-1	-1	-1
0	256	2.75317	-2.70644	1815	1857.84	-1
0	256	-5.73565	7.59719	2936	3053.06	-1
0	256	-3.60723	-7.41901	-1	-1	-1
0	256	-6.17758	-6.57424	-1	-1	-1
0	256	3.70739	6.10457	-1	-1	-1
0	256	-1.70056	4.23257	422	469.781	-1
0	256	6.95372	-6.16284	-1	-1	-1
0	256	-5.9385	-1.45121	-1	-1	-1
0	256	-3.92983	-1.3554	-1	-1	-1
0	256	1.88412	4.75294	2746	2872.75	-1
0	256	-5.03266	-6.8592	4132	4198.91	-1
0	256	-2.13852	-3.60159	-1	-1	-1
0	256	2.44387	6.43029	-1	-1	-1
0	256	-9.30465	3.30755	-1	-1	-1
0	256	1.10244	-7.47543	-1	-1	-1
0	256	-8.05889	4.30041	-1	-1	-1
0	256	-1.97556	-2.82018	2153	2189.38	-1
0	256	-2.21375	-6.41137	-1	-1	-1
0	256	8.34444	-1.35106	3919	3991.22	-1
0	256	4.18379	3.47919	2719	2762.88	-1
0	256	6.77151	-0.541477	3783	3844.84	-1
0	256	4.89528	5.98483	3407	3546.53	-1
0	256	-9.50316	-1.15094	2814	2886.62	-1
0	256	4.00185	6.11112	2580	2634.12	-1
0	256	-2.72271	5.42547	2641	2688.75	-1
0	256	1.53812	-8.67133	-1	-1	-1
0	256	-7.68201	1.45053	3084	3143.31	-1
0	256	-6.09239	-0.786309	-1	-1	-1
0	256	9.2365	-2.28768	-1	-1	-1
0	256	1.30333	9.00161	1144	1233.69	-1
0	256	-7.66328	-8.56511	-1	-1	-1
0	256	-6.77274	6.05946	5058	5132.84	-1
0	256	-1.14163	3.51169	-1	-1	-1
0	256	-5.08555	-3.36802	-1	-1	-1
0	256	-1.16688	-7.76539	-1	-1	-1
0	256	-1.42306	4.18121	-1	-1	-1
0	256	-7.03313	7.03222	-1	-1	-1
0	256	3.23659	2.98489	-1	-1	-1
0	256	2.88768	-5.45284	1586	1645.41	-1
0	256	-0.453257	6.4006	-1	-1	-1
0	256	6.70835	1.77163	-1	-1	-1
0	256	-9.52945	-2.34958	-1	-1	-1
0	256	-2.86558	9.42914	-1	-1	-1
0	256	-7.57785	6.87337	-1	-1	-1
0	256	9.19293	-2.73513	-1	-1	-1
0	256	-1.58048	-9.14177	-1	-1	-1
0	256	-5.21353	3.00512	2305	2357.88	-1
0	256	-7.50751	-5.57689	-1	-1	-1
0	256	-8.96454	1.24363	-1	-1	-1
0	256	5.63889	-4.74061	-1	-1	-1
0	256	-5.4904	-2.04292	-1	-1	-1
0	256	4.90839	2.38168	615	661	-1
0	256	-0.485966	8.19513	-1	-1	-1
0	256	7.09761	-4.13235	275	344.312	-1
0	256	0.285273	7.03743	-1	-1	-1
0	256	5.77411	-3.9686	-1	-1	-1
0	256	-5.29099	-4.11536	-1	-1	-1
0	256	-6.28375	-4.04717	5320	5374.44	-1
0	256	9.4091	1.35124	1333	1401.53	-1
0	256	-9.00344	-0.194634	1957	2032.84	-1
0	256	-4.26908	-7.68853	-1	-1	-1
0	256	-4.93307	-0.224641	-1	-1	-1
0	256	8.45831	0.466843	-1	-1	-1
0	256	-7.17266	-4.02283	-1	-1	-1
0	256	6.81829	-1.40455	1810	1902.03	-1
0	256	5.05016	2.41675	-1	-1	-1
0	256	-8.59458	-0.74123	-1	-1	-1
0	256	-2.30692	3.88994	-1	-1	-1
0	256	-1.65391	9.19111	-1	-1	-1
0	256	-7.93222	-4.59287	4273	4341.78	-1
0	256	-1.81313	6.16686	1901	1951.97	-1
0	256	-1.51551	-2.69653	5294	-1	-1
0	256	-4.65312	-3.56466	2616	2660.22	-1
0	256	4.4934	-0.10811	3515	3627.91	-1
0	256	1.44506	7.20867	-1	-1	-1
0	256	-7.46263	-3.201	-1	-1	-1
0	256	8.55977	-9.10669	-1	-1	-1
0	256	-3.38418	8.03587	-1	-1	-1
0	256	-1.2757	5.38915	-1	-1	-1
0	256	-2.53509	5.72691	-1	-1	-1
0	256	-3.50173	-8.88521	-1	-1	-1
0	256	8.8723	-3.54579	-1	-1	-1
0	256	-4.89194	2.99852	4372	4496.78	-1
0	256	2.21265	3.87882	56	93.5	-1
0	256	9.29518	1.07109	1939	2005.38	-1
0	256	2.95047	3.67427	-1	-1	-1
0	256	6.13832	7.16935	-1	-1	-1
0	256	-7.6059	-5.91632	1015	1085.69	-1
0	256	8.62064	4.72434	3117	3206.78	-1
0	256	6.29246	0.122787	-1	-1	-1
0	256	-1.22193	-6.11321	4202	4249.59	-1
0	256	-5.1829	4.81063	1838	1920.75	-1
0	256	4.88254	-2.10141	5368	-1	-1
0	256	-2.80625	-6.41201	2744	2858.53	-1
0	256	3.88209	-6.98521	-1	-1	-1
0	256	-6.4462	5.82353	4913	4980.03	-1
0	256	-7.40715	-3.71999	-1	-1	-1
0	256	5.6922	-5.52633	-1	-1	-1
0	256	-4.33114	7.31649	1277	1343.66	-1
0	256	-4.17075	-8.68071	-1	-1	-1
0	256	9.01781	-0.736468	-1	-1	-1
0	256	-5.0789	-1.97815	-1	-1	-1
0	256	5.01591	-7.39881	-1	-1	-1
0	256	3.75173	-3.73557	-1	-1	-1
0	256	-5.32241	-2.65947	-1	-1	-1
0	256	-4.39276	-1.5815	-1	-1	-1
