Pile ID	Distribution Type	X-Position	Y-Position	Pickup Time	Drop Off Time	Ant ID
1	1	4.4944	-9.75759	3105	3182.03	-1
1	1	4.6444	-9.75759	2940	3025.94	-1
1	1	4.7944	-9.75759	2609	2693.66	-1
1	1	4.9444	-9.75759	2771	2858.34	-1
1	1	5.0944	-9.75759	3265	3350.44	-1
1	1	5.2444	-9.75759	2770	2852.75	-1
1	1	5.3944	-9.75759	2485	2576.5	-1
1	1	5.5444	-9.75759	2416	2506.94	-1
1	1	5.6944	-9.75759	2237	2343.66	-1
1	1	5.8444	-9.75759	2226	2320.22	-1
1	1	5.9944	-9.75759	2046	2133.66	-1
1	1	6.1444	-9.75759	1862	1951.38	-1
1	1	6.2944	-9.75759	1701	1787.44	-1
1	1	6.4444	-9.75759	1673	1762.84	-1
1	1	6.5944	-9.75759	1483	1569.91	-1
1	1	6.7444	-9.75759	1209	1293	-1
1	1	4.4944	-9.60759	-1	-1	-1
1	1	4.6444	-9.60759	4090	4173.09	-1
1	1	4.7944	-9.60759	5239	5354.22	-1
1	1	4.9444	-9.60759	3260	3341.94	-1
1	1	5.0944	-9.60759	3445	3526.06	-1
1	1	5.2444	-9.60759	2929	3009.69	-1
1	1	5.3944	-9.60759	2596	2683.44	-1
1	1	5.5444	-9.60759	2671	2756.44	-1
1	1	5.6944	-9.60759	2299	2383.81	-1
1	1	5.8444	-9.60759	2425	2562.94	-1
1	1	5.9944	-9.60759	2652	2743.16	-1
1	1	6.1444	-9.60759	3672	3756.56	-1
1	1	6.2944	-9.60759	1905	1989.75	-1
1	1	6.4444	-9.60759	1856	1956.38	-1
1	1	6.5944	-9.60759	1885	1974.34	-1
1	1	6.7444	-9.60759	841	923.688	-1
1	1	4.4944	-9.45759	-1	-1	-1
1	1	4.6444	-9.45759	5399	-1	-1
1	1	4.7944	-9.45759	4688	4780.06	-1
1	1	4.9444	-9.45759	4496	4582.5	-1
1	1	5.0944	-9.45759	4238	4335.41	-1
1	1	5.2444	-9.45759	3608	3688.22	-1
1	1	5.3944	-9.45759	3635	3717.75	-1
1	1	5.5444	-9.45759	3095	3174.5	-1
1	1	5.6944	-9.45759	3446	3532.5	-1
1	1	5.8444	-9.45759	3776	3856.97	-1
1	1	5.9944	-9.45759	4107	4190.25	-1
1	1	6.1444	-9.45759	5177	5297.75	-1
1	1	6.2944	-9.45759	-1	-1	-1
1	1	6.4444	-9.45759	2045	2128.06	-1
1	1	6.5944	-9.45759	1180	1261.03	-1
1	1	6.7444	-9.45759	1001	1085.78	-1
1	1	4.4944	-9.30759	-1	-1	-1
1	1	4.6444	-9.30759	-1	-1	-1
1	1	4.7944	-9.30759	5031	5150.72	-1
1	1	4.9444	-9.30759	4874	4952.66	-1
1	1	5.0944	-9.30759	4959	5038.09	-1
1	1	5.2444	-9.30759	4069	4160.62	-1
1	1	5.3944	-9.30759	-1	-1	-1
1	1	5.5444	-9.30759	-1	-1	-1
1	1	5.6944	-9.30759	4289	4370.38	-1
1	1	5.8444	-9.30759	3941	4024.66	-1
1	1	5.9944	-9.30759	4508	4595.19	-1
1	1	6.1444	-9.30759	4962	5068.38	-1
1	1	6.2944	-9.30759	-1	-1	-1
1	1	6.4444	-9.30759	-1	-1	-1
1	1	6.5944	-9.30759	1346	1434.97	-1
1	1	6.7444	-9.30759	1513	1598.78	-1
1	1	4.4944	-9.15759	-1	-1	-1
1	1	4.6444	-9.15759	-1	-1	-1
1	1	4.7944	-9.15759	-1	-1	-1
1	1	4.9444	-9.15759	-1	-1	-1
1	1	5.0944	-9.15759	5312	-1	-1
1	1	5.2444	-9.15759	5133	5225.31	-1
1	1	5.3944	-9.15759	-1	-1	-1
1	1	5.5444	-9.15759	4684	4816.56	-1
1	1	5.6944	-9.15759	4457	4541.06	-1
1	1	5.8444	-9.15759	4316	4400.59	-1
1	1	5.9944	-9.15759	4633	4722.97	-1
1	1	6.1444	-9.15759	5158	5251.31	-1
1	1	6.2944	-9.15759	-1	-1	-1
1	1	6.4444	-9.15759	-1	-1	-1
1	1	6.5944	-9.15759	1685	1776.12	-1
1	1	6.7444	-9.15759	1680	1766.56	-1
1	1	4.4944	-9.00759	-1	-1	-1
1	1	4.6444	-9.00759	-1	-1	-1
1	1	4.7944	-9.00759	-1	-1	-1
1	1	4.9444	-9.00759	-1	-1	-1
1	1	5.0944	-9.00759	-1	-1	-1
1	1	5.2444	-9.00759	-1	-1	-1
1	1	5.3944	-9.00759	5122	5210.12	-1
1	1	5.5444	-9.00759	4904	5024.16	-1
1	1	5.6944	-9.00759	4501	4618.09	-1
1	1	5.8444	-9.00759	4766	4860.34	-1
1	1	5.9944	-9.00759	-1	-1	-1
1	1	6.1444	-9.00759	-1	-1	-1
1	1	6.2944	-9.00759	-1	-1	-1
1	1	6.4444	-9.00759	-1	-1	-1
1	1	6.5944	-9.00759	3834	3934	-1
1	1	6.7444	-9.00759	571	659.594	-1
1	1	4.4944	-8.85759	-1	-1	-1
1	1	4.6444	-8.85759	-1	-1	-1
1	1	4.7944	-8.85759	-1	-1	-1
1	1	4.9444	-8.85759	-1	-1	-1
1	1	5.0944	-8.85759	-1	-1	-1
1	1	5.2444	-8.85759	-1	-1	-1
1	1	5.3944	-8.85759	-1	-1	-1
1	1	5.5444	-8.85759	5298	5377.81	-1
1	1	5.6944	-8.85759	5139	5234.5	-1
1	1	5.8444	-8.85759	5344	-1	-1
1	1	5.9944	-8.85759	-1	-1	-1
1	1	6.1444	-8.85759	-1	-1	-1
1	1	6.2944	-8.85759	-1	-1	-1
1	1	6.4444	-8.85759	3663	3749.44	-1
1	1	6.5944	-8.85759	3488	3564.28	-1
1	1	6.7444	-8.85759	398	480.375	-1
1	1	4.4944	-8.70759	-1	-1	-1
1	1	4.6444	-8.70759	-1	-1	-1
1	1	4.7944	-8.70759	-1	-1	-1
1	1	4.9444	-8.70759	-1	-1	-1
1	1	5.0944	-8.70759	-1	-1	-1
1	1	5.2444	-8.70759	-1	-1	-1
1	1	5.3944	-8.70759	-1	-1	-1
1	1	5.5444	-8.70759	-1	-1	-1
1	1	5.6944	-8.70759	-1	-1	-1
1	1	5.8444	-8.70759	-1	-1	-1
1	1	5.9944	-8.70759	-1	-1	-1
1	1	6.1444	-8.70759	-1	-1	-1
1	1	6.2944	-8.70759	-1	-1	-1
1	1	6.4444	-8.70759	3883	4002.28	-1
1	1	6.5944	-8.70759	3278	3370.94	-1
1	1	6.7444	-8.70759	588	700.312	-1
1	1	4.4944	-8.55759	-1	-1	-1
1	1	4.6444	-8.55759	-1	-1	-1
1	1	4.7944	-8.55759	-1	-1	-1
1	1	4.9444	-8.55759	-1	-1	-1
1	1	5.0944	-8.55759	-1	-1	-1
1	1	5.2444	-8.55759	-1	-1	-1
1	1	5.3944	-8.55759	-1	-1	-1
1	1	5.5444	-8.55759	-1	-1	-1
1	1	5.6944	-8.55759	-1	-1	-1
1	1	5.8444	-8.55759	-1	-1	-1
1	1	5.9944	-8.55759	-1	-1	-1
1	1	6.1444	-8.55759	-1	-1	-1
1	1	6.2944	-8.55759	-1	-1	-1
1	1	6.4444	-8.55759	-1	-1	-1
1	1	6.5944	-8.55759	3705	3804.66	-1
1	1	6.7444	-8.55759	3901	4054.81	-1
1	1	4.4944	-8.40759	-1	-1	-1
1	1	4.6444	-8.40759	-1	-1	-1
1	1	4.7944	-8.40759	-1	-1	-1
1	1	4.9444	-8.40759	-1	-1	-1
1	1	5.0944	-8.40759	-1	-1	-1
1	1	5.2444	-8.40759	-1	-1	-1
1	1	5.3944	-8.40759	-1	-1	-1
1	1	5.5444	-8.40759	-1	-1	-1
1	1	5.6944	-8.40759	-1	-1	-1
1	1	5.8444	-8.40759	-1	-1	-1
1	1	5.9944	-8.40759	-1	-1	-1
1	1	6.1444	-8.40759	-1	-1	-1
1	1	6.2944	-8.40759	-1	-1	-1
1	1	6.4444	-8.40759	-1	-1	-1
1	1	6.5944	-8.40759	-1	-1	-1
1	1	6.7444	-8.40759	3930	4021.22	-1
1	1	4.4944	-8.25759	-1	-1	-1
1	1	4.6444	-8.25759	-1	-1	-1
1	1	4.7944	-8.25759	-1	-1	-1
1	1	4.9444	-8.25759	-1	-1	-1
1	1	5.0944	-8.25759	4863	4948.09	-1
1	1	5.2444	-8.25759	5028	5112.97	-1
1	1	5.3944	-8.25759	4193	4296.41	-1
1	1	5.5444	-8.25759	4373	4460.28	-1
1	1	5.6944	-8.25759	-1	-1	-1
1	1	5.8444	-8.25759	-1	-1	-1
1	1	5.9944	-8.25759	-1	-1	-1
1	1	6.1444	-8.25759	-1	-1	-1
1	1	6.2944	-8.25759	-1	-1	-1
1	1	6.4444	-8.25759	-1	-1	-1
1	1	6.5944	-8.25759	-1	-1	-1
1	1	6.7444	-8.25759	4125	4209.91	-1
1	1	4.4944	-8.10759	-1	-1	-1
1	1	4.6444	-8.10759	-1	-1	-1
1	1	4.7944	-8.10759	-1	-1	-1
1	1	4.9444	-8.10759	4510	4622	-1
1	1	5.0944	-8.10759	4369	4446.88	-1
1	1	5.2444	-8.10759	3846	3921.97	-1
1	1	5.3944	-8.10759	4002	4099.25	-1
1	1	5.5444	-8.10759	4178	4259.88	-1
1	1	5.6944	-8.10759	4503	4576.56	-1
1	1	5.8444	-8.10759	4881	4965.66	-1
1	1	5.9944	-8.10759	-1	-1	-1
1	1	6.1444	-8.10759	-1	-1	-1
1	1	6.2944	-8.10759	-1	-1	-1
1	1	6.4444	-8.10759	-1	-1	-1
1	1	6.5944	-8.10759	-1	-1	-1
1	1	6.7444	-8.10759	-1	-1	-1
1	1	4.4944	-7.95759	-1	-1	-1
1	1	4.6444	-7.95759	-1	-1	-1
1	1	4.7944	-7.95759	-1	-1	-1
1	1	4.9444	-7.95759	4203	4287.31	-1
1	1	5.0944	-7.95759	4071	4156.81	-1
1	1	5.2444	-7.95759	3674	3769.69	-1
1	1	5.3944	-7.95759	3477	3585.53	-1
1	1	5.5444	-7.95759	4049	4116.97	-1
1	1	5.6944	-7.95759	4328	4404.78	-1
1	1	5.8444	-7.95759	5039	5130.62	-1
1	1	5.9944	-7.95759	-1	-1	-1
1	1	6.1444	-7.95759	-1	-1	-1
1	1	6.2944	-7.95759	-1	-1	-1
1	1	6.4444	-7.95759	-1	-1	-1
1	1	6.5944	-7.95759	-1	-1	-1
1	1	6.7444	-7.95759	-1	-1	-1
1	1	4.4944	-7.80759	-1	-1	-1
1	1	4.6444	-7.80759	-1	-1	-1
1	1	4.7944	-7.80759	4893	4992.66	-1
1	1	4.9444	-7.80759	4683	4764.78	-1
1	1	5.0944	-7.80759	3857	3964.19	-1
1	1	5.2444	-7.80759	3327	3415.12	-1
1	1	5.3944	-7.80759	3146	3217.28	-1
1	1	5.5444	-7.80759	3299	3402.72	-1
1	1	5.6944	-7.80759	4000	4081.28	-1
1	1	5.8444	-7.80759	-1	-1	-1
1	1	5.9944	-7.80759	-1	-1	-1
1	1	6.1444	-7.80759	-1	-1	-1
1	1	6.2944	-7.80759	-1	-1	-1
1	1	6.4444	-7.80759	-1	-1	-1
1	1	6.5944	-7.80759	-1	-1	-1
1	1	6.7444	-7.80759	-1	-1	-1
1	1	4.4944	-7.65759	1988	2057.84	-1
1	1	4.6444	-7.65759	-1	-1	-1
1	1	4.7944	-7.65759	4853	4934.03	-1
1	1	4.9444	-7.65759	4722	4806.78	-1
1	1	5.0944	-7.65759	4318	4395.66	-1
1	1	5.2444	-7.65759	3166	3236.56	-1
1	1	5.3944	-7.65759	2987	3066.5	-1
1	1	5.5444	-7.65759	3500	3625.81	-1
1	1	5.6944	-7.65759	3689	3765.62	-1
1	1	5.8444	-7.65759	4152	4231.22	-1
1	1	5.9944	-7.65759	-1	-1	-1
1	1	6.1444	-7.65759	-1	-1	-1
1	1	6.2944	-7.65759	-1	-1	-1
1	1	6.4444	-7.65759	-1	-1	-1
1	1	6.5944	-7.65759	-1	-1	-1
1	1	6.7444	-7.65759	-1	-1	-1
1	1	4.4944	-7.50759	487	586.719	-1
1	1	4.6444	-7.50759	-1	-1	-1
1	1	4.7944	-7.50759	-1	-1	-1
1	1	4.9444	-7.50759	5015	5106.75	-1
1	1	5.0944	-7.50759	2852	2939.44	-1
1	1	5.2444	-7.50759	2711	2775.06	-1
1	1	5.3944	-7.50759	2843	2916.97	-1
1	1	5.5444	-7.50759	3493	3608.31	-1
1	1	5.6944	-7.50759	3834	3907.56	-1
1	1	5.8444	-7.50759	-1	-1	-1
1	1	5.9944	-7.50759	-1	-1	-1
1	1	6.1444	-7.50759	-1	-1	-1
1	1	6.2944	-7.50759	-1	-1	-1
1	1	6.4444	-7.50759	-1	-1	-1
1	1	6.5944	-7.50759	-1	-1	-1
1	1	6.7444	-7.50759	-1	-1	-1
2	4	4.43983	1.22517	813	922.969	-1
2	4	4.58983	1.22517	968	1009.06	-1
2	4	4.73983	1.22517	-1	-1	-1
2	4	4.88983	1.22517	-1	-1	-1
2	4	5.03983	1.22517	-1	-1	-1
2	4	5.18983	1.22517	-1	-1	-1
2	4	5.33983	1.22517	-1	-1	-1
2	4	5.48983	1.22517	-1	-1	-1
2	4	4.43983	1.37517	1047	1091.06	-1
2	4	4.58983	1.37517	3706	3773.53	-1
2	4	4.73983	1.37517	-1	-1	-1
2	4	4.88983	1.37517	-1	-1	-1
2	4	5.03983	1.37517	-1	-1	-1
2	4	5.18983	1.37517	-1	-1	-1
2	4	5.33983	1.37517	-1	-1	-1
2	4	5.48983	1.37517	-1	-1	-1
2	4	4.43983	1.52517	3352	3467.81	-1
2	4	4.58983	1.52517	3588	3655.53	-1
2	4	4.73983	1.52517	-1	-1	-1
2	4	4.88983	1.52517	-1	-1	-1
2	4	5.03983	1.52517	-1	-1	-1
2	4	5.18983	1.52517	-1	-1	-1
2	4	5.33983	1.52517	-1	-1	-1
2	4	5.48983	1.52517	-1	-1	-1
2	4	4.43983	1.67517	3509	3547.84	-1
2	4	4.58983	1.67517	3691	3732.78	-1
2	4	4.73983	1.67517	-1	-1	-1
2	4	4.88983	1.67517	-1	-1	-1
2	4	5.03983	1.67517	-1	-1	-1
2	4	5.18983	1.67517	-1	-1	-1
2	4	5.33983	1.67517	-1	-1	-1
2	4	5.48983	1.67517	-1	-1	-1
2	4	4.43983	1.82517	3596	3644.88	-1
2	4	4.58983	1.82517	-1	-1	-1
2	4	4.73983	1.82517	-1	-1	-1
2	4	4.88983	1.82517	-1	-1	-1
2	4	5.03983	1.82517	-1	-1	-1
2	4	5.18983	1.82517	-1	-1	-1
2	4	5.33983	1.82517	-1	-1	-1
2	4	5.48983	1.82517	-1	-1	-1
2	4	4.43983	1.97517	3928	4046.91	-1
2	4	4.58983	1.97517	-1	-1	-1
2	4	4.73983	1.97517	-1	-1	-1
2	4	4.88983	1.97517	-1	-1	-1
2	4	5.03983	1.97517	-1	-1	-1
2	4	5.18983	1.97517	-1	-1	-1
2	4	5.33983	1.97517	-1	-1	-1
2	4	5.48983	1.97517	-1	-1	-1
2	4	4.43983	2.12517	4081	4123.69	-1
2	4	4.58983	2.12517	4107	4148.31	-1
2	4	4.73983	2.12517	-1	-1	-1
2	4	4.88983	2.12517	-1	-1	-1
2	4	5.03983	2.12517	-1	-1	-1
2	4	5.18983	2.12517	-1	-1	-1
2	4	5.33983	2.12517	-1	-1	-1
2	4	5.48983	2.12517	-1	-1	-1
2	4	4.43983	2.27517	4188	4231.22	-1
2	4	4.58983	2.27517	-1	-1	-1
2	4	4.73983	2.27517	-1	-1	-1
2	4	4.88983	2.27517	-1	-1	-1
2	4	5.03983	2.27517	-1	-1	-1
2	4	5.18983	2.27517	-1	-1	-1
2	4	5.33983	2.27517	-1	-1	-1
2	4	5.48983	2.27517	-1	-1	-1
3	4	8.10156	-2.88521	-1	-1	-1
3	4	8.25156	-2.88521	-1	-1	-1
3	4	8.40156	-2.88521	-1	-1	-1
3	4	8.55156	-2.88521	-1	-1	-1
3	4	8.70156	-2.88521	-1	-1	-1
3	4	8.85156	-2.88521	-1	-1	-1
3	4	9.00156	-2.88521	-1	-1	-1
3	4	9.15156	-2.88521	-1	-1	-1
3	4	8.10156	-2.73521	-1	-1	-1
3	4	8.25156	-2.73521	-1	-1	-1
3	4	8.40156	-2.73521	-1	-1	-1
3	4	8.55156	-2.73521	-1	-1	-1
3	4	8.70156	-2.73521	-1	-1	-1
3	4	8.85156	-2.73521	-1	-1	-1
3	4	9.00156	-2.73521	-1	-1	-1
3	4	9.15156	-2.73521	-1	-1	-1
3	4	8.10156	-2.58521	-1	-1	-1
3	4	8.25156	-2.58521	-1	-1	-1
3	4	8.40156	-2.58521	-1	-1	-1
3	4	8.55156	-2.58521	-1	-1	-1
3	4	8.70156	-2.58521	-1	-1	-1
3	4	8.85156	-2.58521	-1	-1	-1
3	4	9.00156	-2.58521	-1	-1	-1
3	4	9.15156	-2.58521	-1	-1	-1
3	4	8.10156	-2.43521	-1	-1	-1
3	4	8.25156	-2.43521	-1	-1	-1
3	4	8.40156	-2.43521	-1	-1	-1
3	4	8.55156	-2.43521	-1	-1	-1
3	4	8.70156	-2.43521	-1	-1	-1
3	4	8.85156	-2.43521	-1	-1	-1
3	4	9.00156	-2.43521	-1	-1	-1
3	4	9.15156	-2.43521	-1	-1	-1
3	4	8.10156	-2.28521	-1	-1	-1
3	4	8.25156	-2.28521	-1	-1	-1
3	4	8.40156	-2.28521	-1	-1	-1
3	4	8.55156	-2.28521	-1	-1	-1
3	4	8.70156	-2.28521	-1	-1	-1
3	4	8.85156	-2.28521	-1	-1	-1
3	4	9.00156	-2.28521	-1	-1	-1
3	4	9.15156	-2.28521	-1	-1	-1
3	4	8.10156	-2.13521	-1	-1	-1
3	4	8.25156	-2.13521	-1	-1	-1
3	4	8.40156	-2.13521	-1	-1	-1
3	4	8.55156	-2.13521	-1	-1	-1
3	4	8.70156	-2.13521	-1	-1	-1
3	4	8.85156	-2.13521	-1	-1	-1
3	4	9.00156	-2.13521	-1	-1	-1
3	4	9.15156	-2.13521	-1	-1	-1
3	4	8.10156	-1.98521	5076	5144.66	-1
3	4	8.25156	-1.98521	5210	5271.31	-1
3	4	8.40156	-1.98521	-1	-1	-1
3	4	8.55156	-1.98521	-1	-1	-1
3	4	8.70156	-1.98521	-1	-1	-1
3	4	8.85156	-1.98521	-1	-1	-1
3	4	9.00156	-1.98521	-1	-1	-1
3	4	9.15156	-1.98521	-1	-1	-1
3	4	8.10156	-1.83521	4944	5006.09	-1
3	4	8.25156	-1.83521	5328	5399.31	-1
3	4	8.40156	-1.83521	5346	-1	-1
3	4	8.55156	-1.83521	-1	-1	-1
3	4	8.70156	-1.83521	-1	-1	-1
3	4	8.85156	-1.83521	-1	-1	-1
3	4	9.00156	-1.83521	-1	-1	-1
3	4	9.15156	-1.83521	-1	-1	-1
4	4	4.34	-0.113879	1424	1470.81	-1
4	4	4.49	-0.113879	2613	2657.97	-1
4	4	4.64	-0.113879	2700	2747.69	-1
4	4	4.79	-0.113879	2835	2874.09	-1
4	4	4.94	-0.113879	3357	3415.69	-1
4	4	5.09	-0.113879	3624	3667.44	-1
4	4	5.24	-0.113879	3425	3480.16	-1
4	4	5.39	-0.113879	3604	3645.91	-1
4	4	4.34	0.036121	1416	1459.06	-1
4	4	4.49	0.036121	1714	1763.47	-1
4	4	4.64	0.036121	1820	1866.16	-1
4	4	4.79	0.036121	2747	2795	-1
4	4	4.94	0.036121	2559	2602	-1
4	4	5.09	0.036121	2649	2701.12	-1
4	4	5.24	0.036121	3185	3297.62	-1
4	4	5.39	0.036121	3515	3562.16	-1
4	4	4.34	0.186121	1265	1379.03	-1
4	4	4.49	0.186121	1510	1545.25	-1
4	4	4.64	0.186121	1669	1710.53	-1
4	4	4.79	0.186121	1898	1968.06	-1
4	4	4.94	0.186121	2015	2063.56	-1
4	4	5.09	0.186121	2256	2309.09	-1
4	4	5.24	0.186121	3334	3377.81	-1
4	4	5.39	0.186121	-1	-1	-1
4	4	4.34	0.336121	1579	1631.03	-1
4	4	4.49	0.336121	1611	1701.19	-1
4	4	4.64	0.336121	1748	1806	-1
4	4	4.79	0.336121	1853	1900.69	-1
4	4	4.94	0.336121	2100	2156	-1
4	4	5.09	0.336121	2141	2184	-1
4	4	5.24	0.336121	2606	2653.41	-1
4	4	5.39	0.336121	2473	2548.41	-1
4	4	4.34	0.486121	1698	1753.38	-1
4	4	4.49	0.486121	1798	1845.41	-1
4	4	4.64	0.486121	1938	2007.12	-1
4	4	4.79	0.486121	2028	2072.69	-1
4	4	4.94	0.486121	2120	2168.31	-1
4	4	5.09	0.486121	2217	2299.81	-1
4	4	5.24	0.486121	2342	2408.78	-1
4	4	5.39	0.486121	2383	2474.94	-1
4	4	4.34	0.636121	1568	1614.06	-1
4	4	4.49	0.636121	1781	1824.06	-1
4	4	4.64	0.636121	2357	2419.53	-1
4	4	4.79	0.636121	2204	2251.19	-1
4	4	4.94	0.636121	2302	2350.28	-1
4	4	5.09	0.636121	2244	2291.97	-1
4	4	5.24	0.636121	2323	2369.91	-1
4	4	5.39	0.636121	-1	-1	-1
4	4	4.34	0.786121	1548	1651.78	-1
4	4	4.49	0.786121	1673	1731.47	-1
4	4	4.64	0.786121	-1	-1	-1
4	4	4.79	0.786121	2394	2449.91	-1
4	4	4.94	0.786121	2466	2539.53	-1
4	4	5.09	0.786121	2426	2497.91	-1
4	4	5.24	0.786121	-1	-1	-1
4	4	5.39	0.786121	-1	-1	-1
4	4	4.34	0.936121	1475	1511	-1
4	4	4.49	0.936121	-1	-1	-1
4	4	4.64	0.936121	-1	-1	-1
4	4	4.79	0.936121	-1	-1	-1
4	4	4.94	0.936121	-1	-1	-1
4	4	5.09	0.936121	2507	2556.03	-1
4	4	5.24	0.936121	2741	2781.62	-1
4	4	5.39	0.936121	-1	-1	-1
5	4	-4.8824	3.4023	599	656.344	-1
5	4	-4.7324	3.4023	488	549.438	-1
5	4	-4.5824	3.4023	401	448.062	-1
5	4	-4.4324	3.4023	311	357.031	-1
5	4	-4.2824	3.4023	141	291.406	-1
5	4	-4.1324	3.4023	68	121.125	-1
5	4	-3.9824	3.4023	286	330.938	-1
5	4	-3.8324	3.4023	303	347.812	-1
5	4	-4.8824	3.5523	-1	-1	-1
5	4	-4.7324	3.5523	872	932.281	-1
5	4	-4.5824	3.5523	626	714.594	-1
5	4	-4.4324	3.5523	507	559.531	-1
5	4	-4.2824	3.5523	337	382.938	-1
5	4	-4.1324	3.5523	166	243.219	-1
5	4	-3.9824	3.5523	536	579.438	-1
5	4	-3.8324	3.5523	1171	1214.19	-1
5	4	-4.8824	3.7023	1448	1494.5	-1
5	4	-4.7324	3.7023	973	1024.66	-1
5	4	-4.5824	3.7023	768	820.125	-1
5	4	-4.4324	3.7023	613	661.5	-1
5	4	-4.2824	3.7023	711	757.312	-1
5	4	-4.1324	3.7023	1078	1123.44	-1
5	4	-3.9824	3.7023	-1	-1	-1
5	4	-3.8324	3.7023	-1	-1	-1
5	4	-4.8824	3.8523	-1	-1	-1
5	4	-4.7324	3.8523	1226	1278.09	-1
5	4	-4.5824	3.8523	1044	1178.09	-1
5	4	-4.4324	3.8523	-1	-1	-1
5	4	-4.2824	3.8523	-1	-1	-1
5	4	-4.1324	3.8523	-1	-1	-1
5	4	-3.9824	3.8523	-1	-1	-1
5	4	-3.8324	3.8523	-1	-1	-1
5	4	-4.8824	4.0023	-1	-1	-1
5	4	-4.7324	4.0023	-1	-1	-1
5	4	-4.5824	4.0023	1248	1296.06	-1
5	4	-4.4324	4.0023	1345	1396.66	-1
5	4	-4.2824	4.0023	-1	-1	-1
5	4	-4.1324	4.0023	-1	-1	-1
5	4	-3.9824	4.0023	-1	-1	-1
5	4	-3.8324	4.0023	-1	-1	-1
5	4	-4.8824	4.1523	-1	-1	-1
5	4	-4.7324	4.1523	-1	-1	-1
5	4	-4.5824	4.1523	-1	-1	-1
5	4	-4.4324	4.1523	-1	-1	-1
5	4	-4.2824	4.1523	-1	-1	-1
5	4	-4.1324	4.1523	-1	-1	-1
5	4	-3.9824	4.1523	-1	-1	-1
5	4	-3.8324	4.1523	-1	-1	-1
5	4	-4.8824	4.3023	-1	-1	-1
5	4	-4.7324	4.3023	-1	-1	-1
5	4	-4.5824	4.3023	-1	-1	-1
5	4	-4.4324	4.3023	-1	-1	-1
5	4	-4.2824	4.3023	-1	-1	-1
5	4	-4.1324	4.3023	-1	-1	-1
5	4	-3.9824	4.3023	-1	-1	-1
5	4	-3.8324	4.3023	-1	-1	-1
5	4	-4.8824	4.4523	-1	-1	-1
5	4	-4.7324	4.4523	-1	-1	-1
5	4	-4.5824	4.4523	-1	-1	-1
5	4	-4.4324	4.4523	-1	-1	-1
5	4	-4.2824	4.4523	-1	-1	-1
5	4	-4.1324	4.4523	-1	-1	-1
5	4	-3.9824	4.4523	-1	-1	-1
5	4	-3.8324	4.4523	-1	-1	-1
6	16	-4.7026	-5.73372	-1	-1	-1
6	16	-4.5526	-5.73372	-1	-1	-1
6	16	-4.4026	-5.73372	-1	-1	-1
6	16	-4.2526	-5.73372	-1	-1	-1
6	16	-4.7026	-5.58372	-1	-1	-1
6	16	-4.5526	-5.58372	-1	-1	-1
6	16	-4.4026	-5.58372	-1	-1	-1
6	16	-4.2526	-5.58372	-1	-1	-1
6	16	-4.7026	-5.43372	-1	-1	-1
6	16	-4.5526	-5.43372	-1	-1	-1
6	16	-4.4026	-5.43372	-1	-1	-1
6	16	-4.2526	-5.43372	-1	-1	-1
6	16	-4.7026	-5.28372	-1	-1	-1
6	16	-4.5526	-5.28372	-1	-1	-1
6	16	-4.4026	-5.28372	-1	-1	-1
6	16	-4.2526	-5.28372	-1	-1	-1
7	16	-0.833506	7.78429	2805	2901.06	-1
7	16	-0.683506	7.78429	-1	-1	-1
7	16	-0.533506	7.78429	-1	-1	-1
7	16	-0.383506	7.78429	-1	-1	-1
7	16	-0.833506	7.93429	-1	-1	-1
7	16	-0.683506	7.93429	-1	-1	-1
7	16	-0.533506	7.93429	-1	-1	-1
7	16	-0.383506	7.93429	-1	-1	-1
7	16	-0.833506	8.08429	-1	-1	-1
7	16	-0.683506	8.08429	-1	-1	-1
7	16	-0.533506	8.08429	-1	-1	-1
7	16	-0.383506	8.08429	-1	-1	-1
7	16	-0.833506	8.23429	-1	-1	-1
7	16	-0.683506	8.23429	-1	-1	-1
7	16	-0.533506	8.23429	-1	-1	-1
7	16	-0.383506	8.23429	-1	-1	-1
8	16	-0.186005	7.33235	-1	-1	-1
8	16	-0.036005	7.33235	-1	-1	-1
8	16	0.113995	7.33235	263	321	-1
8	16	0.263995	7.33235	151	207	-1
8	16	-0.186005	7.48235	-1	-1	-1
8	16	-0.036005	7.48235	-1	-1	-1
8	16	0.113995	7.48235	-1	-1	-1
8	16	0.263995	7.48235	-1	-1	-1
8	16	-0.186005	7.63235	-1	-1	-1
8	16	-0.036005	7.63235	-1	-1	-1
8	16	0.113995	7.63235	-1	-1	-1
8	16	0.263995	7.63235	-1	-1	-1
8	16	-0.186005	7.78235	-1	-1	-1
8	16	-0.036005	7.78235	-1	-1	-1
8	16	0.113995	7.78235	-1	-1	-1
8	16	0.263995	7.78235	-1	-1	-1
9	16	-3.96199	-7.78597	-1	-1	-1
9	16	-3.81199	-7.78597	-1	-1	-1
9	16	-3.66199	-7.78597	-1	-1	-1
9	16	-3.51199	-7.78597	-1	-1	-1
9	16	-3.96199	-7.63597	-1	-1	-1
9	16	-3.81199	-7.63597	-1	-1	-1
9	16	-3.66199	-7.63597	-1	-1	-1
9	16	-3.51199	-7.63597	-1	-1	-1
9	16	-3.96199	-7.48597	-1	-1	-1
9	16	-3.81199	-7.48597	-1	-1	-1
9	16	-3.66199	-7.48597	-1	-1	-1
9	16	-3.51199	-7.48597	-1	-1	-1
9	16	-3.96199	-7.33597	-1	-1	-1
9	16	-3.81199	-7.33597	-1	-1	-1
9	16	-3.66199	-7.33597	-1	-1	-1
9	16	-3.51199	-7.33597	-1	-1	-1
10	16	-9.76918	1.51011	-1	-1	-1
10	16	-9.61918	1.51011	-1	-1	-1
10	16	-9.46918	1.51011	-1	-1	-1
10	16	-9.31918	1.51011	-1	-1	-1
10	16	-9.76918	1.66011	-1	-1	-1
10	16	-9.61918	1.66011	-1	-1	-1
10	16	-9.46918	1.66011	-1	-1	-1
10	16	-9.31918	1.66011	-1	-1	-1
10	16	-9.76918	1.81011	-1	-1	-1
10	16	-9.61918	1.81011	-1	-1	-1
10	16	-9.46918	1.81011	-1	-1	-1
10	16	-9.31918	1.81011	-1	-1	-1
10	16	-9.76918	1.96011	-1	-1	-1
10	16	-9.61918	1.96011	-1	-1	-1
10	16	-9.46918	1.96011	-1	-1	-1
10	16	-9.31918	1.96011	-1	-1	-1
11	16	4.90528	-0.997862	-1	-1	-1
11	16	5.05528	-0.997862	-1	-1	-1
11	16	5.20528	-0.997862	-1	-1	-1
11	16	5.35528	-0.997862	-1	-1	-1
11	16	4.90528	-0.847862	-1	-1	-1
11	16	5.05528	-0.847862	-1	-1	-1
11	16	5.20528	-0.847862	-1	-1	-1
11	16	5.35528	-0.847862	-1	-1	-1
11	16	4.90528	-0.697862	-1	-1	-1
11	16	5.05528	-0.697862	-1	-1	-1
11	16	5.20528	-0.697862	-1	-1	-1
11	16	5.35528	-0.697862	-1	-1	-1
11	16	4.90528	-0.547862	-1	-1	-1
11	16	5.05528	-0.547862	-1	-1	-1
11	16	5.20528	-0.547862	-1	-1	-1
11	16	5.35528	-0.547862	-1	-1	-1
12	16	1.06343	-9.62865	-1	-1	-1
12	16	1.21343	-9.62865	-1	-1	-1
12	16	1.36343	-9.62865	1477	1547.84	-1
12	16	1.51343	-9.62865	1197	1270.78	-1
12	16	1.06343	-9.47865	-1	-1	-1
12	16	1.21343	-9.47865	-1	-1	-1
12	16	1.36343	-9.47865	-1	-1	-1
12	16	1.51343	-9.47865	1323	1397.22	-1
12	16	1.06343	-9.32865	-1	-1	-1
12	16	1.21343	-9.32865	-1	-1	-1
12	16	1.36343	-9.32865	-1	-1	-1
12	16	1.51343	-9.32865	-1	-1	-1
12	16	1.06343	-9.17865	-1	-1	-1
12	16	1.21343	-9.17865	-1	-1	-1
12	16	1.36343	-9.17865	-1	-1	-1
12	16	1.51343	-9.17865	-1	-1	-1
13	16	-3.90575	8.27918	-1	-1	-1
13	16	-3.75575	8.27918	-1	-1	-1
13	16	-3.60575	8.27918	-1	-1	-1
13	16	-3.45575	8.27918	-1	-1	-1
13	16	-3.90575	8.42918	-1	-1	-1
13	16	-3.75575	8.42918	-1	-1	-1
13	16	-3.60575	8.42918	-1	-1	-1
13	16	-3.45575	8.42918	-1	-1	-1
13	16	-3.90575	8.57918	-1	-1	-1
13	16	-3.75575	8.57918	3312	3384	-1
13	16	-3.60575	8.57918	3040	3112.41	-1
13	16	-3.45575	8.57918	-1	-1	-1
13	16	-3.90575	8.72918	-1	-1	-1
13	16	-3.75575	8.72918	3178	3246.94	-1
13	16	-3.60575	8.72918	2896	2967.28	-1
13	16	-3.45575	8.72918	-1	-1	-1
14	16	0.479147	-5.89216	-1	-1	-1
14	16	0.629147	-5.89216	-1	-1	-1
14	16	0.779147	-5.89216	-1	-1	-1
14	16	0.929147	-5.89216	-1	-1	-1
14	16	0.479147	-5.74216	-1	-1	-1
14	16	0.629147	-5.74216	-1	-1	-1
14	16	0.779147	-5.74216	-1	-1	-1
14	16	0.929147	-5.74216	2781	2826.53	-1
14	16	0.479147	-5.59216	-1	-1	-1
14	16	0.629147	-5.59216	-1	-1	-1
14	16	0.779147	-5.59216	-1	-1	-1
14	16	0.929147	-5.59216	2874	2926.31	-1
14	16	0.479147	-5.44216	-1	-1	-1
14	16	0.629147	-5.44216	-1	-1	-1
14	16	0.779147	-5.44216	-1	-1	-1
14	16	0.929147	-5.44216	2974	3017.19	-1
15	16	-1.38948	3.66068	-1	-1	-1
15	16	-1.23948	3.66068	-1	-1	-1
15	16	-1.08948	3.66068	3766	3798.81	-1
15	16	-0.939476	3.66068	73	118.094	-1
15	16	-1.38948	3.81068	-1	-1	-1
15	16	-1.23948	3.81068	-1	-1	-1
15	16	-1.08948	3.81068	-1	-1	-1
15	16	-0.939476	3.81068	-1	-1	-1
15	16	-1.38948	3.96068	-1	-1	-1
15	16	-1.23948	3.96068	-1	-1	-1
15	16	-1.08948	3.96068	-1	-1	-1
15	16	-0.939476	3.96068	-1	-1	-1
15	16	-1.38948	4.11068	-1	-1	-1
15	16	-1.23948	4.11068	-1	-1	-1
15	16	-1.08948	4.11068	-1	-1	-1
15	16	-0.939476	4.11068	-1	-1	-1
16	16	6.28389	-6.09984	4568	4636.47	-1
16	16	6.43389	-6.09984	-1	-1	-1
16	16	6.58389	-6.09984	-1	-1	-1
16	16	6.73389	-6.09984	-1	-1	-1
16	16	6.28389	-5.94984	-1	-1	-1
16	16	6.43389	-5.94984	-1	-1	-1
16	16	6.58389	-5.94984	-1	-1	-1
16	16	6.73389	-5.94984	-1	-1	-1
16	16	6.28389	-5.79984	-1	-1	-1
16	16	6.43389	-5.79984	-1	-1	-1
16	16	6.58389	-5.79984	-1	-1	-1
16	16	6.73389	-5.79984	-1	-1	-1
16	16	6.28389	-5.64984	-1	-1	-1
16	16	6.43389	-5.64984	-1	-1	-1
16	16	6.58389	-5.64984	-1	-1	-1
16	16	6.73389	-5.64984	-1	-1	-1
17	16	-5.84691	-3.4118	3241	3290.78	-1
17	16	-5.69691	-3.4118	1664	1711.81	-1
17	16	-5.54691	-3.4118	1010	1058.88	-1
17	16	-5.39691	-3.4118	822	954.188	-1
17	16	-5.84691	-3.2618	3139	3188.5	-1
17	16	-5.69691	-3.2618	1578	1642.69	-1
17	16	-5.54691	-3.2618	1118	1168.38	-1
17	16	-5.39691	-3.2618	1105	1151.75	-1
17	16	-5.84691	-3.1118	1431	1489.09	-1
17	16	-5.69691	-3.1118	1241	1307.28	-1
17	16	-5.54691	-3.1118	1206	1260.38	-1
17	16	-5.39691	-3.1118	1313	1361.25	-1
17	16	-5.84691	-2.9618	1540	1605.44	-1
17	16	-5.69691	-2.9618	1465	1518.97	-1
17	16	-5.54691	-2.9618	1357	1416.5	-1
17	16	-5.39691	-2.9618	-1	-1	-1
18	16	0.289758	-4.77334	-1	-1	-1
18	16	0.439758	-4.77334	-1	-1	-1
18	16	0.589758	-4.77334	-1	-1	-1
18	16	0.739758	-4.77334	-1	-1	-1
18	16	0.289758	-4.62334	-1	-1	-1
18	16	0.439758	-4.62334	-1	-1	-1
18	16	0.589758	-4.62334	-1	-1	-1
18	16	0.739758	-4.62334	-1	-1	-1
18	16	0.289758	-4.47334	-1	-1	-1
18	16	0.439758	-4.47334	3773	3813.91	-1
18	16	0.589758	-4.47334	2106	2144.88	-1
18	16	0.739758	-4.47334	2180	2214.25	-1
18	16	0.289758	-4.32334	-1	-1	-1
18	16	0.439758	-4.32334	115	163.188	-1
18	16	0.589758	-4.32334	36	74.4062	-1
18	16	0.739758	-4.32334	148	187.156	-1
19	16	-8.50218	-1.60482	-1	-1	-1
19	16	-8.35218	-1.60482	-1	-1	-1
19	16	-8.20218	-1.60482	-1	-1	-1
19	16	-8.05218	-1.60482	-1	-1	-1
19	16	-8.50218	-1.45482	-1	-1	-1
19	16	-8.35218	-1.45482	-1	-1	-1
19	16	-8.20218	-1.45482	-1	-1	-1
19	16	-8.05218	-1.45482	-1	-1	-1
19	16	-8.50218	-1.30482	-1	-1	-1
19	16	-8.35218	-1.30482	-1	-1	-1
19	16	-8.20218	-1.30482	-1	-1	-1
19	16	-8.05218	-1.30482	-1	-1	-1
19	16	-8.50218	-1.15482	-1	-1	-1
19	16	-8.35218	-1.15482	-1	-1	-1
19	16	-8.20218	-1.15482	-1	-1	-1
19	16	-8.05218	-1.15482	-1	-1	-1
20	16	-2.38153	-5.90667	-1	-1	-1
20	16	-2.23153	-5.90667	-1	-1	-1
20	16	-2.08153	-5.90667	-1	-1	-1
20	16	-1.93153	-5.90667	-1	-1	-1
20	16	-2.38153	-5.75667	-1	-1	-1
20	16	-2.23153	-5.75667	-1	-1	-1
20	16	-2.08153	-5.75667	-1	-1	-1
20	16	-1.93153	-5.75667	-1	-1	-1
20	16	-2.38153	-5.60667	-1	-1	-1
20	16	-2.23153	-5.60667	-1	-1	-1
20	16	-2.08153	-5.60667	-1	-1	-1
20	16	-1.93153	-5.60667	-1	-1	-1
20	16	-2.38153	-5.45667	-1	-1	-1
20	16	-2.23153	-5.45667	480	590.531	-1
20	16	-2.08153	-5.45667	-1	-1	-1
20	16	-1.93153	-5.45667	-1	-1	-1
21	16	2.64966	-2.45511	-1	-1	-1
21	16	2.79966	-2.45511	-1	-1	-1
21	16	2.94966	-2.45511	-1	-1	-1
21	16	3.09966	-2.45511	-1	-1	-1
21	16	2.64966	-2.30511	-1	-1	-1
21	16	2.79966	-2.30511	-1	-1	-1
21	16	2.94966	-2.30511	-1	-1	-1
21	16	3.09966	-2.30511	-1	-1	-1
21	16	2.64966	-2.15511	-1	-1	-1
21	16	2.79966	-2.15511	-1	-1	-1
21	16	2.94966	-2.15511	-1	-1	-1
21	16	3.09966	-2.15511	-1	-1	-1
21	16	2.64966	-2.00511	-1	-1	-1
21	16	2.79966	-2.00511	2945	2976.28	-1
21	16	2.94966	-2.00511	2483	2519.84	-1
21	16	3.09966	-2.00511	-1	-1	-1
0	256	-7.3587	-3.20416	-1	-1	-1
0	256	1.67769	5.06525	-1	-1	-1
0	256	-5.04386	-4.07511	83	129.969	-1
0	256	-4.72145	-6.1795	-1	-1	-1
0	256	1.46406	-3.82493	4352	4470.84	-1
0	256	-7.06321	-2.65	-1	-1	-1
0	256	2.64519	4.3935	-1	-1	-1
0	256	7.7653	-4.82466	-1	-1	-1
0	256	5.44062	5.69751	429	489.469	-1
0	256	-0.649462	-5.90522	2144	2256.28	-1
0	256	2.83708	-5.23854	1533	1584.56	-1
0	256	-0.0676171	-9.55054	-1	-1	-1
0	256	-7.69827	-4.4514	-1	-1	-1
0	256	-1.08448	6.34458	453	502.438	-1
0	256	2.67203	4.79083	3437	3554.28	-1
0	256	9.15718	2.13192	-1	-1	-1
0	256	-3.59329	-6.33261	-1	-1	-1
0	256	0.440354	3.95961	5310	5342.91	-1
0	256	-1.13592	7.58579	96	155.531	-1
0	256	-4.82461	-3.78123	1032	1077.78	-1
0	256	4.6944	-0.361378	2947	3052.47	-1
0	256	1.55237	-3.29963	-1	-1	-1
0	256	-3.43402	-5.87378	-1	-1	-1
0	256	-8.95532	1.47482	-1	-1	-1
0	256	-0.726106	-9.53151	-1	-1	-1
0	256	-4.0535	-6.82991	-1	-1	-1
0	256	-4.08819	2.76165	820	857.469	-1
0	256	-1.92305	-3.20444	47	92.9375	-1
0	256	3.20014	6.72663	-1	-1	-1
0	256	5.78341	-6.92101	3019	3105.41	-1
0	256	-4.84544	-6.68466	-1	-1	-1
0	256	-2.81425	5.15512	195	308.5	-1
0	256	-4.73182	1.46765	-1	-1	-1
0	256	0.131114	-9.08665	-1	-1	-1
0	256	-1.45417	5.86536	-1	-1	-1
0	256	6.16657	-7.11276	-1	-1	-1
0	256	-6.35928	-1.09135	-1	-1	-1
0	256	2.31418	6.69139	-1	-1	-1
0	256	7.67814	4.37438	2853	2918.28	-1
0	256	-9.19608	-7.62029	-1	-1	-1
0	256	-4.77545	-3.61575	-1	-1	-1
0	256	-2.85003	3.67418	-1	-1	-1
0	256	-2.88279	7.61572	-1	-1	-1
0	256	-3.90173	7.94821	561	672.156	-1
0	256	-6.79489	-7.50282	-1	-1	-1
0	256	8.91929	1.72149	-1	-1	-1
0	256	-0.294631	6.15594	1930	2031.5	-1
0	256	7.10776	-1.42996	-1	-1	-1
0	256	5.42127	-1.61941	-1	-1	-1
0	256	-6.58574	2.5704	-1	-1	-1
0	256	-2.06839	8.16904	-1	-1	-1
0	256	-9.5916	0.954587	-1	-1	-1
0	256	2.11246	6.49997	-1	-1	-1
0	256	2.23861	5.58949	412	463.312	-1
0	256	-5.30619	5.01149	-1	-1	-1
0	256	3.72035	8.95687	-1	-1	-1
0	256	-8.08798	-3.40553	-1	-1	-1
0	256	1.35601	6.3121	-1	-1	-1
0	256	-1.07847	-9.50986	4413	4481.59	-1
0	256	-2.47307	8.23395	-1	-1	-1
0	256	-7.02664	2.35536	-1	-1	-1
0	256	-6.99322	-4.7174	4536	4646.81	-1
0	256	1.68891	-9.07391	-1	-1	-1
0	256	-2.74704	-1.27888	510	536.469	-1
0	256	4.51012	5.74761	1809	1938.75	-1
0	256	-3.74293	-1.21815	-1	-1	-1
0	256	-8.56911	0.761277	-1	-1	-1
0	256	2.10546	7.80995	-1	-1	-1
0	256	4.04311	-5.06788	2250	2373.38	-1
0	256	3.24965	-4.64125	-1	-1	-1
0	256	-3.0935	6.8608	-1	-1	-1
0	256	1.08971	3.84812	-1	-1	-1
0	256	8.68389	2.98978	1110	1190.72	-1
0	256	-7.54247	3.34131	-1	-1	-1
0	256	-6.28376	7.71425	-1	-1	-1
0	256	-9.16189	0.114869	-1	-1	-1
0	256	-5.42989	3.52458	-1	-1	-1
0	256	8.47718	0.923055	-1	-1	-1
0	256	-1.25326	9.19517	-1	-1	-1
0	256	6.07489	5.95115	-1	-1	-1
0	256	0.612046	-6.24252	-1	-1	-1
0	256	5.22464	-0.353864	-1	-1	-1
0	256	-7.25501	3.34949	-1	-1	-1
0	256	-0.911036	8.73874	-1	-1	-1
0	256	1.10381	4.97093	-1	-1	-1
0	256	1.98049	9.39614	-1	-1	-1
0	256	8.0094	-3.34833	174	261.562	-1
0	256	-6.41771	-7.01273	-1	-1	-1
0	256	-8.2467	3.40972	-1	-1	-1
0	256	2.31733	6.81329	-1	-1	-1
0	256	8.4544	3.30291	-1	-1	-1
0	256	-9.47433	-9.48204	-1	-1	-1
0	256	4.61247	-5.76481	4559	4644.94	-1
0	256	-3.23012	1.05593	3167	3195.38	-1
0	256	-3.47047	0.975199	716	837.031	-1
0	256	2.11288	3.81357	-1	-1	-1
0	256	3.86797	-1.25508	4692	4835.25	-1
0	256	-0.799762	9.53934	2722	2793.69	-1
0	256	-9.04735	1.95432	1139	1228.06	-1
0	256	2.53927	6.69215	-1	-1	-1
0	256	3.77074	-4.33828	1984	2128.38	-1
0	256	-7.03712	-4.05441	4509	4568.16	-1
0	256	-1.99855	-7.18419	-1	-1	-1
0	256	3.91059	2.95662	666	797.156	-1
0	256	2.59692	7.72992	-1	-1	-1
0	256	-7.86977	4.77883	-1	-1	-1
0	256	-6.26927	2.54035	730	779.125	-1
0	256	-9.4241	-2.26401	-1	-1	-1
0	256	-2.07659	-7.97896	-1	-1	-1
0	256	-3.55224	-5.94911	4294	4419.34	-1
0	256	9.45823	-1.51926	-1	-1	-1
0	256	-6.58093	-4.84769	-1	-1	-1
0	256	0.0622351	3.00211	-1	-1	-1
0	256	1.53358	-2.30113	-1	-1	-1
0	256	-6.39252	6.91719	-1	-1	-1
0	256	2.36174	-8.23036	-1	-1	-1
0	256	-8.10738	1.45199	3346	3437.78	-1
0	256	0.725583	5.19787	4449	4490.16	-1
0	256	8.46815	0.526109	-1	-1	-1
0	256	-0.485442	-7.27075	-1	-1	-1
0	256	0.369077	9.55659	-1	-1	-1
0	256	1.95931	5.33725	-1	-1	-1
0	256	-8.1174	-3.07716	-1	-1	-1
0	256	-0.999776	-6.98356	-1	-1	-1
0	256	-8.62115	-4.78919	-1	-1	-1
0	256	-6.97607	-0.466477	-1	-1	-1
0	256	-9.60047	0.496024	5174	5247.06	-1
0	256	-3.97595	-3.66216	117	255.5	-1
0	256	-1.95974	3.14026	4932	5073.19	-1
0	256	-3.851	5.80222	-1	-1	-1
0	256	5.11031	4.53516	231	364.844	-1
0	256	-6.79477	7.28541	-1	-1	-1
0	256	-0.812741	9.4229	3490	3571.56	-1
0	256	-6.12419	5.14664	-1	-1	-1
0	256	-5.22938	-6.43723	179	244	-1
0	256	-2.76725	7.30025	287	383.094	-1
0	256	3.20507	-8.84862	-1	-1	-1
0	256	0.125743	-4.74639	-1	-1	-1
0	256	-0.344349	6.61742	2085	2134.06	-1
0	256	0.302556	-5.23675	-1	-1	-1
0	256	-3.98298	-0.238562	1236	1352.44	-1
0	256	1.65259	-4.16555	-1	-1	-1
0	256	-0.459076	-2.82659	2119	2238.97	-1
0	256	0.176362	-6.23877	-1	-1	-1
0	256	-8.38614	-2.20327	-1	-1	-1
0	256	7.68375	0.75318	-1	-1	-1
0	256	-7.22695	-1.56428	-1	-1	-1
0	256	-1.47248	-5.93736	-1	-1	-1
0	256	-2.93394	-7.06014	-1	-1	-1
0	256	-2.51726	-9.45824	-1	-1	-1
0	256	-7.00211	-2.03924	772	828.312	-1
0	256	-8.53368	3.99483	-1	-1	-1
0	256	2.41157	-9.30016	3907	3981.03	-1
0	256	4.86222	-3.80116	3175	3233.44	-1
0	256	-6.87043	3.85203	-1	-1	-1
0	256	4.73664	7.7621	417	485.281	-1
0	256	5.90704	5.78366	-1	-1	-1
0	256	8.26639	-4.43813	-1	-1	-1
0	256	4.04818	-4.51486	4727	4775.25	-1
0	256	5.68851	4.5551	-1	-1	-1
0	256	7.90896	-0.28055	-1	-1	-1
0	256	-0.147125	-7.25787	-1	-1	-1
0	256	3.98621	0.359872	1744	1797.94	-1
0	256	5.19029	-4.93271	-1	-1	-1
0	256	-4.53021	-3.23462	-1	-1	-1
0	256	-6.18043	-0.37692	-1	-1	-1
0	256	8.43778	-0.352831	-1	-1	-1
0	256	1.57678	-5.35239	-1	-1	-1
0	256	-8.95359	4.11924	-1	-1	-1
0	256	-7.67193	-1.0057	-1	-1	-1
0	256	-8.1164	0.84425	-1	-1	-1
0	256	-7.93416	5.2972	-1	-1	-1
0	256	-8.84961	-2.55741	-1	-1	-1
0	256	8.34999	-0.967004	-1	-1	-1
0	256	-5.33613	3.56581	-1	-1	-1
0	256	0.974866	-4.60085	-1	-1	-1
0	256	-9.1654	-7.19706	1367	1450.88	-1
0	256	-6.09447	-7.19433	-1	-1	-1
0	256	6.90439	4.03733	-1	-1	-1
0	256	6.62588	4.50086	-1	-1	-1
0	256	-0.102049	-9.68033	-1	-1	-1
0	256	7.09886	-2.40876	-1	-1	-1
0	256	9.13531	6.95403	1804	1888.38	-1
0	256	2.95048	5.29355	-1	-1	-1
0	256	-1.74374	-5.94731	-1	-1	-1
0	256	-3.51977	3.24369	-1	-1	-1
0	256	-9.27156	-1.90997	5351	-1	-1
0	256	-9.70167	-1.97398	3063	3134.78	-1
0	256	6.02032	-6.4404	3004	3074.84	-1
0	256	3.05766	8.24795	-1	-1	-1
0	256	-2.11605	-7.49619	-1	-1	-1
0	256	-1.08937	-7.95808	911	1000.28	-1
0	256	-5.66585	-4.60379	-1	-1	-1
0	256	0.392543	6.27816	295	374.688	-1
0	256	-5.02976	7.56487	-1	-1	-1
0	256	5.22645	7.39178	-1	-1	-1
0	256	1.81565	8.70568	203	268.75	-1
0	256	-5.82102	-0.359395	769	816.25	-1
0	256	-0.0861162	-6.29557	-1	-1	-1
0	256	6.59117	-4.66795	4721	4822.66	-1
0	256	6.90401	1.01744	-1	-1	-1
0	256	-0.789966	4.5639	-1	-1	-1
0	256	-3.18828	7.2791	-1	-1	-1
0	256	1.72049	-3.66436	-1	-1	-1
0	256	6.38448	-3.97585	-1	-1	-1
0	256	1.51425	6.98844	-1	-1	-1
0	256	-6.87158	4.27392	-1	-1	-1
0	256	4.80571	6.11384	-1	-1	-1
0	256	4.45142	-3.81959	1164	1209.91	-1
0	256	-6.15406	6.76091	-1	-1	-1
0	256	7.77053	-1.00434	-1	-1	-1
0	256	-5.33928	-5.00102	2613	2670.16	-1
0	256	5.42	2.88811	-1	-1	-1
0	256	-6.21667	-0.904941	838	948.406	-1
0	256	-7.11865	4.95849	-1	-1	-1
0	256	6.5672	-1.46352	-1	-1	-1
0	256	-2.11869	-6.87804	5375	-1	-1
0	256	-2.5843	-8.37495	-1	-1	-1
0	256	2.09841	9.60375	385	461.031	-1
0	256	-0.956702	-8.85619	-1	-1	-1
0	256	-3.08236	-6.3608	-1	-1	-1
0	256	-7.45942	-3.15964	-1	-1	-1
0	256	3.39982	-5.11242	3056	3104.66	-1
0	256	2.49278	-4.79985	-1	-1	-1
0	256	-3.33379	4.00014	885	1030.81	-1
0	256	4.54239	6.75091	999	1067.47	-1
0	256	-3.68648	2.6142	740	790.656	-1
0	256	5.09258	-2.92638	-1	-1	-1
0	256	-4.19474	7.84054	-1	-1	-1
0	256	7.50547	-6.06891	-1	-1	-1
0	256	6.66966	-2.21239	-1	-1	-1
0	256	9.39862	0.905655	-1	-1	-1
0	256	2.69768	8.86902	-1	-1	-1
0	256	-7.44945	-5.70577	-1	-1	-1
0	256	5.52834	-2.88365	989	1105.62	-1
0	256	-4.94763	8.08561	-1	-1	-1
0	256	-9.03938	-3.43	-1	-1	-1
0	256	0.73568	6.59401	1117	1170.88	-1
0	256	1.06369	5.87294	-1	-1	-1
0	256	-5.91562	-3.8738	1234	1288.62	-1
0	256	1.50938	7.17278	-1	-1	-1
0	256	-6.67917	0.669414	-1	-1	-1
0	256	8.03922	-1.44398	-1	-1	-1
0	256	2.20049	-3.58718	3168	3204.28	-1
0	256	-2.64368	2.34318	2237	2392.53	-1
0	256	-1.39677	-4.47626	2605	2642.66	-1
0	256	2.16642	-7.9333	-1	-1	-1
0	256	-3.0072	3.28046	1880	1920.09	-1
0	256	-9.31893	2.72068	-1	-1	-1
0	256	-2.37231	3.4409	1799	1837.84	-1
0	256	6.6646	4.02504	-1	-1	-1
0	256	-0.664795	-6.65542	-1	-1	-1
0	256	-1.36614	8.07215	-1	-1	-1
0	256	-5.42318	2.07748	4608	4725.22	-1
0	256	4.72999	-5.21889	-1	-1	-1
0	256	-5.6976	2.32886	235	337.281	-1
