Pile ID	Distribution Type	X-Position	Y-Position	Pickup Time	Drop Off Time	Ant ID
1	1	-3.02107	-4.61475	-1	-1	-1
1	1	-2.87107	-4.61475	-1	-1	-1
1	1	-2.72107	-4.61475	-1	-1	-1
1	1	-2.57107	-4.61475	-1	-1	-1
1	1	-2.42107	-4.61475	-1	-1	-1
1	1	-2.27107	-4.61475	-1	-1	-1
1	1	-2.12107	-4.61475	-1	-1	-1
1	1	-1.97107	-4.61475	3570	3624.12	-1
1	1	-1.82107	-4.61475	-1	-1	-1
1	1	-1.67107	-4.61475	-1	-1	-1
1	1	-1.52107	-4.61475	-1	-1	-1
1	1	-1.37107	-4.61475	3810	3865.5	-1
1	1	-1.22107	-4.61475	3682	3745.56	-1
1	1	-1.07107	-4.61475	3789	3834.19	-1
1	1	-0.921069	-4.61475	3896	3934.5	-1
1	1	-0.771069	-4.61475	4001	4040.59	-1
1	1	-3.02107	-4.46475	-1	-1	-1
1	1	-2.87107	-4.46475	-1	-1	-1
1	1	-2.72107	-4.46475	-1	-1	-1
1	1	-2.57107	-4.46475	-1	-1	-1
1	1	-2.42107	-4.46475	-1	-1	-1
1	1	-2.27107	-4.46475	-1	-1	-1
1	1	-2.12107	-4.46475	3366	3434.97	-1
1	1	-1.97107	-4.46475	3257	3301.69	-1
1	1	-1.82107	-4.46475	3072	3119.84	-1
1	1	-1.67107	-4.46475	2958	3008.41	-1
1	1	-1.52107	-4.46475	3664	3716.41	-1
1	1	-1.37107	-4.46475	3483	3533.56	-1
1	1	-1.22107	-4.46475	3351	3406.28	-1
1	1	-1.07107	-4.46475	3584	3618.22	-1
1	1	-0.921069	-4.46475	3945	3994.12	-1
1	1	-0.771069	-4.46475	3986	4020.81	-1
1	1	-3.02107	-4.31475	-1	-1	-1
1	1	-2.87107	-4.31475	-1	-1	-1
1	1	-2.72107	-4.31475	-1	-1	-1
1	1	-2.57107	-4.31475	-1	-1	-1
1	1	-2.42107	-4.31475	3607	3692.06	-1
1	1	-2.27107	-4.31475	3514	3562.66	-1
1	1	-2.12107	-4.31475	3478	3519.31	-1
1	1	-1.97107	-4.31475	3216	3273.66	-1
1	1	-1.82107	-4.31475	3153	3204.38	-1
1	1	-1.67107	-4.31475	2850	2908.06	-1
1	1	-1.52107	-4.31475	3048	3102.75	-1
1	1	-1.37107	-4.31475	3314	3400	-1
1	1	-1.22107	-4.31475	3329	3379.03	-1
1	1	-1.07107	-4.31475	3450	3493.28	-1
1	1	-0.921069	-4.31475	3538	3580.44	-1
1	1	-0.771069	-4.31475	3700	3734.16	-1
1	1	-3.02107	-4.16475	-1	-1	-1
1	1	-2.87107	-4.16475	-1	-1	-1
1	1	-2.72107	-4.16475	3843	3886.25	-1
1	1	-2.57107	-4.16475	3734	3787.84	-1
1	1	-2.42107	-4.16475	3398	3476.41	-1
1	1	-2.27107	-4.16475	3313	3357.31	-1
1	1	-2.12107	-4.16475	2751	2800.38	-1
1	1	-1.97107	-4.16475	2654	2713.75	-1
1	1	-1.82107	-4.16475	2970	3017.44	-1
1	1	-1.67107	-4.16475	2775	2843.56	-1
1	1	-1.52107	-4.16475	2995	3038.56	-1
1	1	-1.37107	-4.16475	3085	3140.72	-1
1	1	-1.22107	-4.16475	3209	3260.25	-1
1	1	-1.07107	-4.16475	3616	3654.03	-1
1	1	-0.921069	-4.16475	2743	2784.06	-1
1	1	-0.771069	-4.16475	-1	-1	-1
1	1	-3.02107	-4.01475	-1	-1	-1
1	1	-2.87107	-4.01475	-1	-1	-1
1	1	-2.72107	-4.01475	3770	3814.53	-1
1	1	-2.57107	-4.01475	3744	3805.09	-1
1	1	-2.42107	-4.01475	3536	3579.25	-1
1	1	-2.27107	-4.01475	3625	3669.19	-1
1	1	-2.12107	-4.01475	2533	2639.41	-1
1	1	-1.97107	-4.01475	2359	2466.31	-1
1	1	-1.82107	-4.01475	2215	2269.12	-1
1	1	-1.67107	-4.01475	2549	2622.16	-1
1	1	-1.52107	-4.01475	2890	2928.12	-1
1	1	-1.37107	-4.01475	2490	2539.53	-1
1	1	-1.22107	-4.01475	3274	3338.97	-1
1	1	-1.07107	-4.01475	2517	2569.03	-1
1	1	-0.921069	-4.01475	2617	2660	-1
1	1	-0.771069	-4.01475	5026	5059	-1
1	1	-3.02107	-3.86475	3998	4148.34	-1
1	1	-2.87107	-3.86475	4018	4058.75	-1
1	1	-2.72107	-3.86475	3576	3661.19	-1
1	1	-2.57107	-3.86475	3705	3748.88	-1
1	1	-2.42107	-3.86475	3659	3699.94	-1
1	1	-2.27107	-3.86475	3782	3825.97	-1
1	1	-2.12107	-3.86475	2387	2526.66	-1
1	1	-1.97107	-3.86475	2073	2168.69	-1
1	1	-1.82107	-3.86475	2103	2159.34	-1
1	1	-1.67107	-3.86475	2009	2059.66	-1
1	1	-1.52107	-3.86475	2257	2327.81	-1
1	1	-1.37107	-3.86475	2399	2449.5	-1
1	1	-1.22107	-3.86475	2331	2410.12	-1
1	1	-1.07107	-3.86475	2128	2181.09	-1
1	1	-0.921069	-3.86475	2216	2283.91	-1
1	1	-0.771069	-3.86475	2518	2554.09	-1
1	1	-3.02107	-3.71475	4185	4233.75	-1
1	1	-2.87107	-3.71475	4271	4311.69	-1
1	1	-2.72107	-3.71475	3385	3446.41	-1
1	1	-2.57107	-3.71475	3794	3844.19	-1
1	1	-2.42107	-3.71475	3897	3934.09	-1
1	1	-2.27107	-3.71475	2242	2295.34	-1
1	1	-2.12107	-3.71475	2224	2303.56	-1
1	1	-1.97107	-3.71475	1885	1972.47	-1
1	1	-1.82107	-3.71475	1529	1578.44	-1
1	1	-1.67107	-3.71475	1662	1702.62	-1
1	1	-1.52107	-3.71475	1644	1676.94	-1
1	1	-1.37107	-3.71475	1636	1674.81	-1
1	1	-1.22107	-3.71475	1715	1751.09	-1
1	1	-1.07107	-3.71475	1982	2030.97	-1
1	1	-0.921069	-3.71475	2035	2072.72	-1
1	1	-0.771069	-3.71475	2118	2211.91	-1
1	1	-3.02107	-3.56475	-1	-1	-1
1	1	-2.87107	-3.56475	3488	3526.75	-1
1	1	-2.72107	-3.56475	2285	2346.84	-1
1	1	-2.57107	-3.56475	2067	2121.34	-1
1	1	-2.42107	-3.56475	2187	2256.03	-1
1	1	-2.27107	-3.56475	2555	2664.66	-1
1	1	-2.12107	-3.56475	2253	2375.72	-1
1	1	-1.97107	-3.56475	1466	1512.72	-1
1	1	-1.82107	-3.56475	1244	1282.81	-1
1	1	-1.67107	-3.56475	1258	1295.75	-1
1	1	-1.52107	-3.56475	1327	1388.53	-1
1	1	-1.37107	-3.56475	1510	1586	-1
1	1	-1.22107	-3.56475	1793	1838.94	-1
1	1	-1.07107	-3.56475	1903	1948.69	-1
1	1	-0.921069	-3.56475	2067	2108.66	-1
1	1	-0.771069	-3.56475	2291	2334.59	-1
1	1	-3.02107	-3.41475	-1	-1	-1
1	1	-2.87107	-3.41475	1967	2052.94	-1
1	1	-2.72107	-3.41475	1913	2006.09	-1
1	1	-2.57107	-3.41475	1719	1770.25	-1
1	1	-2.42107	-3.41475	1835	1893.59	-1
1	1	-2.27107	-3.41475	2313	2364.12	-1
1	1	-2.12107	-3.41475	1788	1824.78	-1
1	1	-1.97107	-3.41475	1321	1399.78	-1
1	1	-1.82107	-3.41475	861	995.094	-1
1	1	-1.67107	-3.41475	1022	1060.22	-1
1	1	-1.52107	-3.41475	1126	1159.78	-1
1	1	-1.37107	-3.41475	1394	1465.91	-1
1	1	-1.22107	-3.41475	2170	2218.31	-1
1	1	-1.07107	-3.41475	2557	2633.09	-1
1	1	-0.921069	-3.41475	2399	2441.94	-1
1	1	-0.771069	-3.41475	2370	2426.09	-1
1	1	-3.02107	-3.26475	3872	3909.25	-1
1	1	-2.87107	-3.26475	2445	2501.44	-1
1	1	-2.72107	-3.26475	1809	1864.12	-1
1	1	-2.57107	-3.26475	1604	1637.25	-1
1	1	-2.42107	-3.26475	1689	1724.38	-1
1	1	-2.27107	-3.26475	1841	1904.06	-1
1	1	-2.12107	-3.26475	2121	2176.59	-1
1	1	-1.97107	-3.26475	1446	1485.28	-1
1	1	-1.82107	-3.26475	1040	1080.47	-1
1	1	-1.67107	-3.26475	1088	1125.5	-1
1	1	-1.52107	-3.26475	1166	1201.88	-1
1	1	-1.37107	-3.26475	1200	1257.47	-1
1	1	-1.22107	-3.26475	2459	2501.41	-1
1	1	-1.07107	-3.26475	2661	2735.34	-1
1	1	-0.921069	-3.26475	2591	2678	-1
1	1	-0.771069	-3.26475	2707	2751.22	-1
1	1	-3.02107	-3.11475	3945	4008.53	-1
1	1	-2.87107	-3.11475	2187	2239.12	-1
1	1	-2.72107	-3.11475	1957	2047.25	-1
1	1	-2.57107	-3.11475	1574	1674.12	-1
1	1	-2.42107	-3.11475	1471	1528.56	-1
1	1	-2.27107	-3.11475	1765	1800.97	-1
1	1	-2.12107	-3.11475	2409	2506.81	-1
1	1	-1.97107	-3.11475	2539	2599.31	-1
1	1	-1.82107	-3.11475	2145	2202.56	-1
1	1	-1.67107	-3.11475	1456	1509.53	-1
1	1	-1.52107	-3.11475	1289	1336.56	-1
1	1	-1.37107	-3.11475	1720	1749.12	-1
1	1	-1.22107	-3.11475	2588	2689	-1
1	1	-1.07107	-3.11475	3271	3328.91	-1
1	1	-0.921069	-3.11475	3189	3218.75	-1
1	1	-0.771069	-3.11475	3020	3063.44	-1
1	1	-3.02107	-2.96475	-1	-1	-1
1	1	-2.87107	-2.96475	2287	2388.28	-1
1	1	-2.72107	-2.96475	2083	2148.25	-1
1	1	-2.57107	-2.96475	1389	1431.47	-1
1	1	-2.42107	-2.96475	1277	1317	-1
1	1	-2.27107	-2.96475	1369	1422.12	-1
1	1	-2.12107	-2.96475	2725	2763.16	-1
1	1	-1.97107	-2.96475	2855	2896.34	-1
1	1	-1.82107	-2.96475	2039	2092.62	-1
1	1	-1.67107	-2.96475	1911	2041.09	-1
1	1	-1.52107	-2.96475	1805	1857.78	-1
1	1	-1.37107	-2.96475	1956	1988.72	-1
1	1	-1.22107	-2.96475	2634	2673.88	-1
1	1	-1.07107	-2.96475	4052	4183.41	-1
1	1	-0.921069	-2.96475	-1	-1	-1
1	1	-0.771069	-2.96475	3127	3156.94	-1
1	1	-3.02107	-2.81475	3572	3605.03	-1
1	1	-2.87107	-2.81475	2179	2239.56	-1
1	1	-2.72107	-2.81475	2094	2136.84	-1
1	1	-2.57107	-2.81475	1490	1544.56	-1
1	1	-2.42107	-2.81475	1204	1239.78	-1
1	1	-2.27107	-2.81475	1139	1173.69	-1
1	1	-2.12107	-2.81475	758	809.031	-1
1	1	-1.97107	-2.81475	1396	1455.44	-1
1	1	-1.82107	-2.81475	2726	2799	-1
1	1	-1.67107	-2.81475	2133	2175.81	-1
1	1	-1.52107	-2.81475	1883	1919.62	-1
1	1	-1.37107	-2.81475	2425	2482.03	-1
1	1	-1.22107	-2.81475	2772	2816.56	-1
1	1	-1.07107	-2.81475	1788	1823.69	-1
1	1	-0.921069	-2.81475	1892	1936.28	-1
1	1	-0.771069	-2.81475	2897	2945.25	-1
1	1	-3.02107	-2.66475	4338	4389.31	-1
1	1	-2.87107	-2.66475	4276	4309	-1
1	1	-2.72107	-2.66475	3091	3145.09	-1
1	1	-2.57107	-2.66475	1073	1105.12	-1
1	1	-2.42107	-2.66475	936	980.531	-1
1	1	-2.27107	-2.66475	733	763.969	-1
1	1	-2.12107	-2.66475	566	622.906	-1
1	1	-1.97107	-2.66475	653	687.312	-1
1	1	-1.82107	-2.66475	2939	2970.25	-1
1	1	-1.67107	-2.66475	2794	2862.69	-1
1	1	-1.52107	-2.66475	2672	2726.09	-1
1	1	-1.37107	-2.66475	2534	2590.84	-1
1	1	-1.22107	-2.66475	1607	1769.59	-1
1	1	-1.07107	-2.66475	1455	1496.66	-1
1	1	-0.921069	-2.66475	1638	1693.25	-1
1	1	-0.771069	-2.66475	1554	1598.31	-1
1	1	-3.02107	-2.51475	4428	4469.19	-1
1	1	-2.87107	-2.51475	1925	1997.81	-1
1	1	-2.72107	-2.51475	1307	1357.97	-1
1	1	-2.57107	-2.51475	1011	1042.09	-1
1	1	-2.42107	-2.51475	876	905.281	-1
1	1	-2.27107	-2.51475	803	842.188	-1
1	1	-2.12107	-2.51475	457	519	-1
1	1	-1.97107	-2.51475	321	366.781	-1
1	1	-1.82107	-2.51475	-1	-1	-1
1	1	-1.67107	-2.51475	4649	4788.88	-1
1	1	-1.52107	-2.51475	2737	2777.28	-1
1	1	-1.37107	-2.51475	2821	2921.19	-1
1	1	-1.22107	-2.51475	647	675.094	-1
1	1	-1.07107	-2.51475	523	554.938	-1
1	1	-0.921069	-2.51475	684	717.688	-1
1	1	-0.771069	-2.51475	742	785.812	-1
1	1	-3.02107	-2.36475	4647	4727.56	-1
1	1	-2.87107	-2.36475	1713	1878.88	-1
1	1	-2.72107	-2.36475	1479	1550.81	-1
1	1	-2.57107	-2.36475	1397	1442.84	-1
1	1	-2.42107	-2.36475	2041	2079	-1
1	1	-2.27107	-2.36475	416	469.219	-1
1	1	-2.12107	-2.36475	343	390.438	-1
1	1	-1.97107	-2.36475	98	272.25	-1
1	1	-1.82107	-2.36475	365	403.219	-1
1	1	-1.67107	-2.36475	304	335.812	-1
1	1	-1.52107	-2.36475	450	483.344	-1
1	1	-1.37107	-2.36475	586	642.156	-1
1	1	-1.22107	-2.36475	552	580.281	-1
1	1	-1.07107	-2.36475	276	422.844	-1
1	1	-0.921069	-2.36475	443	466.344	-1
1	1	-0.771069	-2.36475	629	663.344	-1
2	4	6.33336	1.4316	-1	-1	-1
2	4	6.48336	1.4316	-1	-1	-1
2	4	6.63336	1.4316	-1	-1	-1
2	4	6.78336	1.4316	-1	-1	-1
2	4	6.93336	1.4316	-1	-1	-1
2	4	7.08336	1.4316	-1	-1	-1
2	4	7.23336	1.4316	3302	3357.97	-1
2	4	7.38336	1.4316	3185	3242.44	-1
2	4	6.33336	1.5816	-1	-1	-1
2	4	6.48336	1.5816	-1	-1	-1
2	4	6.63336	1.5816	-1	-1	-1
2	4	6.78336	1.5816	-1	-1	-1
2	4	6.93336	1.5816	-1	-1	-1
2	4	7.08336	1.5816	-1	-1	-1
2	4	7.23336	1.5816	3410	3465.69	-1
2	4	7.38336	1.5816	3522	3585.81	-1
2	4	6.33336	1.7316	-1	-1	-1
2	4	6.48336	1.7316	-1	-1	-1
2	4	6.63336	1.7316	-1	-1	-1
2	4	6.78336	1.7316	-1	-1	-1
2	4	6.93336	1.7316	-1	-1	-1
2	4	7.08336	1.7316	-1	-1	-1
2	4	7.23336	1.7316	-1	-1	-1
2	4	7.38336	1.7316	-1	-1	-1
2	4	6.33336	1.8816	-1	-1	-1
2	4	6.48336	1.8816	-1	-1	-1
2	4	6.63336	1.8816	-1	-1	-1
2	4	6.78336	1.8816	-1	-1	-1
2	4	6.93336	1.8816	-1	-1	-1
2	4	7.08336	1.8816	-1	-1	-1
2	4	7.23336	1.8816	-1	-1	-1
2	4	7.38336	1.8816	-1	-1	-1
2	4	6.33336	2.0316	-1	-1	-1
2	4	6.48336	2.0316	-1	-1	-1
2	4	6.63336	2.0316	-1	-1	-1
2	4	6.78336	2.0316	-1	-1	-1
2	4	6.93336	2.0316	-1	-1	-1
2	4	7.08336	2.0316	-1	-1	-1
2	4	7.23336	2.0316	-1	-1	-1
2	4	7.38336	2.0316	-1	-1	-1
2	4	6.33336	2.1816	-1	-1	-1
2	4	6.48336	2.1816	-1	-1	-1
2	4	6.63336	2.1816	-1	-1	-1
2	4	6.78336	2.1816	-1	-1	-1
2	4	6.93336	2.1816	-1	-1	-1
2	4	7.08336	2.1816	-1	-1	-1
2	4	7.23336	2.1816	-1	-1	-1
2	4	7.38336	2.1816	-1	-1	-1
2	4	6.33336	2.3316	-1	-1	-1
2	4	6.48336	2.3316	-1	-1	-1
2	4	6.63336	2.3316	-1	-1	-1
2	4	6.78336	2.3316	-1	-1	-1
2	4	6.93336	2.3316	-1	-1	-1
2	4	7.08336	2.3316	-1	-1	-1
2	4	7.23336	2.3316	-1	-1	-1
2	4	7.38336	2.3316	1173	1231.75	-1
2	4	6.33336	2.4816	-1	-1	-1
2	4	6.48336	2.4816	-1	-1	-1
2	4	6.63336	2.4816	1066	1125.66	-1
2	4	6.78336	2.4816	927	1008.97	-1
2	4	6.93336	2.4816	-1	-1	-1
2	4	7.08336	2.4816	-1	-1	-1
2	4	7.23336	2.4816	-1	-1	-1
2	4	7.38336	2.4816	1021	1106.75	-1
3	4	-5.88615	-4.65781	-1	-1	-1
3	4	-5.73615	-4.65781	-1	-1	-1
3	4	-5.58615	-4.65781	-1	-1	-1
3	4	-5.43615	-4.65781	-1	-1	-1
3	4	-5.28615	-4.65781	-1	-1	-1
3	4	-5.13615	-4.65781	-1	-1	-1
3	4	-4.98615	-4.65781	-1	-1	-1
3	4	-4.83615	-4.65781	4376	4432.88	-1
3	4	-5.88615	-4.50781	-1	-1	-1
3	4	-5.73615	-4.50781	-1	-1	-1
3	4	-5.58615	-4.50781	-1	-1	-1
3	4	-5.43615	-4.50781	-1	-1	-1
3	4	-5.28615	-4.50781	-1	-1	-1
3	4	-5.13615	-4.50781	-1	-1	-1
3	4	-4.98615	-4.50781	-1	-1	-1
3	4	-4.83615	-4.50781	-1	-1	-1
3	4	-5.88615	-4.35781	-1	-1	-1
3	4	-5.73615	-4.35781	-1	-1	-1
3	4	-5.58615	-4.35781	-1	-1	-1
3	4	-5.43615	-4.35781	-1	-1	-1
3	4	-5.28615	-4.35781	-1	-1	-1
3	4	-5.13615	-4.35781	-1	-1	-1
3	4	-4.98615	-4.35781	-1	-1	-1
3	4	-4.83615	-4.35781	-1	-1	-1
3	4	-5.88615	-4.20781	-1	-1	-1
3	4	-5.73615	-4.20781	-1	-1	-1
3	4	-5.58615	-4.20781	-1	-1	-1
3	4	-5.43615	-4.20781	-1	-1	-1
3	4	-5.28615	-4.20781	-1	-1	-1
3	4	-5.13615	-4.20781	-1	-1	-1
3	4	-4.98615	-4.20781	-1	-1	-1
3	4	-4.83615	-4.20781	-1	-1	-1
3	4	-5.88615	-4.05781	-1	-1	-1
3	4	-5.73615	-4.05781	-1	-1	-1
3	4	-5.58615	-4.05781	-1	-1	-1
3	4	-5.43615	-4.05781	-1	-1	-1
3	4	-5.28615	-4.05781	-1	-1	-1
3	4	-5.13615	-4.05781	-1	-1	-1
3	4	-4.98615	-4.05781	-1	-1	-1
3	4	-4.83615	-4.05781	-1	-1	-1
3	4	-5.88615	-3.90781	-1	-1	-1
3	4	-5.73615	-3.90781	-1	-1	-1
3	4	-5.58615	-3.90781	-1	-1	-1
3	4	-5.43615	-3.90781	-1	-1	-1
3	4	-5.28615	-3.90781	-1	-1	-1
3	4	-5.13615	-3.90781	-1	-1	-1
3	4	-4.98615	-3.90781	-1	-1	-1
3	4	-4.83615	-3.90781	-1	-1	-1
3	4	-5.88615	-3.75781	-1	-1	-1
3	4	-5.73615	-3.75781	-1	-1	-1
3	4	-5.58615	-3.75781	-1	-1	-1
3	4	-5.43615	-3.75781	-1	-1	-1
3	4	-5.28615	-3.75781	-1	-1	-1
3	4	-5.13615	-3.75781	-1	-1	-1
3	4	-4.98615	-3.75781	-1	-1	-1
3	4	-4.83615	-3.75781	-1	-1	-1
3	4	-5.88615	-3.60781	-1	-1	-1
3	4	-5.73615	-3.60781	-1	-1	-1
3	4	-5.58615	-3.60781	-1	-1	-1
3	4	-5.43615	-3.60781	-1	-1	-1
3	4	-5.28615	-3.60781	-1	-1	-1
3	4	-5.13615	-3.60781	-1	-1	-1
3	4	-4.98615	-3.60781	-1	-1	-1
3	4	-4.83615	-3.60781	-1	-1	-1
4	4	-5.3939	-7.03187	-1	-1	-1
4	4	-5.2439	-7.03187	-1	-1	-1
4	4	-5.0939	-7.03187	-1	-1	-1
4	4	-4.9439	-7.03187	-1	-1	-1
4	4	-4.7939	-7.03187	4247	4374.69	-1
4	4	-4.6439	-7.03187	4433	4503.88	-1
4	4	-4.4939	-7.03187	4459	4523.38	-1
4	4	-4.3439	-7.03187	4721	4784.59	-1
4	4	-5.3939	-6.88187	-1	-1	-1
4	4	-5.2439	-6.88187	-1	-1	-1
4	4	-5.0939	-6.88187	-1	-1	-1
4	4	-4.9439	-6.88187	-1	-1	-1
4	4	-4.7939	-6.88187	-1	-1	-1
4	4	-4.6439	-6.88187	4857	4922.06	-1
4	4	-4.4939	-6.88187	4585	4658.5	-1
4	4	-4.3439	-6.88187	-1	-1	-1
4	4	-5.3939	-6.73187	-1	-1	-1
4	4	-5.2439	-6.73187	-1	-1	-1
4	4	-5.0939	-6.73187	-1	-1	-1
4	4	-4.9439	-6.73187	-1	-1	-1
4	4	-4.7939	-6.73187	-1	-1	-1
4	4	-4.6439	-6.73187	5125	5187	-1
4	4	-4.4939	-6.73187	4992	5058.19	-1
4	4	-4.3439	-6.73187	-1	-1	-1
4	4	-5.3939	-6.58187	-1	-1	-1
4	4	-5.2439	-6.58187	-1	-1	-1
4	4	-5.0939	-6.58187	-1	-1	-1
4	4	-4.9439	-6.58187	-1	-1	-1
4	4	-4.7939	-6.58187	-1	-1	-1
4	4	-4.6439	-6.58187	-1	-1	-1
4	4	-4.4939	-6.58187	-1	-1	-1
4	4	-4.3439	-6.58187	-1	-1	-1
4	4	-5.3939	-6.43187	-1	-1	-1
4	4	-5.2439	-6.43187	-1	-1	-1
4	4	-5.0939	-6.43187	-1	-1	-1
4	4	-4.9439	-6.43187	-1	-1	-1
4	4	-4.7939	-6.43187	-1	-1	-1
4	4	-4.6439	-6.43187	-1	-1	-1
4	4	-4.4939	-6.43187	-1	-1	-1
4	4	-4.3439	-6.43187	-1	-1	-1
4	4	-5.3939	-6.28187	-1	-1	-1
4	4	-5.2439	-6.28187	-1	-1	-1
4	4	-5.0939	-6.28187	-1	-1	-1
4	4	-4.9439	-6.28187	-1	-1	-1
4	4	-4.7939	-6.28187	-1	-1	-1
4	4	-4.6439	-6.28187	-1	-1	-1
4	4	-4.4939	-6.28187	-1	-1	-1
4	4	-4.3439	-6.28187	-1	-1	-1
4	4	-5.3939	-6.13187	-1	-1	-1
4	4	-5.2439	-6.13187	-1	-1	-1
4	4	-5.0939	-6.13187	-1	-1	-1
4	4	-4.9439	-6.13187	-1	-1	-1
4	4	-4.7939	-6.13187	-1	-1	-1
4	4	-4.6439	-6.13187	-1	-1	-1
4	4	-4.4939	-6.13187	-1	-1	-1
4	4	-4.3439	-6.13187	-1	-1	-1
4	4	-5.3939	-5.98187	-1	-1	-1
4	4	-5.2439	-5.98187	-1	-1	-1
4	4	-5.0939	-5.98187	-1	-1	-1
4	4	-4.9439	-5.98187	-1	-1	-1
4	4	-4.7939	-5.98187	-1	-1	-1
4	4	-4.6439	-5.98187	-1	-1	-1
4	4	-4.4939	-5.98187	-1	-1	-1
4	4	-4.3439	-5.98187	-1	-1	-1
5	4	7.46439	3.71515	427	508.406	-1
5	4	7.61439	3.71515	286	359.281	-1
5	4	7.76439	3.71515	584	654.469	-1
5	4	7.91439	3.71515	889	990.219	-1
5	4	8.06439	3.71515	-1	-1	-1
5	4	8.21439	3.71515	-1	-1	-1
5	4	8.36439	3.71515	-1	-1	-1
5	4	8.51439	3.71515	-1	-1	-1
5	4	7.46439	3.86515	720	784.625	-1
5	4	7.61439	3.86515	851	935.094	-1
5	4	7.76439	3.86515	737	815.906	-1
5	4	7.91439	3.86515	1300	1372.5	-1
5	4	8.06439	3.86515	-1	-1	-1
5	4	8.21439	3.86515	-1	-1	-1
5	4	8.36439	3.86515	-1	-1	-1
5	4	8.51439	3.86515	-1	-1	-1
5	4	7.46439	4.01515	-1	-1	-1
5	4	7.61439	4.01515	880	962.688	-1
5	4	7.76439	4.01515	1003	1070.09	-1
5	4	7.91439	4.01515	1161	1231.41	-1
5	4	8.06439	4.01515	1624	1691.06	-1
5	4	8.21439	4.01515	-1	-1	-1
5	4	8.36439	4.01515	-1	-1	-1
5	4	8.51439	4.01515	-1	-1	-1
5	4	7.46439	4.16515	-1	-1	-1
5	4	7.61439	4.16515	1070	1139.28	-1
5	4	7.76439	4.16515	1346	1411.72	-1
5	4	7.91439	4.16515	1209	1280.84	-1
5	4	8.06439	4.16515	1472	1538.97	-1
5	4	8.21439	4.16515	-1	-1	-1
5	4	8.36439	4.16515	-1	-1	-1
5	4	8.51439	4.16515	-1	-1	-1
5	4	7.46439	4.31515	-1	-1	-1
5	4	7.61439	4.31515	-1	-1	-1
5	4	7.76439	4.31515	1883	1948.91	-1
5	4	7.91439	4.31515	1735	1810.06	-1
5	4	8.06439	4.31515	1600	1668.88	-1
5	4	8.21439	4.31515	-1	-1	-1
5	4	8.36439	4.31515	-1	-1	-1
5	4	8.51439	4.31515	-1	-1	-1
5	4	7.46439	4.46515	-1	-1	-1
5	4	7.61439	4.46515	-1	-1	-1
5	4	7.76439	4.46515	-1	-1	-1
5	4	7.91439	4.46515	1762	1832.12	-1
5	4	8.06439	4.46515	1903	1968.22	-1
5	4	8.21439	4.46515	-1	-1	-1
5	4	8.36439	4.46515	-1	-1	-1
5	4	8.51439	4.46515	-1	-1	-1
5	4	7.46439	4.61515	-1	-1	-1
5	4	7.61439	4.61515	-1	-1	-1
5	4	7.76439	4.61515	-1	-1	-1
5	4	7.91439	4.61515	-1	-1	-1
5	4	8.06439	4.61515	-1	-1	-1
5	4	8.21439	4.61515	-1	-1	-1
5	4	8.36439	4.61515	-1	-1	-1
5	4	8.51439	4.61515	-1	-1	-1
5	4	7.46439	4.76515	-1	-1	-1
5	4	7.61439	4.76515	-1	-1	-1
5	4	7.76439	4.76515	-1	-1	-1
5	4	7.91439	4.76515	-1	-1	-1
5	4	8.06439	4.76515	-1	-1	-1
5	4	8.21439	4.76515	5126	5194.75	-1
5	4	8.36439	4.76515	5265	5351.22	-1
5	4	8.51439	4.76515	5347	-1	-1
6	16	3.29742	-6.06818	-1	-1	-1
6	16	3.44742	-6.06818	-1	-1	-1
6	16	3.59742	-6.06818	-1	-1	-1
6	16	3.74742	-6.06818	-1	-1	-1
6	16	3.29742	-5.91818	-1	-1	-1
6	16	3.44742	-5.91818	-1	-1	-1
6	16	3.59742	-5.91818	-1	-1	-1
6	16	3.74742	-5.91818	-1	-1	-1
6	16	3.29742	-5.76818	-1	-1	-1
6	16	3.44742	-5.76818	-1	-1	-1
6	16	3.59742	-5.76818	-1	-1	-1
6	16	3.74742	-5.76818	-1	-1	-1
6	16	3.29742	-5.61818	4385	4515.41	-1
6	16	3.44742	-5.61818	-1	-1	-1
6	16	3.59742	-5.61818	-1	-1	-1
6	16	3.74742	-5.61818	74	125	-1
7	16	6.31469	-4.50534	-1	-1	-1
7	16	6.46469	-4.50534	-1	-1	-1
7	16	6.61469	-4.50534	-1	-1	-1
7	16	6.76469	-4.50534	-1	-1	-1
7	16	6.31469	-4.35534	-1	-1	-1
7	16	6.46469	-4.35534	-1	-1	-1
7	16	6.61469	-4.35534	-1	-1	-1
7	16	6.76469	-4.35534	-1	-1	-1
7	16	6.31469	-4.20534	-1	-1	-1
7	16	6.46469	-4.20534	-1	-1	-1
7	16	6.61469	-4.20534	-1	-1	-1
7	16	6.76469	-4.20534	-1	-1	-1
7	16	6.31469	-4.05534	-1	-1	-1
7	16	6.46469	-4.05534	3245	3301.22	-1
7	16	6.61469	-4.05534	-1	-1	-1
7	16	6.76469	-4.05534	-1	-1	-1
8	16	8.64885	-0.132321	3379	3466	-1
8	16	8.79885	-0.132321	3536	3601.38	-1
8	16	8.94885	-0.132321	-1	-1	-1
8	16	9.09885	-0.132321	-1	-1	-1
8	16	8.64885	0.0176792	3666	3736.28	-1
8	16	8.79885	0.0176792	3683	3758.28	-1
8	16	8.94885	0.0176792	-1	-1	-1
8	16	9.09885	0.0176792	-1	-1	-1
8	16	8.64885	0.167679	-1	-1	-1
8	16	8.79885	0.167679	-1	-1	-1
8	16	8.94885	0.167679	-1	-1	-1
8	16	9.09885	0.167679	-1	-1	-1
8	16	8.64885	0.317679	-1	-1	-1
8	16	8.79885	0.317679	-1	-1	-1
8	16	8.94885	0.317679	-1	-1	-1
8	16	9.09885	0.317679	3157	3232.38	-1
9	16	-1.08183	6.36122	594	649.688	-1
9	16	-0.931835	6.36122	-1	-1	-1
9	16	-0.781835	6.36122	-1	-1	-1
9	16	-0.631835	6.36122	-1	-1	-1
9	16	-1.08183	6.51122	-1	-1	-1
9	16	-0.931835	6.51122	-1	-1	-1
9	16	-0.781835	6.51122	-1	-1	-1
9	16	-0.631835	6.51122	-1	-1	-1
9	16	-1.08183	6.66122	-1	-1	-1
9	16	-0.931835	6.66122	-1	-1	-1
9	16	-0.781835	6.66122	-1	-1	-1
9	16	-0.631835	6.66122	-1	-1	-1
9	16	-1.08183	6.81122	-1	-1	-1
9	16	-0.931835	6.81122	-1	-1	-1
9	16	-0.781835	6.81122	-1	-1	-1
9	16	-0.631835	6.81122	-1	-1	-1
10	16	-1.12184	-6.24805	-1	-1	-1
10	16	-0.971842	-6.24805	-1	-1	-1
10	16	-0.821842	-6.24805	-1	-1	-1
10	16	-0.671842	-6.24805	-1	-1	-1
10	16	-1.12184	-6.09805	-1	-1	-1
10	16	-0.971842	-6.09805	-1	-1	-1
10	16	-0.821842	-6.09805	-1	-1	-1
10	16	-0.671842	-6.09805	-1	-1	-1
10	16	-1.12184	-5.94805	-1	-1	-1
10	16	-0.971842	-5.94805	-1	-1	-1
10	16	-0.821842	-5.94805	-1	-1	-1
10	16	-0.671842	-5.94805	-1	-1	-1
10	16	-1.12184	-5.79805	-1	-1	-1
10	16	-0.971842	-5.79805	-1	-1	-1
10	16	-0.821842	-5.79805	-1	-1	-1
10	16	-0.671842	-5.79805	-1	-1	-1
11	16	-0.397147	3.628	147	183.031	-1
11	16	-0.247147	3.628	74	104.344	-1
11	16	-0.0971471	3.628	245	279.219	-1
11	16	0.0528529	3.628	4080	4129.59	-1
11	16	-0.397147	3.778	218	259.625	-1
11	16	-0.247147	3.778	173	224.906	-1
11	16	-0.0971471	3.778	271	302.781	-1
11	16	0.0528529	3.778	4014	4046.47	-1
11	16	-0.397147	3.928	238	285.812	-1
11	16	-0.247147	3.928	3788	3821.78	-1
11	16	-0.0971471	3.928	3871	3909	-1
11	16	0.0528529	3.928	3954	3985.75	-1
11	16	-0.397147	4.078	3855	3912.94	-1
11	16	-0.247147	4.078	-1	-1	-1
11	16	-0.0971471	4.078	-1	-1	-1
11	16	0.0528529	4.078	-1	-1	-1
12	16	-8.01558	-1.3271	-1	-1	-1
12	16	-7.86558	-1.3271	-1	-1	-1
12	16	-7.71558	-1.3271	-1	-1	-1
12	16	-7.56558	-1.3271	-1	-1	-1
12	16	-8.01558	-1.1771	-1	-1	-1
12	16	-7.86558	-1.1771	-1	-1	-1
12	16	-7.71558	-1.1771	-1	-1	-1
12	16	-7.56558	-1.1771	-1	-1	-1
12	16	-8.01558	-1.0271	-1	-1	-1
12	16	-7.86558	-1.0271	-1	-1	-1
12	16	-7.71558	-1.0271	-1	-1	-1
12	16	-7.56558	-1.0271	-1	-1	-1
12	16	-8.01558	-0.877103	-1	-1	-1
12	16	-7.86558	-0.877103	-1	-1	-1
12	16	-7.71558	-0.877103	-1	-1	-1
12	16	-7.56558	-0.877103	-1	-1	-1
13	16	-3.84706	1.95037	2256	2290.88	-1
13	16	-3.69706	1.95037	2172	2209.59	-1
13	16	-3.54706	1.95037	-1	-1	-1
13	16	-3.39706	1.95037	-1	-1	-1
13	16	-3.84706	2.10037	-1	-1	-1
13	16	-3.69706	2.10037	-1	-1	-1
13	16	-3.54706	2.10037	-1	-1	-1
13	16	-3.39706	2.10037	-1	-1	-1
13	16	-3.84706	2.25037	-1	-1	-1
13	16	-3.69706	2.25037	-1	-1	-1
13	16	-3.54706	2.25037	-1	-1	-1
13	16	-3.39706	2.25037	-1	-1	-1
13	16	-3.84706	2.40037	-1	-1	-1
13	16	-3.69706	2.40037	-1	-1	-1
13	16	-3.54706	2.40037	-1	-1	-1
13	16	-3.39706	2.40037	-1	-1	-1
14	16	6.52241	-7.31241	-1	-1	-1
14	16	6.67241	-7.31241	-1	-1	-1
14	16	6.82241	-7.31241	-1	-1	-1
14	16	6.97241	-7.31241	-1	-1	-1
14	16	6.52241	-7.16241	-1	-1	-1
14	16	6.67241	-7.16241	-1	-1	-1
14	16	6.82241	-7.16241	-1	-1	-1
14	16	6.97241	-7.16241	5046	5118.28	-1
14	16	6.52241	-7.01241	-1	-1	-1
14	16	6.67241	-7.01241	-1	-1	-1
14	16	6.82241	-7.01241	-1	-1	-1
14	16	6.97241	-7.01241	5193	5267.78	-1
14	16	6.52241	-6.86241	-1	-1	-1
14	16	6.67241	-6.86241	161	285.281	-1
14	16	6.82241	-6.86241	-1	-1	-1
14	16	6.97241	-6.86241	5356	-1	-1
15	16	8.61663	-3.27481	849	925.406	-1
15	16	8.76663	-3.27481	4225	4296.69	-1
15	16	8.91663	-3.27481	-1	-1	-1
15	16	9.06663	-3.27481	-1	-1	-1
15	16	8.61663	-3.12481	676	756.812	-1
15	16	8.76663	-3.12481	4082	4162.38	-1
15	16	8.91663	-3.12481	4365	4439.12	-1
15	16	9.06663	-3.12481	-1	-1	-1
15	16	8.61663	-2.97481	823	915.875	-1
15	16	8.76663	-2.97481	4521	4588.72	-1
15	16	8.91663	-2.97481	4660	4760.38	-1
15	16	9.06663	-2.97481	-1	-1	-1
15	16	8.61663	-2.82481	988	1053.81	-1
15	16	8.76663	-2.82481	4681	4750.94	-1
15	16	8.91663	-2.82481	-1	-1	-1
15	16	9.06663	-2.82481	-1	-1	-1
16	16	8.01994	-2.72422	3098	3166.88	-1
16	16	8.16994	-2.72422	-1	-1	-1
16	16	8.31994	-2.72422	865	936.469	-1
16	16	8.46994	-2.72422	4702	4768.06	-1
16	16	8.01994	-2.57422	-1	-1	-1
16	16	8.16994	-2.57422	-1	-1	-1
16	16	8.31994	-2.57422	4970	5037.84	-1
16	16	8.46994	-2.57422	4841	4906.38	-1
16	16	8.01994	-2.42422	-1	-1	-1
16	16	8.16994	-2.42422	-1	-1	-1
16	16	8.31994	-2.42422	-1	-1	-1
16	16	8.46994	-2.42422	-1	-1	-1
16	16	8.01994	-2.27422	-1	-1	-1
16	16	8.16994	-2.27422	-1	-1	-1
16	16	8.31994	-2.27422	-1	-1	-1
16	16	8.46994	-2.27422	-1	-1	-1
17	16	-9.70441	0.0718545	-1	-1	-1
17	16	-9.55441	0.0718545	-1	-1	-1
17	16	-9.40441	0.0718545	-1	-1	-1
17	16	-9.25441	0.0718545	-1	-1	-1
17	16	-9.70441	0.221854	-1	-1	-1
17	16	-9.55441	0.221854	-1	-1	-1
17	16	-9.40441	0.221854	-1	-1	-1
17	16	-9.25441	0.221854	-1	-1	-1
17	16	-9.70441	0.371854	-1	-1	-1
17	16	-9.55441	0.371854	-1	-1	-1
17	16	-9.40441	0.371854	-1	-1	-1
17	16	-9.25441	0.371854	-1	-1	-1
17	16	-9.70441	0.521854	-1	-1	-1
17	16	-9.55441	0.521854	-1	-1	-1
17	16	-9.40441	0.521854	-1	-1	-1
17	16	-9.25441	0.521854	4169	4244.25	-1
18	16	4.58907	-9.67433	-1	-1	-1
18	16	4.73907	-9.67433	-1	-1	-1
18	16	4.88907	-9.67433	-1	-1	-1
18	16	5.03907	-9.67433	-1	-1	-1
18	16	4.58907	-9.52433	-1	-1	-1
18	16	4.73907	-9.52433	-1	-1	-1
18	16	4.88907	-9.52433	-1	-1	-1
18	16	5.03907	-9.52433	-1	-1	-1
18	16	4.58907	-9.37433	-1	-1	-1
18	16	4.73907	-9.37433	-1	-1	-1
18	16	4.88907	-9.37433	-1	-1	-1
18	16	5.03907	-9.37433	-1	-1	-1
18	16	4.58907	-9.22433	-1	-1	-1
18	16	4.73907	-9.22433	-1	-1	-1
18	16	4.88907	-9.22433	-1	-1	-1
18	16	5.03907	-9.22433	-1	-1	-1
19	16	-3.5478	7.97824	-1	-1	-1
19	16	-3.3978	7.97824	-1	-1	-1
19	16	-3.2478	7.97824	-1	-1	-1
19	16	-3.0978	7.97824	-1	-1	-1
19	16	-3.5478	8.12824	-1	-1	-1
19	16	-3.3978	8.12824	-1	-1	-1
19	16	-3.2478	8.12824	-1	-1	-1
19	16	-3.0978	8.12824	-1	-1	-1
19	16	-3.5478	8.27824	-1	-1	-1
19	16	-3.3978	8.27824	-1	-1	-1
19	16	-3.2478	8.27824	-1	-1	-1
19	16	-3.0978	8.27824	-1	-1	-1
19	16	-3.5478	8.42824	-1	-1	-1
19	16	-3.3978	8.42824	-1	-1	-1
19	16	-3.2478	8.42824	-1	-1	-1
19	16	-3.0978	8.42824	-1	-1	-1
20	16	-4.12044	4.16554	-1	-1	-1
20	16	-3.97044	4.16554	4788	4938.22	-1
20	16	-3.82044	4.16554	4986	5031	-1
20	16	-3.67044	4.16554	1518	1573	-1
20	16	-4.12044	4.31554	-1	-1	-1
20	16	-3.97044	4.31554	-1	-1	-1
20	16	-3.82044	4.31554	-1	-1	-1
20	16	-3.67044	4.31554	1430	1477.69	-1
20	16	-4.12044	4.46554	-1	-1	-1
20	16	-3.97044	4.46554	-1	-1	-1
20	16	-3.82044	4.46554	-1	-1	-1
20	16	-3.67044	4.46554	-1	-1	-1
20	16	-4.12044	4.61554	-1	-1	-1
20	16	-3.97044	4.61554	-1	-1	-1
20	16	-3.82044	4.61554	-1	-1	-1
20	16	-3.67044	4.61554	-1	-1	-1
21	16	-7.25759	-0.338501	-1	-1	-1
21	16	-7.10759	-0.338501	-1	-1	-1
21	16	-6.95759	-0.338501	-1	-1	-1
21	16	-6.80759	-0.338501	-1	-1	-1
21	16	-7.25759	-0.188501	-1	-1	-1
21	16	-7.10759	-0.188501	-1	-1	-1
21	16	-6.95759	-0.188501	-1	-1	-1
21	16	-6.80759	-0.188501	-1	-1	-1
21	16	-7.25759	-0.0385012	-1	-1	-1
21	16	-7.10759	-0.0385012	-1	-1	-1
21	16	-6.95759	-0.0385012	-1	-1	-1
21	16	-6.80759	-0.0385012	-1	-1	-1
21	16	-7.25759	0.111499	-1	-1	-1
21	16	-7.10759	0.111499	-1	-1	-1
21	16	-6.95759	0.111499	-1	-1	-1
21	16	-6.80759	0.111499	-1	-1	-1
0	256	1.72846	6.10306	-1	-1	-1
0	256	5.12366	6.19813	-1	-1	-1
0	256	-6.10235	2.82273	-1	-1	-1
0	256	-4.72725	8.23389	-1	-1	-1
0	256	7.39986	-3.07565	1014	1085.09	-1
0	256	1.88449	2.35721	885	1033.06	-1
0	256	-4.81873	1.61481	4105	4227.44	-1
0	256	-7.93018	-5.46046	-1	-1	-1
0	256	-2.67166	4.63667	-1	-1	-1
0	256	4.14732	1.03677	-1	-1	-1
0	256	-5.72317	2.13604	-1	-1	-1
0	256	1.36718	-5.06808	4126	4235.59	-1
0	256	-2.96366	0.855437	1757	1783.31	-1
0	256	7.38545	-4.53244	3376	3443.53	-1
0	256	-8.13501	7.1972	-1	-1	-1
0	256	3.2365	8.11105	-1	-1	-1
0	256	-5.53153	-0.10448	-1	-1	-1
0	256	8.28231	-0.326459	3037	3108.16	-1
0	256	2.66543	2.27691	3722	3752	-1
0	256	0.981732	3.03742	261	289.281	-1
0	256	-5.3551	6.9576	-1	-1	-1
0	256	-5.64341	-5.91799	-1	-1	-1
0	256	1.36883	7.38757	-1	-1	-1
0	256	7.21862	5.82062	-1	-1	-1
0	256	-3.80378	5.3894	-1	-1	-1
0	256	-3.78581	-1.78032	1239	1273.19	-1
0	256	-5.82447	-6.39377	-1	-1	-1
0	256	3.29754	3.34113	-1	-1	-1
0	256	-0.163764	8.25942	-1	-1	-1
0	256	6.21864	-1.85064	3377	3427.81	-1
0	256	-6.10304	-7.39657	-1	-1	-1
0	256	-3.30451	-6.66443	-1	-1	-1
0	256	9.30045	-2.49475	-1	-1	-1
0	256	7.75716	-0.789725	-1	-1	-1
0	256	-5.20244	0.116914	2347	2387.03	-1
0	256	-1.0679	4.66986	-1	-1	-1
0	256	2.29712	5.93753	-1	-1	-1
0	256	5.82482	2.20703	5183	5230.34	-1
0	256	-3.34455	6.19349	-1	-1	-1
0	256	5.57533	6.85292	-1	-1	-1
0	256	-8.4094	1.31926	-1	-1	-1
0	256	8.12645	1.83234	3657	3722.31	-1
0	256	3.63062	-7.97642	-1	-1	-1
0	256	-5.62352	4.34344	-1	-1	-1
0	256	3.56919	-5.20479	4026	4079.53	-1
0	256	3.93238	7.79153	264	365.188	-1
0	256	0.465061	5.91573	5078	5177.12	-1
0	256	4.76316	-8.35338	-1	-1	-1
0	256	-5.82761	6.37641	-1	-1	-1
0	256	-2.97284	4.40087	-1	-1	-1
0	256	-2.62036	7.8912	-1	-1	-1
0	256	2.31483	3.66845	-1	-1	-1
0	256	-5.82333	5.71308	-1	-1	-1
0	256	-5.61666	8.01758	-1	-1	-1
0	256	-6.91596	-1.30833	-1	-1	-1
0	256	9.02956	-2.69458	-1	-1	-1
0	256	-1.69512	-4.93807	-1	-1	-1
0	256	-8.13454	1.93546	-1	-1	-1
0	256	8.74086	3.2268	-1	-1	-1
0	256	7.38229	3.04113	-1	-1	-1
0	256	-8.16263	-0.835387	-1	-1	-1
0	256	-0.431716	-3.75365	3011	3045.31	-1
0	256	-4.81738	-0.710855	3321	3443.22	-1
0	256	6.26998	-7.08639	-1	-1	-1
0	256	-2.65036	1.85875	1218	1377.09	-1
0	256	-2.3137	8.53698	-1	-1	-1
0	256	3.29579	8.67427	-1	-1	-1
0	256	-6.12285	6.42463	-1	-1	-1
0	256	4.43964	7.55508	-1	-1	-1
0	256	-3.4544	7.77008	-1	-1	-1
0	256	-6.69294	-5.44581	-1	-1	-1
0	256	-2.95434	-9.09535	-1	-1	-1
0	256	-5.63044	-1.84469	-1	-1	-1
0	256	6.69958	-6.44631	-1	-1	-1
0	256	6.0085	-4.52377	-1	-1	-1
0	256	2.24402	-3.57888	2900	2963.12	-1
0	256	7.90496	2.52675	440	534.938	-1
0	256	2.77836	-8.05983	-1	-1	-1
0	256	1.5655	-4.18123	-1	-1	-1
0	256	-3.02164	-2.18146	-1	-1	-1
0	256	0.486975	-8.57129	-1	-1	-1
0	256	4.32938	6.94228	584	662.312	-1
0	256	-7.93016	5.2739	-1	-1	-1
0	256	-3.14225	7.34725	-1	-1	-1
0	256	-0.847301	-0.112997	14	47.6562	-1
0	256	0.0820224	7.81974	2845	2940.34	-1
0	256	-4.32934	4.87512	5103	5155.34	-1
0	256	6.06564	3.79257	-1	-1	-1
0	256	5.88614	-6.2322	-1	-1	-1
0	256	5.10405	-3.17117	-1	-1	-1
0	256	1.72651	-6.73084	-1	-1	-1
0	256	-2.90252	6.52868	3110	3220.53	-1
0	256	-0.200949	-6.79832	-1	-1	-1
0	256	0.95259	3.67643	-1	-1	-1
0	256	-6.50749	-7.24113	-1	-1	-1
0	256	3.96064	0.996761	3954	3989.25	-1
0	256	5.2298	-1.158	-1	-1	-1
0	256	-2.13728	5.82848	-1	-1	-1
0	256	-5.58239	6.76544	2679	2806.22	-1
0	256	8.00693	5.6811	2944	3044.25	-1
0	256	-5.04549	8.6118	-1	-1	-1
0	256	-8.50464	-1.45026	-1	-1	-1
0	256	-3.77748	7.55997	-1	-1	-1
0	256	2.06588	-7.35282	-1	-1	-1
0	256	4.16486	-3.54266	-1	-1	-1
0	256	3.59265	0.963866	4037	4071.44	-1
0	256	2.8529	-1.47794	5160	5284.94	-1
0	256	1.12706	-9.22841	-1	-1	-1
0	256	-2.60086	-9.59187	-1	-1	-1
0	256	1.131	9.09666	-1	-1	-1
0	256	-5.03116	5.49903	-1	-1	-1
0	256	3.90487	3.39995	301	342.938	-1
0	256	-3.44353	-3.22089	-1	-1	-1
0	256	7.64021	-0.33343	2897	2969.38	-1
0	256	3.35135	-5.44726	3848	3976.28	-1
0	256	0.807477	-4.53066	-1	-1	-1
0	256	6.43536	-1.71694	-1	-1	-1
0	256	2.96163	4.25088	-1	-1	-1
0	256	0.340329	-3.59074	4494	4619.97	-1
0	256	-1.14629	-8.38903	-1	-1	-1
0	256	7.79197	-5.25029	-1	-1	-1
0	256	-0.948216	0.673732	24	62.3438	-1
0	256	-5.62269	8.22565	-1	-1	-1
0	256	-2.17631	-5.04793	4500	4627.78	-1
0	256	-1.77837	-5.01432	-1	-1	-1
0	256	3.93588	0.787794	3876	3912.41	-1
0	256	-9.71942	0.883834	-1	-1	-1
0	256	3.98361	-0.371814	-1	-1	-1
0	256	-4.62082	3.19022	-1	-1	-1
0	256	-7.09507	-3.66456	-1	-1	-1
0	256	-5.9155	1.01568	-1	-1	-1
0	256	5.14428	-6.8638	5278	5345.03	-1
0	256	-5.69861	7.03503	-1	-1	-1
0	256	4.13974	8.57627	921	997.531	-1
0	256	-6.14148	-3.4372	2980	3030.94	-1
0	256	7.03959	-4.6032	-1	-1	-1
0	256	-7.00623	6.82257	4291	4413.62	-1
0	256	9.65967	1.43787	1123	1196.12	-1
0	256	-0.805008	-7.08703	-1	-1	-1
0	256	-3.36122	0.872152	1525	1560.34	-1
0	256	0.737635	-4.75306	-1	-1	-1
0	256	-3.53346	-6.31844	-1	-1	-1
0	256	5.56566	5.75294	-1	-1	-1
0	256	-7.65765	-0.764595	-1	-1	-1
0	256	3.20151	4.71807	-1	-1	-1
0	256	6.12294	-5.21833	-1	-1	-1
0	256	-5.7725	-6.66449	-1	-1	-1
0	256	4.61211	-3.69368	-1	-1	-1
0	256	-6.56142	-4.14491	-1	-1	-1
0	256	3.08815	-7.67107	-1	-1	-1
0	256	1.95363	2.63824	4650	4679.5	-1
0	256	-6.19571	-2.37351	-1	-1	-1
0	256	3.69411	5.91848	-1	-1	-1
0	256	-1.36709	-4.8234	-1	-1	-1
0	256	2.96875	-8.1413	-1	-1	-1
0	256	-7.16781	6.23704	4884	5000.09	-1
0	256	4.82471	-7.93406	115	185.094	-1
0	256	-4.83375	-7.53965	4853	4928.16	-1
0	256	3.49313	-4.79959	342	494.938	-1
0	256	1.43591	-3.79165	3992	4026.44	-1
0	256	6.18995	-3.13568	-1	-1	-1
0	256	-8.31351	2.55023	4331	4391.88	-1
0	256	0.850346	-6.0631	-1	-1	-1
0	256	6.55833	6.20792	3009	3074.66	-1
0	256	-0.0480139	2.70742	-1	-1	-1
0	256	-4.33593	-1.93838	4596	4705.06	-1
0	256	5.83932	-6.48107	-1	-1	-1
0	256	4.49749	-4.97979	4143	4288.62	-1
0	256	-2.65122	8.08284	5324	5390.03	-1
0	256	-3.90192	1.16495	2253	2290.5	-1
0	256	5.58201	4.84397	-1	-1	-1
0	256	-9.28547	9.38246	-1	-1	-1
0	256	-7.09504	-9.60711	-1	-1	-1
0	256	0.600395	5.63072	910	1020.47	-1
0	256	3.21239	1.97941	-1	-1	-1
0	256	-8.0289	-4.00933	-1	-1	-1
0	256	-4.85134	8.31003	-1	-1	-1
0	256	-4.56249	-7.55841	-1	-1	-1
0	256	4.31684	1.29162	-1	-1	-1
0	256	-4.50487	-5.17635	-1	-1	-1
0	256	1.96428	3.71165	-1	-1	-1
0	256	4.03692	7.56216	-1	-1	-1
0	256	4.59079	6.88525	419	487.312	-1
0	256	7.53749	0.119419	3053	3113.47	-1
0	256	-0.839542	0.874066	341	353.812	-1
0	256	-9.28923	3.1808	573	656.25	-1
0	256	-0.166454	-4.82246	4454	4490.81	-1
0	256	0.816503	8.63175	-1	-1	-1
0	256	4.40657	-3.19007	-1	-1	-1
0	256	-3.52584	-6.75319	-1	-1	-1
0	256	0.316206	8.56236	-1	-1	-1
0	256	2.1873	-8.79776	-1	-1	-1
0	256	2.82934	-4.88655	4045	4090.22	-1
0	256	3.06843	3.09548	4787	4823.84	-1
0	256	-5.37738	-8.03748	-1	-1	-1
0	256	-0.574017	5.40877	-1	-1	-1
0	256	5.58029	-8.17774	5274	5344.31	-1
0	256	-4.48557	-4.08959	4306	4355.62	-1
0	256	9.16725	-3.73381	-1	-1	-1
0	256	1.42338	3.41584	196	317.594	-1
0	256	8.88698	-3.78417	-1	-1	-1
0	256	-3.55092	0.591983	-1	-1	-1
0	256	3.43509	4.12445	1350	1398.59	-1
0	256	-3.98907	-1.81622	75	188.781	-1
0	256	5.97592	-6.64099	-1	-1	-1
0	256	-1.16748	9.35946	649	721.188	-1
0	256	-4.19925	-2.39731	2459	2578.06	-1
0	256	2.9786	-1.92153	3107	3271.69	-1
0	256	6.33384	2.95868	112	217.875	-1
0	256	5.46136	1.39099	-1	-1	-1
0	256	-0.415642	5.44983	-1	-1	-1
0	256	-4.40448	3.65634	4465	4618.19	-1
0	256	-7.23314	1.97725	-1	-1	-1
0	256	-2.73949	7.72745	-1	-1	-1
0	256	3.51082	5.39522	1098	1147.31	-1
0	256	7.20707	2.97373	-1	-1	-1
0	256	3.54912	8.86167	-1	-1	-1
0	256	-4.67736	0.903894	368	405.781	-1
0	256	1.95473	8.14089	-1	-1	-1
0	256	-3.87646	-6.54873	-1	-1	-1
0	256	6.19939	-2.90759	-1	-1	-1
0	256	0.000601498	9.0732	-1	-1	-1
0	256	6.58109	6.62935	-1	-1	-1
0	256	-0.882246	7.49546	-1	-1	-1
0	256	-2.24421	-4.78928	4559	4599.53	-1
0	256	-9.75144	-0.260713	-1	-1	-1
0	256	4.70984	-0.961069	4338	4376.03	-1
0	256	4.58517	-0.350519	3819	3857.03	-1
0	256	7.24712	0.289662	-1	-1	-1
0	256	-7.97327	-0.282396	-1	-1	-1
0	256	8.33238	3.55141	-1	-1	-1
0	256	-4.67636	1.34328	5292	-1	-1
0	256	4.26838	-2.52464	4922	5065.03	-1
0	256	-3.92633	-3.1747	4533	4577.38	-1
0	256	-5.44918	6.21771	-1	-1	-1
0	256	1.83427	-4.88586	-1	-1	-1
0	256	-3.20165	7.77513	-1	-1	-1
0	256	6.38014	-1.41001	-1	-1	-1
0	256	-4.12988	-2.7204	5323	5371.84	-1
0	256	2.29179	-4.9422	-1	-1	-1
0	256	-4.70373	-4.18316	4418	4476.31	-1
0	256	-4.55521	0.678309	442	490.344	-1
0	256	6.87398	-2.75252	1152	1212.12	-1
0	256	-9.3961	0.771284	-1	-1	-1
0	256	8.40553	-0.692744	4481	4563.12	-1
0	256	1.88729	-7.11811	-1	-1	-1
0	256	-3.40449	-3.48652	-1	-1	-1
0	256	4.17624	-3.14551	1067	1208.53	-1
0	256	7.48283	-0.146676	2885	3009.38	-1
0	256	7.78517	-5.09393	-1	-1	-1
0	256	-0.775109	3.93368	3949	3983.38	-1
0	256	-0.307859	4.34623	-1	-1	-1
0	256	-0.169552	-7.04571	-1	-1	-1
0	256	8.86268	1.05995	-1	-1	-1
0	256	5.95598	6.57721	4247	4323.59	-1
0	256	2.80789	-6.63857	4727	4828.31	-1
