Pile ID	Distribution Type	X-Position	Y-Position	Pickup Time	Drop Off Time	Ant ID
1	1	-0.129699	-3.86933	-1	-1	-1
1	1	0.0203009	-3.86933	-1	-1	-1
1	1	0.170301	-3.86933	-1	-1	-1
1	1	0.320301	-3.86933	-1	-1	-1
1	1	0.470301	-3.86933	-1	-1	-1
1	1	0.620301	-3.86933	3979	4014.34	-1
1	1	0.770301	-3.86933	1927	1994.94	-1
1	1	0.920301	-3.86933	2344	2403.53	-1
1	1	1.0703	-3.86933	2244	2307.81	-1
1	1	1.2203	-3.86933	2554	2604.06	-1
1	1	1.3703	-3.86933	3898	3941.28	-1
1	1	1.5203	-3.86933	3462	3504.81	-1
1	1	1.6703	-3.86933	3584	3624.09	-1
1	1	1.8203	-3.86933	3540	3576.72	-1
1	1	1.9703	-3.86933	3444	3488.72	-1
1	1	2.1203	-3.86933	-1	-1	-1
1	1	-0.129699	-3.71933	-1	-1	-1
1	1	0.0203009	-3.71933	-1	-1	-1
1	1	0.170301	-3.71933	-1	-1	-1
1	1	0.320301	-3.71933	-1	-1	-1
1	1	0.470301	-3.71933	-1	-1	-1
1	1	0.620301	-3.71933	-1	-1	-1
1	1	0.770301	-3.71933	-1	-1	-1
1	1	0.920301	-3.71933	2876	2929.72	-1
1	1	1.0703	-3.71933	2438	2501.5	-1
1	1	1.2203	-3.71933	2647	2705.22	-1
1	1	1.3703	-3.71933	2987	3054.88	-1
1	1	1.5203	-3.71933	3337	3425.34	-1
1	1	1.6703	-3.71933	3216	3305.5	-1
1	1	1.8203	-3.71933	3102	3151.03	-1
1	1	1.9703	-3.71933	3194	3299.88	-1
1	1	2.1203	-3.71933	3341	3390.72	-1
1	1	-0.129699	-3.56933	-1	-1	-1
1	1	0.0203009	-3.56933	5372	-1	-1
1	1	0.170301	-3.56933	5300	5337.47	-1
1	1	0.320301	-3.56933	-1	-1	-1
1	1	0.470301	-3.56933	-1	-1	-1
1	1	0.620301	-3.56933	-1	-1	-1
1	1	0.770301	-3.56933	3017	3094.19	-1
1	1	0.920301	-3.56933	2916	2967.72	-1
1	1	1.0703	-3.56933	2774	2826.03	-1
1	1	1.2203	-3.56933	2807	2863.44	-1
1	1	1.3703	-3.56933	2858	2912.47	-1
1	1	1.5203	-3.56933	3237	3270.38	-1
1	1	1.6703	-3.56933	3008	3065.66	-1
1	1	1.8203	-3.56933	2408	2461.59	-1
1	1	1.9703	-3.56933	2497	2553.47	-1
1	1	2.1203	-3.56933	-1	-1	-1
1	1	-0.129699	-3.41933	-1	-1	-1
1	1	0.0203009	-3.41933	3375	3445.19	-1
1	1	0.170301	-3.41933	3482	3518.72	-1
1	1	0.320301	-3.41933	3162	3233.72	-1
1	1	0.470301	-3.41933	-1	-1	-1
1	1	0.620301	-3.41933	-1	-1	-1
1	1	0.770301	-3.41933	-1	-1	-1
1	1	0.920301	-3.41933	3313	3380.5	-1
1	1	1.0703	-3.41933	3068	3122.53	-1
1	1	1.2203	-3.41933	-1	-1	-1
1	1	1.3703	-3.41933	2781	2817.91	-1
1	1	1.5203	-3.41933	2981	3027.91	-1
1	1	1.6703	-3.41933	2882	2954.47	-1
1	1	1.8203	-3.41933	2144	2191.59	-1
1	1	1.9703	-3.41933	1927	1973.28	-1
1	1	2.1203	-3.41933	1800	1859.62	-1
1	1	-0.129699	-3.26933	-1	-1	-1
1	1	0.0203009	-3.26933	3292	3335.28	-1
1	1	0.170301	-3.26933	3055	3112.41	-1
1	1	0.320301	-3.26933	2947	2996.09	-1
1	1	0.470301	-3.26933	3494	3526.75	-1
1	1	0.620301	-3.26933	2174	2221.81	-1
1	1	0.770301	-3.26933	2350	2399.06	-1
1	1	0.920301	-3.26933	2742	2790.22	-1
1	1	1.0703	-3.26933	2037	2099.72	-1
1	1	1.2203	-3.26933	3191	3229.03	-1
1	1	1.3703	-3.26933	1693	1738.41	-1
1	1	1.5203	-3.26933	2674	2730.25	-1
1	1	1.6703	-3.26933	2439	2495.34	-1
1	1	1.8203	-3.26933	2236	2313.75	-1
1	1	1.9703	-3.26933	2020	2073.81	-1
1	1	2.1203	-3.26933	1428	1481.5	-1
1	1	-0.129699	-3.11933	-1	-1	-1
1	1	0.0203009	-3.11933	3402	3455.44	-1
1	1	0.170301	-3.11933	3385	3434.28	-1
1	1	0.320301	-3.11933	2848	2899.28	-1
1	1	0.470301	-3.11933	2137	2181.34	-1
1	1	0.620301	-3.11933	2014	2054.44	-1
1	1	0.770301	-3.11933	2047	2121.81	-1
1	1	0.920301	-3.11933	1832	1879.94	-1
1	1	1.0703	-3.11933	1616	1663.56	-1
1	1	1.2203	-3.11933	1602	1643	-1
1	1	1.3703	-3.11933	1515	1551.5	-1
1	1	1.5203	-3.11933	1764	1876.38	-1
1	1	1.6703	-3.11933	2354	2401.97	-1
1	1	1.8203	-3.11933	1897	1949	-1
1	1	1.9703	-3.11933	1770	1847.19	-1
1	1	2.1203	-3.11933	1381	1456.56	-1
1	1	-0.129699	-2.96933	4420	4452.34	-1
1	1	0.0203009	-2.96933	3237	3325.06	-1
1	1	0.170301	-2.96933	2777	2815.06	-1
1	1	0.320301	-2.96933	2698	2737.06	-1
1	1	0.470301	-2.96933	2218	2263.62	-1
1	1	0.620301	-2.96933	1924	1968.62	-1
1	1	0.770301	-2.96933	1724	1778.53	-1
1	1	0.920301	-2.96933	1645	1686.94	-1
1	1	1.0703	-2.96933	1490	1575.16	-1
1	1	1.2203	-2.96933	1337	1408.91	-1
1	1	1.3703	-2.96933	1378	1409.53	-1
1	1	1.5203	-2.96933	1939	2023.25	-1
1	1	1.6703	-2.96933	2003	2061.44	-1
1	1	1.8203	-2.96933	1164	1222.94	-1
1	1	1.9703	-2.96933	1116	1205.09	-1
1	1	2.1203	-2.96933	1252	1308.91	-1
1	1	-0.129699	-2.81933	4482	4508.97	-1
1	1	0.0203009	-2.81933	3220	3274.12	-1
1	1	0.170301	-2.81933	3115	3175.22	-1
1	1	0.320301	-2.81933	3019	3069.69	-1
1	1	0.470301	-2.81933	2567	2607.41	-1
1	1	0.620301	-2.81933	2107	2196.5	-1
1	1	0.770301	-2.81933	1967	2011.25	-1
1	1	0.920301	-2.81933	1554	1586.22	-1
1	1	1.0703	-2.81933	1466	1505.44	-1
1	1	1.2203	-2.81933	1246	1298.16	-1
1	1	1.3703	-2.81933	1284	1330.62	-1
1	1	1.5203	-2.81933	1232	1289.75	-1
1	1	1.6703	-2.81933	1100	1182.75	-1
1	1	1.8203	-2.81933	1052	1110.44	-1
1	1	1.9703	-2.81933	986	1061.06	-1
1	1	2.1203	-2.81933	1291	1363.25	-1
1	1	-0.129699	-2.66933	3561	3599.44	-1
1	1	0.0203009	-2.66933	3300	3374.25	-1
1	1	0.170301	-2.66933	2969	3020.47	-1
1	1	0.320301	-2.66933	2835	2874.88	-1
1	1	0.470301	-2.66933	2747	2801.78	-1
1	1	0.620301	-2.66933	2476	2533.16	-1
1	1	0.770301	-2.66933	2609	2655.34	-1
1	1	0.920301	-2.66933	3488	3532.5	-1
1	1	1.0703	-2.66933	1610	1649.66	-1
1	1	1.2203	-2.66933	1130	1188.25	-1
1	1	1.3703	-2.66933	1076	1142.31	-1
1	1	1.5203	-2.66933	958	1019.34	-1
1	1	1.6703	-2.66933	968	1015.38	-1
1	1	1.8203	-2.66933	939	1049.53	-1
1	1	1.9703	-2.66933	955	1019.41	-1
1	1	2.1203	-2.66933	1066	1122.56	-1
1	1	-0.129699	-2.51933	3624	3649.84	-1
1	1	0.0203009	-2.51933	3670	3697.84	-1
1	1	0.170301	-2.51933	3430	3458.03	-1
1	1	0.320301	-2.51933	2923	2987.62	-1
1	1	0.470301	-2.51933	2663	2718.66	-1
1	1	0.620301	-2.51933	2339	2377.41	-1
1	1	0.770301	-2.51933	2511	2538.59	-1
1	1	0.920301	-2.51933	2576	2641.19	-1
1	1	1.0703	-2.51933	1194	1249.72	-1
1	1	1.2203	-2.51933	1101	1182.78	-1
1	1	1.3703	-2.51933	1000	1068.94	-1
1	1	1.5203	-2.51933	920	966.25	-1
1	1	1.6703	-2.51933	789	856.156	-1
1	1	1.8203	-2.51933	780	886.312	-1
1	1	1.9703	-2.51933	927	985.375	-1
1	1	2.1203	-2.51933	1126	1163.34	-1
1	1	-0.129699	-2.36933	4349	4371.38	-1
1	1	0.0203009	-2.36933	2918	2997.59	-1
1	1	0.170301	-2.36933	-1	-1	-1
1	1	0.320301	-2.36933	2608	2658.53	-1
1	1	0.470301	-2.36933	2552	2581.06	-1
1	1	0.620301	-2.36933	2236	2286.03	-1
1	1	0.770301	-2.36933	2062	2132.88	-1
1	1	0.920301	-2.36933	1907	2028	-1
1	1	1.0703	-2.36933	1384	1438.38	-1
1	1	1.2203	-2.36933	1311	1355.59	-1
1	1	1.3703	-2.36933	1234	1276.69	-1
1	1	1.5203	-2.36933	864	923.938	-1
1	1	1.6703	-2.36933	748	847.656	-1
1	1	1.8203	-2.36933	703	749.656	-1
1	1	1.9703	-2.36933	830	906.5	-1
1	1	2.1203	-2.36933	978	1031.06	-1
1	1	-0.129699	-2.21933	3089	3127.16	-1
1	1	0.0203009	-2.21933	2793	2834.38	-1
1	1	0.170301	-2.21933	2706	2765.38	-1
1	1	0.320301	-2.21933	2661	2687.12	-1
1	1	0.470301	-2.21933	2480	2519.75	-1
1	1	0.620301	-2.21933	2202	2234.5	-1
1	1	0.770301	-2.21933	2170	2210.75	-1
1	1	0.920301	-2.21933	1836	1884.25	-1
1	1	1.0703	-2.21933	1508	1553.09	-1
1	1	1.2203	-2.21933	1397	1460.94	-1
1	1	1.3703	-2.21933	1192	1246.5	-1
1	1	1.5203	-2.21933	658	722.75	-1
1	1	1.6703	-2.21933	530	662.531	-1
1	1	1.8203	-2.21933	391	472.562	-1
1	1	1.9703	-2.21933	557	601.969	-1
1	1	2.1203	-2.21933	654	708.375	-1
1	1	-0.129699	-2.06933	3110	3170.84	-1
1	1	0.0203009	-2.06933	2996	3067.41	-1
1	1	0.170301	-2.06933	2853	2934.59	-1
1	1	0.320301	-2.06933	2808	2847.47	-1
1	1	0.470301	-2.06933	3163	3198.97	-1
1	1	0.620301	-2.06933	2356	2429.94	-1
1	1	0.770301	-2.06933	2273	2319.16	-1
1	1	0.920301	-2.06933	1950	1988.47	-1
1	1	1.0703	-2.06933	1580	1619.38	-1
1	1	1.2203	-2.06933	1643	1675.38	-1
1	1	1.3703	-2.06933	1298	1348.16	-1
1	1	1.5203	-2.06933	4903	5045.16	-1
1	1	1.6703	-2.06933	571	615.094	-1
1	1	1.8203	-2.06933	89	262.531	-1
1	1	1.9703	-2.06933	286	311.156	-1
1	1	2.1203	-2.06933	549	622.094	-1
1	1	-0.129699	-1.91933	-1	-1	-1
1	1	0.0203009	-1.91933	3107	3180.19	-1
1	1	0.170301	-1.91933	2878	2961.81	-1
1	1	0.320301	-1.91933	372	392.875	-1
1	1	0.470301	-1.91933	330	351.938	-1
1	1	0.620301	-1.91933	412	434.656	-1
1	1	0.770301	-1.91933	492	511.219	-1
1	1	0.920301	-1.91933	552	578.938	-1
1	1	1.0703	-1.91933	1966	1992.69	-1
1	1	1.2203	-1.91933	1708	1752.84	-1
1	1	1.3703	-1.91933	1782	1819.72	-1
1	1	1.5203	-1.91933	3007	3054.31	-1
1	1	1.6703	-1.91933	498	546.25	-1
1	1	1.8203	-1.91933	333	375.656	-1
1	1	1.9703	-1.91933	351	401.125	-1
1	1	2.1203	-1.91933	368	446.312	-1
1	1	-0.129699	-1.76933	-1	-1	-1
1	1	0.0203009	-1.76933	236	255.281	-1
1	1	0.170301	-1.76933	188	216.25	-1
1	1	0.320301	-1.76933	275	295.312	-1
1	1	0.470301	-1.76933	226	245	-1
1	1	0.620301	-1.76933	260	279.375	-1
1	1	0.770301	-1.76933	529	556.562	-1
1	1	0.920301	-1.76933	599	640.969	-1
1	1	1.0703	-1.76933	2405	2455	-1
1	1	1.2203	-1.76933	2490	2544.22	-1
1	1	1.3703	-1.76933	2410	2440.88	-1
1	1	1.5203	-1.76933	2117	2159.88	-1
1	1	1.6703	-1.76933	740	781.562	-1
1	1	1.8203	-1.76933	447	503.375	-1
1	1	1.9703	-1.76933	470	522.125	-1
1	1	2.1203	-1.76933	577	608.906	-1
1	1	-0.129699	-1.61933	31	69.0312	-1
1	1	0.0203009	-1.61933	110	167.938	-1
1	1	0.170301	-1.61933	13	44.125	-1
1	1	0.320301	-1.61933	58	75.5312	-1
1	1	0.470301	-1.61933	117	143.719	-1
1	1	0.620301	-1.61933	183	201.125	-1
1	1	0.770301	-1.61933	681	821.5	-1
1	1	0.920301	-1.61933	4587	4754.97	-1
1	1	1.0703	-1.61933	3209	3232.78	-1
1	1	1.2203	-1.61933	2101	2269.91	-1
1	1	1.3703	-1.61933	2342	2387.16	-1
1	1	1.5203	-1.61933	2036	2090.69	-1
1	1	1.6703	-1.61933	800	832.469	-1
1	1	1.8203	-1.61933	522	585.25	-1
1	1	1.9703	-1.61933	624	677.969	-1
1	1	2.1203	-1.61933	663	732.594	-1
2	4	-7.33961	-1.48079	4025	4080.72	-1
2	4	-7.18961	-1.48079	-1	-1	-1
2	4	-7.03961	-1.48079	-1	-1	-1
2	4	-6.88961	-1.48079	-1	-1	-1
2	4	-6.73961	-1.48079	-1	-1	-1
2	4	-6.58961	-1.48079	-1	-1	-1
2	4	-6.43961	-1.48079	-1	-1	-1
2	4	-6.28961	-1.48079	-1	-1	-1
2	4	-7.33961	-1.33079	-1	-1	-1
2	4	-7.18961	-1.33079	-1	-1	-1
2	4	-7.03961	-1.33079	-1	-1	-1
2	4	-6.88961	-1.33079	-1	-1	-1
2	4	-6.73961	-1.33079	-1	-1	-1
2	4	-6.58961	-1.33079	-1	-1	-1
2	4	-6.43961	-1.33079	-1	-1	-1
2	4	-6.28961	-1.33079	-1	-1	-1
2	4	-7.33961	-1.18079	-1	-1	-1
2	4	-7.18961	-1.18079	-1	-1	-1
2	4	-7.03961	-1.18079	-1	-1	-1
2	4	-6.88961	-1.18079	-1	-1	-1
2	4	-6.73961	-1.18079	-1	-1	-1
2	4	-6.58961	-1.18079	-1	-1	-1
2	4	-6.43961	-1.18079	-1	-1	-1
2	4	-6.28961	-1.18079	-1	-1	-1
2	4	-7.33961	-1.03079	-1	-1	-1
2	4	-7.18961	-1.03079	-1	-1	-1
2	4	-7.03961	-1.03079	-1	-1	-1
2	4	-6.88961	-1.03079	-1	-1	-1
2	4	-6.73961	-1.03079	-1	-1	-1
2	4	-6.58961	-1.03079	-1	-1	-1
2	4	-6.43961	-1.03079	-1	-1	-1
2	4	-6.28961	-1.03079	4663	4717.41	-1
2	4	-7.33961	-0.880789	-1	-1	-1
2	4	-7.18961	-0.880789	-1	-1	-1
2	4	-7.03961	-0.880789	-1	-1	-1
2	4	-6.88961	-0.880789	-1	-1	-1
2	4	-6.73961	-0.880789	-1	-1	-1
2	4	-6.58961	-0.880789	-1	-1	-1
2	4	-6.43961	-0.880789	-1	-1	-1
2	4	-6.28961	-0.880789	4551	4602.09	-1
2	4	-7.33961	-0.730789	-1	-1	-1
2	4	-7.18961	-0.730789	-1	-1	-1
2	4	-7.03961	-0.730789	-1	-1	-1
2	4	-6.88961	-0.730789	-1	-1	-1
2	4	-6.73961	-0.730789	-1	-1	-1
2	4	-6.58961	-0.730789	-1	-1	-1
2	4	-6.43961	-0.730789	-1	-1	-1
2	4	-6.28961	-0.730789	3792	3840	-1
2	4	-7.33961	-0.580789	-1	-1	-1
2	4	-7.18961	-0.580789	-1	-1	-1
2	4	-7.03961	-0.580789	-1	-1	-1
2	4	-6.88961	-0.580789	-1	-1	-1
2	4	-6.73961	-0.580789	-1	-1	-1
2	4	-6.58961	-0.580789	-1	-1	-1
2	4	-6.43961	-0.580789	-1	-1	-1
2	4	-6.28961	-0.580789	3636	3743.69	-1
2	4	-7.33961	-0.430789	-1	-1	-1
2	4	-7.18961	-0.430789	-1	-1	-1
2	4	-7.03961	-0.430789	-1	-1	-1
2	4	-6.88961	-0.430789	-1	-1	-1
2	4	-6.73961	-0.430789	-1	-1	-1
2	4	-6.58961	-0.430789	-1	-1	-1
2	4	-6.43961	-0.430789	4861	4971.56	-1
2	4	-6.28961	-0.430789	3807	3857.06	-1
3	4	-7.87452	4.09588	-1	-1	-1
3	4	-7.72452	4.09588	-1	-1	-1
3	4	-7.57452	4.09588	-1	-1	-1
3	4	-7.42452	4.09588	-1	-1	-1
3	4	-7.27452	4.09588	-1	-1	-1
3	4	-7.12452	4.09588	-1	-1	-1
3	4	-6.97452	4.09588	-1	-1	-1
3	4	-6.82452	4.09588	-1	-1	-1
3	4	-7.87452	4.24588	-1	-1	-1
3	4	-7.72452	4.24588	-1	-1	-1
3	4	-7.57452	4.24588	-1	-1	-1
3	4	-7.42452	4.24588	-1	-1	-1
3	4	-7.27452	4.24588	-1	-1	-1
3	4	-7.12452	4.24588	-1	-1	-1
3	4	-6.97452	4.24588	-1	-1	-1
3	4	-6.82452	4.24588	-1	-1	-1
3	4	-7.87452	4.39588	-1	-1	-1
3	4	-7.72452	4.39588	-1	-1	-1
3	4	-7.57452	4.39588	-1	-1	-1
3	4	-7.42452	4.39588	-1	-1	-1
3	4	-7.27452	4.39588	-1	-1	-1
3	4	-7.12452	4.39588	-1	-1	-1
3	4	-6.97452	4.39588	-1	-1	-1
3	4	-6.82452	4.39588	-1	-1	-1
3	4	-7.87452	4.54588	-1	-1	-1
3	4	-7.72452	4.54588	-1	-1	-1
3	4	-7.57452	4.54588	-1	-1	-1
3	4	-7.42452	4.54588	-1	-1	-1
3	4	-7.27452	4.54588	-1	-1	-1
3	4	-7.12452	4.54588	-1	-1	-1
3	4	-6.97452	4.54588	-1	-1	-1
3	4	-6.82452	4.54588	-1	-1	-1
3	4	-7.87452	4.69588	-1	-1	-1
3	4	-7.72452	4.69588	-1	-1	-1
3	4	-7.57452	4.69588	-1	-1	-1
3	4	-7.42452	4.69588	-1	-1	-1
3	4	-7.27452	4.69588	-1	-1	-1
3	4	-7.12452	4.69588	-1	-1	-1
3	4	-6.97452	4.69588	-1	-1	-1
3	4	-6.82452	4.69588	-1	-1	-1
3	4	-7.87452	4.84588	-1	-1	-1
3	4	-7.72452	4.84588	-1	-1	-1
3	4	-7.57452	4.84588	-1	-1	-1
3	4	-7.42452	4.84588	-1	-1	-1
3	4	-7.27452	4.84588	-1	-1	-1
3	4	-7.12452	4.84588	-1	-1	-1
3	4	-6.97452	4.84588	-1	-1	-1
3	4	-6.82452	4.84588	-1	-1	-1
3	4	-7.87452	4.99588	-1	-1	-1
3	4	-7.72452	4.99588	-1	-1	-1
3	4	-7.57452	4.99588	-1	-1	-1
3	4	-7.42452	4.99588	-1	-1	-1
3	4	-7.27452	4.99588	-1	-1	-1
3	4	-7.12452	4.99588	-1	-1	-1
3	4	-6.97452	4.99588	-1	-1	-1
3	4	-6.82452	4.99588	4985	5045.84	-1
3	4	-7.87452	5.14588	-1	-1	-1
3	4	-7.72452	5.14588	-1	-1	-1
3	4	-7.57452	5.14588	-1	-1	-1
3	4	-7.42452	5.14588	-1	-1	-1
3	4	-7.27452	5.14588	-1	-1	-1
3	4	-7.12452	5.14588	-1	-1	-1
3	4	-6.97452	5.14588	4862	4925.12	-1
3	4	-6.82452	5.14588	4728	4797.69	-1
4	4	-4.8598	-6.90185	-1	-1	-1
4	4	-4.7098	-6.90185	-1	-1	-1
4	4	-4.5598	-6.90185	-1	-1	-1
4	4	-4.4098	-6.90185	-1	-1	-1
4	4	-4.2598	-6.90185	-1	-1	-1
4	4	-4.1098	-6.90185	-1	-1	-1
4	4	-3.9598	-6.90185	-1	-1	-1
4	4	-3.8098	-6.90185	-1	-1	-1
4	4	-4.8598	-6.75185	-1	-1	-1
4	4	-4.7098	-6.75185	-1	-1	-1
4	4	-4.5598	-6.75185	-1	-1	-1
4	4	-4.4098	-6.75185	-1	-1	-1
4	4	-4.2598	-6.75185	-1	-1	-1
4	4	-4.1098	-6.75185	-1	-1	-1
4	4	-3.9598	-6.75185	-1	-1	-1
4	4	-3.8098	-6.75185	-1	-1	-1
4	4	-4.8598	-6.60185	-1	-1	-1
4	4	-4.7098	-6.60185	-1	-1	-1
4	4	-4.5598	-6.60185	-1	-1	-1
4	4	-4.4098	-6.60185	-1	-1	-1
4	4	-4.2598	-6.60185	-1	-1	-1
4	4	-4.1098	-6.60185	-1	-1	-1
4	4	-3.9598	-6.60185	-1	-1	-1
4	4	-3.8098	-6.60185	-1	-1	-1
4	4	-4.8598	-6.45185	-1	-1	-1
4	4	-4.7098	-6.45185	-1	-1	-1
4	4	-4.5598	-6.45185	5391	-1	-1
4	4	-4.4098	-6.45185	5398	-1	-1
4	4	-4.2598	-6.45185	-1	-1	-1
4	4	-4.1098	-6.45185	-1	-1	-1
4	4	-3.9598	-6.45185	-1	-1	-1
4	4	-3.8098	-6.45185	-1	-1	-1
4	4	-4.8598	-6.30185	5068	5136.16	-1
4	4	-4.7098	-6.30185	-1	-1	-1
4	4	-4.5598	-6.30185	5264	5327.75	-1
4	4	-4.4098	-6.30185	5001	5073.91	-1
4	4	-4.2598	-6.30185	5135	5202.72	-1
4	4	-4.1098	-6.30185	-1	-1	-1
4	4	-3.9598	-6.30185	-1	-1	-1
4	4	-3.8098	-6.30185	-1	-1	-1
4	4	-4.8598	-6.15185	4941	5011.38	-1
4	4	-4.7098	-6.15185	4775	4836.28	-1
4	4	-4.5598	-6.15185	4622	4682.22	-1
4	4	-4.4098	-6.15185	4871	4933.34	-1
4	4	-4.2598	-6.15185	4898	4977.69	-1
4	4	-4.1098	-6.15185	5179	5240.78	-1
4	4	-3.9598	-6.15185	-1	-1	-1
4	4	-3.8098	-6.15185	-1	-1	-1
4	4	-4.8598	-6.00185	5021	5087.59	-1
4	4	-4.7098	-6.00185	4744	4816.25	-1
4	4	-4.5598	-6.00185	4601	4659.78	-1
4	4	-4.4098	-6.00185	4368	4437.34	-1
4	4	-4.2598	-6.00185	5039	5103.25	-1
4	4	-4.1098	-6.00185	-1	-1	-1
4	4	-3.9598	-6.00185	-1	-1	-1
4	4	-3.8098	-6.00185	-1	-1	-1
4	4	-4.8598	-5.85185	5310	5372.09	-1
4	4	-4.7098	-5.85185	4887	4950.97	-1
4	4	-4.5598	-5.85185	4455	4516.56	-1
4	4	-4.4098	-5.85185	4335	4395.88	-1
4	4	-4.2598	-5.85185	4221	4278.75	-1
4	4	-4.1098	-5.85185	4353	4408.12	-1
4	4	-3.9598	-5.85185	4395	4458.94	-1
4	4	-3.8098	-5.85185	-1	-1	-1
5	4	-3.03058	-8.6564	-1	-1	-1
5	4	-2.88058	-8.6564	-1	-1	-1
5	4	-2.73058	-8.6564	-1	-1	-1
5	4	-2.58058	-8.6564	-1	-1	-1
5	4	-2.43058	-8.6564	-1	-1	-1
5	4	-2.28058	-8.6564	-1	-1	-1
5	4	-2.13058	-8.6564	-1	-1	-1
5	4	-1.98058	-8.6564	-1	-1	-1
5	4	-3.03058	-8.5064	-1	-1	-1
5	4	-2.88058	-8.5064	-1	-1	-1
5	4	-2.73058	-8.5064	-1	-1	-1
5	4	-2.58058	-8.5064	-1	-1	-1
5	4	-2.43058	-8.5064	-1	-1	-1
5	4	-2.28058	-8.5064	-1	-1	-1
5	4	-2.13058	-8.5064	-1	-1	-1
5	4	-1.98058	-8.5064	-1	-1	-1
5	4	-3.03058	-8.3564	-1	-1	-1
5	4	-2.88058	-8.3564	-1	-1	-1
5	4	-2.73058	-8.3564	-1	-1	-1
5	4	-2.58058	-8.3564	-1	-1	-1
5	4	-2.43058	-8.3564	-1	-1	-1
5	4	-2.28058	-8.3564	-1	-1	-1
5	4	-2.13058	-8.3564	-1	-1	-1
5	4	-1.98058	-8.3564	-1	-1	-1
5	4	-3.03058	-8.2064	-1	-1	-1
5	4	-2.88058	-8.2064	-1	-1	-1
5	4	-2.73058	-8.2064	-1	-1	-1
5	4	-2.58058	-8.2064	-1	-1	-1
5	4	-2.43058	-8.2064	-1	-1	-1
5	4	-2.28058	-8.2064	-1	-1	-1
5	4	-2.13058	-8.2064	-1	-1	-1
5	4	-1.98058	-8.2064	-1	-1	-1
5	4	-3.03058	-8.0564	-1	-1	-1
5	4	-2.88058	-8.0564	-1	-1	-1
5	4	-2.73058	-8.0564	-1	-1	-1
5	4	-2.58058	-8.0564	-1	-1	-1
5	4	-2.43058	-8.0564	-1	-1	-1
5	4	-2.28058	-8.0564	-1	-1	-1
5	4	-2.13058	-8.0564	-1	-1	-1
5	4	-1.98058	-8.0564	-1	-1	-1
5	4	-3.03058	-7.9064	-1	-1	-1
5	4	-2.88058	-7.9064	-1	-1	-1
5	4	-2.73058	-7.9064	-1	-1	-1
5	4	-2.58058	-7.9064	-1	-1	-1
5	4	-2.43058	-7.9064	-1	-1	-1
5	4	-2.28058	-7.9064	-1	-1	-1
5	4	-2.13058	-7.9064	-1	-1	-1
5	4	-1.98058	-7.9064	-1	-1	-1
5	4	-3.03058	-7.7564	-1	-1	-1
5	4	-2.88058	-7.7564	-1	-1	-1
5	4	-2.73058	-7.7564	-1	-1	-1
5	4	-2.58058	-7.7564	-1	-1	-1
5	4	-2.43058	-7.7564	-1	-1	-1
5	4	-2.28058	-7.7564	-1	-1	-1
5	4	-2.13058	-7.7564	-1	-1	-1
5	4	-1.98058	-7.7564	-1	-1	-1
5	4	-3.03058	-7.6064	-1	-1	-1
5	4	-2.88058	-7.6064	-1	-1	-1
5	4	-2.73058	-7.6064	-1	-1	-1
5	4	-2.58058	-7.6064	-1	-1	-1
5	4	-2.43058	-7.6064	-1	-1	-1
5	4	-2.28058	-7.6064	-1	-1	-1
5	4	-2.13058	-7.6064	-1	-1	-1
5	4	-1.98058	-7.6064	-1	-1	-1
6	16	-2.06705	4.66544	-1	-1	-1
6	16	-1.91705	4.66544	-1	-1	-1
6	16	-1.76705	4.66544	281	336.031	-1
6	16	-1.61705	4.66544	123	162.719	-1
6	16	-2.06705	4.81544	-1	-1	-1
6	16	-1.91705	4.81544	-1	-1	-1
6	16	-1.76705	4.81544	375	426.656	-1
6	16	-1.61705	4.81544	201	243	-1
6	16	-2.06705	4.96544	-1	-1	-1
6	16	-1.91705	4.96544	-1	-1	-1
6	16	-1.76705	4.96544	-1	-1	-1
6	16	-1.61705	4.96544	-1	-1	-1
6	16	-2.06705	5.11544	-1	-1	-1
6	16	-1.91705	5.11544	-1	-1	-1
6	16	-1.76705	5.11544	-1	-1	-1
6	16	-1.61705	5.11544	-1	-1	-1
7	16	5.73848	5.11592	1435	1493.78	-1
7	16	5.88848	5.11592	1312	1375.34	-1
7	16	6.03848	5.11592	-1	-1	-1
7	16	6.18848	5.11592	-1	-1	-1
7	16	5.73848	5.26592	1673	1729.06	-1
7	16	5.88848	5.26592	-1	-1	-1
7	16	6.03848	5.26592	-1	-1	-1
7	16	6.18848	5.26592	-1	-1	-1
7	16	5.73848	5.41592	-1	-1	-1
7	16	5.88848	5.41592	-1	-1	-1
7	16	6.03848	5.41592	-1	-1	-1
7	16	6.18848	5.41592	-1	-1	-1
7	16	5.73848	5.56592	-1	-1	-1
7	16	5.88848	5.56592	-1	-1	-1
7	16	6.03848	5.56592	-1	-1	-1
7	16	6.18848	5.56592	-1	-1	-1
8	16	5.8222	6.94575	-1	-1	-1
8	16	5.9722	6.94575	-1	-1	-1
8	16	6.1222	6.94575	-1	-1	-1
8	16	6.2722	6.94575	-1	-1	-1
8	16	5.8222	7.09575	-1	-1	-1
8	16	5.9722	7.09575	-1	-1	-1
8	16	6.1222	7.09575	-1	-1	-1
8	16	6.2722	7.09575	-1	-1	-1
8	16	5.8222	7.24575	-1	-1	-1
8	16	5.9722	7.24575	-1	-1	-1
8	16	6.1222	7.24575	-1	-1	-1
8	16	6.2722	7.24575	-1	-1	-1
8	16	5.8222	7.39575	-1	-1	-1
8	16	5.9722	7.39575	-1	-1	-1
8	16	6.1222	7.39575	-1	-1	-1
8	16	6.2722	7.39575	-1	-1	-1
9	16	6.89091	-6.68488	-1	-1	-1
9	16	7.04091	-6.68488	-1	-1	-1
9	16	7.19091	-6.68488	-1	-1	-1
9	16	7.34091	-6.68488	-1	-1	-1
9	16	6.89091	-6.53488	-1	-1	-1
9	16	7.04091	-6.53488	-1	-1	-1
9	16	7.19091	-6.53488	-1	-1	-1
9	16	7.34091	-6.53488	-1	-1	-1
9	16	6.89091	-6.38488	-1	-1	-1
9	16	7.04091	-6.38488	-1	-1	-1
9	16	7.19091	-6.38488	-1	-1	-1
9	16	7.34091	-6.38488	-1	-1	-1
9	16	6.89091	-6.23488	-1	-1	-1
9	16	7.04091	-6.23488	-1	-1	-1
9	16	7.19091	-6.23488	-1	-1	-1
9	16	7.34091	-6.23488	-1	-1	-1
10	16	0.498539	-8.87276	-1	-1	-1
10	16	0.648539	-8.87276	-1	-1	-1
10	16	0.798539	-8.87276	-1	-1	-1
10	16	0.948539	-8.87276	-1	-1	-1
10	16	0.498539	-8.72276	-1	-1	-1
10	16	0.648539	-8.72276	-1	-1	-1
10	16	0.798539	-8.72276	-1	-1	-1
10	16	0.948539	-8.72276	-1	-1	-1
10	16	0.498539	-8.57276	-1	-1	-1
10	16	0.648539	-8.57276	-1	-1	-1
10	16	0.798539	-8.57276	-1	-1	-1
10	16	0.948539	-8.57276	-1	-1	-1
10	16	0.498539	-8.42276	-1	-1	-1
10	16	0.648539	-8.42276	-1	-1	-1
10	16	0.798539	-8.42276	-1	-1	-1
10	16	0.948539	-8.42276	-1	-1	-1
11	16	-5.26922	4.48059	-1	-1	-1
11	16	-5.11922	4.48059	-1	-1	-1
11	16	-4.96922	4.48059	-1	-1	-1
11	16	-4.81922	4.48059	5133	5191.53	-1
11	16	-5.26922	4.63059	-1	-1	-1
11	16	-5.11922	4.63059	-1	-1	-1
11	16	-4.96922	4.63059	-1	-1	-1
11	16	-4.81922	4.63059	-1	-1	-1
11	16	-5.26922	4.78059	-1	-1	-1
11	16	-5.11922	4.78059	-1	-1	-1
11	16	-4.96922	4.78059	-1	-1	-1
11	16	-4.81922	4.78059	-1	-1	-1
11	16	-5.26922	4.93059	-1	-1	-1
11	16	-5.11922	4.93059	-1	-1	-1
11	16	-4.96922	4.93059	-1	-1	-1
11	16	-4.81922	4.93059	-1	-1	-1
12	16	1.82789	8.35066	-1	-1	-1
12	16	1.97789	8.35066	-1	-1	-1
12	16	2.12789	8.35066	-1	-1	-1
12	16	2.27789	8.35066	-1	-1	-1
12	16	1.82789	8.50066	-1	-1	-1
12	16	1.97789	8.50066	-1	-1	-1
12	16	2.12789	8.50066	-1	-1	-1
12	16	2.27789	8.50066	-1	-1	-1
12	16	1.82789	8.65066	-1	-1	-1
12	16	1.97789	8.65066	-1	-1	-1
12	16	2.12789	8.65066	-1	-1	-1
12	16	2.27789	8.65066	-1	-1	-1
12	16	1.82789	8.80066	-1	-1	-1
12	16	1.97789	8.80066	-1	-1	-1
12	16	2.12789	8.80066	-1	-1	-1
12	16	2.27789	8.80066	-1	-1	-1
13	16	-6.53271	-5.17723	-1	-1	-1
13	16	-6.38271	-5.17723	-1	-1	-1
13	16	-6.23271	-5.17723	-1	-1	-1
13	16	-6.08271	-5.17723	-1	-1	-1
13	16	-6.53271	-5.02723	-1	-1	-1
13	16	-6.38271	-5.02723	-1	-1	-1
13	16	-6.23271	-5.02723	-1	-1	-1
13	16	-6.08271	-5.02723	5295	5360.25	-1
13	16	-6.53271	-4.87723	-1	-1	-1
13	16	-6.38271	-4.87723	-1	-1	-1
13	16	-6.23271	-4.87723	5315	-1	-1
13	16	-6.08271	-4.87723	5179	5234.94	-1
13	16	-6.53271	-4.72723	-1	-1	-1
13	16	-6.38271	-4.72723	-1	-1	-1
13	16	-6.23271	-4.72723	-1	-1	-1
13	16	-6.08271	-4.72723	5044	5120.56	-1
14	16	4.05662	-8.7287	-1	-1	-1
14	16	4.20662	-8.7287	-1	-1	-1
14	16	4.35662	-8.7287	-1	-1	-1
14	16	4.50662	-8.7287	-1	-1	-1
14	16	4.05662	-8.5787	-1	-1	-1
14	16	4.20662	-8.5787	-1	-1	-1
14	16	4.35662	-8.5787	-1	-1	-1
14	16	4.50662	-8.5787	-1	-1	-1
14	16	4.05662	-8.4287	-1	-1	-1
14	16	4.20662	-8.4287	-1	-1	-1
14	16	4.35662	-8.4287	-1	-1	-1
14	16	4.50662	-8.4287	-1	-1	-1
14	16	4.05662	-8.2787	-1	-1	-1
14	16	4.20662	-8.2787	-1	-1	-1
14	16	4.35662	-8.2787	-1	-1	-1
14	16	4.50662	-8.2787	4049	4117.69	-1
15	16	3.35935	-5.99944	3494	3572.19	-1
15	16	3.50935	-5.99944	3605	3682.25	-1
15	16	3.65935	-5.99944	3646	3713.53	-1
15	16	3.80935	-5.99944	3762	3814.41	-1
15	16	3.35935	-5.84944	3196	3266.09	-1
15	16	3.50935	-5.84944	3338	3403.41	-1
15	16	3.65935	-5.84944	3499	3557.62	-1
15	16	3.80935	-5.84944	3979	4041.75	-1
15	16	3.35935	-5.69944	1767	1837.34	-1
15	16	3.50935	-5.69944	3463	3547.06	-1
15	16	3.65935	-5.69944	3870	3921.56	-1
15	16	3.80935	-5.69944	4840	4892.25	-1
15	16	3.35935	-5.54944	1514	1578.53	-1
15	16	3.50935	-5.54944	1632	1696.16	-1
15	16	3.65935	-5.54944	3616	3678.12	-1
15	16	3.80935	-5.54944	4944	4995.38	-1
16	16	4.42311	-3.84723	2537	2587.88	-1
16	16	4.57311	-3.84723	2823	2871.88	-1
16	16	4.72311	-3.84723	3054	3100.34	-1
16	16	4.87311	-3.84723	3147	3221.44	-1
16	16	4.42311	-3.69723	2694	2763.22	-1
16	16	4.57311	-3.69723	2912	2984.41	-1
16	16	4.72311	-3.69723	3264	3317.66	-1
16	16	4.87311	-3.69723	-1	-1	-1
16	16	4.42311	-3.54723	2233	2333.91	-1
16	16	4.57311	-3.54723	3449	3514.69	-1
16	16	4.72311	-3.54723	-1	-1	-1
16	16	4.87311	-3.54723	-1	-1	-1
16	16	4.42311	-3.39723	988	1074.38	-1
16	16	4.57311	-3.39723	1122	1168.34	-1
16	16	4.72311	-3.39723	3826	3886.28	-1
16	16	4.87311	-3.39723	3725	3769.62	-1
17	16	6.92169	3.27997	2533	2593.69	-1
17	16	7.07169	3.27997	2544	2614.25	-1
17	16	7.22169	3.27997	2657	2723.5	-1
17	16	7.37169	3.27997	2830	2899.59	-1
17	16	6.92169	3.42997	2288	2351.59	-1
17	16	7.07169	3.42997	2408	2471.03	-1
17	16	7.22169	3.42997	2675	2769.69	-1
17	16	7.37169	3.42997	-1	-1	-1
17	16	6.92169	3.57997	2169	2228.41	-1
17	16	7.07169	3.57997	-1	-1	-1
17	16	7.22169	3.57997	-1	-1	-1
17	16	7.37169	3.57997	-1	-1	-1
17	16	6.92169	3.72997	-1	-1	-1
17	16	7.07169	3.72997	-1	-1	-1
17	16	7.22169	3.72997	-1	-1	-1
17	16	7.37169	3.72997	-1	-1	-1
18	16	7.5469	-0.507504	-1	-1	-1
18	16	7.6969	-0.507504	-1	-1	-1
18	16	7.8469	-0.507504	-1	-1	-1
18	16	7.9969	-0.507504	-1	-1	-1
18	16	7.5469	-0.357504	-1	-1	-1
18	16	7.6969	-0.357504	-1	-1	-1
18	16	7.8469	-0.357504	-1	-1	-1
18	16	7.9969	-0.357504	-1	-1	-1
18	16	7.5469	-0.207504	3672	3726.38	-1
18	16	7.6969	-0.207504	-1	-1	-1
18	16	7.8469	-0.207504	-1	-1	-1
18	16	7.9969	-0.207504	-1	-1	-1
18	16	7.5469	-0.057504	3778	3834.44	-1
18	16	7.6969	-0.057504	-1	-1	-1
18	16	7.8469	-0.057504	-1	-1	-1
18	16	7.9969	-0.057504	-1	-1	-1
19	16	-8.802	0.0301328	-1	-1	-1
19	16	-8.652	0.0301328	-1	-1	-1
19	16	-8.502	0.0301328	-1	-1	-1
19	16	-8.352	0.0301328	151	209.375	-1
19	16	-8.802	0.180133	-1	-1	-1
19	16	-8.652	0.180133	-1	-1	-1
19	16	-8.502	0.180133	-1	-1	-1
19	16	-8.352	0.180133	-1	-1	-1
19	16	-8.802	0.330133	-1	-1	-1
19	16	-8.652	0.330133	-1	-1	-1
19	16	-8.502	0.330133	-1	-1	-1
19	16	-8.352	0.330133	5358	-1	-1
19	16	-8.802	0.480133	-1	-1	-1
19	16	-8.652	0.480133	-1	-1	-1
19	16	-8.502	0.480133	-1	-1	-1
19	16	-8.352	0.480133	-1	-1	-1
20	16	5.89384	-6.70256	-1	-1	-1
20	16	6.04384	-6.70256	-1	-1	-1
20	16	6.19384	-6.70256	-1	-1	-1
20	16	6.34384	-6.70256	-1	-1	-1
20	16	5.89384	-6.55256	-1	-1	-1
20	16	6.04384	-6.55256	-1	-1	-1
20	16	6.19384	-6.55256	-1	-1	-1
20	16	6.34384	-6.55256	-1	-1	-1
20	16	5.89384	-6.40256	-1	-1	-1
20	16	6.04384	-6.40256	-1	-1	-1
20	16	6.19384	-6.40256	-1	-1	-1
20	16	6.34384	-6.40256	-1	-1	-1
20	16	5.89384	-6.25256	-1	-1	-1
20	16	6.04384	-6.25256	-1	-1	-1
20	16	6.19384	-6.25256	-1	-1	-1
20	16	6.34384	-6.25256	-1	-1	-1
21	16	-5.02358	7.39262	-1	-1	-1
21	16	-4.87358	7.39262	-1	-1	-1
21	16	-4.72358	7.39262	-1	-1	-1
21	16	-4.57358	7.39262	-1	-1	-1
21	16	-5.02358	7.54262	-1	-1	-1
21	16	-4.87358	7.54262	-1	-1	-1
21	16	-4.72358	7.54262	-1	-1	-1
21	16	-4.57358	7.54262	-1	-1	-1
21	16	-5.02358	7.69262	-1	-1	-1
21	16	-4.87358	7.69262	-1	-1	-1
21	16	-4.72358	7.69262	-1	-1	-1
21	16	-4.57358	7.69262	-1	-1	-1
21	16	-5.02358	7.84262	-1	-1	-1
21	16	-4.87358	7.84262	-1	-1	-1
21	16	-4.72358	7.84262	-1	-1	-1
21	16	-4.57358	7.84262	-1	-1	-1
0	256	3.62744	2.32963	584	627.125	-1
0	256	4.60576	0.211902	1668	1704.47	-1
0	256	-5.1928	-0.0641225	191	234	-1
0	256	-0.909687	4.1435	42	81.0938	-1
0	256	-2.80503	-1.29477	-1	-1	-1
0	256	-7.30192	-4.62889	5337	-1	-1
0	256	-1.85999	-5.8613	4224	4270.12	-1
0	256	-1.02069	-4.30864	4105	4139.12	-1
0	256	-8.69442	3.29484	-1	-1	-1
0	256	0.19593	3.02675	418	444.375	-1
0	256	-2.9226	-2.89695	65	98.4688	-1
0	256	6.59189	-6.73038	-1	-1	-1
0	256	-0.0505357	-3.6416	-1	-1	-1
0	256	0.6302	5.1593	-1	-1	-1
0	256	-4.13488	-4.89081	4421	4564	-1
0	256	7.28029	6.70949	-1	-1	-1
0	256	2.64081	5.81066	3490	3541.5	-1
0	256	-8.10208	2.44435	-1	-1	-1
0	256	-6.21566	-7.74086	-1	-1	-1
0	256	1.53226	2.71148	3396	3532.69	-1
0	256	3.83969	2.09912	666	701.719	-1
0	256	-8.27383	-0.257419	282	345	-1
0	256	-6.22168	-0.00530571	-1	-1	-1
0	256	-1.40086	0.442086	3913	3930	-1
0	256	-2.48701	-5.1389	3716	3852.94	-1
0	256	-5.88379	3.7984	-1	-1	-1
0	256	-2.44747	8.18015	-1	-1	-1
0	256	7.72713	6.30483	-1	-1	-1
0	256	-2.5184	3.05678	2488	2522.16	-1
0	256	2.84015	7.15001	5184	5244.69	-1
0	256	3.95237	3.26028	1275	1426.28	-1
0	256	5.70915	3.0679	1897	1944.69	-1
0	256	-2.46171	6.62764	-1	-1	-1
0	256	2.14929	-5.30897	-1	-1	-1
0	256	0.42291	7.79858	-1	-1	-1
0	256	-0.429558	9.27755	-1	-1	-1
0	256	-1.82135	7.85025	-1	-1	-1
0	256	8.48685	-4.75595	-1	-1	-1
0	256	-2.11959	4.45926	-1	-1	-1
0	256	-5.37989	7.98185	-1	-1	-1
0	256	-7.99429	3.10753	-1	-1	-1
0	256	-2.53761	-7.23579	-1	-1	-1
0	256	-3.15413	-6.66916	-1	-1	-1
0	256	-1.76883	6.29823	2112	2221.91	-1
0	256	-3.95387	5.24758	5130	5183.88	-1
0	256	2.06047	2.65904	4236	4382.25	-1
0	256	-4.56442	-2.70126	1504	1629.25	-1
0	256	-5.01951	-0.343557	280	316.625	-1
0	256	-3.20963	0.0107815	666	695.656	-1
0	256	-1.3146	-4.2796	3922	4040.91	-1
0	256	6.90467	-5.99955	-1	-1	-1
0	256	5.19999	4.71103	-1	-1	-1
0	256	-1.37504	-6.59958	-1	-1	-1
0	256	2.25503	5.46291	-1	-1	-1
0	256	-1.12709	-3.93259	-1	-1	-1
0	256	8.05109	-4.16521	-1	-1	-1
0	256	-7.96406	0.195188	458	530.094	-1
0	256	7.06486	-4.57694	-1	-1	-1
0	256	-7.57809	6.20047	-1	-1	-1
0	256	3.029	-3.94458	-1	-1	-1
0	256	4.53411	4.36685	1219	1267.72	-1
0	256	5.54683	5.22993	1554	1611.84	-1
0	256	-6.99225	-4.97279	-1	-1	-1
0	256	8.75939	0.683802	-1	-1	-1
0	256	3.85772	0.280697	917	951.094	-1
0	256	-3.67934	8.30121	-1	-1	-1
0	256	-4.71918	7.1457	-1	-1	-1
0	256	9.23169	-2.72396	-1	-1	-1
0	256	7.29016	5.8517	-1	-1	-1
0	256	0.944465	8.44015	2296	2359.84	-1
0	256	-3.64546	-1.30031	383	414.219	-1
0	256	-4.21062	8.1249	-1	-1	-1
0	256	1.09187	4.67684	-1	-1	-1
0	256	5.96981	-7.38012	-1	-1	-1
0	256	2.34243	5.70226	-1	-1	-1
0	256	-8.02055	-3.30966	-1	-1	-1
0	256	-7.44029	-2.79939	-1	-1	-1
0	256	1.99154	-9.22088	-1	-1	-1
0	256	-8.7805	-2.00657	-1	-1	-1
0	256	2.73585	1.97349	4444	4472.81	-1
0	256	-6.18516	-3.24997	-1	-1	-1
0	256	6.38123	3.9712	-1	-1	-1
0	256	5.35924	7.6161	-1	-1	-1
0	256	-1.56145	-6.83182	-1	-1	-1
0	256	6.04535	-0.772483	5036	5082.56	-1
0	256	1.58733	5.22425	4368	4411.44	-1
0	256	8.7084	-2.67248	-1	-1	-1
0	256	3.34039	-4.70236	-1	-1	-1
0	256	-7.03716	-4.37304	5219	5328.47	-1
0	256	-6.73784	-6.47366	-1	-1	-1
0	256	-2.39414	6.04641	-1	-1	-1
0	256	5.19936	5.13114	-1	-1	-1
0	256	-1.78534	-2.71811	-1	-1	-1
0	256	-6.82926	5.66434	-1	-1	-1
0	256	3.92044	5.67941	4439	4490.12	-1
0	256	3.60781	-2.79636	1515	1649.59	-1
0	256	7.4594	3.89343	5377	-1	-1
0	256	-5.9504	0.584421	-1	-1	-1
0	256	-6.89162	2.98136	-1	-1	-1
0	256	-5.83824	6.70848	-1	-1	-1
0	256	-7.43799	5.86547	-1	-1	-1
0	256	-5.61782	-5.42169	-1	-1	-1
0	256	8.57753	0.940442	-1	-1	-1
0	256	6.96427	-3.3853	3426	3482.25	-1
0	256	2.2949	-5.33007	-1	-1	-1
0	256	-1.5976	-9.08826	-1	-1	-1
0	256	-9.47592	-1.4352	-1	-1	-1
0	256	-4.61424	5.8177	-1	-1	-1
0	256	-8.52579	3.87717	-1	-1	-1
0	256	4.60131	3.57973	4246	4378.66	-1
0	256	-5.4981	-2.37048	3919	3963.38	-1
0	256	2.47007	-5.9089	-1	-1	-1
0	256	-4.29245	2.58779	285	325.219	-1
0	256	-6.07132	-7.02369	-1	-1	-1
0	256	-7.80463	-1.9904	323	383.75	-1
0	256	5.94067	3.01137	-1	-1	-1
0	256	1.26314	2.90607	-1	-1	-1
0	256	5.2085	8.40683	-1	-1	-1
0	256	8.60351	-0.373749	-1	-1	-1
0	256	3.50417	1.07158	1554	1593.69	-1
0	256	-5.05474	-4.85348	-1	-1	-1
0	256	3.36239	-3.75141	-1	-1	-1
0	256	-6.36447	-4.33584	-1	-1	-1
0	256	-4.95425	-5.12365	4559	4620.03	-1
0	256	-0.979103	3.58042	-1	-1	-1
0	256	-1.96911	-6.91191	-1	-1	-1
0	256	6.94861	-5.1685	-1	-1	-1
0	256	-3.16629	-8.0976	-1	-1	-1
0	256	5.77822	1.15732	4779	4879.81	-1
0	256	6.00931	-4.01925	-1	-1	-1
0	256	-1.30194	-8.60136	-1	-1	-1
0	256	3.40637	1.89532	3702	3734.59	-1
0	256	5.79636	-1.12831	4942	4988.16	-1
0	256	-9.29849	-0.570903	-1	-1	-1
0	256	7.38183	-1.40122	-1	-1	-1
0	256	3.17174	-4.33955	-1	-1	-1
0	256	4.56855	6.12532	1488	1544.16	-1
0	256	-4.01366	-7.20994	-1	-1	-1
0	256	4.29229	1.762	1631	1668.81	-1
0	256	1.20293	-7.06436	3760	3820.69	-1
0	256	1.29476	7.4685	-1	-1	-1
0	256	3.73628	-4.8867	-1	-1	-1
0	256	-3.05224	0.824723	-1	-1	-1
0	256	-6.98841	-5.48201	-1	-1	-1
0	256	-7.55417	-1.77053	196	263.156	-1
0	256	4.65705	-0.916262	1358	1395.62	-1
0	256	1.97082	-9.40596	-1	-1	-1
0	256	2.75323	2.96363	242	389.375	-1
0	256	-2.79541	8.33234	-1	-1	-1
0	256	8.46511	3.20577	2504	2568.5	-1
0	256	3.49245	7.93492	-1	-1	-1
0	256	3.14403	-7.89792	-1	-1	-1
0	256	3.45762	3.29839	426	462.875	-1
0	256	6.48803	-4.89768	-1	-1	-1
0	256	-1.74619	7.09986	-1	-1	-1
0	256	3.91674	-4.47995	2394	2483.06	-1
0	256	-4.82923	0.949434	186	230.406	-1
0	256	5.1307	-0.602836	1274	1317.25	-1
0	256	1.55329	7.65714	-1	-1	-1
0	256	-1.19511	9.49788	-1	-1	-1
0	256	-9.74956	0.235055	425	515.594	-1
0	256	6.23142	6.43285	-1	-1	-1
0	256	-9.23383	0.588347	-1	-1	-1
0	256	-6.92094	-9.53899	-1	-1	-1
0	256	-6.80101	7.19391	-1	-1	-1
0	256	-5.67588	0.531456	-1	-1	-1
0	256	6.15435	2.0039	-1	-1	-1
0	256	0.26732	5.3372	5154	5209.69	-1
0	256	-3.95072	-4.4873	-1	-1	-1
0	256	4.30357	6.25004	-1	-1	-1
0	256	8.48385	2.62635	3635	3707.88	-1
0	256	-6.74211	-5.61784	-1	-1	-1
0	256	4.63064	3.24132	1800	1845.56	-1
0	256	-1.48796	3.5589	-1	-1	-1
0	256	-0.132732	-5.75674	2060	2141.41	-1
0	256	-6.76014	2.61589	-1	-1	-1
0	256	6.3053	-5.73107	-1	-1	-1
0	256	4.5165	-1.21731	893	933.031	-1
0	256	3.69426	-0.869484	812	856.531	-1
0	256	-8.49863	0.625922	-1	-1	-1
0	256	5.28942	7.19772	-1	-1	-1
0	256	2.77305	7.42386	-1	-1	-1
0	256	4.57095	-6.85028	-1	-1	-1
0	256	3.58873	2.9087	502	540.062	-1
0	256	2.5279	-2.96258	1507	1538.16	-1
0	256	-1.97316	7.95728	-1	-1	-1
0	256	3.43184	-1.72998	55	87.0312	-1
0	256	-7.0347	6.30341	-1	-1	-1
0	256	-3.95616	-1.97699	96	130.406	-1
0	256	-1.66149	-3.51132	-1	-1	-1
0	256	-1.65786	-4.8835	4737	4776.62	-1
0	256	6.02234	-5.75221	-1	-1	-1
0	256	0.617017	5.31562	-1	-1	-1
0	256	-3.44414	7.46401	-1	-1	-1
0	256	9.28804	3.3795	1661	1746.34	-1
0	256	-1.57518	-7.21961	-1	-1	-1
0	256	-8.92253	-2.51358	4723	4815.19	-1
0	256	5.49835	0.231399	2605	2648.16	-1
0	256	-7.60464	3.17514	-1	-1	-1
0	256	2.12581	-7.73007	-1	-1	-1
0	256	4.04998	-5.71652	-1	-1	-1
0	256	-5.75518	-4.10673	939	996.562	-1
0	256	-5.45341	-4.21868	-1	-1	-1
0	256	3.47859	-0.049699	1126	1155.81	-1
0	256	8.2477	-2.87622	3818	3882.97	-1
0	256	-7.52808	-1.20616	-1	-1	-1
0	256	-2.70361	5.00953	-1	-1	-1
0	256	-0.0717872	5.62244	-1	-1	-1
0	256	-0.547581	-4.36609	1807	1843.72	-1
0	256	-3.09759	-0.311824	82	109.625	-1
0	256	2.71564	2.79389	-1	-1	-1
0	256	1.45817	7.06721	-1	-1	-1
0	256	-7.13441	5.46399	-1	-1	-1
0	256	-1.64587	7.82337	-1	-1	-1
0	256	-4.83606	0.35951	4597	4712.28	-1
0	256	-6.65665	-1.72205	81	137.812	-1
0	256	-3.16183	4.51322	-1	-1	-1
0	256	-8.7452	-7.8891	-1	-1	-1
0	256	1.05739	4.07802	4215	4330.78	-1
0	256	-5.34069	1.86043	-1	-1	-1
0	256	-2.93527	7.93332	-1	-1	-1
0	256	-5.56392	-8.02054	-1	-1	-1
0	256	8.07957	-2.79162	3841	3902	-1
0	256	-0.905939	8.79433	-1	-1	-1
0	256	6.18729	-2.43145	2303	2366.22	-1
0	256	-3.67468	5.32352	-1	-1	-1
0	256	4.74757	2.09587	-1	-1	-1
0	256	2.78253	-2.21694	653	737.812	-1
0	256	7.35162	-6.05949	-1	-1	-1
0	256	3.10024	7.69714	4022	4092.25	-1
0	256	5.28854	-0.472486	-1	-1	-1
0	256	1.3862	6.24616	-1	-1	-1
0	256	2.82685	6.60103	-1	-1	-1
0	256	-5.44792	2.49008	-1	-1	-1
0	256	-3.92065	-5.09127	4243	4307.69	-1
0	256	-1.73006	-7.15575	-1	-1	-1
0	256	0.326888	-7.62926	-1	-1	-1
0	256	3.92201	-0.540375	1195	1228.62	-1
0	256	-3.6358	7.70062	-1	-1	-1
0	256	2.34521	4.65959	3646	3690.53	-1
0	256	-8.23825	-1.30781	-1	-1	-1
0	256	4.71939	7.9059	-1	-1	-1
0	256	5.54176	-3.92314	-1	-1	-1
0	256	1.33534	6.05967	-1	-1	-1
0	256	2.87514	6.36323	-1	-1	-1
0	256	-0.405857	-4.9528	-1	-1	-1
0	256	8.86629	2.56135	4240	4322.22	-1
0	256	1.19978	5.59965	-1	-1	-1
0	256	-8.30003	5.24069	-1	-1	-1
0	256	-6.54662	1.75539	-1	-1	-1
0	256	4.33978	-5.39454	-1	-1	-1
0	256	-6.62991	-5.98971	-1	-1	-1
0	256	9.08391	-0.624555	2675	2751.09	-1
0	256	-0.93409	-4.35967	-1	-1	-1
0	256	1.3373	4.58673	-1	-1	-1
0	256	-2.24733	9.31253	4504	4578.66	-1
