Pile ID	Distribution Type	X-Position	Y-Position	Pickup Time	Drop Off Time	Ant ID
1	1	-6.71943	-5.93459	-1	-1	-1
1	1	-6.56943	-5.93459	-1	-1	-1
1	1	-6.41943	-5.93459	-1	-1	-1
1	1	-6.26943	-5.93459	-1	-1	-1
1	1	-6.11943	-5.93459	-1	-1	-1
1	1	-5.96943	-5.93459	-1	-1	-1
1	1	-5.81943	-5.93459	-1	-1	-1
1	1	-5.66943	-5.93459	-1	-1	-1
1	1	-5.51943	-5.93459	-1	-1	-1
1	1	-5.36943	-5.93459	-1	-1	-1
1	1	-5.21943	-5.93459	-1	-1	-1
1	1	-5.06943	-5.93459	-1	-1	-1
1	1	-4.91943	-5.93459	-1	-1	-1
1	1	-4.76943	-5.93459	-1	-1	-1
1	1	-4.61943	-5.93459	-1	-1	-1
1	1	-4.46943	-5.93459	4855	4913.84	-1
1	1	-6.71943	-5.78459	-1	-1	-1
1	1	-6.56943	-5.78459	-1	-1	-1
1	1	-6.41943	-5.78459	-1	-1	-1
1	1	-6.26943	-5.78459	-1	-1	-1
1	1	-6.11943	-5.78459	-1	-1	-1
1	1	-5.96943	-5.78459	-1	-1	-1
1	1	-5.81943	-5.78459	-1	-1	-1
1	1	-5.66943	-5.78459	-1	-1	-1
1	1	-5.51943	-5.78459	-1	-1	-1
1	1	-5.36943	-5.78459	-1	-1	-1
1	1	-5.21943	-5.78459	-1	-1	-1
1	1	-5.06943	-5.78459	-1	-1	-1
1	1	-4.91943	-5.78459	-1	-1	-1
1	1	-4.76943	-5.78459	-1	-1	-1
1	1	-4.61943	-5.78459	-1	-1	-1
1	1	-4.46943	-5.78459	-1	-1	-1
1	1	-6.71943	-5.63459	-1	-1	-1
1	1	-6.56943	-5.63459	-1	-1	-1
1	1	-6.41943	-5.63459	-1	-1	-1
1	1	-6.26943	-5.63459	-1	-1	-1
1	1	-6.11943	-5.63459	-1	-1	-1
1	1	-5.96943	-5.63459	-1	-1	-1
1	1	-5.81943	-5.63459	-1	-1	-1
1	1	-5.66943	-5.63459	-1	-1	-1
1	1	-5.51943	-5.63459	-1	-1	-1
1	1	-5.36943	-5.63459	-1	-1	-1
1	1	-5.21943	-5.63459	-1	-1	-1
1	1	-5.06943	-5.63459	-1	-1	-1
1	1	-4.91943	-5.63459	-1	-1	-1
1	1	-4.76943	-5.63459	-1	-1	-1
1	1	-4.61943	-5.63459	-1	-1	-1
1	1	-4.46943	-5.63459	-1	-1	-1
1	1	-6.71943	-5.48459	-1	-1	-1
1	1	-6.56943	-5.48459	-1	-1	-1
1	1	-6.41943	-5.48459	-1	-1	-1
1	1	-6.26943	-5.48459	-1	-1	-1
1	1	-6.11943	-5.48459	-1	-1	-1
1	1	-5.96943	-5.48459	-1	-1	-1
1	1	-5.81943	-5.48459	-1	-1	-1
1	1	-5.66943	-5.48459	-1	-1	-1
1	1	-5.51943	-5.48459	-1	-1	-1
1	1	-5.36943	-5.48459	-1	-1	-1
1	1	-5.21943	-5.48459	-1	-1	-1
1	1	-5.06943	-5.48459	-1	-1	-1
1	1	-4.91943	-5.48459	-1	-1	-1
1	1	-4.76943	-5.48459	-1	-1	-1
1	1	-4.61943	-5.48459	-1	-1	-1
1	1	-4.46943	-5.48459	-1	-1	-1
1	1	-6.71943	-5.33459	-1	-1	-1
1	1	-6.56943	-5.33459	-1	-1	-1
1	1	-6.41943	-5.33459	-1	-1	-1
1	1	-6.26943	-5.33459	-1	-1	-1
1	1	-6.11943	-5.33459	-1	-1	-1
1	1	-5.96943	-5.33459	-1	-1	-1
1	1	-5.81943	-5.33459	-1	-1	-1
1	1	-5.66943	-5.33459	-1	-1	-1
1	1	-5.51943	-5.33459	-1	-1	-1
1	1	-5.36943	-5.33459	-1	-1	-1
1	1	-5.21943	-5.33459	-1	-1	-1
1	1	-5.06943	-5.33459	-1	-1	-1
1	1	-4.91943	-5.33459	-1	-1	-1
1	1	-4.76943	-5.33459	-1	-1	-1
1	1	-4.61943	-5.33459	-1	-1	-1
1	1	-4.46943	-5.33459	-1	-1	-1
1	1	-6.71943	-5.18459	-1	-1	-1
1	1	-6.56943	-5.18459	-1	-1	-1
1	1	-6.41943	-5.18459	-1	-1	-1
1	1	-6.26943	-5.18459	-1	-1	-1
1	1	-6.11943	-5.18459	-1	-1	-1
1	1	-5.96943	-5.18459	-1	-1	-1
1	1	-5.81943	-5.18459	-1	-1	-1
1	1	-5.66943	-5.18459	-1	-1	-1
1	1	-5.51943	-5.18459	-1	-1	-1
1	1	-5.36943	-5.18459	-1	-1	-1
1	1	-5.21943	-5.18459	-1	-1	-1
1	1	-5.06943	-5.18459	-1	-1	-1
1	1	-4.91943	-5.18459	-1	-1	-1
1	1	-4.76943	-5.18459	-1	-1	-1
1	1	-4.61943	-5.18459	-1	-1	-1
1	1	-4.46943	-5.18459	-1	-1	-1
1	1	-6.71943	-5.03459	-1	-1	-1
1	1	-6.56943	-5.03459	-1	-1	-1
1	1	-6.41943	-5.03459	-1	-1	-1
1	1	-6.26943	-5.03459	-1	-1	-1
1	1	-6.11943	-5.03459	-1	-1	-1
1	1	-5.96943	-5.03459	-1	-1	-1
1	1	-5.81943	-5.03459	-1	-1	-1
1	1	-5.66943	-5.03459	-1	-1	-1
1	1	-5.51943	-5.03459	-1	-1	-1
1	1	-5.36943	-5.03459	-1	-1	-1
1	1	-5.21943	-5.03459	-1	-1	-1
1	1	-5.06943	-5.03459	-1	-1	-1
1	1	-4.91943	-5.03459	-1	-1	-1
1	1	-4.76943	-5.03459	-1	-1	-1
1	1	-4.61943	-5.03459	-1	-1	-1
1	1	-4.46943	-5.03459	-1	-1	-1
1	1	-6.71943	-4.88459	-1	-1	-1
1	1	-6.56943	-4.88459	-1	-1	-1
1	1	-6.41943	-4.88459	-1	-1	-1
1	1	-6.26943	-4.88459	-1	-1	-1
1	1	-6.11943	-4.88459	-1	-1	-1
1	1	-5.96943	-4.88459	-1	-1	-1
1	1	-5.81943	-4.88459	-1	-1	-1
1	1	-5.66943	-4.88459	-1	-1	-1
1	1	-5.51943	-4.88459	-1	-1	-1
1	1	-5.36943	-4.88459	-1	-1	-1
1	1	-5.21943	-4.88459	-1	-1	-1
1	1	-5.06943	-4.88459	-1	-1	-1
1	1	-4.91943	-4.88459	-1	-1	-1
1	1	-4.76943	-4.88459	-1	-1	-1
1	1	-4.61943	-4.88459	-1	-1	-1
1	1	-4.46943	-4.88459	-1	-1	-1
1	1	-6.71943	-4.73459	-1	-1	-1
1	1	-6.56943	-4.73459	-1	-1	-1
1	1	-6.41943	-4.73459	-1	-1	-1
1	1	-6.26943	-4.73459	-1	-1	-1
1	1	-6.11943	-4.73459	-1	-1	-1
1	1	-5.96943	-4.73459	-1	-1	-1
1	1	-5.81943	-4.73459	-1	-1	-1
1	1	-5.66943	-4.73459	-1	-1	-1
1	1	-5.51943	-4.73459	-1	-1	-1
1	1	-5.36943	-4.73459	-1	-1	-1
1	1	-5.21943	-4.73459	-1	-1	-1
1	1	-5.06943	-4.73459	-1	-1	-1
1	1	-4.91943	-4.73459	-1	-1	-1
1	1	-4.76943	-4.73459	-1	-1	-1
1	1	-4.61943	-4.73459	-1	-1	-1
1	1	-4.46943	-4.73459	-1	-1	-1
1	1	-6.71943	-4.58459	-1	-1	-1
1	1	-6.56943	-4.58459	-1	-1	-1
1	1	-6.41943	-4.58459	-1	-1	-1
1	1	-6.26943	-4.58459	-1	-1	-1
1	1	-6.11943	-4.58459	-1	-1	-1
1	1	-5.96943	-4.58459	-1	-1	-1
1	1	-5.81943	-4.58459	-1	-1	-1
1	1	-5.66943	-4.58459	-1	-1	-1
1	1	-5.51943	-4.58459	-1	-1	-1
1	1	-5.36943	-4.58459	-1	-1	-1
1	1	-5.21943	-4.58459	-1	-1	-1
1	1	-5.06943	-4.58459	-1	-1	-1
1	1	-4.91943	-4.58459	-1	-1	-1
1	1	-4.76943	-4.58459	-1	-1	-1
1	1	-4.61943	-4.58459	-1	-1	-1
1	1	-4.46943	-4.58459	-1	-1	-1
1	1	-6.71943	-4.43459	-1	-1	-1
1	1	-6.56943	-4.43459	-1	-1	-1
1	1	-6.41943	-4.43459	-1	-1	-1
1	1	-6.26943	-4.43459	-1	-1	-1
1	1	-6.11943	-4.43459	-1	-1	-1
1	1	-5.96943	-4.43459	-1	-1	-1
1	1	-5.81943	-4.43459	-1	-1	-1
1	1	-5.66943	-4.43459	-1	-1	-1
1	1	-5.51943	-4.43459	-1	-1	-1
1	1	-5.36943	-4.43459	-1	-1	-1
1	1	-5.21943	-4.43459	-1	-1	-1
1	1	-5.06943	-4.43459	-1	-1	-1
1	1	-4.91943	-4.43459	-1	-1	-1
1	1	-4.76943	-4.43459	-1	-1	-1
1	1	-4.61943	-4.43459	-1	-1	-1
1	1	-4.46943	-4.43459	-1	-1	-1
1	1	-6.71943	-4.28459	-1	-1	-1
1	1	-6.56943	-4.28459	-1	-1	-1
1	1	-6.41943	-4.28459	-1	-1	-1
1	1	-6.26943	-4.28459	-1	-1	-1
1	1	-6.11943	-4.28459	-1	-1	-1
1	1	-5.96943	-4.28459	-1	-1	-1
1	1	-5.81943	-4.28459	-1	-1	-1
1	1	-5.66943	-4.28459	-1	-1	-1
1	1	-5.51943	-4.28459	-1	-1	-1
1	1	-5.36943	-4.28459	-1	-1	-1
1	1	-5.21943	-4.28459	-1	-1	-1
1	1	-5.06943	-4.28459	-1	-1	-1
1	1	-4.91943	-4.28459	-1	-1	-1
1	1	-4.76943	-4.28459	-1	-1	-1
1	1	-4.61943	-4.28459	-1	-1	-1
1	1	-4.46943	-4.28459	-1	-1	-1
1	1	-6.71943	-4.13459	-1	-1	-1
1	1	-6.56943	-4.13459	-1	-1	-1
1	1	-6.41943	-4.13459	-1	-1	-1
1	1	-6.26943	-4.13459	-1	-1	-1
1	1	-6.11943	-4.13459	-1	-1	-1
1	1	-5.96943	-4.13459	-1	-1	-1
1	1	-5.81943	-4.13459	-1	-1	-1
1	1	-5.66943	-4.13459	-1	-1	-1
1	1	-5.51943	-4.13459	-1	-1	-1
1	1	-5.36943	-4.13459	-1	-1	-1
1	1	-5.21943	-4.13459	-1	-1	-1
1	1	-5.06943	-4.13459	-1	-1	-1
1	1	-4.91943	-4.13459	-1	-1	-1
1	1	-4.76943	-4.13459	-1	-1	-1
1	1	-4.61943	-4.13459	-1	-1	-1
1	1	-4.46943	-4.13459	-1	-1	-1
1	1	-6.71943	-3.98459	-1	-1	-1
1	1	-6.56943	-3.98459	-1	-1	-1
1	1	-6.41943	-3.98459	-1	-1	-1
1	1	-6.26943	-3.98459	-1	-1	-1
1	1	-6.11943	-3.98459	-1	-1	-1
1	1	-5.96943	-3.98459	-1	-1	-1
1	1	-5.81943	-3.98459	-1	-1	-1
1	1	-5.66943	-3.98459	-1	-1	-1
1	1	-5.51943	-3.98459	-1	-1	-1
1	1	-5.36943	-3.98459	-1	-1	-1
1	1	-5.21943	-3.98459	-1	-1	-1
1	1	-5.06943	-3.98459	-1	-1	-1
1	1	-4.91943	-3.98459	-1	-1	-1
1	1	-4.76943	-3.98459	-1	-1	-1
1	1	-4.61943	-3.98459	-1	-1	-1
1	1	-4.46943	-3.98459	-1	-1	-1
1	1	-6.71943	-3.83459	-1	-1	-1
1	1	-6.56943	-3.83459	-1	-1	-1
1	1	-6.41943	-3.83459	-1	-1	-1
1	1	-6.26943	-3.83459	-1	-1	-1
1	1	-6.11943	-3.83459	-1	-1	-1
1	1	-5.96943	-3.83459	-1	-1	-1
1	1	-5.81943	-3.83459	-1	-1	-1
1	1	-5.66943	-3.83459	-1	-1	-1
1	1	-5.51943	-3.83459	-1	-1	-1
1	1	-5.36943	-3.83459	-1	-1	-1
1	1	-5.21943	-3.83459	-1	-1	-1
1	1	-5.06943	-3.83459	-1	-1	-1
1	1	-4.91943	-3.83459	-1	-1	-1
1	1	-4.76943	-3.83459	-1	-1	-1
1	1	-4.61943	-3.83459	-1	-1	-1
1	1	-4.46943	-3.83459	-1	-1	-1
1	1	-6.71943	-3.68459	-1	-1	-1
1	1	-6.56943	-3.68459	-1	-1	-1
1	1	-6.41943	-3.68459	-1	-1	-1
1	1	-6.26943	-3.68459	-1	-1	-1
1	1	-6.11943	-3.68459	-1	-1	-1
1	1	-5.96943	-3.68459	-1	-1	-1
1	1	-5.81943	-3.68459	-1	-1	-1
1	1	-5.66943	-3.68459	-1	-1	-1
1	1	-5.51943	-3.68459	-1	-1	-1
1	1	-5.36943	-3.68459	-1	-1	-1
1	1	-5.21943	-3.68459	-1	-1	-1
1	1	-5.06943	-3.68459	-1	-1	-1
1	1	-4.91943	-3.68459	-1	-1	-1
1	1	-4.76943	-3.68459	-1	-1	-1
1	1	-4.61943	-3.68459	-1	-1	-1
1	1	-4.46943	-3.68459	-1	-1	-1
2	4	1.1377	-9.70008	-1	-1	-1
2	4	1.2877	-9.70008	-1	-1	-1
2	4	1.4377	-9.70008	-1	-1	-1
2	4	1.5877	-9.70008	3950	4028.94	-1
2	4	1.7377	-9.70008	3806	3878.5	-1
2	4	1.8877	-9.70008	-1	-1	-1
2	4	2.0377	-9.70008	-1	-1	-1
2	4	2.1877	-9.70008	-1	-1	-1
2	4	1.1377	-9.55008	-1	-1	-1
2	4	1.2877	-9.55008	-1	-1	-1
2	4	1.4377	-9.55008	-1	-1	-1
2	4	1.5877	-9.55008	-1	-1	-1
2	4	1.7377	-9.55008	-1	-1	-1
2	4	1.8877	-9.55008	-1	-1	-1
2	4	2.0377	-9.55008	-1	-1	-1
2	4	2.1877	-9.55008	-1	-1	-1
2	4	1.1377	-9.40008	-1	-1	-1
2	4	1.2877	-9.40008	-1	-1	-1
2	4	1.4377	-9.40008	-1	-1	-1
2	4	1.5877	-9.40008	-1	-1	-1
2	4	1.7377	-9.40008	-1	-1	-1
2	4	1.8877	-9.40008	-1	-1	-1
2	4	2.0377	-9.40008	-1	-1	-1
2	4	2.1877	-9.40008	-1	-1	-1
2	4	1.1377	-9.25008	5085	5167.84	-1
2	4	1.2877	-9.25008	4947	5020.19	-1
2	4	1.4377	-9.25008	-1	-1	-1
2	4	1.5877	-9.25008	-1	-1	-1
2	4	1.7377	-9.25008	-1	-1	-1
2	4	1.8877	-9.25008	-1	-1	-1
2	4	2.0377	-9.25008	-1	-1	-1
2	4	2.1877	-9.25008	-1	-1	-1
2	4	1.1377	-9.10008	4518	4589.84	-1
2	4	1.2877	-9.10008	4654	4723.78	-1
2	4	1.4377	-9.10008	4790	4854.47	-1
2	4	1.5877	-9.10008	5220	5284.84	-1
2	4	1.7377	-9.10008	-1	-1	-1
2	4	1.8877	-9.10008	-1	-1	-1
2	4	2.0377	-9.10008	-1	-1	-1
2	4	2.1877	-9.10008	-1	-1	-1
2	4	1.1377	-8.95008	1107	1176.03	-1
2	4	1.2877	-8.95008	1383	1454.81	-1
2	4	1.4377	-8.95008	4930	4994.75	-1
2	4	1.5877	-8.95008	5069	5142.03	-1
2	4	1.7377	-8.95008	5346	-1	-1
2	4	1.8877	-8.95008	-1	-1	-1
2	4	2.0377	-8.95008	-1	-1	-1
2	4	2.1877	-8.95008	-1	-1	-1
2	4	1.1377	-8.80008	846	913.156	-1
2	4	1.2877	-8.80008	1242	1312.09	-1
2	4	1.4377	-8.80008	-1	-1	-1
2	4	1.5877	-8.80008	-1	-1	-1
2	4	1.7377	-8.80008	-1	-1	-1
2	4	1.8877	-8.80008	-1	-1	-1
2	4	2.0377	-8.80008	-1	-1	-1
2	4	2.1877	-8.80008	4039	4107.84	-1
2	4	1.1377	-8.65008	586	654.312	-1
2	4	1.2877	-8.65008	975	1041.19	-1
2	4	1.4377	-8.65008	-1	-1	-1
2	4	1.5877	-8.65008	-1	-1	-1
2	4	1.7377	-8.65008	-1	-1	-1
2	4	1.8877	-8.65008	-1	-1	-1
2	4	2.0377	-8.65008	4313	4382.44	-1
2	4	2.1877	-8.65008	4176	4245.56	-1
3	4	1.43378	-7.08219	-1	-1	-1
3	4	1.58378	-7.08219	-1	-1	-1
3	4	1.73378	-7.08219	-1	-1	-1
3	4	1.88378	-7.08219	-1	-1	-1
3	4	2.03378	-7.08219	-1	-1	-1
3	4	2.18378	-7.08219	-1	-1	-1
3	4	2.33378	-7.08219	-1	-1	-1
3	4	2.48378	-7.08219	-1	-1	-1
3	4	1.43378	-6.93219	-1	-1	-1
3	4	1.58378	-6.93219	-1	-1	-1
3	4	1.73378	-6.93219	-1	-1	-1
3	4	1.88378	-6.93219	-1	-1	-1
3	4	2.03378	-6.93219	-1	-1	-1
3	4	2.18378	-6.93219	-1	-1	-1
3	4	2.33378	-6.93219	-1	-1	-1
3	4	2.48378	-6.93219	-1	-1	-1
3	4	1.43378	-6.78219	-1	-1	-1
3	4	1.58378	-6.78219	-1	-1	-1
3	4	1.73378	-6.78219	-1	-1	-1
3	4	1.88378	-6.78219	-1	-1	-1
3	4	2.03378	-6.78219	-1	-1	-1
3	4	2.18378	-6.78219	-1	-1	-1
3	4	2.33378	-6.78219	-1	-1	-1
3	4	2.48378	-6.78219	-1	-1	-1
3	4	1.43378	-6.63219	-1	-1	-1
3	4	1.58378	-6.63219	-1	-1	-1
3	4	1.73378	-6.63219	-1	-1	-1
3	4	1.88378	-6.63219	-1	-1	-1
3	4	2.03378	-6.63219	-1	-1	-1
3	4	2.18378	-6.63219	-1	-1	-1
3	4	2.33378	-6.63219	-1	-1	-1
3	4	2.48378	-6.63219	-1	-1	-1
3	4	1.43378	-6.48219	-1	-1	-1
3	4	1.58378	-6.48219	-1	-1	-1
3	4	1.73378	-6.48219	-1	-1	-1
3	4	1.88378	-6.48219	-1	-1	-1
3	4	2.03378	-6.48219	-1	-1	-1
3	4	2.18378	-6.48219	-1	-1	-1
3	4	2.33378	-6.48219	-1	-1	-1
3	4	2.48378	-6.48219	-1	-1	-1
3	4	1.43378	-6.33219	-1	-1	-1
3	4	1.58378	-6.33219	-1	-1	-1
3	4	1.73378	-6.33219	-1	-1	-1
3	4	1.88378	-6.33219	-1	-1	-1
3	4	2.03378	-6.33219	-1	-1	-1
3	4	2.18378	-6.33219	-1	-1	-1
3	4	2.33378	-6.33219	3941	3991.47	-1
3	4	2.48378	-6.33219	-1	-1	-1
3	4	1.43378	-6.18219	-1	-1	-1
3	4	1.58378	-6.18219	-1	-1	-1
3	4	1.73378	-6.18219	-1	-1	-1
3	4	1.88378	-6.18219	-1	-1	-1
3	4	2.03378	-6.18219	-1	-1	-1
3	4	2.18378	-6.18219	4037	4086.78	-1
3	4	2.33378	-6.18219	475	528.406	-1
3	4	2.48378	-6.18219	575	623.688	-1
3	4	1.43378	-6.03219	-1	-1	-1
3	4	1.58378	-6.03219	-1	-1	-1
3	4	1.73378	-6.03219	-1	-1	-1
3	4	1.88378	-6.03219	-1	-1	-1
3	4	2.03378	-6.03219	-1	-1	-1
3	4	2.18378	-6.03219	-1	-1	-1
3	4	2.33378	-6.03219	353	423.188	-1
3	4	2.48378	-6.03219	254	303.656	-1
4	4	-0.219189	4.72297	298	356.469	-1
4	4	-0.0691893	4.72297	34	75.5938	-1
4	4	0.0808107	4.72297	135	176.375	-1
4	4	0.230811	4.72297	47	93.375	-1
4	4	0.380811	4.72297	347	400.875	-1
4	4	0.530811	4.72297	35	84.2812	-1
4	4	0.680811	4.72297	123	159.5	-1
4	4	0.830811	4.72297	4161	4276.94	-1
4	4	-0.219189	4.87297	1568	1622.69	-1
4	4	-0.0691893	4.87297	435	484.125	-1
4	4	0.0808107	4.87297	302	362.906	-1
4	4	0.230811	4.87297	213	252.875	-1
4	4	0.380811	4.87297	473	522.938	-1
4	4	0.530811	4.87297	796	839.844	-1
4	4	0.680811	4.87297	-1	-1	-1
4	4	0.830811	4.87297	-1	-1	-1
4	4	-0.219189	5.02297	836	876.625	-1
4	4	-0.0691893	5.02297	535	578.969	-1
4	4	0.0808107	5.02297	614	661.781	-1
4	4	0.230811	5.02297	454	496.812	-1
4	4	0.380811	5.02297	543	586.5	-1
4	4	0.530811	5.02297	817	865.031	-1
4	4	0.680811	5.02297	1315	1366.94	-1
4	4	0.830811	5.02297	-1	-1	-1
4	4	-0.219189	5.17297	4862	4902.91	-1
4	4	-0.0691893	5.17297	702	748.75	-1
4	4	0.0808107	5.17297	884	927.844	-1
4	4	0.230811	5.17297	628	669.625	-1
4	4	0.380811	5.17297	717	765.438	-1
4	4	0.530811	5.17297	1187	1238.47	-1
4	4	0.680811	5.17297	1237	1304.81	-1
4	4	0.830811	5.17297	1459	1533.53	-1
4	4	-0.219189	5.32297	1330	1380.47	-1
4	4	-0.0691893	5.32297	1119	1180.28	-1
4	4	0.0808107	5.32297	1018	1060.25	-1
4	4	0.230811	5.32297	995	1040.44	-1
4	4	0.380811	5.32297	907	953.906	-1
4	4	0.530811	5.32297	1090	1135.94	-1
4	4	0.680811	5.32297	1367	1412.66	-1
4	4	0.830811	5.32297	1476	1516.62	-1
4	4	-0.219189	5.47297	1508	1555.44	-1
4	4	-0.0691893	5.47297	1420	1465.72	-1
4	4	0.0808107	5.47297	1225	1278.94	-1
4	4	0.230811	5.47297	1423	1464.78	-1
4	4	0.380811	5.47297	1208	1284.72	-1
4	4	0.530811	5.47297	-1	-1	-1
4	4	0.680811	5.47297	-1	-1	-1
4	4	0.830811	5.47297	-1	-1	-1
4	4	-0.219189	5.62297	1610	1658.91	-1
4	4	-0.0691893	5.62297	1698	1745.75	-1
4	4	0.0808107	5.62297	5193	5316.19	-1
4	4	0.230811	5.62297	1672	1738.78	-1
4	4	0.380811	5.62297	-1	-1	-1
4	4	0.530811	5.62297	-1	-1	-1
4	4	0.680811	5.62297	-1	-1	-1
4	4	0.830811	5.62297	-1	-1	-1
4	4	-0.219189	5.77297	1798	1849.84	-1
4	4	-0.0691893	5.77297	-1	-1	-1
4	4	0.0808107	5.77297	5363	-1	-1
4	4	0.230811	5.77297	-1	-1	-1
4	4	0.380811	5.77297	-1	-1	-1
4	4	0.530811	5.77297	-1	-1	-1
4	4	0.680811	5.77297	-1	-1	-1
4	4	0.830811	5.77297	-1	-1	-1
5	4	-6.17254	1.96423	-1	-1	-1
5	4	-6.02254	1.96423	-1	-1	-1
5	4	-5.87254	1.96423	-1	-1	-1
5	4	-5.72254	1.96423	3912	4021.94	-1
5	4	-5.57254	1.96423	-1	-1	-1
5	4	-5.42254	1.96423	-1	-1	-1
5	4	-5.27254	1.96423	-1	-1	-1
5	4	-5.12254	1.96423	-1	-1	-1
5	4	-6.17254	2.11423	-1	-1	-1
5	4	-6.02254	2.11423	-1	-1	-1
5	4	-5.87254	2.11423	-1	-1	-1
5	4	-5.72254	2.11423	-1	-1	-1
5	4	-5.57254	2.11423	-1	-1	-1
5	4	-5.42254	2.11423	-1	-1	-1
5	4	-5.27254	2.11423	2163	2240.41	-1
5	4	-5.12254	2.11423	848	894.844	-1
5	4	-6.17254	2.26423	-1	-1	-1
5	4	-6.02254	2.26423	-1	-1	-1
5	4	-5.87254	2.26423	-1	-1	-1
5	4	-5.72254	2.26423	1949	2011.66	-1
5	4	-5.57254	2.26423	1933	1986.69	-1
5	4	-5.42254	2.26423	1815	1884.72	-1
5	4	-5.27254	2.26423	1668	1723.12	-1
5	4	-5.12254	2.26423	754	796.438	-1
5	4	-6.17254	2.41423	-1	-1	-1
5	4	-6.02254	2.41423	-1	-1	-1
5	4	-5.87254	2.41423	-1	-1	-1
5	4	-5.72254	2.41423	-1	-1	-1
5	4	-5.57254	2.41423	2066	2114.75	-1
5	4	-5.42254	2.41423	1799	1840.59	-1
5	4	-5.27254	2.41423	1558	1607.09	-1
5	4	-5.12254	2.41423	1432	1481.31	-1
5	4	-6.17254	2.56423	-1	-1	-1
5	4	-6.02254	2.56423	-1	-1	-1
5	4	-5.87254	2.56423	-1	-1	-1
5	4	-5.72254	2.56423	-1	-1	-1
5	4	-5.57254	2.56423	1937	2021.25	-1
5	4	-5.42254	2.56423	1906	1964.34	-1
5	4	-5.27254	2.56423	1780	1878.69	-1
5	4	-5.12254	2.56423	1655	1709.12	-1
5	4	-6.17254	2.71423	-1	-1	-1
5	4	-6.02254	2.71423	-1	-1	-1
5	4	-5.87254	2.71423	-1	-1	-1
5	4	-5.72254	2.71423	-1	-1	-1
5	4	-5.57254	2.71423	2824	2954.66	-1
5	4	-5.42254	2.71423	-1	-1	-1
5	4	-5.27254	2.71423	-1	-1	-1
5	4	-5.12254	2.71423	-1	-1	-1
5	4	-6.17254	2.86423	-1	-1	-1
5	4	-6.02254	2.86423	-1	-1	-1
5	4	-5.87254	2.86423	-1	-1	-1
5	4	-5.72254	2.86423	-1	-1	-1
5	4	-5.57254	2.86423	-1	-1	-1
5	4	-5.42254	2.86423	-1	-1	-1
5	4	-5.27254	2.86423	-1	-1	-1
5	4	-5.12254	2.86423	-1	-1	-1
5	4	-6.17254	3.01423	-1	-1	-1
5	4	-6.02254	3.01423	-1	-1	-1
5	4	-5.87254	3.01423	-1	-1	-1
5	4	-5.72254	3.01423	-1	-1	-1
5	4	-5.57254	3.01423	2387	2435.91	-1
5	4	-5.42254	3.01423	-1	-1	-1
5	4	-5.27254	3.01423	-1	-1	-1
5	4	-5.12254	3.01423	-1	-1	-1
6	16	-8.20203	-1.49581	-1	-1	-1
6	16	-8.05203	-1.49581	-1	-1	-1
6	16	-7.90203	-1.49581	-1	-1	-1
6	16	-7.75203	-1.49581	4917	5008.28	-1
6	16	-8.20203	-1.34581	-1	-1	-1
6	16	-8.05203	-1.34581	-1	-1	-1
6	16	-7.90203	-1.34581	-1	-1	-1
6	16	-7.75203	-1.34581	-1	-1	-1
6	16	-8.20203	-1.19581	-1	-1	-1
6	16	-8.05203	-1.19581	-1	-1	-1
6	16	-7.90203	-1.19581	-1	-1	-1
6	16	-7.75203	-1.19581	-1	-1	-1
6	16	-8.20203	-1.04581	-1	-1	-1
6	16	-8.05203	-1.04581	-1	-1	-1
6	16	-7.90203	-1.04581	-1	-1	-1
6	16	-7.75203	-1.04581	4271	4331.5	-1
7	16	6.50174	2.31321	2822	2914.53	-1
7	16	6.65174	2.31321	2783	2836.53	-1
7	16	6.80174	2.31321	2650	2728.59	-1
7	16	6.95174	2.31321	2915	2981.78	-1
7	16	6.50174	2.46321	283	341.094	-1
7	16	6.65174	2.46321	2515	2591.62	-1
7	16	6.80174	2.46321	2395	2451.31	-1
7	16	6.95174	2.46321	2538	2600.34	-1
7	16	6.50174	2.61321	-1	-1	-1
7	16	6.65174	2.61321	2162	2227.72	-1
7	16	6.80174	2.61321	2005	2098.16	-1
7	16	6.95174	2.61321	2153	2228.97	-1
7	16	6.50174	2.76321	1865	1928.75	-1
7	16	6.65174	2.76321	1752	1806.09	-1
7	16	6.80174	2.76321	1874	1942.25	-1
7	16	6.95174	2.76321	2287	2340.84	-1
8	16	-4.47873	-2.78252	-1	-1	-1
8	16	-4.32873	-2.78252	-1	-1	-1
8	16	-4.17873	-2.78252	5311	-1	-1
8	16	-4.02873	-2.78252	4780	4818.47	-1
8	16	-4.47873	-2.63252	-1	-1	-1
8	16	-4.32873	-2.63252	-1	-1	-1
8	16	-4.17873	-2.63252	-1	-1	-1
8	16	-4.02873	-2.63252	4603	4745.97	-1
8	16	-4.47873	-2.48252	-1	-1	-1
8	16	-4.32873	-2.48252	-1	-1	-1
8	16	-4.17873	-2.48252	-1	-1	-1
8	16	-4.02873	-2.48252	-1	-1	-1
8	16	-4.47873	-2.33252	-1	-1	-1
8	16	-4.32873	-2.33252	-1	-1	-1
8	16	-4.17873	-2.33252	-1	-1	-1
8	16	-4.02873	-2.33252	-1	-1	-1
9	16	-3.48617	3.89415	1832	1893.81	-1
9	16	-3.33617	3.89415	1936	1978.59	-1
9	16	-3.18617	3.89415	1018	1069.31	-1
9	16	-3.03617	3.89415	937	978.344	-1
9	16	-3.48617	4.04415	2222	2276.06	-1
9	16	-3.33617	4.04415	2023	2087.44	-1
9	16	-3.18617	4.04415	2339	2384.78	-1
9	16	-3.03617	4.04415	2441	2482.5	-1
9	16	-3.48617	4.19415	2319	2362.94	-1
9	16	-3.33617	4.19415	2131	2175.09	-1
9	16	-3.18617	4.19415	-1	-1	-1
9	16	-3.03617	4.19415	-1	-1	-1
9	16	-3.48617	4.34415	2422	2472.97	-1
9	16	-3.33617	4.34415	2443	2488.59	-1
9	16	-3.18617	4.34415	-1	-1	-1
9	16	-3.03617	4.34415	-1	-1	-1
10	16	-4.82753	2.4952	138	249.719	-1
10	16	-4.67753	2.4952	391	429.344	-1
10	16	-4.52753	2.4952	469	508.062	-1
10	16	-4.37753	2.4952	549	586.75	-1
10	16	-4.82753	2.6452	1894	1937.88	-1
10	16	-4.67753	2.6452	766	812.688	-1
10	16	-4.52753	2.6452	632	688.094	-1
10	16	-4.37753	2.6452	736	787.375	-1
10	16	-4.82753	2.7952	2030	2077.5	-1
10	16	-4.67753	2.7952	1229	1270.53	-1
10	16	-4.52753	2.7952	650	690.938	-1
10	16	-4.37753	2.7952	837	876.594	-1
10	16	-4.82753	2.9452	-1	-1	-1
10	16	-4.67753	2.9452	2091	2134.06	-1
10	16	-4.52753	2.9452	2000	2039.88	-1
10	16	-4.37753	2.9452	2805	2847.31	-1
11	16	9.16087	-6.18567	4313	4397.16	-1
11	16	9.31087	-6.18567	4525	4610	-1
11	16	9.46087	-6.18567	4699	4796.69	-1
11	16	9.61087	-6.18567	4737	4835.97	-1
11	16	9.16087	-6.03567	4140	4223.03	-1
11	16	9.31087	-6.03567	4332	4425.16	-1
11	16	9.46087	-6.03567	4495	4606.03	-1
11	16	9.61087	-6.03567	4881	4963.72	-1
11	16	9.16087	-5.88567	3970	4048.88	-1
11	16	9.31087	-5.88567	4705	4797.06	-1
11	16	9.46087	-5.88567	4301	4384.81	-1
11	16	9.61087	-5.88567	4154	4246.25	-1
11	16	9.16087	-5.73567	4902	4983.41	-1
11	16	9.31087	-5.73567	-1	-1	-1
11	16	9.46087	-5.73567	3971	4047.84	-1
11	16	9.61087	-5.73567	4129	4214.62	-1
12	16	3.57292	-7.95057	3495	3556.56	-1
12	16	3.72292	-7.95057	-1	-1	-1
12	16	3.87292	-7.95057	-1	-1	-1
12	16	4.02292	-7.95057	-1	-1	-1
12	16	3.57292	-7.80057	3372	3434.59	-1
12	16	3.72292	-7.80057	3742	3808.81	-1
12	16	3.87292	-7.80057	-1	-1	-1
12	16	4.02292	-7.80057	-1	-1	-1
12	16	3.57292	-7.65057	3620	3681.66	-1
12	16	3.72292	-7.65057	-1	-1	-1
12	16	3.87292	-7.65057	-1	-1	-1
12	16	4.02292	-7.65057	-1	-1	-1
12	16	3.57292	-7.50057	3772	3839.34	-1
12	16	3.72292	-7.50057	3901	3964.34	-1
12	16	3.87292	-7.50057	-1	-1	-1
12	16	4.02292	-7.50057	-1	-1	-1
13	16	0.417738	-7.05864	-1	-1	-1
13	16	0.567738	-7.05864	-1	-1	-1
13	16	0.717738	-7.05864	1203	1259.78	-1
13	16	0.867738	-7.05864	1273	1335.44	-1
13	16	0.417738	-6.90864	-1	-1	-1
13	16	0.567738	-6.90864	-1	-1	-1
13	16	0.717738	-6.90864	-1	-1	-1
13	16	0.867738	-6.90864	-1	-1	-1
13	16	0.417738	-6.75864	-1	-1	-1
13	16	0.567738	-6.75864	-1	-1	-1
13	16	0.717738	-6.75864	-1	-1	-1
13	16	0.867738	-6.75864	-1	-1	-1
13	16	0.417738	-6.60864	-1	-1	-1
13	16	0.567738	-6.60864	-1	-1	-1
13	16	0.717738	-6.60864	-1	-1	-1
13	16	0.867738	-6.60864	-1	-1	-1
14	16	-4.3283	3.88668	3080	3133.31	-1
14	16	-4.1783	3.88668	2183	2245.53	-1
14	16	-4.0283	3.88668	2152	2197.03	-1
14	16	-3.8783	3.88668	2241	2288.16	-1
14	16	-4.3283	4.03668	2880	2928.75	-1
14	16	-4.1783	4.03668	2614	2665.12	-1
14	16	-4.0283	4.03668	2411	2464.97	-1
14	16	-3.8783	4.03668	2284	2328.81	-1
14	16	-4.3283	4.18668	2982	3030.19	-1
14	16	-4.1783	4.18668	2645	2704.16	-1
14	16	-4.0283	4.18668	2518	2565.25	-1
14	16	-3.8783	4.18668	2625	2701.22	-1
14	16	-4.3283	4.33668	-1	-1	-1
14	16	-4.1783	4.33668	2860	2909.38	-1
14	16	-4.0283	4.33668	2743	2826.62	-1
14	16	-3.8783	4.33668	2756	2801.25	-1
15	16	2.38519	6.85244	3507	3603.81	-1
15	16	2.53519	6.85244	3773	3826.78	-1
15	16	2.68519	6.85244	4243	4297.06	-1
15	16	2.83519	6.85244	4347	4404.59	-1
15	16	2.38519	7.00244	3657	3717.25	-1
15	16	2.53519	7.00244	3877	3931.31	-1
15	16	2.68519	7.00244	-1	-1	-1
15	16	2.83519	7.00244	-1	-1	-1
15	16	2.38519	7.15244	-1	-1	-1
15	16	2.53519	7.15244	-1	-1	-1
15	16	2.68519	7.15244	-1	-1	-1
15	16	2.83519	7.15244	-1	-1	-1
15	16	2.38519	7.30244	-1	-1	-1
15	16	2.53519	7.30244	-1	-1	-1
15	16	2.68519	7.30244	-1	-1	-1
15	16	2.83519	7.30244	-1	-1	-1
16	16	6.8695	-1.80073	-1	-1	-1
16	16	7.0195	-1.80073	-1	-1	-1
16	16	7.1695	-1.80073	-1	-1	-1
16	16	7.3195	-1.80073	-1	-1	-1
16	16	6.8695	-1.65073	-1	-1	-1
16	16	7.0195	-1.65073	-1	-1	-1
16	16	7.1695	-1.65073	-1	-1	-1
16	16	7.3195	-1.65073	-1	-1	-1
16	16	6.8695	-1.50073	-1	-1	-1
16	16	7.0195	-1.50073	-1	-1	-1
16	16	7.1695	-1.50073	-1	-1	-1
16	16	7.3195	-1.50073	-1	-1	-1
16	16	6.8695	-1.35073	-1	-1	-1
16	16	7.0195	-1.35073	-1	-1	-1
16	16	7.1695	-1.35073	-1	-1	-1
16	16	7.3195	-1.35073	-1	-1	-1
17	16	-8.33679	-4.65802	617	684.25	-1
17	16	-8.18679	-4.65802	891	963.688	-1
17	16	-8.03679	-4.65802	-1	-1	-1
17	16	-7.88679	-4.65802	-1	-1	-1
17	16	-8.33679	-4.50802	751	821.25	-1
17	16	-8.18679	-4.50802	-1	-1	-1
17	16	-8.03679	-4.50802	-1	-1	-1
17	16	-7.88679	-4.50802	-1	-1	-1
17	16	-8.33679	-4.35802	-1	-1	-1
17	16	-8.18679	-4.35802	-1	-1	-1
17	16	-8.03679	-4.35802	-1	-1	-1
17	16	-7.88679	-4.35802	-1	-1	-1
17	16	-8.33679	-4.20802	-1	-1	-1
17	16	-8.18679	-4.20802	-1	-1	-1
17	16	-8.03679	-4.20802	-1	-1	-1
17	16	-7.88679	-4.20802	-1	-1	-1
18	16	4.12595	-2.47962	-1	-1	-1
18	16	4.27595	-2.47962	-1	-1	-1
18	16	4.42595	-2.47962	-1	-1	-1
18	16	4.57595	-2.47962	709	751.5	-1
18	16	4.12595	-2.32962	-1	-1	-1
18	16	4.27595	-2.32962	-1	-1	-1
18	16	4.42595	-2.32962	-1	-1	-1
18	16	4.57595	-2.32962	-1	-1	-1
18	16	4.12595	-2.17962	-1	-1	-1
18	16	4.27595	-2.17962	-1	-1	-1
18	16	4.42595	-2.17962	-1	-1	-1
18	16	4.57595	-2.17962	-1	-1	-1
18	16	4.12595	-2.02962	1428	1553.62	-1
18	16	4.27595	-2.02962	-1	-1	-1
18	16	4.42595	-2.02962	934	972.031	-1
18	16	4.57595	-2.02962	1015	1055.03	-1
19	16	-2.71371	3.03177	1053	1092.47	-1
19	16	-2.56371	3.03177	3752	3785.66	-1
19	16	-2.41371	3.03177	1530	1573.75	-1
19	16	-2.26371	3.03177	1397	1434.62	-1
19	16	-2.71371	3.18177	-1	-1	-1
19	16	-2.56371	3.18177	-1	-1	-1
19	16	-2.41371	3.18177	1619	1658.28	-1
19	16	-2.26371	3.18177	1463	1496.19	-1
19	16	-2.71371	3.33177	-1	-1	-1
19	16	-2.56371	3.33177	-1	-1	-1
19	16	-2.41371	3.33177	5272	-1	-1
19	16	-2.26371	3.33177	198	233.625	-1
19	16	-2.71371	3.48177	428	467.875	-1
19	16	-2.56371	3.48177	-1	-1	-1
19	16	-2.41371	3.48177	-1	-1	-1
19	16	-2.26371	3.48177	-1	-1	-1
20	16	6.37958	7.00703	1834	1904.5	-1
20	16	6.52958	7.00703	705	787.375	-1
20	16	6.67958	7.00703	567	635.25	-1
20	16	6.82958	7.00703	-1	-1	-1
20	16	6.37958	7.15703	1971	2052.66	-1
20	16	6.52958	7.15703	1682	1765.59	-1
20	16	6.67958	7.15703	2308	2376.34	-1
20	16	6.82958	7.15703	-1	-1	-1
20	16	6.37958	7.30703	-1	-1	-1
20	16	6.52958	7.30703	2140	2217.19	-1
20	16	6.67958	7.30703	-1	-1	-1
20	16	6.82958	7.30703	-1	-1	-1
20	16	6.37958	7.45703	-1	-1	-1
20	16	6.52958	7.45703	-1	-1	-1
20	16	6.67958	7.45703	-1	-1	-1
20	16	6.82958	7.45703	-1	-1	-1
21	16	5.33886	-3.45403	-1	-1	-1
21	16	5.48886	-3.45403	-1	-1	-1
21	16	5.63886	-3.45403	-1	-1	-1
21	16	5.78886	-3.45403	-1	-1	-1
21	16	5.33886	-3.30403	-1	-1	-1
21	16	5.48886	-3.30403	-1	-1	-1
21	16	5.63886	-3.30403	-1	-1	-1
21	16	5.78886	-3.30403	-1	-1	-1
21	16	5.33886	-3.15403	-1	-1	-1
21	16	5.48886	-3.15403	-1	-1	-1
21	16	5.63886	-3.15403	-1	-1	-1
21	16	5.78886	-3.15403	-1	-1	-1
21	16	5.33886	-3.00403	-1	-1	-1
21	16	5.48886	-3.00403	-1	-1	-1
21	16	5.63886	-3.00403	-1	-1	-1
21	16	5.78886	-3.00403	-1	-1	-1
0	256	-8.58918	-1.95643	-1	-1	-1
0	256	-7.31329	-5.6546	-1	-1	-1
0	256	-3.36829	5.96713	2377	2496.38	-1
0	256	-0.657597	7.82069	2711	2811	-1
0	256	3.53739	9.33403	-1	-1	-1
0	256	8.49762	1.054	3866	3937.31	-1
0	256	1.00353	4.81322	-1	-1	-1
0	256	-4.98693	7.85575	-1	-1	-1
0	256	5.45747	-5.86872	818	887.344	-1
0	256	-4.91726	8.52273	-1	-1	-1
0	256	3.04407	3.42523	2190	2251.22	-1
0	256	-1.76491	-5.82986	-1	-1	-1
0	256	2.83612	9.31884	-1	-1	-1
0	256	-4.29177	-9.5013	-1	-1	-1
0	256	-8.95142	-7.30259	-1	-1	-1
0	256	3.87901	-8.63845	-1	-1	-1
0	256	7.42349	-1.03219	-1	-1	-1
0	256	-1.64563	7.14269	2985	3042.59	-1
0	256	-2.41742	2.58351	1640	1679.16	-1
0	256	-7.24311	6.32076	-1	-1	-1
0	256	6.4297	3.32602	1633	1697.06	-1
0	256	-7.77264	1.22557	-1	-1	-1
0	256	-7.94595	4.37272	3407	3471.84	-1
0	256	6.44168	1.93523	2950	3009.06	-1
0	256	-8.87308	-0.60974	-1	-1	-1
0	256	6.75839	-0.285944	331	388.594	-1
0	256	7.40082	-4.24741	4177	4277.25	-1
0	256	-0.309008	-2.25156	3131	3153.25	-1
0	256	4.5635	-1.33612	-1	-1	-1
0	256	-6.98298	1.18955	-1	-1	-1
0	256	-2.18583	-7.18578	-1	-1	-1
0	256	-6.34092	-6.80838	-1	-1	-1
0	256	-4.96437	-7.71688	-1	-1	-1
0	256	-7.3943	-1.81463	-1	-1	-1
0	256	-9.45522	-1.08599	3204	3290.34	-1
0	256	-5.32179	-1.68201	-1	-1	-1
0	256	1.31149	-7.4555	5071	5146.5	-1
0	256	-8.19123	0.00216211	-1	-1	-1
0	256	-7.03983	-4.35266	-1	-1	-1
0	256	0.632962	3.61276	3062	3095.22	-1
0	256	-2.31626	-6.21979	-1	-1	-1
0	256	-8.14006	-3.77746	-1	-1	-1
0	256	-9.78516	1.3928	-1	-1	-1
0	256	1.37678	6.98963	-1	-1	-1
0	256	-7.17686	0.256612	-1	-1	-1
0	256	7.14368	4.57498	3328	3390.94	-1
0	256	-3.58167	-7.34626	281	392.969	-1
0	256	-6.25942	6.87172	-1	-1	-1
0	256	-0.411526	7.18601	-1	-1	-1
0	256	-8.83271	-3.2233	-1	-1	-1
0	256	-3.86467	-8.0737	-1	-1	-1
0	256	-7.8887	2.90003	-1	-1	-1
0	256	1.14982	-8.09813	1117	1195.56	-1
0	256	8.38628	5.34168	-1	-1	-1
0	256	1.36462	8.74069	3250	3312.31	-1
0	256	3.19768	3.56509	2682	2827.28	-1
0	256	3.9607	-0.601075	-1	-1	-1
0	256	-2.37615	5.40474	-1	-1	-1
0	256	5.97617	7.27011	3076	3143.53	-1
0	256	-3.63579	6.31903	3168	3225.31	-1
0	256	-7.11912	-5.95963	-1	-1	-1
0	256	-3.97693	-8.10566	-1	-1	-1
0	256	1.41823	-8.41698	-1	-1	-1
0	256	7.26954	4.13877	2001	2064.06	-1
0	256	-6.46785	5.96315	-1	-1	-1
0	256	-0.934534	-4.07592	1328	1361.91	-1
0	256	-4.10935	1.10977	4080	4112.53	-1
0	256	1.10108	6.73967	-1	-1	-1
0	256	-7.80586	-0.540102	5094	5184.16	-1
0	256	3.71653	-7.32366	-1	-1	-1
0	256	6.27542	1.1602	-1	-1	-1
0	256	4.05483	5.75471	2205	2264.97	-1
0	256	8.0216	-5.34286	4936	5012.59	-1
0	256	-3.68625	9.26028	-1	-1	-1
0	256	-0.960705	4.51558	4527	4639.62	-1
0	256	5.8842	-2.28916	-1	-1	-1
0	256	-2.68424	-8.72724	-1	-1	-1
0	256	-2.05421	-5.09926	4838	4880.72	-1
0	256	4.64733	-3.88994	4012	4148.66	-1
0	256	0.289648	9.16822	-1	-1	-1
0	256	8.87	2.46491	2316	2389.34	-1
0	256	2.66916	-6.78903	-1	-1	-1
0	256	-8.85565	0.195686	-1	-1	-1
0	256	8.37256	0.0883138	165	258.188	-1
0	256	6.10149	6.18201	2466	2530.5	-1
0	256	-4.59893	0.319244	1648	1690.91	-1
0	256	0.582938	3.16282	3129	3160.94	-1
0	256	-4.97702	2.24349	302	347.75	-1
0	256	-3.83308	-5.52448	-1	-1	-1
0	256	9.63508	1.78761	-1	-1	-1
0	256	-0.782278	3.50919	3416	3529.97	-1
0	256	-3.43936	3.166	2894	2942.56	-1
0	256	-4.97407	-6.71186	-1	-1	-1
0	256	-0.396113	6.21998	2365	2417.09	-1
0	256	-4.6418	1.57466	1553	1594.22	-1
0	256	5.74031	9.34904	-1	-1	-1
0	256	6.14261	-5.24136	-1	-1	-1
0	256	5.13383	0.863585	-1	-1	-1
0	256	3.07205	4.82657	2090	2132.75	-1
0	256	-5.32823	-2.64753	-1	-1	-1
0	256	0.532732	-8.30909	5240	5304.88	-1
0	256	-7.5509	2.88628	553	621.75	-1
0	256	-1.04726	-5.56174	474	516.75	-1
0	256	-5.82122	6.03552	3019	3083.59	-1
0	256	-0.289137	6.58146	5204	5305.38	-1
0	256	3.15117	-5.7953	148	199.75	-1
0	256	-4.73903	-0.0350594	1380	1527.31	-1
0	256	-9.57597	-5.44344	-1	-1	-1
0	256	3.35894	0.660499	4931	5061.66	-1
0	256	-3.00271	5.82607	1934	1997.84	-1
0	256	0.979161	-9.40257	5380	-1	-1
0	256	0.97796	-6.63652	-1	-1	-1
0	256	-6.07112	-0.826421	-1	-1	-1
0	256	8.99889	0.41073	3730	3796.81	-1
0	256	5.94605	-4.5575	4204	4264.62	-1
0	256	0.188279	-6.82528	-1	-1	-1
0	256	-3.15837	-0.975896	-1	-1	-1
0	256	-0.178107	-9.44215	1588	1674	-1
0	256	8.30516	-0.669931	3796	3861.22	-1
0	256	1.82259	-7.98612	-1	-1	-1
0	256	0.42889	6.95081	-1	-1	-1
0	256	-8.50879	8.18767	-1	-1	-1
0	256	-6.40919	4.06617	3475	3541.41	-1
0	256	-8.13492	2.97739	-1	-1	-1
0	256	-8.97437	4.10378	-1	-1	-1
0	256	-1.14189	-7.90509	1414	1477.53	-1
0	256	5.28741	2.8806	1971	2091.56	-1
0	256	0.115888	-4.44844	4559	4596.25	-1
0	256	8.64712	7.41802	5221	5303.25	-1
0	256	8.60365	2.29592	-1	-1	-1
0	256	1.40218	3.08565	213	242.031	-1
0	256	-6.27085	0.428459	-1	-1	-1
0	256	-3.53548	7.27595	-1	-1	-1
0	256	-6.52445	-1.61082	5254	5308.84	-1
0	256	-2.7885	2.92004	1125	1172.09	-1
0	256	-8.53469	-2.91137	-1	-1	-1
0	256	-1.18745	-4.71731	-1	-1	-1
0	256	-8.09917	5.19872	-1	-1	-1
0	256	-9.0549	-2.52831	3017	3113	-1
0	256	-3.685	2.74331	1930	1974.62	-1
0	256	5.39279	-1.77325	2358	2405.91	-1
0	256	0.358702	1.65292	311	331.469	-1
0	256	5.06283	-6.7154	1087	1210.66	-1
0	256	-6.87736	1.08789	3554	3657.91	-1
0	256	2.05679	-5.7197	-1	-1	-1
0	256	6.19813	-0.102006	-1	-1	-1
0	256	5.36391	3.09255	-1	-1	-1
0	256	-1.71721	9.46426	3245	3321.91	-1
0	256	1.99433	3.95089	2802	2854.78	-1
0	256	-5.62331	4.65178	2720	2847.22	-1
0	256	-8.78554	2.83867	-1	-1	-1
0	256	3.63901	6.48706	-1	-1	-1
0	256	5.02857	4.02294	-1	-1	-1
0	256	-3.53285	7.73053	-1	-1	-1
0	256	-1.61644	-7.79444	-1	-1	-1
0	256	5.48483	-6.80859	3027	3166.06	-1
0	256	5.43092	-8.05303	-1	-1	-1
0	256	-8.53862	1.72176	-1	-1	-1
0	256	-4.4501	-7.50339	3298	3400.03	-1
0	256	-2.44737	-9.51945	2566	2647	-1
0	256	-6.66206	0.740012	-1	-1	-1
0	256	8.02482	-0.901483	-1	-1	-1
0	256	5.31128	4.85785	160	212.656	-1
0	256	-1.06769	-3.19771	3571	3694.38	-1
0	256	-3.8681	-4.58609	-1	-1	-1
0	256	6.02303	4.5467	4988	5043.88	-1
0	256	8.49336	5.25768	-1	-1	-1
0	256	4.0961	8.15952	-1	-1	-1
0	256	1.22421	-3.58032	4639	4670.84	-1
0	256	-2.28643	2.9222	1603	1641	-1
0	256	-0.691904	9.18883	-1	-1	-1
0	256	-4.65222	-7.79768	-1	-1	-1
0	256	-0.590371	-8.3938	-1	-1	-1
0	256	8.50411	3.17907	3181	3248.88	-1
0	256	1.71264	5.97268	2226	2274.78	-1
0	256	8.08854	-0.714596	3773	3834	-1
0	256	3.38125	-2.71371	3796	3947.97	-1
0	256	-4.77258	7.16141	-1	-1	-1
0	256	5.38206	1.71048	4382	4489.34	-1
0	256	3.76693	7.6666	-1	-1	-1
0	256	2.617	-8.7335	3772	3853.84	-1
0	256	-1.51009	-9.70083	1035	1107.97	-1
0	256	-1.57874	-8.95904	-1	-1	-1
0	256	3.45086	-6.15947	-1	-1	-1
0	256	-4.2344	-0.685501	3111	3149.69	-1
0	256	-5.91244	1.21553	5089	5133.56	-1
0	256	8.89628	-3.94881	5144	5234.81	-1
0	256	-4.80111	7.62066	-1	-1	-1
0	256	-3.71287	2.54498	2733	2767.41	-1
0	256	-4.19574	0.644274	611	648.844	-1
0	256	-5.72904	-0.0343599	4162	4205.62	-1
0	256	-7.17072	1.90369	-1	-1	-1
0	256	9.65968	1.32955	466	535.469	-1
0	256	3.69198	-7.20657	-1	-1	-1
0	256	3.70178	-2.03068	-1	-1	-1
0	256	-1.07244	-4.92758	4401	4442.91	-1
0	256	8.56486	7.92121	3439	3524.28	-1
0	256	-4.31343	1.7449	1352	1388.59	-1
0	256	-2.89782	8.2278	-1	-1	-1
0	256	5.0795	3.55786	405	453.094	-1
0	256	0.487549	9.5455	-1	-1	-1
0	256	3.47383	3.98116	4629	4781.66	-1
0	256	-8.15496	-5.63316	-1	-1	-1
0	256	2.79064	7.39696	-1	-1	-1
0	256	-0.905089	3.40826	37	66.6875	-1
0	256	1.02103	-8.63037	713	781.344	-1
0	256	9.18867	-0.421515	4396	4462.84	-1
0	256	1.82534	3.44799	77	219.875	-1
0	256	-0.229507	7.58791	-1	-1	-1
0	256	-1.47937	-5.99232	4733	4786.97	-1
0	256	3.05217	2.06199	1010	1047.94	-1
0	256	-6.46635	-6.69412	-1	-1	-1
0	256	-6.97946	-2.39441	5364	-1	-1
0	256	1.45655	-8.51804	-1	-1	-1
0	256	-1.45509	-8.65615	-1	-1	-1
0	256	4.88747	5.91551	2324	2398.22	-1
0	256	-1.97457	-8.80678	-1	-1	-1
0	256	3.27627	-9.23213	-1	-1	-1
0	256	5.03281	5.8459	4866	4921.66	-1
0	256	8.00211	5.24715	-1	-1	-1
0	256	9.38736	-1.9481	-1	-1	-1
0	256	1.36598	9.02938	3399	3470.12	-1
0	256	-3.26366	-2.42689	3196	3249.12	-1
0	256	0.46784	-2.37278	-1	-1	-1
0	256	-8.10565	-0.170622	-1	-1	-1
0	256	4.84589	6.07568	870	929.625	-1
0	256	7.38609	6.5911	2634	2705.88	-1
0	256	-4.07348	6.2979	2506	2571.03	-1
0	256	7.22856	-5.38579	-1	-1	-1
0	256	-7.05384	7.08613	-1	-1	-1
0	256	5.80748	4.05258	1553	1604.19	-1
0	256	7.14387	1.67858	-1	-1	-1
0	256	-1.80571	4.30452	118	156.5	-1
0	256	1.75892	6.40277	3995	4047.34	-1
0	256	2.95259	-5.77632	54	103.156	-1
0	256	6.13613	3.9154	-1	-1	-1
0	256	-1.93255	7.72956	3103	3168.03	-1
0	256	9.37632	0.199778	3577	3658.88	-1
0	256	-6.64624	-6.61475	-1	-1	-1
0	256	-8.76575	2.99258	-1	-1	-1
0	256	7.40183	1.18263	3670	3726.62	-1
0	256	2.63348	-7.0415	-1	-1	-1
0	256	5.16102	9.45739	-1	-1	-1
0	256	-5.64747	6.42933	3246	3315.53	-1
0	256	-2.90866	-3.6482	351	404.156	-1
0	256	-6.67803	4.49873	-1	-1	-1
0	256	7.53791	-4.85275	-1	-1	-1
0	256	-0.356395	-4.67134	-1	-1	-1
0	256	4.19135	5.37653	3228	3279.72	-1
0	256	-4.42349	0.680889	1728	1761.38	-1
0	256	-2.03017	2.73947	51	192.75	-1
0	256	-0.465815	2.04362	2624	2759.25	-1
0	256	-8.40621	0.0343728	-1	-1	-1
0	256	5.81575	4.23516	271	325.562	-1
0	256	6.40708	6.79795	404	486.438	-1
0	256	7.84701	-3.79407	-1	-1	-1
