Pile ID	Distribution Type	X-Position	Y-Position	Pickup Time	Drop Off Time	Ant ID
1	1	-1.93164	-8.57438	2860	2927.78	-1
1	1	-1.78164	-8.57438	-1	-1	-1
1	1	-1.63164	-8.57438	-1	-1	-1
1	1	-1.48164	-8.57438	2430	2496.81	-1
1	1	-1.33164	-8.57438	2297	2363.66	-1
1	1	-1.18164	-8.57438	-1	-1	-1
1	1	-1.03164	-8.57438	1631	1698.5	-1
1	1	-0.881644	-8.57438	1760	1830.56	-1
1	1	-0.731644	-8.57438	2707	2777.91	-1
1	1	-0.581644	-8.57438	1145	1216.31	-1
1	1	-0.431644	-8.57438	999	1081.31	-1
1	1	-0.281644	-8.57438	1282	1353.62	-1
1	1	-0.131644	-8.57438	3196	3282.94	-1
1	1	0.0183559	-8.57438	3742	3818.94	-1
1	1	0.168356	-8.57438	5133	5197.53	-1
1	1	0.318356	-8.57438	3432	3511.38	-1
1	1	-1.93164	-8.42438	-1	-1	-1
1	1	-1.78164	-8.42438	-1	-1	-1
1	1	-1.63164	-8.42438	-1	-1	-1
1	1	-1.48164	-8.42438	-1	-1	-1
1	1	-1.33164	-8.42438	-1	-1	-1
1	1	-1.18164	-8.42438	-1	-1	-1
1	1	-1.03164	-8.42438	-1	-1	-1
1	1	-0.881644	-8.42438	4059	4125.41	-1
1	1	-0.731644	-8.42438	2080	2144.81	-1
1	1	-0.581644	-8.42438	1704	1768.84	-1
1	1	-0.431644	-8.42438	1577	1640.59	-1
1	1	-0.281644	-8.42438	1419	1499.53	-1
1	1	-0.131644	-8.42438	3076	3135.66	-1
1	1	0.0183559	-8.42438	3360	3456.66	-1
1	1	0.168356	-8.42438	3885	3995.19	-1
1	1	0.318356	-8.42438	5248	5320.72	-1
1	1	-1.93164	-8.27438	-1	-1	-1
1	1	-1.78164	-8.27438	-1	-1	-1
1	1	-1.63164	-8.27438	-1	-1	-1
1	1	-1.48164	-8.27438	-1	-1	-1
1	1	-1.33164	-8.27438	-1	-1	-1
1	1	-1.18164	-8.27438	-1	-1	-1
1	1	-1.03164	-8.27438	-1	-1	-1
1	1	-0.881644	-8.27438	-1	-1	-1
1	1	-0.731644	-8.27438	2235	2310.78	-1
1	1	-0.581644	-8.27438	1827	1890.06	-1
1	1	-0.431644	-8.27438	1949	2014.44	-1
1	1	-0.281644	-8.27438	2488	2558.09	-1
1	1	-0.131644	-8.27438	2931	3010.44	-1
1	1	0.0183559	-8.27438	3556	3641.34	-1
1	1	0.168356	-8.27438	4075	4137.75	-1
1	1	0.318356	-8.27438	3773	3850.38	-1
1	1	-1.93164	-8.12438	902	969.531	-1
1	1	-1.78164	-8.12438	-1	-1	-1
1	1	-1.63164	-8.12438	-1	-1	-1
1	1	-1.48164	-8.12438	-1	-1	-1
1	1	-1.33164	-8.12438	-1	-1	-1
1	1	-1.18164	-8.12438	-1	-1	-1
1	1	-1.03164	-8.12438	-1	-1	-1
1	1	-0.881644	-8.12438	-1	-1	-1
1	1	-0.731644	-8.12438	2353	2416.47	-1
1	1	-0.581644	-8.12438	2210	2281.19	-1
1	1	-0.431644	-8.12438	1993	2056.22	-1
1	1	-0.281644	-8.12438	2144	2236.06	-1
1	1	-0.131644	-8.12438	2424	2497.41	-1
1	1	0.0183559	-8.12438	3809	3873.31	-1
1	1	0.168356	-8.12438	3637	3707.25	-1
1	1	0.318356	-8.12438	3507	3576.72	-1
1	1	-1.93164	-7.97438	781	842.875	-1
1	1	-1.78164	-7.97438	-1	-1	-1
1	1	-1.63164	-7.97438	-1	-1	-1
1	1	-1.48164	-7.97438	-1	-1	-1
1	1	-1.33164	-7.97438	-1	-1	-1
1	1	-1.18164	-7.97438	-1	-1	-1
1	1	-1.03164	-7.97438	-1	-1	-1
1	1	-0.881644	-7.97438	4853	4912.75	-1
1	1	-0.731644	-7.97438	3683	3745.41	-1
1	1	-0.581644	-7.97438	3549	3610.22	-1
1	1	-0.431644	-7.97438	2391	2455.31	-1
1	1	-0.281644	-7.97438	2297	2358.19	-1
1	1	-0.131644	-7.97438	2612	2705.59	-1
1	1	0.0183559	-7.97438	3454	3539.84	-1
1	1	0.168356	-7.97438	3581	3665.28	-1
1	1	0.318356	-7.97438	4858	4925.94	-1
1	1	-1.93164	-7.82438	-1	-1	-1
1	1	-1.78164	-7.82438	-1	-1	-1
1	1	-1.63164	-7.82438	-1	-1	-1
1	1	-1.48164	-7.82438	-1	-1	-1
1	1	-1.33164	-7.82438	-1	-1	-1
1	1	-1.18164	-7.82438	-1	-1	-1
1	1	-1.03164	-7.82438	-1	-1	-1
1	1	-0.881644	-7.82438	-1	-1	-1
1	1	-0.731644	-7.82438	3648	3717.81	-1
1	1	-0.581644	-7.82438	3509	3576.75	-1
1	1	-0.431644	-7.82438	2422	2507.62	-1
1	1	-0.281644	-7.82438	2567	2639.41	-1
1	1	-0.131644	-7.82438	2759	2847.88	-1
1	1	0.0183559	-7.82438	3300	3371.44	-1
1	1	0.168356	-7.82438	3607	3692.38	-1
1	1	0.318356	-7.82438	3943	4065.62	-1
1	1	-1.93164	-7.67438	-1	-1	-1
1	1	-1.78164	-7.67438	-1	-1	-1
1	1	-1.63164	-7.67438	-1	-1	-1
1	1	-1.48164	-7.67438	-1	-1	-1
1	1	-1.33164	-7.67438	-1	-1	-1
1	1	-1.18164	-7.67438	-1	-1	-1
1	1	-1.03164	-7.67438	-1	-1	-1
1	1	-0.881644	-7.67438	-1	-1	-1
1	1	-0.731644	-7.67438	3732	3793.47	-1
1	1	-0.581644	-7.67438	3413	3476.94	-1
1	1	-0.431644	-7.67438	2737	2801.47	-1
1	1	-0.281644	-7.67438	2604	2666.88	-1
1	1	-0.131644	-7.67438	2733	2810.12	-1
1	1	0.0183559	-7.67438	2944	3045.94	-1
1	1	0.168356	-7.67438	3050	3108.72	-1
1	1	0.318356	-7.67438	4726	4783.56	-1
1	1	-1.93164	-7.52438	-1	-1	-1
1	1	-1.78164	-7.52438	-1	-1	-1
1	1	-1.63164	-7.52438	-1	-1	-1
1	1	-1.48164	-7.52438	-1	-1	-1
1	1	-1.33164	-7.52438	-1	-1	-1
1	1	-1.18164	-7.52438	-1	-1	-1
1	1	-1.03164	-7.52438	-1	-1	-1
1	1	-0.881644	-7.52438	4991	5051.47	-1
1	1	-0.731644	-7.52438	3776	3864.19	-1
1	1	-0.581644	-7.52438	3288	3349.28	-1
1	1	-0.431644	-7.52438	3040	3101.69	-1
1	1	-0.281644	-7.52438	2791	2864.25	-1
1	1	-0.131644	-7.52438	2884	2951.59	-1
1	1	0.0183559	-7.52438	2914	2984.38	-1
1	1	0.168356	-7.52438	3168	3243.66	-1
1	1	0.318356	-7.52438	3782	3860.81	-1
1	1	-1.93164	-7.37438	-1	-1	-1
1	1	-1.78164	-7.37438	-1	-1	-1
1	1	-1.63164	-7.37438	-1	-1	-1
1	1	-1.48164	-7.37438	-1	-1	-1
1	1	-1.33164	-7.37438	-1	-1	-1
1	1	-1.18164	-7.37438	-1	-1	-1
1	1	-1.03164	-7.37438	-1	-1	-1
1	1	-0.881644	-7.37438	-1	-1	-1
1	1	-0.731644	-7.37438	-1	-1	-1
1	1	-0.581644	-7.37438	4141	4196.28	-1
1	1	-0.431644	-7.37438	3210	3269.56	-1
1	1	-0.281644	-7.37438	3157	3225.06	-1
1	1	-0.131644	-7.37438	3128	3193.88	-1
1	1	0.0183559	-7.37438	3246	3312.25	-1
1	1	0.168356	-7.37438	3454	3523.12	-1
1	1	0.318356	-7.37438	3932	4009.41	-1
1	1	-1.93164	-7.22438	-1	-1	-1
1	1	-1.78164	-7.22438	-1	-1	-1
1	1	-1.63164	-7.22438	-1	-1	-1
1	1	-1.48164	-7.22438	-1	-1	-1
1	1	-1.33164	-7.22438	-1	-1	-1
1	1	-1.18164	-7.22438	-1	-1	-1
1	1	-1.03164	-7.22438	-1	-1	-1
1	1	-0.881644	-7.22438	-1	-1	-1
1	1	-0.731644	-7.22438	-1	-1	-1
1	1	-0.581644	-7.22438	-1	-1	-1
1	1	-0.431644	-7.22438	4822	4883.03	-1
1	1	-0.281644	-7.22438	3595	3669.31	-1
1	1	-0.131644	-7.22438	3327	3391.81	-1
1	1	0.0183559	-7.22438	3291	3364.72	-1
1	1	0.168356	-7.22438	3342	3417.16	-1
1	1	0.318356	-7.22438	4208	4266.56	-1
1	1	-1.93164	-7.07438	5353	-1	-1
1	1	-1.78164	-7.07438	-1	-1	-1
1	1	-1.63164	-7.07438	-1	-1	-1
1	1	-1.48164	-7.07438	-1	-1	-1
1	1	-1.33164	-7.07438	-1	-1	-1
1	1	-1.18164	-7.07438	-1	-1	-1
1	1	-1.03164	-7.07438	-1	-1	-1
1	1	-0.881644	-7.07438	-1	-1	-1
1	1	-0.731644	-7.07438	-1	-1	-1
1	1	-0.581644	-7.07438	-1	-1	-1
1	1	-0.431644	-7.07438	4945	4998.78	-1
1	1	-0.281644	-7.07438	3763	3819.12	-1
1	1	-0.131644	-7.07438	3899	3969.19	-1
1	1	0.0183559	-7.07438	3478	3553.22	-1
1	1	0.168356	-7.07438	3609	3726.5	-1
1	1	0.318356	-7.07438	-1	-1	-1
1	1	-1.93164	-6.92438	-1	-1	-1
1	1	-1.78164	-6.92438	-1	-1	-1
1	1	-1.63164	-6.92438	-1	-1	-1
1	1	-1.48164	-6.92438	-1	-1	-1
1	1	-1.33164	-6.92438	-1	-1	-1
1	1	-1.18164	-6.92438	-1	-1	-1
1	1	-1.03164	-6.92438	-1	-1	-1
1	1	-0.881644	-6.92438	-1	-1	-1
1	1	-0.731644	-6.92438	-1	-1	-1
1	1	-0.581644	-6.92438	-1	-1	-1
1	1	-0.431644	-6.92438	5060	5127.31	-1
1	1	-0.281644	-6.92438	4605	4663.38	-1
1	1	-0.131644	-6.92438	4206	4293.97	-1
1	1	0.0183559	-6.92438	4344	4405.34	-1
1	1	0.168356	-6.92438	4596	4650.91	-1
1	1	0.318356	-6.92438	-1	-1	-1
1	1	-1.93164	-6.77438	-1	-1	-1
1	1	-1.78164	-6.77438	-1	-1	-1
1	1	-1.63164	-6.77438	-1	-1	-1
1	1	-1.48164	-6.77438	-1	-1	-1
1	1	-1.33164	-6.77438	-1	-1	-1
1	1	-1.18164	-6.77438	-1	-1	-1
1	1	-1.03164	-6.77438	-1	-1	-1
1	1	-0.881644	-6.77438	-1	-1	-1
1	1	-0.731644	-6.77438	-1	-1	-1
1	1	-0.581644	-6.77438	5128	5185.84	-1
1	1	-0.431644	-6.77438	4984	5046.09	-1
1	1	-0.281644	-6.77438	4731	4789.78	-1
1	1	-0.131644	-6.77438	4513	4568.12	-1
1	1	0.0183559	-6.77438	4374	4431.72	-1
1	1	0.168356	-6.77438	4469	4534.78	-1
1	1	0.318356	-6.77438	4711	4765.81	-1
1	1	-1.93164	-6.62438	-1	-1	-1
1	1	-1.78164	-6.62438	-1	-1	-1
1	1	-1.63164	-6.62438	-1	-1	-1
1	1	-1.48164	-6.62438	-1	-1	-1
1	1	-1.33164	-6.62438	-1	-1	-1
1	1	-1.18164	-6.62438	-1	-1	-1
1	1	-1.03164	-6.62438	-1	-1	-1
1	1	-0.881644	-6.62438	-1	-1	-1
1	1	-0.731644	-6.62438	-1	-1	-1
1	1	-0.581644	-6.62438	-1	-1	-1
1	1	-0.431644	-6.62438	5005	5072.69	-1
1	1	-0.281644	-6.62438	4878	4937.66	-1
1	1	-0.131644	-6.62438	4621	4677.91	-1
1	1	0.0183559	-6.62438	4489	4539.97	-1
1	1	0.168356	-6.62438	-1	-1	-1
1	1	0.318356	-6.62438	-1	-1	-1
1	1	-1.93164	-6.47438	1535	1587	-1
1	1	-1.78164	-6.47438	-1	-1	-1
1	1	-1.63164	-6.47438	-1	-1	-1
1	1	-1.48164	-6.47438	-1	-1	-1
1	1	-1.33164	-6.47438	-1	-1	-1
1	1	-1.18164	-6.47438	-1	-1	-1
1	1	-1.03164	-6.47438	-1	-1	-1
1	1	-0.881644	-6.47438	-1	-1	-1
1	1	-0.731644	-6.47438	-1	-1	-1
1	1	-0.581644	-6.47438	-1	-1	-1
1	1	-0.431644	-6.47438	-1	-1	-1
1	1	-0.281644	-6.47438	-1	-1	-1
1	1	-0.131644	-6.47438	-1	-1	-1
1	1	0.0183559	-6.47438	-1	-1	-1
1	1	0.168356	-6.47438	-1	-1	-1
1	1	0.318356	-6.47438	-1	-1	-1
1	1	-1.93164	-6.32438	1034	1087.34	-1
1	1	-1.78164	-6.32438	926	983.406	-1
1	1	-1.63164	-6.32438	-1	-1	-1
1	1	-1.48164	-6.32438	-1	-1	-1
1	1	-1.33164	-6.32438	-1	-1	-1
1	1	-1.18164	-6.32438	-1	-1	-1
1	1	-1.03164	-6.32438	-1	-1	-1
1	1	-0.881644	-6.32438	-1	-1	-1
1	1	-0.731644	-6.32438	-1	-1	-1
1	1	-0.581644	-6.32438	-1	-1	-1
1	1	-0.431644	-6.32438	-1	-1	-1
1	1	-0.281644	-6.32438	-1	-1	-1
1	1	-0.131644	-6.32438	-1	-1	-1
1	1	0.0183559	-6.32438	-1	-1	-1
1	1	0.168356	-6.32438	-1	-1	-1
1	1	0.318356	-6.32438	-1	-1	-1
2	4	3.77273	-2.4883	-1	-1	-1
2	4	3.92273	-2.4883	-1	-1	-1
2	4	4.07273	-2.4883	-1	-1	-1
2	4	4.22273	-2.4883	-1	-1	-1
2	4	4.37273	-2.4883	-1	-1	-1
2	4	4.52273	-2.4883	-1	-1	-1
2	4	4.67273	-2.4883	-1	-1	-1
2	4	4.82273	-2.4883	-1	-1	-1
2	4	3.77273	-2.3383	-1	-1	-1
2	4	3.92273	-2.3383	-1	-1	-1
2	4	4.07273	-2.3383	-1	-1	-1
2	4	4.22273	-2.3383	-1	-1	-1
2	4	4.37273	-2.3383	-1	-1	-1
2	4	4.52273	-2.3383	-1	-1	-1
2	4	4.67273	-2.3383	-1	-1	-1
2	4	4.82273	-2.3383	-1	-1	-1
2	4	3.77273	-2.1883	-1	-1	-1
2	4	3.92273	-2.1883	-1	-1	-1
2	4	4.07273	-2.1883	-1	-1	-1
2	4	4.22273	-2.1883	-1	-1	-1
2	4	4.37273	-2.1883	-1	-1	-1
2	4	4.52273	-2.1883	-1	-1	-1
2	4	4.67273	-2.1883	-1	-1	-1
2	4	4.82273	-2.1883	-1	-1	-1
2	4	3.77273	-2.0383	2357	2402.34	-1
2	4	3.92273	-2.0383	2439	2474.62	-1
2	4	4.07273	-2.0383	-1	-1	-1
2	4	4.22273	-2.0383	-1	-1	-1
2	4	4.37273	-2.0383	-1	-1	-1
2	4	4.52273	-2.0383	-1	-1	-1
2	4	4.67273	-2.0383	-1	-1	-1
2	4	4.82273	-2.0383	-1	-1	-1
2	4	3.77273	-1.8883	1712	1750.19	-1
2	4	3.92273	-1.8883	2253	2288.97	-1
2	4	4.07273	-1.8883	-1	-1	-1
2	4	4.22273	-1.8883	-1	-1	-1
2	4	4.37273	-1.8883	-1	-1	-1
2	4	4.52273	-1.8883	-1	-1	-1
2	4	4.67273	-1.8883	-1	-1	-1
2	4	4.82273	-1.8883	-1	-1	-1
2	4	3.77273	-1.7383	1639	1672.12	-1
2	4	3.92273	-1.7383	2147	2193.81	-1
2	4	4.07273	-1.7383	2341	2389.53	-1
2	4	4.22273	-1.7383	2435	2493.78	-1
2	4	4.37273	-1.7383	-1	-1	-1
2	4	4.52273	-1.7383	-1	-1	-1
2	4	4.67273	-1.7383	-1	-1	-1
2	4	4.82273	-1.7383	-1	-1	-1
2	4	3.77273	-1.5883	1825	1859.47	-1
2	4	3.92273	-1.5883	2013	2065.47	-1
2	4	4.07273	-1.5883	2229	2299.81	-1
2	4	4.22273	-1.5883	2279	2338.75	-1
2	4	4.37273	-1.5883	-1	-1	-1
2	4	4.52273	-1.5883	-1	-1	-1
2	4	4.67273	-1.5883	-1	-1	-1
2	4	4.82273	-1.5883	-1	-1	-1
2	4	3.77273	-1.4383	1894	1943.88	-1
2	4	3.92273	-1.4383	2131	2177.75	-1
2	4	4.07273	-1.4383	2159	2213.16	-1
2	4	4.22273	-1.4383	2380	2423.5	-1
2	4	4.37273	-1.4383	-1	-1	-1
2	4	4.52273	-1.4383	-1	-1	-1
2	4	4.67273	-1.4383	-1	-1	-1
2	4	4.82273	-1.4383	-1	-1	-1
3	4	-8.17199	5.59053	-1	-1	-1
3	4	-8.02199	5.59053	-1	-1	-1
3	4	-7.87199	5.59053	-1	-1	-1
3	4	-7.72199	5.59053	-1	-1	-1
3	4	-7.57199	5.59053	-1	-1	-1
3	4	-7.42199	5.59053	-1	-1	-1
3	4	-7.27199	5.59053	-1	-1	-1
3	4	-7.12199	5.59053	-1	-1	-1
3	4	-8.17199	5.74053	-1	-1	-1
3	4	-8.02199	5.74053	-1	-1	-1
3	4	-7.87199	5.74053	-1	-1	-1
3	4	-7.72199	5.74053	-1	-1	-1
3	4	-7.57199	5.74053	-1	-1	-1
3	4	-7.42199	5.74053	-1	-1	-1
3	4	-7.27199	5.74053	-1	-1	-1
3	4	-7.12199	5.74053	-1	-1	-1
3	4	-8.17199	5.89053	-1	-1	-1
3	4	-8.02199	5.89053	-1	-1	-1
3	4	-7.87199	5.89053	-1	-1	-1
3	4	-7.72199	5.89053	-1	-1	-1
3	4	-7.57199	5.89053	-1	-1	-1
3	4	-7.42199	5.89053	-1	-1	-1
3	4	-7.27199	5.89053	-1	-1	-1
3	4	-7.12199	5.89053	-1	-1	-1
3	4	-8.17199	6.04053	-1	-1	-1
3	4	-8.02199	6.04053	-1	-1	-1
3	4	-7.87199	6.04053	-1	-1	-1
3	4	-7.72199	6.04053	-1	-1	-1
3	4	-7.57199	6.04053	-1	-1	-1
3	4	-7.42199	6.04053	-1	-1	-1
3	4	-7.27199	6.04053	-1	-1	-1
3	4	-7.12199	6.04053	-1	-1	-1
3	4	-8.17199	6.19053	-1	-1	-1
3	4	-8.02199	6.19053	-1	-1	-1
3	4	-7.87199	6.19053	-1	-1	-1
3	4	-7.72199	6.19053	-1	-1	-1
3	4	-7.57199	6.19053	-1	-1	-1
3	4	-7.42199	6.19053	-1	-1	-1
3	4	-7.27199	6.19053	-1	-1	-1
3	4	-7.12199	6.19053	-1	-1	-1
3	4	-8.17199	6.34053	-1	-1	-1
3	4	-8.02199	6.34053	-1	-1	-1
3	4	-7.87199	6.34053	-1	-1	-1
3	4	-7.72199	6.34053	-1	-1	-1
3	4	-7.57199	6.34053	-1	-1	-1
3	4	-7.42199	6.34053	-1	-1	-1
3	4	-7.27199	6.34053	-1	-1	-1
3	4	-7.12199	6.34053	-1	-1	-1
3	4	-8.17199	6.49053	-1	-1	-1
3	4	-8.02199	6.49053	-1	-1	-1
3	4	-7.87199	6.49053	-1	-1	-1
3	4	-7.72199	6.49053	-1	-1	-1
3	4	-7.57199	6.49053	-1	-1	-1
3	4	-7.42199	6.49053	-1	-1	-1
3	4	-7.27199	6.49053	-1	-1	-1
3	4	-7.12199	6.49053	-1	-1	-1
3	4	-8.17199	6.64053	-1	-1	-1
3	4	-8.02199	6.64053	-1	-1	-1
3	4	-7.87199	6.64053	-1	-1	-1
3	4	-7.72199	6.64053	-1	-1	-1
3	4	-7.57199	6.64053	-1	-1	-1
3	4	-7.42199	6.64053	-1	-1	-1
3	4	-7.27199	6.64053	-1	-1	-1
3	4	-7.12199	6.64053	-1	-1	-1
4	4	6.15203	5.07126	-1	-1	-1
4	4	6.30203	5.07126	-1	-1	-1
4	4	6.45203	5.07126	-1	-1	-1
4	4	6.60203	5.07126	-1	-1	-1
4	4	6.75203	5.07126	-1	-1	-1
4	4	6.90203	5.07126	-1	-1	-1
4	4	7.05203	5.07126	-1	-1	-1
4	4	7.20203	5.07126	-1	-1	-1
4	4	6.15203	5.22126	1171	1238.5	-1
4	4	6.30203	5.22126	-1	-1	-1
4	4	6.45203	5.22126	-1	-1	-1
4	4	6.60203	5.22126	-1	-1	-1
4	4	6.75203	5.22126	-1	-1	-1
4	4	6.90203	5.22126	-1	-1	-1
4	4	7.05203	5.22126	-1	-1	-1
4	4	7.20203	5.22126	-1	-1	-1
4	4	6.15203	5.37126	978	1104.5	-1
4	4	6.30203	5.37126	-1	-1	-1
4	4	6.45203	5.37126	-1	-1	-1
4	4	6.60203	5.37126	-1	-1	-1
4	4	6.75203	5.37126	-1	-1	-1
4	4	6.90203	5.37126	5351	-1	-1
4	4	7.05203	5.37126	5338	-1	-1
4	4	7.20203	5.37126	-1	-1	-1
4	4	6.15203	5.52126	4591	4653.25	-1
4	4	6.30203	5.52126	-1	-1	-1
4	4	6.45203	5.52126	4959	5028.81	-1
4	4	6.60203	5.52126	-1	-1	-1
4	4	6.75203	5.52126	5079	5152.31	-1
4	4	6.90203	5.52126	5127	5254.59	-1
4	4	7.05203	5.52126	5240	5341.47	-1
4	4	7.20203	5.52126	-1	-1	-1
4	4	6.15203	5.67126	3731	3791.84	-1
4	4	6.30203	5.67126	4203	4276.5	-1
4	4	6.45203	5.67126	4484	4567.69	-1
4	4	6.60203	5.67126	4802	4873.91	-1
4	4	6.75203	5.67126	4783	4867.56	-1
4	4	6.90203	5.67126	4940	5008.19	-1
4	4	7.05203	5.67126	4980	5058.53	-1
4	4	7.20203	5.67126	5328	-1	-1
4	4	6.15203	5.82126	3476	3540.59	-1
4	4	6.30203	5.82126	3856	3921.03	-1
4	4	6.45203	5.82126	4117	4195.22	-1
4	4	6.60203	5.82126	4433	4510.47	-1
4	4	6.75203	5.82126	4626	4703.47	-1
4	4	6.90203	5.82126	4823	4899.5	-1
4	4	7.05203	5.82126	-1	-1	-1
4	4	7.20203	5.82126	-1	-1	-1
4	4	6.15203	5.97126	3354	3418	-1
4	4	6.30203	5.97126	3986	4049.94	-1
4	4	6.45203	5.97126	4139	4219.06	-1
4	4	6.60203	5.97126	4341	4423.53	-1
4	4	6.75203	5.97126	4591	4671.19	-1
4	4	6.90203	5.97126	5099	5166.91	-1
4	4	7.05203	5.97126	5304	5375.03	-1
4	4	7.20203	5.97126	2017	2089.25	-1
4	4	6.15203	6.12126	4194	4263.94	-1
4	4	6.30203	6.12126	4334	4411.28	-1
4	4	6.45203	6.12126	4270	4340.91	-1
4	4	6.60203	6.12126	4413	4483.31	-1
4	4	6.75203	6.12126	4743	4816.97	-1
4	4	6.90203	6.12126	4899	4970.22	-1
4	4	7.05203	6.12126	1874	1942.78	-1
4	4	7.20203	6.12126	1729	1800.09	-1
5	4	-5.46348	3.66739	-1	-1	-1
5	4	-5.31348	3.66739	4322	4440	-1
5	4	-5.16348	3.66739	-1	-1	-1
5	4	-5.01348	3.66739	-1	-1	-1
5	4	-4.86348	3.66739	-1	-1	-1
5	4	-4.71348	3.66739	-1	-1	-1
5	4	-4.56348	3.66739	-1	-1	-1
5	4	-4.41348	3.66739	-1	-1	-1
5	4	-5.46348	3.81739	1242	1294.25	-1
5	4	-5.31348	3.81739	-1	-1	-1
5	4	-5.16348	3.81739	-1	-1	-1
5	4	-5.01348	3.81739	-1	-1	-1
5	4	-4.86348	3.81739	-1	-1	-1
5	4	-4.71348	3.81739	-1	-1	-1
5	4	-4.56348	3.81739	-1	-1	-1
5	4	-4.41348	3.81739	-1	-1	-1
5	4	-5.46348	3.96739	1138	1190.47	-1
5	4	-5.31348	3.96739	-1	-1	-1
5	4	-5.16348	3.96739	-1	-1	-1
5	4	-5.01348	3.96739	-1	-1	-1
5	4	-4.86348	3.96739	-1	-1	-1
5	4	-4.71348	3.96739	-1	-1	-1
5	4	-4.56348	3.96739	-1	-1	-1
5	4	-4.41348	3.96739	-1	-1	-1
5	4	-5.46348	4.11739	-1	-1	-1
5	4	-5.31348	4.11739	-1	-1	-1
5	4	-5.16348	4.11739	-1	-1	-1
5	4	-5.01348	4.11739	-1	-1	-1
5	4	-4.86348	4.11739	-1	-1	-1
5	4	-4.71348	4.11739	-1	-1	-1
5	4	-4.56348	4.11739	-1	-1	-1
5	4	-4.41348	4.11739	-1	-1	-1
5	4	-5.46348	4.26739	-1	-1	-1
5	4	-5.31348	4.26739	-1	-1	-1
5	4	-5.16348	4.26739	-1	-1	-1
5	4	-5.01348	4.26739	-1	-1	-1
5	4	-4.86348	4.26739	-1	-1	-1
5	4	-4.71348	4.26739	-1	-1	-1
5	4	-4.56348	4.26739	-1	-1	-1
5	4	-4.41348	4.26739	-1	-1	-1
5	4	-5.46348	4.41739	-1	-1	-1
5	4	-5.31348	4.41739	-1	-1	-1
5	4	-5.16348	4.41739	-1	-1	-1
5	4	-5.01348	4.41739	-1	-1	-1
5	4	-4.86348	4.41739	-1	-1	-1
5	4	-4.71348	4.41739	-1	-1	-1
5	4	-4.56348	4.41739	-1	-1	-1
5	4	-4.41348	4.41739	-1	-1	-1
5	4	-5.46348	4.56739	-1	-1	-1
5	4	-5.31348	4.56739	-1	-1	-1
5	4	-5.16348	4.56739	-1	-1	-1
5	4	-5.01348	4.56739	-1	-1	-1
5	4	-4.86348	4.56739	-1	-1	-1
5	4	-4.71348	4.56739	-1	-1	-1
5	4	-4.56348	4.56739	-1	-1	-1
5	4	-4.41348	4.56739	-1	-1	-1
5	4	-5.46348	4.71739	-1	-1	-1
5	4	-5.31348	4.71739	-1	-1	-1
5	4	-5.16348	4.71739	-1	-1	-1
5	4	-5.01348	4.71739	-1	-1	-1
5	4	-4.86348	4.71739	-1	-1	-1
5	4	-4.71348	4.71739	-1	-1	-1
5	4	-4.56348	4.71739	-1	-1	-1
5	4	-4.41348	4.71739	-1	-1	-1
6	16	2.87481	-4.67044	487	539.406	-1
6	16	3.02481	-4.67044	-1	-1	-1
6	16	3.17481	-4.67044	-1	-1	-1
6	16	3.32481	-4.67044	-1	-1	-1
6	16	2.87481	-4.52044	580	623.312	-1
6	16	3.02481	-4.52044	-1	-1	-1
6	16	3.17481	-4.52044	4763	4807.62	-1
6	16	3.32481	-4.52044	4679	4721.25	-1
6	16	2.87481	-4.37044	3928	3986.09	-1
6	16	3.02481	-4.37044	3756	3802.84	-1
6	16	3.17481	-4.37044	4321	4462.5	-1
6	16	3.32481	-4.37044	4519	4560.03	-1
6	16	2.87481	-4.22044	3564	3604.56	-1
6	16	3.02481	-4.22044	3641	3682.12	-1
6	16	3.17481	-4.22044	3842	3884.75	-1
6	16	3.32481	-4.22044	89	228.375	-1
7	16	-7.85655	4.83464	-1	-1	-1
7	16	-7.70655	4.83464	-1	-1	-1
7	16	-7.55655	4.83464	-1	-1	-1
7	16	-7.40655	4.83464	-1	-1	-1
7	16	-7.85655	4.98464	-1	-1	-1
7	16	-7.70655	4.98464	-1	-1	-1
7	16	-7.55655	4.98464	-1	-1	-1
7	16	-7.40655	4.98464	-1	-1	-1
7	16	-7.85655	5.13464	-1	-1	-1
7	16	-7.70655	5.13464	-1	-1	-1
7	16	-7.55655	5.13464	-1	-1	-1
7	16	-7.40655	5.13464	-1	-1	-1
7	16	-7.85655	5.28464	-1	-1	-1
7	16	-7.70655	5.28464	-1	-1	-1
7	16	-7.55655	5.28464	-1	-1	-1
7	16	-7.40655	5.28464	-1	-1	-1
8	16	-7.85006	2.03553	322	381.031	-1
8	16	-7.70006	2.03553	449	506.312	-1
8	16	-7.55006	2.03553	575	639.406	-1
8	16	-7.40006	2.03553	-1	-1	-1
8	16	-7.85006	2.18553	3693	3750.5	-1
8	16	-7.70006	2.18553	-1	-1	-1
8	16	-7.55006	2.18553	-1	-1	-1
8	16	-7.40006	2.18553	-1	-1	-1
8	16	-7.85006	2.33553	3574	3632.5	-1
8	16	-7.70006	2.33553	-1	-1	-1
8	16	-7.55006	2.33553	-1	-1	-1
8	16	-7.40006	2.33553	-1	-1	-1
8	16	-7.85006	2.48553	-1	-1	-1
8	16	-7.70006	2.48553	-1	-1	-1
8	16	-7.55006	2.48553	-1	-1	-1
8	16	-7.40006	2.48553	-1	-1	-1
9	16	-2.18278	-2.61249	862	903.969	-1
9	16	-2.03278	-2.61249	939	976	-1
9	16	-1.88278	-2.61249	-1	-1	-1
9	16	-1.73278	-2.61249	-1	-1	-1
9	16	-2.18278	-2.46249	591	631.656	-1
9	16	-2.03278	-2.46249	-1	-1	-1
9	16	-1.88278	-2.46249	-1	-1	-1
9	16	-1.73278	-2.46249	-1	-1	-1
9	16	-2.18278	-2.31249	756	812.469	-1
9	16	-2.03278	-2.31249	-1	-1	-1
9	16	-1.88278	-2.31249	-1	-1	-1
9	16	-1.73278	-2.31249	-1	-1	-1
9	16	-2.18278	-2.16249	844	869.688	-1
9	16	-2.03278	-2.16249	-1	-1	-1
9	16	-1.88278	-2.16249	-1	-1	-1
9	16	-1.73278	-2.16249	-1	-1	-1
10	16	-4.49073	-7.66406	-1	-1	-1
10	16	-4.34073	-7.66406	-1	-1	-1
10	16	-4.19073	-7.66406	305	396.438	-1
10	16	-4.04073	-7.66406	285	354	-1
10	16	-4.49073	-7.51406	-1	-1	-1
10	16	-4.34073	-7.51406	-1	-1	-1
10	16	-4.19073	-7.51406	483	563.125	-1
10	16	-4.04073	-7.51406	158	223.156	-1
10	16	-4.49073	-7.36406	-1	-1	-1
10	16	-4.34073	-7.36406	-1	-1	-1
10	16	-4.19073	-7.36406	5211	5276.81	-1
10	16	-4.04073	-7.36406	1603	1679.28	-1
10	16	-4.49073	-7.21406	-1	-1	-1
10	16	-4.34073	-7.21406	-1	-1	-1
10	16	-4.19073	-7.21406	1880	1962.25	-1
10	16	-4.04073	-7.21406	1741	1814.12	-1
11	16	-4.66924	-5.48988	847	917.781	-1
11	16	-4.51924	-5.48988	685	790.281	-1
11	16	-4.36924	-5.48988	1090	1147.97	-1
11	16	-4.21924	-5.48988	981	1037.03	-1
11	16	-4.66924	-5.33988	-1	-1	-1
11	16	-4.51924	-5.33988	-1	-1	-1
11	16	-4.36924	-5.33988	1556	1614.91	-1
11	16	-4.21924	-5.33988	1670	1726.19	-1
11	16	-4.66924	-5.18988	-1	-1	-1
11	16	-4.51924	-5.18988	-1	-1	-1
11	16	-4.36924	-5.18988	-1	-1	-1
11	16	-4.21924	-5.18988	-1	-1	-1
11	16	-4.66924	-5.03988	-1	-1	-1
11	16	-4.51924	-5.03988	-1	-1	-1
11	16	-4.36924	-5.03988	-1	-1	-1
11	16	-4.21924	-5.03988	-1	-1	-1
12	16	6.28251	-4.52543	-1	-1	-1
12	16	6.43251	-4.52543	-1	-1	-1
12	16	6.58251	-4.52543	5381	-1	-1
12	16	6.73251	-4.52543	5262	5321.22	-1
12	16	6.28251	-4.37543	-1	-1	-1
12	16	6.43251	-4.37543	-1	-1	-1
12	16	6.58251	-4.37543	-1	-1	-1
12	16	6.73251	-4.37543	-1	-1	-1
12	16	6.28251	-4.22543	-1	-1	-1
12	16	6.43251	-4.22543	-1	-1	-1
12	16	6.58251	-4.22543	-1	-1	-1
12	16	6.73251	-4.22543	-1	-1	-1
12	16	6.28251	-4.07543	-1	-1	-1
12	16	6.43251	-4.07543	-1	-1	-1
12	16	6.58251	-4.07543	-1	-1	-1
12	16	6.73251	-4.07543	-1	-1	-1
13	16	-1.48869	2.94743	3006	3033.34	-1
13	16	-1.33869	2.94743	-1	-1	-1
13	16	-1.18869	2.94743	229	259	-1
13	16	-1.03869	2.94743	100	128.812	-1
13	16	-1.48869	3.09743	-1	-1	-1
13	16	-1.33869	3.09743	-1	-1	-1
13	16	-1.18869	3.09743	-1	-1	-1
13	16	-1.03869	3.09743	153	196.344	-1
13	16	-1.48869	3.24743	438	467.594	-1
13	16	-1.33869	3.24743	-1	-1	-1
13	16	-1.18869	3.24743	-1	-1	-1
13	16	-1.03869	3.24743	246	282.969	-1
13	16	-1.48869	3.39743	-1	-1	-1
13	16	-1.33869	3.39743	-1	-1	-1
13	16	-1.18869	3.39743	-1	-1	-1
13	16	-1.03869	3.39743	-1	-1	-1
14	16	2.71985	-6.17111	-1	-1	-1
14	16	2.86985	-6.17111	-1	-1	-1
14	16	3.01985	-6.17111	-1	-1	-1
14	16	3.16985	-6.17111	719	780.5	-1
14	16	2.71985	-6.02111	3004	3079.12	-1
14	16	2.86985	-6.02111	-1	-1	-1
14	16	3.01985	-6.02111	-1	-1	-1
14	16	3.16985	-6.02111	606	663.125	-1
14	16	2.71985	-5.87111	1276	1397	-1
14	16	2.86985	-5.87111	3129	3181.16	-1
14	16	3.01985	-5.87111	-1	-1	-1
14	16	3.16985	-5.87111	403	533.281	-1
14	16	2.71985	-5.72111	1443	1527.25	-1
14	16	2.86985	-5.72111	-1	-1	-1
14	16	3.01985	-5.72111	169	241.75	-1
14	16	3.16985	-5.72111	56	105.281	-1
15	16	-2.06339	-9.72539	3956	4036.31	-1
15	16	-1.91339	-9.72539	3852	3928.56	-1
15	16	-1.76339	-9.72539	2741	2824.62	-1
15	16	-1.61339	-9.72539	3697	3768.69	-1
15	16	-2.06339	-9.57539	4005	4091.28	-1
15	16	-1.91339	-9.57539	4166	4240.47	-1
15	16	-1.76339	-9.57539	3906	3988.84	-1
15	16	-1.61339	-9.57539	3724	3798.81	-1
15	16	-2.06339	-9.42539	-1	-1	-1
15	16	-1.91339	-9.42539	-1	-1	-1
15	16	-1.76339	-9.42539	-1	-1	-1
15	16	-1.61339	-9.42539	3885	3958.19	-1
15	16	-2.06339	-9.27539	2567	2648.41	-1
15	16	-1.91339	-9.27539	2717	2786	-1
15	16	-1.76339	-9.27539	-1	-1	-1
15	16	-1.61339	-9.27539	-1	-1	-1
16	16	-4.26139	-3.10554	-1	-1	-1
16	16	-4.11139	-3.10554	-1	-1	-1
16	16	-3.96139	-3.10554	-1	-1	-1
16	16	-3.81139	-3.10554	357	513.219	-1
16	16	-4.26139	-2.95554	-1	-1	-1
16	16	-4.11139	-2.95554	1121	1159.22	-1
16	16	-3.96139	-2.95554	658	699.344	-1
16	16	-3.81139	-2.95554	547	588.281	-1
16	16	-4.26139	-2.80554	-1	-1	-1
16	16	-4.11139	-2.80554	1010	1073.69	-1
16	16	-3.96139	-2.80554	1195	1238.47	-1
16	16	-3.81139	-2.80554	570	611.094	-1
16	16	-4.26139	-2.65554	111	149.812	-1
16	16	-4.11139	-2.65554	185	242.344	-1
16	16	-3.96139	-2.65554	231	267.375	-1
16	16	-3.81139	-2.65554	1276	1322.22	-1
17	16	-7.72672	-0.57122	4201	4258.62	-1
17	16	-7.57672	-0.57122	-1	-1	-1
17	16	-7.42672	-0.57122	-1	-1	-1
17	16	-7.27672	-0.57122	2403	2462.72	-1
17	16	-7.72672	-0.42122	-1	-1	-1
17	16	-7.57672	-0.42122	-1	-1	-1
17	16	-7.42672	-0.42122	-1	-1	-1
17	16	-7.27672	-0.42122	-1	-1	-1
17	16	-7.72672	-0.27122	-1	-1	-1
17	16	-7.57672	-0.27122	-1	-1	-1
17	16	-7.42672	-0.27122	-1	-1	-1
17	16	-7.27672	-0.27122	-1	-1	-1
17	16	-7.72672	-0.12122	-1	-1	-1
17	16	-7.57672	-0.12122	-1	-1	-1
17	16	-7.42672	-0.12122	-1	-1	-1
17	16	-7.27672	-0.12122	-1	-1	-1
18	16	3.76555	-4.93844	5245	5291.72	-1
18	16	3.91555	-4.93844	5267	5321.47	-1
18	16	4.06555	-4.93844	-1	-1	-1
18	16	4.21555	-4.93844	-1	-1	-1
18	16	3.76555	-4.78844	4968	5013.09	-1
18	16	3.91555	-4.78844	5065	5117.84	-1
18	16	4.06555	-4.78844	5169	5221.88	-1
18	16	4.21555	-4.78844	5373	-1	-1
18	16	3.76555	-4.63844	4853	4897.97	-1
18	16	3.91555	-4.63844	5048	5092.94	-1
18	16	4.06555	-4.63844	-1	-1	-1
18	16	4.21555	-4.63844	-1	-1	-1
18	16	3.76555	-4.48844	4943	5001.75	-1
18	16	3.91555	-4.48844	5140	5191.72	-1
18	16	4.06555	-4.48844	-1	-1	-1
18	16	4.21555	-4.48844	-1	-1	-1
19	16	-6.2406	5.1631	-1	-1	-1
19	16	-6.0906	5.1631	-1	-1	-1
19	16	-5.9406	5.1631	-1	-1	-1
19	16	-5.7906	5.1631	-1	-1	-1
19	16	-6.2406	5.3131	-1	-1	-1
19	16	-6.0906	5.3131	-1	-1	-1
19	16	-5.9406	5.3131	-1	-1	-1
19	16	-5.7906	5.3131	-1	-1	-1
19	16	-6.2406	5.4631	-1	-1	-1
19	16	-6.0906	5.4631	-1	-1	-1
19	16	-5.9406	5.4631	-1	-1	-1
19	16	-5.7906	5.4631	-1	-1	-1
19	16	-6.2406	5.6131	-1	-1	-1
19	16	-6.0906	5.6131	-1	-1	-1
19	16	-5.9406	5.6131	-1	-1	-1
19	16	-5.7906	5.6131	-1	-1	-1
20	16	-4.65493	7.88423	-1	-1	-1
20	16	-4.50493	7.88423	-1	-1	-1
20	16	-4.35493	7.88423	-1	-1	-1
20	16	-4.20493	7.88423	-1	-1	-1
20	16	-4.65493	8.03423	-1	-1	-1
20	16	-4.50493	8.03423	-1	-1	-1
20	16	-4.35493	8.03423	-1	-1	-1
20	16	-4.20493	8.03423	-1	-1	-1
20	16	-4.65493	8.18423	-1	-1	-1
20	16	-4.50493	8.18423	-1	-1	-1
20	16	-4.35493	8.18423	-1	-1	-1
20	16	-4.20493	8.18423	-1	-1	-1
20	16	-4.65493	8.33423	-1	-1	-1
20	16	-4.50493	8.33423	-1	-1	-1
20	16	-4.35493	8.33423	-1	-1	-1
20	16	-4.20493	8.33423	-1	-1	-1
21	16	-5.12293	-6.30358	-1	-1	-1
21	16	-4.97293	-6.30358	1887	1947.66	-1
21	16	-4.82293	-6.30358	1578	1637.84	-1
21	16	-4.67293	-6.30358	1699	1807.59	-1
21	16	-5.12293	-6.15358	-1	-1	-1
21	16	-4.97293	-6.15358	1275	1336.25	-1
21	16	-4.82293	-6.15358	1332	1403.25	-1
21	16	-4.67293	-6.15358	1435	1494.03	-1
21	16	-5.12293	-6.00358	1996	2095.19	-1
21	16	-4.97293	-6.00358	1409	1479.25	-1
21	16	-4.82293	-6.00358	1252	1314.09	-1
21	16	-4.67293	-6.00358	1205	1266.03	-1
21	16	-5.12293	-5.85358	1874	1937.94	-1
21	16	-4.97293	-5.85358	1384	1449.75	-1
21	16	-4.82293	-5.85358	1106	1165	-1
21	16	-4.67293	-5.85358	984	1042.38	-1
0	256	3.12093	6.22241	-1	-1	-1
0	256	-5.19575	-8.13025	-1	-1	-1
0	256	0.335777	-4.00098	4532	4577.78	-1
0	256	1.64362	-7.09023	3158	3219.69	-1
0	256	7.02099	-5.35278	754	828.625	-1
0	256	-3.31286	6.93473	-1	-1	-1
0	256	7.80363	3.20868	-1	-1	-1
0	256	-9.07823	2.82621	-1	-1	-1
0	256	5.12926	-2.03027	-1	-1	-1
0	256	-4.7445	-0.153335	-1	-1	-1
0	256	-3.15216	9.37927	-1	-1	-1
0	256	6.76247	1.60119	-1	-1	-1
0	256	4.21144	4.9273	1213	1263.31	-1
0	256	4.80021	5.37378	573	628.531	-1
0	256	6.37283	-1.30291	-1	-1	-1
0	256	-8.1785	2.83347	-1	-1	-1
0	256	5.95331	-7.31163	5042	5165.88	-1
0	256	3.76225	1.86534	2052	2089.97	-1
0	256	5.7122	4.85643	478	605.906	-1
0	256	8.18459	3.59626	-1	-1	-1
0	256	0.547991	3.99773	2670	2702.41	-1
0	256	6.34733	1.55129	-1	-1	-1
0	256	-6.03921	-6.34871	-1	-1	-1
0	256	4.96806	2.4855	-1	-1	-1
0	256	3.64701	-7.96795	-1	-1	-1
0	256	-3.94781	-6.97977	498	613.469	-1
0	256	-9.38932	1.5831	3822	3895.84	-1
0	256	1.30593	4.51664	-1	-1	-1
0	256	-3.44747	4.32287	-1	-1	-1
0	256	3.91236	-5.61746	839	891.281	-1
0	256	1.00109	-8.73101	2643	2734.31	-1
0	256	7.3493	5.7943	-1	-1	-1
0	256	-0.764756	7.94416	-1	-1	-1
0	256	-6.63971	-5.01137	-1	-1	-1
0	256	1.48663	4.90244	-1	-1	-1
0	256	-5.49589	1.88928	-1	-1	-1
0	256	-5.75502	2.87184	-1	-1	-1
0	256	-0.8099	8.40504	1527	1593.5	-1
0	256	0.642279	7.58174	1343	1406.62	-1
0	256	-3.84644	8.08225	-1	-1	-1
0	256	8.36116	-3.35162	-1	-1	-1
0	256	-6.32076	1.52679	-1	-1	-1
0	256	4.26587	-3.00455	-1	-1	-1
0	256	-3.90547	-7.94382	628	694.594	-1
0	256	9.10645	-0.866946	-1	-1	-1
0	256	-5.1379	-4.43245	-1	-1	-1
0	256	3.84708	5.67304	4458	4510.75	-1
0	256	5.78361	2.40992	-1	-1	-1
0	256	-0.709717	6.99759	-1	-1	-1
0	256	-3.32304	-1.93118	30	65.9688	-1
0	256	-3.35164	7.92308	-1	-1	-1
0	256	1.25979	-9.59358	3329	3404.94	-1
0	256	-3.12882	-7.31529	-1	-1	-1
0	256	-1.84577	0.132509	-1	-1	-1
0	256	4.6584	7.05258	-1	-1	-1
0	256	-5.68755	0.170257	-1	-1	-1
0	256	-6.88879	-3.39161	1305	1362.97	-1
0	256	-5.64647	-7.47644	-1	-1	-1
0	256	4.47923	-0.625371	2275	2316.81	-1
0	256	1.58139	-6.88518	-1	-1	-1
0	256	6.0028	6.28105	4637	4711.53	-1
0	256	-7.28946	-1.48361	-1	-1	-1
0	256	-1.45061	9.49669	-1	-1	-1
0	256	4.78334	-7.11728	-1	-1	-1
0	256	-2.74627	3.85895	-1	-1	-1
0	256	-6.43196	-3.33335	-1	-1	-1
0	256	1.08037	5.96872	-1	-1	-1
0	256	3.46514	7.26093	3185	3247	-1
0	256	0.371757	8.16166	-1	-1	-1
0	256	8.31638	-4.86142	-1	-1	-1
0	256	4.7768	6.29475	806	932.312	-1
0	256	-4.25645	6.33999	-1	-1	-1
0	256	-0.988151	-4.52717	2062	2102.28	-1
0	256	3.2196	2.67678	101	252.656	-1
0	256	3.06634	-2.74249	1485	1625.5	-1
0	256	-9.12217	-2.03275	-1	-1	-1
0	256	2.36005	-2.55871	-1	-1	-1
0	256	-2.14843	-8.89085	3138	3205.94	-1
0	256	6.05811	-7.67073	-1	-1	-1
0	256	-5.78736	-7.59369	-1	-1	-1
0	256	-5.61852	-6.86922	-1	-1	-1
0	256	8.18384	5.65235	-1	-1	-1
0	256	5.48037	0.839506	2482	2524.38	-1
0	256	-6.72295	3.76587	1188	1247.03	-1
0	256	-7.77721	0.833214	-1	-1	-1
0	256	-3.69104	4.28779	-1	-1	-1
0	256	7.88287	-1.45799	-1	-1	-1
0	256	-2.99337	9.21153	-1	-1	-1
0	256	8.32468	0.159682	-1	-1	-1
0	256	0.779122	9.1137	-1	-1	-1
0	256	-6.4472	-6.64937	-1	-1	-1
0	256	-1.10192	4.20547	-1	-1	-1
0	256	-5.58582	8.12609	-1	-1	-1
0	256	-1.62734	-5.03454	48	92.1875	-1
0	256	0.963149	-3.26203	-1	-1	-1
0	256	1.23969	-9.43872	2804	2881.5	-1
0	256	-6.11851	-6.27692	-1	-1	-1
0	256	7.98449	2.35995	-1	-1	-1
0	256	4.1817	-0.5543	2353	2393.47	-1
0	256	-3.77556	-5.1832	340	392.656	-1
0	256	-4.60196	-7.20866	-1	-1	-1
0	256	5.33698	-8.31275	-1	-1	-1
0	256	5.65066	2.23081	-1	-1	-1
0	256	5.45579	3.32707	-1	-1	-1
0	256	-8.18437	-4.96385	984	1063.47	-1
0	256	6.51087	2.49363	-1	-1	-1
0	256	8.90696	0.155667	-1	-1	-1
0	256	2.28838	3.5038	-1	-1	-1
0	256	2.06617	7.87586	-1	-1	-1
0	256	0.377978	3.58293	4878	4995.22	-1
0	256	8.6192	3.03631	-1	-1	-1
0	256	-3.4122	-6.7191	1482	1540.69	-1
0	256	5.9443	-7.83729	-1	-1	-1
0	256	-3.78861	8.79135	-1	-1	-1
0	256	4.57502	1.06035	2389	2427.72	-1
0	256	-3.13851	1.51917	68	99.8125	-1
0	256	7.04908	-4.95311	-1	-1	-1
0	256	-7.79159	-4.66103	-1	-1	-1
0	256	-2.45884	9.04214	-1	-1	-1
0	256	-0.832777	3.25223	184	214.781	-1
0	256	9.0839	0.838491	-1	-1	-1
0	256	-0.451384	-5.09689	694	737.344	-1
0	256	5.43463	-1.50105	-1	-1	-1
0	256	0.0967934	-6.20226	-1	-1	-1
0	256	-0.688741	7.72479	-1	-1	-1
0	256	0.96938	3.96579	-1	-1	-1
0	256	-3.81374	-8.28483	-1	-1	-1
0	256	-0.51417	1.65194	2594	2733.31	-1
0	256	-5.53677	-7.49596	-1	-1	-1
0	256	6.58595	3.82622	-1	-1	-1
0	256	3.49389	-0.159127	-1	-1	-1
0	256	-4.40458	2.44628	2827	2946.75	-1
0	256	7.69987	1.21962	-1	-1	-1
0	256	5.29229	7.93147	-1	-1	-1
0	256	-0.76916	8.10743	-1	-1	-1
0	256	-0.314846	5.59484	-1	-1	-1
0	256	-3.35724	-9.17759	-1	-1	-1
0	256	5.79353	0.593131	-1	-1	-1
0	256	1.23888	3.10684	27	57.875	-1
0	256	6.08699	0.244782	2777	2880.41	-1
0	256	1.76309	5.95823	3222	3275.94	-1
0	256	0.803832	4.54947	4325	4440.25	-1
0	256	-3.15738	5.46566	-1	-1	-1
0	256	7.15068	-0.68588	2448	2544	-1
0	256	6.52209	1.29463	-1	-1	-1
0	256	-1.77666	6.28648	-1	-1	-1
0	256	6.60006	-7.35078	-1	-1	-1
0	256	1.5009	4.46693	-1	-1	-1
0	256	-2.1971	-6.0118	-1	-1	-1
0	256	2.89668	7.16411	-1	-1	-1
0	256	-2.7274	1.6599	-1	-1	-1
0	256	0.991058	6.95719	-1	-1	-1
0	256	-9.06113	1.44334	-1	-1	-1
0	256	-9.62392	-1.60058	378	450	-1
0	256	-8.69645	-4.43031	2984	3050.81	-1
0	256	-6.63677	-6.55948	-1	-1	-1
0	256	9.23996	-1.44359	-1	-1	-1
0	256	5.92542	-5.38413	-1	-1	-1
0	256	-8.59974	0.580902	-1	-1	-1
0	256	-6.23568	-7.49642	-1	-1	-1
0	256	-2.88989	-1.11614	1399	1424.22	-1
0	256	-1.24299	8.42494	-1	-1	-1
0	256	6.04133	-5.07145	-1	-1	-1
0	256	-5.62155	-2.14042	-1	-1	-1
0	256	7.83227	5.28297	-1	-1	-1
0	256	-1.46862	6.31588	-1	-1	-1
0	256	-6.85143	-5.95526	-1	-1	-1
0	256	-3.49898	-4.91778	1789	1837.41	-1
0	256	-3.49157	5.42395	-1	-1	-1
0	256	1.77098	2.83195	-1	-1	-1
0	256	5.65149	4.94921	384	511	-1
0	256	-6.25897	-3.76094	-1	-1	-1
0	256	-7.06586	-6.44497	2201	2272	-1
0	256	3.39237	7.47979	3025	3125.19	-1
0	256	5.26188	0.0531418	2305	2350.91	-1
0	256	-1.70171	5.98262	-1	-1	-1
0	256	-2.97252	-3.89153	3275	3316.12	-1
0	256	-2.43156	-8.8767	-1	-1	-1
0	256	-2.74306	-2.03583	419	554.688	-1
0	256	-0.678729	6.45739	-1	-1	-1
0	256	0.348303	3.89387	2599	2632.22	-1
0	256	-4.80627	-6.84134	-1	-1	-1
0	256	4.76085	7.60911	3322	3385.53	-1
0	256	-6.5527	-6.43219	1923	1991.25	-1
0	256	2.22233	3.92368	982	1122.53	-1
0	256	-4.73935	-7.33255	-1	-1	-1
0	256	-6.97129	-5.99472	2059	2131.53	-1
0	256	4.22407	5.37528	-1	-1	-1
0	256	6.46117	-2.08826	-1	-1	-1
0	256	-0.322004	9.58034	-1	-1	-1
0	256	5.87016	-7.76632	-1	-1	-1
0	256	-6.85675	-0.22404	-1	-1	-1
0	256	5.40819	1.89806	-1	-1	-1
0	256	1.18683	3.48443	-1	-1	-1
0	256	-4.45775	1.7315	-1	-1	-1
0	256	-7.32688	1.09528	998	1050.72	-1
0	256	-1.80357	8.16843	-1	-1	-1
0	256	-4.88318	8.65598	-1	-1	-1
0	256	6.68257	7.22692	1660	1789.72	-1
0	256	-3.52053	-7.39006	820	889.375	-1
0	256	-2.02851	6.9837	-1	-1	-1
0	256	-0.051165	4.94769	-1	-1	-1
0	256	-2.94869	-1.00366	1338	1371.28	-1
0	256	-5.98679	-4.81781	-1	-1	-1
0	256	3.5776	-1.87375	1474	1604.78	-1
0	256	-2.55858	1.64315	-1	-1	-1
0	256	3.16055	-2.39072	1411	1548.34	-1
0	256	-0.766943	5.42234	-1	-1	-1
0	256	9.37498	3.45022	-1	-1	-1
0	256	5.94583	5.78653	3605	3670.72	-1
0	256	3.58107	-8.25881	-1	-1	-1
0	256	-8.43636	-0.870801	3370	3469.59	-1
0	256	-5.47012	6.56877	-1	-1	-1
0	256	2.70247	7.24954	-1	-1	-1
0	256	2.43008	-6.99678	-1	-1	-1
0	256	1.53903	-6.98073	-1	-1	-1
0	256	7.48756	4.1558	-1	-1	-1
0	256	8.47112	2.1692	-1	-1	-1
0	256	-0.405665	-5.9751	2196	2254.31	-1
0	256	-1.31515	8.83058	-1	-1	-1
0	256	-3.93343	7.19169	-1	-1	-1
0	256	-6.15226	1.50726	-1	-1	-1
0	256	-4.49402	1.05361	-1	-1	-1
0	256	1.39556	4.96313	-1	-1	-1
0	256	-3.37287	-0.101993	-1	-1	-1
0	256	5.46448	0.419703	2399	2441.62	-1
0	256	5.87315	-3.68422	-1	-1	-1
0	256	-8.6071	-1.88773	240	306.719	-1
0	256	-4.35786	0.557095	87	121.594	-1
0	256	4.87629	-6.33621	-1	-1	-1
0	256	5.28807	-4.06939	2677	2825.38	-1
0	256	-3.44208	6.62511	-1	-1	-1
0	256	-5.47501	-5.59524	1711	1859.09	-1
0	256	-2.7823	-3.42232	-1	-1	-1
0	256	-1.54489	7.07532	-1	-1	-1
0	256	6.23162	-3.69318	-1	-1	-1
0	256	-5.00338	-5.23277	-1	-1	-1
0	256	7.63361	-2.54974	-1	-1	-1
0	256	4.25872	-8.00675	-1	-1	-1
0	256	-4.19472	-3.82509	-1	-1	-1
0	256	1.91085	-6.22332	-1	-1	-1
0	256	-1.86314	4.38543	-1	-1	-1
0	256	2.57855	8.8794	-1	-1	-1
0	256	3.61003	3.63106	-1	-1	-1
0	256	-6.19771	7.45544	-1	-1	-1
0	256	-2.13334	2.82497	367	400.094	-1
0	256	-2.60932	4.8399	-1	-1	-1
0	256	-3.26288	-8.20738	2987	3061.72	-1
0	256	9.57584	-1.72536	-1	-1	-1
0	256	-6.40916	7.11202	-1	-1	-1
0	256	6.91709	1.0062	-1	-1	-1
0	256	6.23126	-1.58162	-1	-1	-1
0	256	1.40048	2.73777	-1	-1	-1
0	256	-5.44302	-5.96826	-1	-1	-1
0	256	6.85398	1.46915	-1	-1	-1
0	256	2.12216	-8.46103	3284	3349.31	-1
