Pile ID	Distribution Type	X-Position	Y-Position	Pickup Time	Drop Off Time	Ant ID
1	1	6.66001	5.61011	2938	3002.41	-1
1	1	6.81001	5.61011	-1	-1	-1
1	1	6.96001	5.61011	-1	-1	-1
1	1	7.11001	5.61011	5089	5160.53	-1
1	1	7.26001	5.61011	5042	5120.34	-1
1	1	7.41001	5.61011	4704	4815.56	-1
1	1	7.56001	5.61011	4885	4961.84	-1
1	1	7.71001	5.61011	-1	-1	-1
1	1	7.86001	5.61011	-1	-1	-1
1	1	8.01001	5.61011	-1	-1	-1
1	1	8.16001	5.61011	2620	2717.66	-1
1	1	8.31001	5.61011	-1	-1	-1
1	1	8.46001	5.61011	-1	-1	-1
1	1	8.61001	5.61011	-1	-1	-1
1	1	8.76001	5.61011	-1	-1	-1
1	1	8.91001	5.61011	-1	-1	-1
1	1	6.66001	5.76011	4069	4188.06	-1
1	1	6.81001	5.76011	-1	-1	-1
1	1	6.96001	5.76011	-1	-1	-1
1	1	7.11001	5.76011	-1	-1	-1
1	1	7.26001	5.76011	-1	-1	-1
1	1	7.41001	5.76011	5064	5141.25	-1
1	1	7.56001	5.76011	5208	5288.66	-1
1	1	7.71001	5.76011	-1	-1	-1
1	1	7.86001	5.76011	-1	-1	-1
1	1	8.01001	5.76011	-1	-1	-1
1	1	8.16001	5.76011	-1	-1	-1
1	1	8.31001	5.76011	-1	-1	-1
1	1	8.46001	5.76011	-1	-1	-1
1	1	8.61001	5.76011	-1	-1	-1
1	1	8.76001	5.76011	-1	-1	-1
1	1	8.91001	5.76011	-1	-1	-1
1	1	6.66001	5.91011	-1	-1	-1
1	1	6.81001	5.91011	-1	-1	-1
1	1	6.96001	5.91011	-1	-1	-1
1	1	7.11001	5.91011	-1	-1	-1
1	1	7.26001	5.91011	-1	-1	-1
1	1	7.41001	5.91011	-1	-1	-1
1	1	7.56001	5.91011	-1	-1	-1
1	1	7.71001	5.91011	-1	-1	-1
1	1	7.86001	5.91011	-1	-1	-1
1	1	8.01001	5.91011	-1	-1	-1
1	1	8.16001	5.91011	-1	-1	-1
1	1	8.31001	5.91011	-1	-1	-1
1	1	8.46001	5.91011	-1	-1	-1
1	1	8.61001	5.91011	-1	-1	-1
1	1	8.76001	5.91011	-1	-1	-1
1	1	8.91001	5.91011	-1	-1	-1
1	1	6.66001	6.06011	-1	-1	-1
1	1	6.81001	6.06011	-1	-1	-1
1	1	6.96001	6.06011	-1	-1	-1
1	1	7.11001	6.06011	-1	-1	-1
1	1	7.26001	6.06011	-1	-1	-1
1	1	7.41001	6.06011	-1	-1	-1
1	1	7.56001	6.06011	-1	-1	-1
1	1	7.71001	6.06011	-1	-1	-1
1	1	7.86001	6.06011	-1	-1	-1
1	1	8.01001	6.06011	-1	-1	-1
1	1	8.16001	6.06011	-1	-1	-1
1	1	8.31001	6.06011	-1	-1	-1
1	1	8.46001	6.06011	-1	-1	-1
1	1	8.61001	6.06011	-1	-1	-1
1	1	8.76001	6.06011	-1	-1	-1
1	1	8.91001	6.06011	1635	1713.69	-1
1	1	6.66001	6.21011	-1	-1	-1
1	1	6.81001	6.21011	-1	-1	-1
1	1	6.96001	6.21011	-1	-1	-1
1	1	7.11001	6.21011	-1	-1	-1
1	1	7.26001	6.21011	-1	-1	-1
1	1	7.41001	6.21011	-1	-1	-1
1	1	7.56001	6.21011	-1	-1	-1
1	1	7.71001	6.21011	-1	-1	-1
1	1	7.86001	6.21011	-1	-1	-1
1	1	8.01001	6.21011	-1	-1	-1
1	1	8.16001	6.21011	-1	-1	-1
1	1	8.31001	6.21011	-1	-1	-1
1	1	8.46001	6.21011	-1	-1	-1
1	1	8.61001	6.21011	-1	-1	-1
1	1	8.76001	6.21011	-1	-1	-1
1	1	8.91001	6.21011	1481	1559.53	-1
1	1	6.66001	6.36011	-1	-1	-1
1	1	6.81001	6.36011	-1	-1	-1
1	1	6.96001	6.36011	-1	-1	-1
1	1	7.11001	6.36011	-1	-1	-1
1	1	7.26001	6.36011	-1	-1	-1
1	1	7.41001	6.36011	-1	-1	-1
1	1	7.56001	6.36011	-1	-1	-1
1	1	7.71001	6.36011	-1	-1	-1
1	1	7.86001	6.36011	-1	-1	-1
1	1	8.01001	6.36011	-1	-1	-1
1	1	8.16001	6.36011	-1	-1	-1
1	1	8.31001	6.36011	-1	-1	-1
1	1	8.46001	6.36011	-1	-1	-1
1	1	8.61001	6.36011	-1	-1	-1
1	1	8.76001	6.36011	-1	-1	-1
1	1	8.91001	6.36011	-1	-1	-1
1	1	6.66001	6.51011	-1	-1	-1
1	1	6.81001	6.51011	-1	-1	-1
1	1	6.96001	6.51011	-1	-1	-1
1	1	7.11001	6.51011	-1	-1	-1
1	1	7.26001	6.51011	-1	-1	-1
1	1	7.41001	6.51011	-1	-1	-1
1	1	7.56001	6.51011	-1	-1	-1
1	1	7.71001	6.51011	-1	-1	-1
1	1	7.86001	6.51011	-1	-1	-1
1	1	8.01001	6.51011	-1	-1	-1
1	1	8.16001	6.51011	-1	-1	-1
1	1	8.31001	6.51011	-1	-1	-1
1	1	8.46001	6.51011	-1	-1	-1
1	1	8.61001	6.51011	-1	-1	-1
1	1	8.76001	6.51011	-1	-1	-1
1	1	8.91001	6.51011	-1	-1	-1
1	1	6.66001	6.66011	-1	-1	-1
1	1	6.81001	6.66011	-1	-1	-1
1	1	6.96001	6.66011	-1	-1	-1
1	1	7.11001	6.66011	-1	-1	-1
1	1	7.26001	6.66011	-1	-1	-1
1	1	7.41001	6.66011	-1	-1	-1
1	1	7.56001	6.66011	-1	-1	-1
1	1	7.71001	6.66011	-1	-1	-1
1	1	7.86001	6.66011	-1	-1	-1
1	1	8.01001	6.66011	-1	-1	-1
1	1	8.16001	6.66011	-1	-1	-1
1	1	8.31001	6.66011	-1	-1	-1
1	1	8.46001	6.66011	-1	-1	-1
1	1	8.61001	6.66011	-1	-1	-1
1	1	8.76001	6.66011	-1	-1	-1
1	1	8.91001	6.66011	-1	-1	-1
1	1	6.66001	6.81011	-1	-1	-1
1	1	6.81001	6.81011	-1	-1	-1
1	1	6.96001	6.81011	-1	-1	-1
1	1	7.11001	6.81011	-1	-1	-1
1	1	7.26001	6.81011	-1	-1	-1
1	1	7.41001	6.81011	-1	-1	-1
1	1	7.56001	6.81011	-1	-1	-1
1	1	7.71001	6.81011	-1	-1	-1
1	1	7.86001	6.81011	-1	-1	-1
1	1	8.01001	6.81011	-1	-1	-1
1	1	8.16001	6.81011	-1	-1	-1
1	1	8.31001	6.81011	-1	-1	-1
1	1	8.46001	6.81011	-1	-1	-1
1	1	8.61001	6.81011	-1	-1	-1
1	1	8.76001	6.81011	-1	-1	-1
1	1	8.91001	6.81011	-1	-1	-1
1	1	6.66001	6.96011	-1	-1	-1
1	1	6.81001	6.96011	-1	-1	-1
1	1	6.96001	6.96011	-1	-1	-1
1	1	7.11001	6.96011	-1	-1	-1
1	1	7.26001	6.96011	-1	-1	-1
1	1	7.41001	6.96011	-1	-1	-1
1	1	7.56001	6.96011	-1	-1	-1
1	1	7.71001	6.96011	-1	-1	-1
1	1	7.86001	6.96011	-1	-1	-1
1	1	8.01001	6.96011	-1	-1	-1
1	1	8.16001	6.96011	-1	-1	-1
1	1	8.31001	6.96011	-1	-1	-1
1	1	8.46001	6.96011	-1	-1	-1
1	1	8.61001	6.96011	-1	-1	-1
1	1	8.76001	6.96011	-1	-1	-1
1	1	8.91001	6.96011	-1	-1	-1
1	1	6.66001	7.11011	-1	-1	-1
1	1	6.81001	7.11011	-1	-1	-1
1	1	6.96001	7.11011	-1	-1	-1
1	1	7.11001	7.11011	-1	-1	-1
1	1	7.26001	7.11011	-1	-1	-1
1	1	7.41001	7.11011	-1	-1	-1
1	1	7.56001	7.11011	-1	-1	-1
1	1	7.71001	7.11011	-1	-1	-1
1	1	7.86001	7.11011	-1	-1	-1
1	1	8.01001	7.11011	-1	-1	-1
1	1	8.16001	7.11011	-1	-1	-1
1	1	8.31001	7.11011	-1	-1	-1
1	1	8.46001	7.11011	-1	-1	-1
1	1	8.61001	7.11011	-1	-1	-1
1	1	8.76001	7.11011	-1	-1	-1
1	1	8.91001	7.11011	-1	-1	-1
1	1	6.66001	7.26011	-1	-1	-1
1	1	6.81001	7.26011	-1	-1	-1
1	1	6.96001	7.26011	-1	-1	-1
1	1	7.11001	7.26011	-1	-1	-1
1	1	7.26001	7.26011	-1	-1	-1
1	1	7.41001	7.26011	-1	-1	-1
1	1	7.56001	7.26011	-1	-1	-1
1	1	7.71001	7.26011	-1	-1	-1
1	1	7.86001	7.26011	-1	-1	-1
1	1	8.01001	7.26011	-1	-1	-1
1	1	8.16001	7.26011	-1	-1	-1
1	1	8.31001	7.26011	-1	-1	-1
1	1	8.46001	7.26011	-1	-1	-1
1	1	8.61001	7.26011	-1	-1	-1
1	1	8.76001	7.26011	-1	-1	-1
1	1	8.91001	7.26011	-1	-1	-1
1	1	6.66001	7.41011	-1	-1	-1
1	1	6.81001	7.41011	-1	-1	-1
1	1	6.96001	7.41011	-1	-1	-1
1	1	7.11001	7.41011	-1	-1	-1
1	1	7.26001	7.41011	-1	-1	-1
1	1	7.41001	7.41011	-1	-1	-1
1	1	7.56001	7.41011	-1	-1	-1
1	1	7.71001	7.41011	-1	-1	-1
1	1	7.86001	7.41011	-1	-1	-1
1	1	8.01001	7.41011	-1	-1	-1
1	1	8.16001	7.41011	-1	-1	-1
1	1	8.31001	7.41011	-1	-1	-1
1	1	8.46001	7.41011	-1	-1	-1
1	1	8.61001	7.41011	-1	-1	-1
1	1	8.76001	7.41011	-1	-1	-1
1	1	8.91001	7.41011	-1	-1	-1
1	1	6.66001	7.56011	-1	-1	-1
1	1	6.81001	7.56011	-1	-1	-1
1	1	6.96001	7.56011	-1	-1	-1
1	1	7.11001	7.56011	-1	-1	-1
1	1	7.26001	7.56011	-1	-1	-1
1	1	7.41001	7.56011	-1	-1	-1
1	1	7.56001	7.56011	-1	-1	-1
1	1	7.71001	7.56011	-1	-1	-1
1	1	7.86001	7.56011	-1	-1	-1
1	1	8.01001	7.56011	-1	-1	-1
1	1	8.16001	7.56011	-1	-1	-1
1	1	8.31001	7.56011	-1	-1	-1
1	1	8.46001	7.56011	-1	-1	-1
1	1	8.61001	7.56011	-1	-1	-1
1	1	8.76001	7.56011	-1	-1	-1
1	1	8.91001	7.56011	-1	-1	-1
1	1	6.66001	7.71011	-1	-1	-1
1	1	6.81001	7.71011	-1	-1	-1
1	1	6.96001	7.71011	-1	-1	-1
1	1	7.11001	7.71011	-1	-1	-1
1	1	7.26001	7.71011	-1	-1	-1
1	1	7.41001	7.71011	-1	-1	-1
1	1	7.56001	7.71011	-1	-1	-1
1	1	7.71001	7.71011	-1	-1	-1
1	1	7.86001	7.71011	-1	-1	-1
1	1	8.01001	7.71011	-1	-1	-1
1	1	8.16001	7.71011	-1	-1	-1
1	1	8.31001	7.71011	-1	-1	-1
1	1	8.46001	7.71011	-1	-1	-1
1	1	8.61001	7.71011	-1	-1	-1
1	1	8.76001	7.71011	-1	-1	-1
1	1	8.91001	7.71011	-1	-1	-1
1	1	6.66001	7.86011	-1	-1	-1
1	1	6.81001	7.86011	-1	-1	-1
1	1	6.96001	7.86011	-1	-1	-1
1	1	7.11001	7.86011	-1	-1	-1
1	1	7.26001	7.86011	-1	-1	-1
1	1	7.41001	7.86011	-1	-1	-1
1	1	7.56001	7.86011	-1	-1	-1
1	1	7.71001	7.86011	-1	-1	-1
1	1	7.86001	7.86011	-1	-1	-1
1	1	8.01001	7.86011	-1	-1	-1
1	1	8.16001	7.86011	-1	-1	-1
1	1	8.31001	7.86011	-1	-1	-1
1	1	8.46001	7.86011	-1	-1	-1
1	1	8.61001	7.86011	-1	-1	-1
1	1	8.76001	7.86011	-1	-1	-1
1	1	8.91001	7.86011	-1	-1	-1
2	4	3.87342	-3.32123	-1	-1	-1
2	4	4.02342	-3.32123	-1	-1	-1
2	4	4.17342	-3.32123	-1	-1	-1
2	4	4.32342	-3.32123	-1	-1	-1
2	4	4.47342	-3.32123	-1	-1	-1
2	4	4.62342	-3.32123	5364	-1	-1
2	4	4.77342	-3.32123	-1	-1	-1
2	4	4.92342	-3.32123	-1	-1	-1
2	4	3.87342	-3.17123	-1	-1	-1
2	4	4.02342	-3.17123	-1	-1	-1
2	4	4.17342	-3.17123	-1	-1	-1
2	4	4.32342	-3.17123	-1	-1	-1
2	4	4.47342	-3.17123	-1	-1	-1
2	4	4.62342	-3.17123	-1	-1	-1
2	4	4.77342	-3.17123	-1	-1	-1
2	4	4.92342	-3.17123	-1	-1	-1
2	4	3.87342	-3.02123	-1	-1	-1
2	4	4.02342	-3.02123	-1	-1	-1
2	4	4.17342	-3.02123	-1	-1	-1
2	4	4.32342	-3.02123	-1	-1	-1
2	4	4.47342	-3.02123	-1	-1	-1
2	4	4.62342	-3.02123	-1	-1	-1
2	4	4.77342	-3.02123	-1	-1	-1
2	4	4.92342	-3.02123	-1	-1	-1
2	4	3.87342	-2.87123	-1	-1	-1
2	4	4.02342	-2.87123	-1	-1	-1
2	4	4.17342	-2.87123	-1	-1	-1
2	4	4.32342	-2.87123	-1	-1	-1
2	4	4.47342	-2.87123	-1	-1	-1
2	4	4.62342	-2.87123	-1	-1	-1
2	4	4.77342	-2.87123	-1	-1	-1
2	4	4.92342	-2.87123	-1	-1	-1
2	4	3.87342	-2.72123	-1	-1	-1
2	4	4.02342	-2.72123	-1	-1	-1
2	4	4.17342	-2.72123	-1	-1	-1
2	4	4.32342	-2.72123	-1	-1	-1
2	4	4.47342	-2.72123	-1	-1	-1
2	4	4.62342	-2.72123	-1	-1	-1
2	4	4.77342	-2.72123	-1	-1	-1
2	4	4.92342	-2.72123	-1	-1	-1
2	4	3.87342	-2.57123	4319	4457.75	-1
2	4	4.02342	-2.57123	-1	-1	-1
2	4	4.17342	-2.57123	-1	-1	-1
2	4	4.32342	-2.57123	-1	-1	-1
2	4	4.47342	-2.57123	-1	-1	-1
2	4	4.62342	-2.57123	-1	-1	-1
2	4	4.77342	-2.57123	-1	-1	-1
2	4	4.92342	-2.57123	-1	-1	-1
2	4	3.87342	-2.42123	4494	4533.91	-1
2	4	4.02342	-2.42123	-1	-1	-1
2	4	4.17342	-2.42123	-1	-1	-1
2	4	4.32342	-2.42123	-1	-1	-1
2	4	4.47342	-2.42123	-1	-1	-1
2	4	4.62342	-2.42123	-1	-1	-1
2	4	4.77342	-2.42123	-1	-1	-1
2	4	4.92342	-2.42123	-1	-1	-1
2	4	3.87342	-2.27123	-1	-1	-1
2	4	4.02342	-2.27123	3432	3469.25	-1
2	4	4.17342	-2.27123	-1	-1	-1
2	4	4.32342	-2.27123	3685	3754.56	-1
2	4	4.47342	-2.27123	3496	3540.31	-1
2	4	4.62342	-2.27123	3583	3624.03	-1
2	4	4.77342	-2.27123	-1	-1	-1
2	4	4.92342	-2.27123	5379	-1	-1
3	4	-8.77866	-1.16788	-1	-1	-1
3	4	-8.62866	-1.16788	3837	3898.81	-1
3	4	-8.47866	-1.16788	-1	-1	-1
3	4	-8.32866	-1.16788	-1	-1	-1
3	4	-8.17866	-1.16788	2352	2415.41	-1
3	4	-8.02866	-1.16788	2201	2268.06	-1
3	4	-7.87866	-1.16788	2076	2133.28	-1
3	4	-7.72866	-1.16788	1493	1557.19	-1
3	4	-8.77866	-1.01788	4387	4469.31	-1
3	4	-8.62866	-1.01788	4111	4189.78	-1
3	4	-8.47866	-1.01788	4254	4324.69	-1
3	4	-8.32866	-1.01788	-1	-1	-1
3	4	-8.17866	-1.01788	2230	2295.97	-1
3	4	-8.02866	-1.01788	2047	2118.38	-1
3	4	-7.87866	-1.01788	1869	1938.09	-1
3	4	-7.72866	-1.01788	1251	1312.22	-1
3	4	-8.77866	-0.867875	4675	4742.44	-1
3	4	-8.62866	-0.867875	4530	4603.47	-1
3	4	-8.47866	-0.867875	-1	-1	-1
3	4	-8.32866	-0.867875	5159	5222.72	-1
3	4	-8.17866	-0.867875	2088	2155.25	-1
3	4	-8.02866	-0.867875	2019	2093.28	-1
3	4	-7.87866	-0.867875	1618	1682.91	-1
3	4	-7.72866	-0.867875	1373	1433.59	-1
3	4	-8.77866	-0.717875	-1	-1	-1
3	4	-8.62866	-0.717875	-1	-1	-1
3	4	-8.47866	-0.717875	-1	-1	-1
3	4	-8.32866	-0.717875	2188	2286.78	-1
3	4	-8.17866	-0.717875	2170	2242.38	-1
3	4	-8.02866	-0.717875	2053	2141.22	-1
3	4	-7.87866	-0.717875	1742	1801.03	-1
3	4	-7.72866	-0.717875	1894	1988.94	-1
3	4	-8.77866	-0.567875	-1	-1	-1
3	4	-8.62866	-0.567875	-1	-1	-1
3	4	-8.47866	-0.567875	-1	-1	-1
3	4	-8.32866	-0.567875	5108	5206.12	-1
3	4	-8.17866	-0.567875	2354	2428.53	-1
3	4	-8.02866	-0.567875	2236	2308.41	-1
3	4	-7.87866	-0.567875	2199	2261.22	-1
3	4	-7.72866	-0.567875	2217	2279.53	-1
3	4	-8.77866	-0.417875	4803	4873.91	-1
3	4	-8.62866	-0.417875	4673	4737.88	-1
3	4	-8.47866	-0.417875	4985	5051.91	-1
3	4	-8.32866	-0.417875	4848	4919.31	-1
3	4	-8.17866	-0.417875	2388	2454.44	-1
3	4	-8.02866	-0.417875	2371	2445.28	-1
3	4	-7.87866	-0.417875	2522	2580.41	-1
3	4	-7.72866	-0.417875	-1	-1	-1
3	4	-8.77866	-0.267875	4251	4311.66	-1
3	4	-8.62866	-0.267875	4548	4616.28	-1
3	4	-8.47866	-0.267875	4701	4765.47	-1
3	4	-8.32866	-0.267875	4829	4902.91	-1
3	4	-8.17866	-0.267875	4959	5015.69	-1
3	4	-8.02866	-0.267875	5270	5325.94	-1
3	4	-7.87866	-0.267875	-1	-1	-1
3	4	-7.72866	-0.267875	-1	-1	-1
3	4	-8.77866	-0.117875	4121	4183.19	-1
3	4	-8.62866	-0.117875	4402	4467.53	-1
3	4	-8.47866	-0.117875	4536	4601	-1
3	4	-8.32866	-0.117875	4971	5030.78	-1
3	4	-8.17866	-0.117875	5095	5153.72	-1
3	4	-8.02866	-0.117875	-1	-1	-1
3	4	-7.87866	-0.117875	-1	-1	-1
3	4	-7.72866	-0.117875	-1	-1	-1
4	4	-6.47332	-3.55642	-1	-1	-1
4	4	-6.32332	-3.55642	-1	-1	-1
4	4	-6.17332	-3.55642	-1	-1	-1
4	4	-6.02332	-3.55642	-1	-1	-1
4	4	-5.87332	-3.55642	-1	-1	-1
4	4	-5.72332	-3.55642	-1	-1	-1
4	4	-5.57332	-3.55642	-1	-1	-1
4	4	-5.42332	-3.55642	-1	-1	-1
4	4	-6.47332	-3.40642	-1	-1	-1
4	4	-6.32332	-3.40642	-1	-1	-1
4	4	-6.17332	-3.40642	-1	-1	-1
4	4	-6.02332	-3.40642	-1	-1	-1
4	4	-5.87332	-3.40642	-1	-1	-1
4	4	-5.72332	-3.40642	-1	-1	-1
4	4	-5.57332	-3.40642	4148	4203.44	-1
4	4	-5.42332	-3.40642	4117	4163.25	-1
4	4	-6.47332	-3.25642	-1	-1	-1
4	4	-6.32332	-3.25642	-1	-1	-1
4	4	-6.17332	-3.25642	-1	-1	-1
4	4	-6.02332	-3.25642	-1	-1	-1
4	4	-5.87332	-3.25642	-1	-1	-1
4	4	-5.72332	-3.25642	-1	-1	-1
4	4	-5.57332	-3.25642	3919	3967.38	-1
4	4	-5.42332	-3.25642	4016	4062.75	-1
4	4	-6.47332	-3.10642	-1	-1	-1
4	4	-6.32332	-3.10642	5321	5385.44	-1
4	4	-6.17332	-3.10642	5308	5365.31	-1
4	4	-6.02332	-3.10642	5201	5249.91	-1
4	4	-5.87332	-3.10642	-1	-1	-1
4	4	-5.72332	-3.10642	-1	-1	-1
4	4	-5.57332	-3.10642	814	859.344	-1
4	4	-5.42332	-3.10642	479	534.031	-1
4	4	-6.47332	-2.95642	2037	2092.62	-1
4	4	-6.32332	-2.95642	1553	1605.25	-1
4	4	-6.17332	-2.95642	1667	1720.97	-1
4	4	-6.02332	-2.95642	5099	5147.91	-1
4	4	-5.87332	-2.95642	4264	4312.31	-1
4	4	-5.72332	-2.95642	702	750.312	-1
4	4	-5.57332	-2.95642	604	654.531	-1
4	4	-5.42332	-2.95642	328	381.844	-1
4	4	-6.47332	-2.80642	1706	1764.84	-1
4	4	-6.32332	-2.80642	1451	1509.75	-1
4	4	-6.17332	-2.80642	1438	1489.97	-1
4	4	-6.02332	-2.80642	1688	1755.44	-1
4	4	-5.87332	-2.80642	4158	4212.66	-1
4	4	-5.72332	-2.80642	4054	4104.5	-1
4	4	-5.57332	-2.80642	535	587.5	-1
4	4	-5.42332	-2.80642	433	480.906	-1
4	4	-6.47332	-2.65642	1564	1635.69	-1
4	4	-6.32332	-2.65642	1327	1386.16	-1
4	4	-6.17332	-2.65642	1171	1230.66	-1
4	4	-6.02332	-2.65642	1104	1170.06	-1
4	4	-5.87332	-2.65642	1042	1110.22	-1
4	4	-5.72332	-2.65642	966	1021.34	-1
4	4	-5.57332	-2.65642	1108	1166.03	-1
4	4	-5.42332	-2.65642	621	672	-1
4	4	-6.47332	-2.50642	1920	1977.16	-1
4	4	-6.32332	-2.50642	1336	1392.06	-1
4	4	-6.17332	-2.50642	1263	1325.41	-1
4	4	-6.02332	-2.50642	1051	1139.47	-1
4	4	-5.87332	-2.50642	823	884.844	-1
4	4	-5.72332	-2.50642	934	980.812	-1
4	4	-5.57332	-2.50642	1079	1146.09	-1
4	4	-5.42332	-2.50642	122	178.188	-1
5	4	3.92605	0.111214	114	146.781	-1
5	4	4.07605	0.111214	2434	2509.09	-1
5	4	4.22605	0.111214	2559	2620.62	-1
5	4	4.37605	0.111214	2971	3010.59	-1
5	4	4.52605	0.111214	3317	3369.19	-1
5	4	4.67605	0.111214	3227	3275.66	-1
5	4	4.82605	0.111214	3435	3496.53	-1
5	4	4.97605	0.111214	3954	3995.75	-1
5	4	3.92605	0.261214	2263	2295.84	-1
5	4	4.07605	0.261214	2329	2367.66	-1
5	4	4.22605	0.261214	2455	2528.72	-1
5	4	4.37605	0.261214	2840	2888.25	-1
5	4	4.52605	0.261214	3141	3180.47	-1
5	4	4.67605	0.261214	3064	3104.06	-1
5	4	4.82605	0.261214	3254	3295.06	-1
5	4	4.97605	0.261214	3575	3636.31	-1
5	4	3.92605	0.411214	2135	2167.53	-1
5	4	4.07605	0.411214	2200	2233.47	-1
5	4	4.22605	0.411214	2360	2414.03	-1
5	4	4.37605	0.411214	2570	2609.78	-1
5	4	4.52605	0.411214	2821	2871.31	-1
5	4	4.67605	0.411214	2968	3022.81	-1
5	4	4.82605	0.411214	3346	3392.09	-1
5	4	4.97605	0.411214	3674	3720.09	-1
5	4	3.92605	0.561214	2449	2498.34	-1
5	4	4.07605	0.561214	2418	2491	-1
5	4	4.22605	0.561214	2483	2551.28	-1
5	4	4.37605	0.561214	2738	2783.19	-1
5	4	4.52605	0.561214	2854	2910.09	-1
5	4	4.67605	0.561214	3571	3615.41	-1
5	4	4.82605	0.561214	3686	3763.28	-1
5	4	4.97605	0.561214	4037	4077.72	-1
5	4	3.92605	0.711214	2723	2787.47	-1
5	4	4.07605	0.711214	2539	2590.53	-1
5	4	4.22605	0.711214	2643	2684.03	-1
5	4	4.37605	0.711214	2748	2811.75	-1
5	4	4.52605	0.711214	2930	2983.25	-1
5	4	4.67605	0.711214	3190	3226.88	-1
5	4	4.82605	0.711214	3275	3323.94	-1
5	4	4.97605	0.711214	-1	-1	-1
5	4	3.92605	0.861214	2855	2897.91	-1
5	4	4.07605	0.861214	2758	2824.34	-1
5	4	4.22605	0.861214	3429	3474.97	-1
5	4	4.37605	0.861214	3036	3073.19	-1
5	4	4.52605	0.861214	3111	3151.56	-1
5	4	4.67605	0.861214	3367	3410.06	-1
5	4	4.82605	0.861214	3659	3712.38	-1
5	4	4.97605	0.861214	3862	3910.47	-1
5	4	3.92605	1.01121	4086	4134.81	-1
5	4	4.07605	1.01121	2943	2992.94	-1
5	4	4.22605	1.01121	4513	4549.25	-1
5	4	4.37605	1.01121	3454	3516.94	-1
5	4	4.52605	1.01121	3573	3611.38	-1
5	4	4.67605	1.01121	3773	3815.81	-1
5	4	4.82605	1.01121	3778	3820.5	-1
5	4	4.97605	1.01121	-1	-1	-1
5	4	3.92605	1.16121	4420	4472.78	-1
5	4	4.07605	1.16121	-1	-1	-1
5	4	4.22605	1.16121	4427	4473.12	-1
5	4	4.37605	1.16121	3648	3701.97	-1
5	4	4.52605	1.16121	3855	3896.44	-1
5	4	4.67605	1.16121	3888	3941.16	-1
5	4	4.82605	1.16121	3985	4023.5	-1
5	4	4.97605	1.16121	5388	-1	-1
6	16	-3.84858	-2.76883	509	550.219	-1
6	16	-3.69858	-2.76883	731	783.125	-1
6	16	-3.54858	-2.76883	821	859.656	-1
6	16	-3.39858	-2.76883	3741	3776.31	-1
6	16	-3.84858	-2.61883	1011	1050.88	-1
6	16	-3.69858	-2.61883	1776	1814.66	-1
6	16	-3.54858	-2.61883	1820	1863.56	-1
6	16	-3.39858	-2.61883	3815	3863.44	-1
6	16	-3.84858	-2.46883	1417	1452.22	-1
6	16	-3.69858	-2.46883	1597	1649.44	-1
6	16	-3.54858	-2.46883	1699	1735.78	-1
6	16	-3.39858	-2.46883	-1	-1	-1
6	16	-3.84858	-2.31883	1339	1373.62	-1
6	16	-3.69858	-2.31883	1507	1549.47	-1
6	16	-3.54858	-2.31883	-1	-1	-1
6	16	-3.39858	-2.31883	-1	-1	-1
7	16	-2.98372	-2.42392	-1	-1	-1
7	16	-2.83372	-2.42392	-1	-1	-1
7	16	-2.68372	-2.42392	-1	-1	-1
7	16	-2.53372	-2.42392	1567	1612.19	-1
7	16	-2.98372	-2.27392	-1	-1	-1
7	16	-2.83372	-2.27392	-1	-1	-1
7	16	-2.68372	-2.27392	1647	1679.16	-1
7	16	-2.53372	-2.27392	1357	1526.62	-1
7	16	-2.98372	-2.12392	-1	-1	-1
7	16	-2.83372	-2.12392	-1	-1	-1
7	16	-2.68372	-2.12392	-1	-1	-1
7	16	-2.53372	-2.12392	-1	-1	-1
7	16	-2.98372	-1.97392	-1	-1	-1
7	16	-2.83372	-1.97392	-1	-1	-1
7	16	-2.68372	-1.97392	3301	3332.31	-1
7	16	-2.53372	-1.97392	3109	3270.72	-1
8	16	5.05227	5.21861	4187	4241.88	-1
8	16	5.20227	5.21861	4435	4489.72	-1
8	16	5.35227	5.21861	4630	4688.34	-1
8	16	5.50227	5.21861	4746	4800.91	-1
8	16	5.05227	5.36861	3992	4130.78	-1
8	16	5.20227	5.36861	4319	4373.28	-1
8	16	5.35227	5.36861	-1	-1	-1
8	16	5.50227	5.36861	5240	5298.28	-1
8	16	5.05227	5.51861	4205	4265.94	-1
8	16	5.20227	5.51861	-1	-1	-1
8	16	5.35227	5.51861	3457	3540.66	-1
8	16	5.50227	5.51861	3340	3397.75	-1
8	16	5.05227	5.66861	-1	-1	-1
8	16	5.20227	5.66861	-1	-1	-1
8	16	5.35227	5.66861	3595	3653.25	-1
8	16	5.50227	5.66861	3216	3274.38	-1
9	16	4.65905	6.80581	-1	-1	-1
9	16	4.80905	6.80581	-1	-1	-1
9	16	4.95905	6.80581	-1	-1	-1
9	16	5.10905	6.80581	3078	3143.62	-1
9	16	4.65905	6.95581	-1	-1	-1
9	16	4.80905	6.95581	-1	-1	-1
9	16	4.95905	6.95581	-1	-1	-1
9	16	5.10905	6.95581	-1	-1	-1
9	16	4.65905	7.10581	-1	-1	-1
9	16	4.80905	7.10581	-1	-1	-1
9	16	4.95905	7.10581	-1	-1	-1
9	16	5.10905	7.10581	-1	-1	-1
9	16	4.65905	7.25581	-1	-1	-1
9	16	4.80905	7.25581	-1	-1	-1
9	16	4.95905	7.25581	-1	-1	-1
9	16	5.10905	7.25581	-1	-1	-1
10	16	2.47422	-9.34858	-1	-1	-1
10	16	2.62422	-9.34858	-1	-1	-1
10	16	2.77422	-9.34858	-1	-1	-1
10	16	2.92422	-9.34858	-1	-1	-1
10	16	2.47422	-9.19858	714	811.312	-1
10	16	2.62422	-9.19858	562	632.625	-1
10	16	2.77422	-9.19858	700	787.438	-1
10	16	2.92422	-9.19858	-1	-1	-1
10	16	2.47422	-9.04858	671	762.219	-1
10	16	2.62422	-9.04858	387	454.312	-1
10	16	2.77422	-9.04858	866	948.875	-1
10	16	2.92422	-9.04858	-1	-1	-1
10	16	2.47422	-8.89858	527	603.312	-1
10	16	2.62422	-8.89858	256	321.125	-1
10	16	2.77422	-8.89858	539	613.781	-1
10	16	2.92422	-8.89858	-1	-1	-1
11	16	-4.0498	-3.55919	194	236.906	-1
11	16	-3.8998	-3.55919	288	338.031	-1
11	16	-3.7498	-3.55919	207	282.656	-1
11	16	-3.5998	-3.55919	74	132	-1
11	16	-4.0498	-3.40919	-1	-1	-1
11	16	-3.8998	-3.40919	911	967.469	-1
11	16	-3.7498	-3.40919	227	293.344	-1
11	16	-3.5998	-3.40919	177	229.406	-1
11	16	-4.0498	-3.25919	869	926.906	-1
11	16	-3.8998	-3.25919	845	896.938	-1
11	16	-3.7498	-3.25919	337	437.062	-1
11	16	-3.5998	-3.25919	482	519.594	-1
11	16	-4.0498	-3.10919	592	630.812	-1
11	16	-3.8998	-3.10919	665	704.375	-1
11	16	-3.7498	-3.10919	754	798.5	-1
11	16	-3.5998	-3.10919	920	991.844	-1
12	16	5.73283	-9.2212	-1	-1	-1
12	16	5.88283	-9.2212	-1	-1	-1
12	16	6.03283	-9.2212	-1	-1	-1
12	16	6.18283	-9.2212	-1	-1	-1
12	16	5.73283	-9.0712	-1	-1	-1
12	16	5.88283	-9.0712	-1	-1	-1
12	16	6.03283	-9.0712	-1	-1	-1
12	16	6.18283	-9.0712	-1	-1	-1
12	16	5.73283	-8.9212	-1	-1	-1
12	16	5.88283	-8.9212	1181	1270.91	-1
12	16	6.03283	-8.9212	1018	1096.81	-1
12	16	6.18283	-8.9212	1041	1127.91	-1
12	16	5.73283	-8.7712	-1	-1	-1
12	16	5.88283	-8.7712	691	778.844	-1
12	16	6.03283	-8.7712	857	937.219	-1
12	16	6.18283	-8.7712	882	958.5	-1
13	16	-5.11635	-0.937776	1221	1282.5	-1
13	16	-4.96635	-0.937776	733	772.562	-1
13	16	-4.81635	-0.937776	660	698.094	-1
13	16	-4.66635	-0.937776	250	371.344	-1
13	16	-5.11635	-0.787776	1804	1852.97	-1
13	16	-4.96635	-0.787776	-1	-1	-1
13	16	-4.81635	-0.787776	3996	4032.31	-1
13	16	-4.66635	-0.787776	1147	1184.28	-1
13	16	-5.11635	-0.637776	3897	3948.41	-1
13	16	-4.96635	-0.637776	3795	3840.47	-1
13	16	-4.81635	-0.637776	3523	3660.31	-1
13	16	-4.66635	-0.637776	1221	1258	-1
13	16	-5.11635	-0.487776	3971	4017.97	-1
13	16	-4.96635	-0.487776	3880	3922.91	-1
13	16	-4.81635	-0.487776	3708	3747.69	-1
13	16	-4.66635	-0.487776	2911	3022.94	-1
14	16	4.92007	-7.71647	-1	-1	-1
14	16	5.07007	-7.71647	-1	-1	-1
14	16	5.22007	-7.71647	-1	-1	-1
14	16	5.37007	-7.71647	-1	-1	-1
14	16	4.92007	-7.56647	-1	-1	-1
14	16	5.07007	-7.56647	-1	-1	-1
14	16	5.22007	-7.56647	-1	-1	-1
14	16	5.37007	-7.56647	-1	-1	-1
14	16	4.92007	-7.41647	-1	-1	-1
14	16	5.07007	-7.41647	-1	-1	-1
14	16	5.22007	-7.41647	-1	-1	-1
14	16	5.37007	-7.41647	-1	-1	-1
14	16	4.92007	-7.26647	-1	-1	-1
14	16	5.07007	-7.26647	-1	-1	-1
14	16	5.22007	-7.26647	-1	-1	-1
14	16	5.37007	-7.26647	-1	-1	-1
15	16	1.77154	4.92298	2423	2464.94	-1
15	16	1.92154	4.92298	2506	2561.25	-1
15	16	2.07154	4.92298	-1	-1	-1
15	16	2.22154	4.92298	4322	4366.84	-1
15	16	1.77154	5.07298	2329	2377.16	-1
15	16	1.92154	5.07298	2604	2670.16	-1
15	16	2.07154	5.07298	-1	-1	-1
15	16	2.22154	5.07298	4405	4449.53	-1
15	16	1.77154	5.22298	2242	2288.91	-1
15	16	1.92154	5.22298	2799	2842.06	-1
15	16	2.07154	5.22298	-1	-1	-1
15	16	2.22154	5.22298	-1	-1	-1
15	16	1.77154	5.37298	2713	2756.91	-1
15	16	1.92154	5.37298	2016	2062.12	-1
15	16	2.07154	5.37298	1925	1970.59	-1
15	16	2.22154	5.37298	-1	-1	-1
16	16	-4.78842	-6.77259	-1	-1	-1
16	16	-4.63842	-6.77259	-1	-1	-1
16	16	-4.48842	-6.77259	-1	-1	-1
16	16	-4.33842	-6.77259	-1	-1	-1
16	16	-4.78842	-6.62259	898	999.219	-1
16	16	-4.63842	-6.62259	-1	-1	-1
16	16	-4.48842	-6.62259	-1	-1	-1
16	16	-4.33842	-6.62259	-1	-1	-1
16	16	-4.78842	-6.47259	775	838.375	-1
16	16	-4.63842	-6.47259	1056	1121.25	-1
16	16	-4.48842	-6.47259	-1	-1	-1
16	16	-4.33842	-6.47259	-1	-1	-1
16	16	-4.78842	-6.32259	531	593.562	-1
16	16	-4.63842	-6.32259	655	716.531	-1
16	16	-4.48842	-6.32259	-1	-1	-1
16	16	-4.33842	-6.32259	-1	-1	-1
17	16	1.499	3.69603	-1	-1	-1
17	16	1.649	3.69603	3986	4029.59	-1
17	16	1.799	3.69603	276	310.875	-1
17	16	1.949	3.69603	99	236.375	-1
17	16	1.499	3.84603	-1	-1	-1
17	16	1.649	3.84603	-1	-1	-1
17	16	1.799	3.84603	-1	-1	-1
17	16	1.949	3.84603	-1	-1	-1
17	16	1.499	3.99603	-1	-1	-1
17	16	1.649	3.99603	-1	-1	-1
17	16	1.799	3.99603	-1	-1	-1
17	16	1.949	3.99603	-1	-1	-1
17	16	1.499	4.14603	-1	-1	-1
17	16	1.649	4.14603	-1	-1	-1
17	16	1.799	4.14603	-1	-1	-1
17	16	1.949	4.14603	-1	-1	-1
18	16	-0.954052	-7.70248	-1	-1	-1
18	16	-0.804052	-7.70248	-1	-1	-1
18	16	-0.654052	-7.70248	-1	-1	-1
18	16	-0.504052	-7.70248	-1	-1	-1
18	16	-0.954052	-7.55248	-1	-1	-1
18	16	-0.804052	-7.55248	-1	-1	-1
18	16	-0.654052	-7.55248	-1	-1	-1
18	16	-0.504052	-7.55248	-1	-1	-1
18	16	-0.954052	-7.40248	-1	-1	-1
18	16	-0.804052	-7.40248	-1	-1	-1
18	16	-0.654052	-7.40248	-1	-1	-1
18	16	-0.504052	-7.40248	-1	-1	-1
18	16	-0.954052	-7.25248	-1	-1	-1
18	16	-0.804052	-7.25248	-1	-1	-1
18	16	-0.654052	-7.25248	-1	-1	-1
18	16	-0.504052	-7.25248	-1	-1	-1
19	16	-7.22104	6.88677	-1	-1	-1
19	16	-7.07104	6.88677	-1	-1	-1
19	16	-6.92104	6.88677	-1	-1	-1
19	16	-6.77104	6.88677	-1	-1	-1
19	16	-7.22104	7.03677	-1	-1	-1
19	16	-7.07104	7.03677	-1	-1	-1
19	16	-6.92104	7.03677	-1	-1	-1
19	16	-6.77104	7.03677	-1	-1	-1
19	16	-7.22104	7.18677	-1	-1	-1
19	16	-7.07104	7.18677	-1	-1	-1
19	16	-6.92104	7.18677	-1	-1	-1
19	16	-6.77104	7.18677	-1	-1	-1
19	16	-7.22104	7.33677	-1	-1	-1
19	16	-7.07104	7.33677	-1	-1	-1
19	16	-6.92104	7.33677	-1	-1	-1
19	16	-6.77104	7.33677	-1	-1	-1
20	16	3.39984	7.32435	-1	-1	-1
20	16	3.54984	7.32435	-1	-1	-1
20	16	3.69984	7.32435	-1	-1	-1
20	16	3.84984	7.32435	-1	-1	-1
20	16	3.39984	7.47435	-1	-1	-1
20	16	3.54984	7.47435	-1	-1	-1
20	16	3.69984	7.47435	-1	-1	-1
20	16	3.84984	7.47435	-1	-1	-1
20	16	3.39984	7.62435	-1	-1	-1
20	16	3.54984	7.62435	-1	-1	-1
20	16	3.69984	7.62435	-1	-1	-1
20	16	3.84984	7.62435	-1	-1	-1
20	16	3.39984	7.77435	-1	-1	-1
20	16	3.54984	7.77435	-1	-1	-1
20	16	3.69984	7.77435	-1	-1	-1
20	16	3.84984	7.77435	-1	-1	-1
21	16	1.55193	8.81621	-1	-1	-1
21	16	1.70193	8.81621	3631	3719.47	-1
21	16	1.85193	8.81621	-1	-1	-1
21	16	2.00193	8.81621	-1	-1	-1
21	16	1.55193	8.96621	-1	-1	-1
21	16	1.70193	8.96621	-1	-1	-1
21	16	1.85193	8.96621	-1	-1	-1
21	16	2.00193	8.96621	-1	-1	-1
21	16	1.55193	9.11621	-1	-1	-1
21	16	1.70193	9.11621	-1	-1	-1
21	16	1.85193	9.11621	-1	-1	-1
21	16	2.00193	9.11621	-1	-1	-1
21	16	1.55193	9.26621	-1	-1	-1
21	16	1.70193	9.26621	-1	-1	-1
21	16	1.85193	9.26621	-1	-1	-1
21	16	2.00193	9.26621	-1	-1	-1
0	256	-6.06417	-7.56655	2419	2491.16	-1
0	256	3.36722	4.74747	4507	4557.59	-1
0	256	-8.94842	-1.60221	3685	3765.75	-1
0	256	5.31557	0.0780117	-1	-1	-1
0	256	8.18215	-3.93063	-1	-1	-1
0	256	-7.83139	5.38567	1689	1774.69	-1
0	256	-9.02297	-3.29571	1840	1911.16	-1
0	256	-5.23115	-4.2919	2873	2926.09	-1
0	256	9.48246	0.697703	4680	4748.53	-1
0	256	3.37054	0.369569	2674	2719.94	-1
0	256	-4.65989	8.50166	-1	-1	-1
0	256	1.05292	-8.37818	4723	4810	-1
0	256	-4.19504	5.92338	-1	-1	-1
0	256	-3.67437	-6.74173	4883	4944.84	-1
0	256	-3.1374	-5.38487	-1	-1	-1
0	256	-0.0395855	-4.6593	2640	2678.31	-1
0	256	1.57698	-8.32613	1052	1117.66	-1
0	256	3.10919	-5.75762	-1	-1	-1
0	256	-6.87591	-5.15701	-1	-1	-1
0	256	5.53882	-2.04344	-1	-1	-1
0	256	3.67877	-3.21255	-1	-1	-1
0	256	6.26579	-4.31257	-1	-1	-1
0	256	4.65674	-6.0354	-1	-1	-1
0	256	7.39561	0.705147	-1	-1	-1
0	256	1.35245	-8.22582	-1	-1	-1
0	256	-5.94339	7.80376	-1	-1	-1
0	256	1.47831	5.55129	1638	1751.84	-1
0	256	3.71547	4.94129	-1	-1	-1
0	256	-4.30091	0.0678092	4409	4441.88	-1
0	256	-4.63057	-7.93887	-1	-1	-1
0	256	-4.30596	2.9262	250	290.594	-1
0	256	-4.88932	5.23613	-1	-1	-1
0	256	-3.47887	8.77225	-1	-1	-1
0	256	-0.633766	5.52746	2695	2800.75	-1
0	256	3.97559	3.68308	243	398.281	-1
0	256	0.431946	-5.1195	4378	4420.56	-1
0	256	2.00521	-4.90883	4313	4352.5	-1
0	256	-3.76224	1.18884	4220	4252.41	-1
0	256	4.35185	2.77396	-1	-1	-1
0	256	-6.61602	2.78602	-1	-1	-1
0	256	-4.93243	2.08332	-1	-1	-1
0	256	-4.11471	1.64173	1807	1926.88	-1
0	256	3.92277	2.24558	4338	4384	-1
0	256	8.99368	-1.6866	-1	-1	-1
0	256	-3.19136	-4.82419	-1	-1	-1
0	256	2.12659	5.6557	1818	1876.81	-1
0	256	7.3639	-1.93404	-1	-1	-1
0	256	2.25957	4.39249	-1	-1	-1
0	256	2.40893	-6.47193	-1	-1	-1
0	256	-1.60549	-5.36697	-1	-1	-1
0	256	1.63732	9.37602	-1	-1	-1
0	256	7.58415	1.9001	-1	-1	-1
0	256	1.40922	-2.95084	1807	1952.97	-1
0	256	-3.83128	-7.93201	4747	4815.41	-1
0	256	9.31904	2.10024	-1	-1	-1
0	256	-2.98356	-9.17152	-1	-1	-1
0	256	-3.05291	4.34581	-1	-1	-1
0	256	-5.54198	-7.14033	2718	2787.25	-1
0	256	-7.62587	-6.15562	-1	-1	-1
0	256	1.30313	-8.04966	4875	4937	-1
0	256	6.03955	5.7412	3722	3781.75	-1
0	256	1.25304	-4.30804	4468	4504.31	-1
0	256	3.95052	4.95672	3081	3220.03	-1
0	256	-7.38542	-4.86226	3237	3301.88	-1
0	256	3.79831	5.45474	-1	-1	-1
0	256	9.37849	-3.41086	-1	-1	-1
0	256	-8.70023	1.44275	-1	-1	-1
0	256	-6.22069	0.229567	-1	-1	-1
0	256	4.92403	-3.96162	3405	3453.47	-1
0	256	-2.28335	8.31833	-1	-1	-1
0	256	0.156913	-3.29766	2723	2751.78	-1
0	256	-2.60851	7.39204	-1	-1	-1
0	256	-4.19608	4.03732	1442	1488.69	-1
0	256	3.22659	-3.96528	-1	-1	-1
0	256	-5.68955	-0.55699	1603	1666.75	-1
0	256	3.35956	5.24633	-1	-1	-1
0	256	-5.92515	-1.15792	1392	1439.5	-1
0	256	-9.08223	-0.99327	-1	-1	-1
0	256	-2.08317	8.12048	-1	-1	-1
0	256	-4.24173	-6.52954	297	362.406	-1
0	256	7.96418	-5.57307	-1	-1	-1
0	256	-1.88315	-6.03063	5224	5274.78	-1
0	256	1.69917	-7.6092	-1	-1	-1
0	256	2.7864	-3.90283	1747	1783.59	-1
0	256	-1.7264	6.86321	3080	3185	-1
0	256	8.70218	-3.41209	-1	-1	-1
0	256	1.49761	6.61519	-1	-1	-1
0	256	-7.32143	5.9757	-1	-1	-1
0	256	0.91468	-4.40976	3387	3424.72	-1
0	256	-4.03377	1.86839	-1	-1	-1
0	256	3.24817	-5.12687	3172	3217.91	-1
0	256	-2.83347	-7.88719	-1	-1	-1
0	256	8.43731	-1.27265	-1	-1	-1
0	256	-3.06253	-4.61424	54	106.875	-1
0	256	-4.14356	-2.36827	416	463.375	-1
0	256	-7.12008	-1.56919	2503	2564.78	-1
0	256	8.88296	-2.36563	-1	-1	-1
0	256	-3.26654	2.51675	1501	1533.59	-1
0	256	-7.72776	2.62462	-1	-1	-1
0	256	7.21295	3.75678	-1	-1	-1
0	256	6.03368	-7.34422	-1	-1	-1
0	256	-6.91653	3.97795	-1	-1	-1
0	256	-7.01597	4.51217	-1	-1	-1
0	256	4.36373	-1.14652	399	513.719	-1
0	256	3.34896	0.61701	2073	2102	-1
0	256	-7.53553	2.91265	-1	-1	-1
0	256	3.43116	-8.40335	-1	-1	-1
0	256	-2.86514	-2.6964	-1	-1	-1
0	256	1.20468	7.41026	-1	-1	-1
0	256	5.71849	7.38461	3813	3881.91	-1
0	256	-5.09034	5.5693	-1	-1	-1
0	256	5.23899	-8.46287	-1	-1	-1
0	256	1.19692	-4.9545	-1	-1	-1
0	256	6.86612	4.40615	4264	4326.88	-1
0	256	-9.19953	3.75751	-1	-1	-1
0	256	2.14088	-8.18884	-1	-1	-1
0	256	-8.54945	-1.33807	3971	4041.69	-1
0	256	0.853954	7.37256	2998	3054.97	-1
0	256	-3.27075	2.27665	-1	-1	-1
0	256	-4.28403	-2.42656	232	268.844	-1
0	256	5.84952	0.128186	-1	-1	-1
0	256	-9.1523	-3.50176	-1	-1	-1
0	256	1.64322	2.52204	3406	3431.84	-1
0	256	-6.52072	5.79164	-1	-1	-1
0	256	6.72238	-1.62875	4610	4661	-1
0	256	3.63171	6.03369	-1	-1	-1
0	256	0.119289	5.17919	3255	3294.91	-1
0	256	3.28564	-5.64494	-1	-1	-1
0	256	4.6155	2.85908	-1	-1	-1
0	256	3.12558	-2.87772	-1	-1	-1
0	256	-5.71352	6.50067	-1	-1	-1
0	256	-6.76643	-7.27531	-1	-1	-1
0	256	6.71257	2.16506	-1	-1	-1
0	256	4.34525	-7.6164	-1	-1	-1
0	256	-3.82454	7.14082	-1	-1	-1
0	256	-3.8252	1.8963	1333	1462.25	-1
0	256	-6.409	-7.66229	-1	-1	-1
0	256	0.92425	6.74316	2654	2705.19	-1
0	256	-1.53241	-3.90854	-1	-1	-1
0	256	-6.29575	1.75658	2079	2176.69	-1
0	256	-1.79607	3.41769	-1	-1	-1
0	256	2.95931	-5.9504	3008	3115.97	-1
0	256	-2.99959	-8.33848	-1	-1	-1
0	256	8.88382	-0.321229	-1	-1	-1
0	256	-8.32721	-4.91258	2212	2302.38	-1
0	256	-2.85969	-7.61576	-1	-1	-1
0	256	1.90397	8.20273	-1	-1	-1
0	256	2.82139	-2.34778	-1	-1	-1
0	256	1.49369	-5.17049	4272	4320.06	-1
0	256	-8.70004	-4.03656	2017	2104.31	-1
0	256	0.721411	-8.36464	-1	-1	-1
0	256	-6.6706	-3.48347	2192	2252.75	-1
0	256	2.8916	9.20761	-1	-1	-1
0	256	7.25626	-3.83502	-1	-1	-1
0	256	-5.3927	5.24592	1600	1659.03	-1
0	256	9.27473	-0.624021	3165	3243.56	-1
0	256	-4.69235	1.15982	1029	1064.84	-1
0	256	-6.82657	2.91116	-1	-1	-1
0	256	-5.52458	6.64734	2800	2879.56	-1
0	256	-2.79298	2.00322	-1	-1	-1
0	256	2.5602	-2.7244	3376	3406.34	-1
0	256	-1.69643	-6.15439	-1	-1	-1
0	256	-5.00274	7.327	1365	1469.66	-1
0	256	5.01695	-1.44143	556	595.969	-1
0	256	-7.86957	-3.48458	479	543.875	-1
0	256	0.0494481	-6.0375	64	110.469	-1
0	256	7.75145	3.45192	3141	3233.31	-1
0	256	3.59886	-3.10314	4559	4596.62	-1
0	256	-6.63967	-5.87516	2572	2639.5	-1
0	256	2.44018	-7.53193	-1	-1	-1
0	256	5.51979	7.05675	4774	4838.62	-1
0	256	-7.14012	4.14401	-1	-1	-1
0	256	7.49682	-5.63656	-1	-1	-1
0	256	5.28017	-2.56934	-1	-1	-1
0	256	-5.17801	0.812745	936	977.969	-1
0	256	-3.45479	-6.4747	3126	3185.12	-1
0	256	-3.3084	-0.872448	42	74.8438	-1
0	256	-7.72543	0.398316	2633	2701.47	-1
0	256	2.93441	-7.11778	-1	-1	-1
0	256	-8.21286	2.96695	-1	-1	-1
0	256	-2.6261	-9.34282	-1	-1	-1
0	256	3.81423	6.19226	-1	-1	-1
0	256	3.99866	1.47585	48	81.875	-1
0	256	3.30453	0.712927	122	160.719	-1
0	256	-2.85468	-5.52276	-1	-1	-1
0	256	-5.14406	-5.64308	-1	-1	-1
0	256	4.90045	1.72847	4066	4118.25	-1
0	256	-6.61069	0.0453097	-1	-1	-1
0	256	-5.45142	-4.07575	4636	4693.84	-1
0	256	2.95683	7.10234	-1	-1	-1
0	256	-5.98116	-4.32413	-1	-1	-1
0	256	-5.91693	-1.94443	1197	1252.25	-1
0	256	7.36284	-1.25039	-1	-1	-1
0	256	7.99598	-5.09381	-1	-1	-1
0	256	-0.172112	3.44028	3559	3588.41	-1
0	256	-6.39247	4.96052	1553	1617.94	-1
0	256	-0.282082	-4.60454	-1	-1	-1
0	256	-2.2032	2.2369	2872	3032.97	-1
0	256	-3.12012	-5.8942	1248	1302.12	-1
0	256	7.35908	2.88546	4531	4588.31	-1
0	256	5.82905	7.07131	4904	4969.06	-1
0	256	-4.52218	2.70894	332	385.438	-1
0	256	-0.843832	3.34365	480	509.031	-1
0	256	2.74644	7.88047	-1	-1	-1
0	256	-3.61422	6.43322	-1	-1	-1
0	256	7.55878	0.590695	-1	-1	-1
0	256	3.41231	-1.78212	29	60.9688	-1
0	256	-6.40939	4.4987	-1	-1	-1
0	256	3.34815	6.36478	-1	-1	-1
0	256	0.997058	-8.85656	-1	-1	-1
0	256	-5.21785	1.75153	-1	-1	-1
0	256	2.91036	-6.08166	3270	3321.16	-1
0	256	-2.48981	-7.34755	-1	-1	-1
0	256	-3.69738	-6.095	412	468.844	-1
0	256	8.33021	3.94677	-1	-1	-1
0	256	3.84642	-1.06555	398	429.938	-1
0	256	-4.29025	3.5448	1342	1393.28	-1
0	256	-6.88492	6.309	-1	-1	-1
0	256	0.851925	-3.35617	195	225.812	-1
0	256	-4.69879	3.75812	-1	-1	-1
0	256	0.0740257	9.57456	-1	-1	-1
0	256	-4.78642	-8.56158	-1	-1	-1
0	256	6.04341	-2.33817	-1	-1	-1
0	256	2.36563	6.93144	-1	-1	-1
0	256	3.82457	-5.12506	3298	3345.78	-1
0	256	9.48603	2.45161	-1	-1	-1
0	256	1.0356	3.58869	-1	-1	-1
0	256	-1.60731	-7.57432	-1	-1	-1
0	256	-2.04845	-7.87977	-1	-1	-1
0	256	-9.27825	2.92718	5037	5108.56	-1
0	256	1.79246	-8.78791	893	966.062	-1
0	256	0.141333	5.57711	2898	2942.34	-1
0	256	-3.1287	6.18102	-1	-1	-1
0	256	4.89802	-8.18199	-1	-1	-1
0	256	-8.34221	2.75757	-1	-1	-1
0	256	8.16167	-5.17012	-1	-1	-1
0	256	-3.20842	5.20457	-1	-1	-1
0	256	1.75852	-0.0812212	121	140.344	-1
0	256	2.1479	-6.08326	2884	2937.91	-1
0	256	-8.83552	3.30992	668	733.5	-1
0	256	2.91698	-7.75481	-1	-1	-1
0	256	3.79786	6.7514	-1	-1	-1
0	256	-2.56301	-8.71902	-1	-1	-1
0	256	-1.79361	-7.17309	-1	-1	-1
0	256	-0.550879	-6.91977	-1	-1	-1
0	256	6.91393	5.06724	2795	2858.88	-1
0	256	-4.1519	-6.64451	417	481.281	-1
0	256	-4.274	-4.03541	287	356.531	-1
0	256	1.05773	6.71917	-1	-1	-1
0	256	3.16459	6.13852	-1	-1	-1
0	256	-4.33909	7.76333	-1	-1	-1
0	256	8.32307	-4.85839	-1	-1	-1
0	256	4.39774	2.46486	-1	-1	-1
0	256	4.93571	-5.18701	5150	5298.69	-1
0	256	-4.47251	5.46805	-1	-1	-1
0	256	0.313175	9.08497	-1	-1	-1
