Pile ID	Distribution Type	X-Position	Y-Position	Pickup Time	Drop Off Time	Ant ID
1	1	-6.13477	-5.28894	-1	-1	-1
1	1	-5.98477	-5.28894	-1	-1	-1
1	1	-5.83477	-5.28894	-1	-1	-1
1	1	-5.68477	-5.28894	-1	-1	-1
1	1	-5.53477	-5.28894	-1	-1	-1
1	1	-5.38477	-5.28894	-1	-1	-1
1	1	-5.23477	-5.28894	-1	-1	-1
1	1	-5.08477	-5.28894	-1	-1	-1
1	1	-4.93477	-5.28894	-1	-1	-1
1	1	-4.78477	-5.28894	-1	-1	-1
1	1	-4.63477	-5.28894	-1	-1	-1
1	1	-4.48477	-5.28894	-1	-1	-1
1	1	-4.33477	-5.28894	-1	-1	-1
1	1	-4.18477	-5.28894	-1	-1	-1
1	1	-4.03477	-5.28894	-1	-1	-1
1	1	-3.88477	-5.28894	-1	-1	-1
1	1	-6.13477	-5.13894	-1	-1	-1
1	1	-5.98477	-5.13894	-1	-1	-1
1	1	-5.83477	-5.13894	-1	-1	-1
1	1	-5.68477	-5.13894	-1	-1	-1
1	1	-5.53477	-5.13894	-1	-1	-1
1	1	-5.38477	-5.13894	-1	-1	-1
1	1	-5.23477	-5.13894	-1	-1	-1
1	1	-5.08477	-5.13894	-1	-1	-1
1	1	-4.93477	-5.13894	-1	-1	-1
1	1	-4.78477	-5.13894	-1	-1	-1
1	1	-4.63477	-5.13894	-1	-1	-1
1	1	-4.48477	-5.13894	-1	-1	-1
1	1	-4.33477	-5.13894	-1	-1	-1
1	1	-4.18477	-5.13894	-1	-1	-1
1	1	-4.03477	-5.13894	-1	-1	-1
1	1	-3.88477	-5.13894	-1	-1	-1
1	1	-6.13477	-4.98894	-1	-1	-1
1	1	-5.98477	-4.98894	-1	-1	-1
1	1	-5.83477	-4.98894	-1	-1	-1
1	1	-5.68477	-4.98894	-1	-1	-1
1	1	-5.53477	-4.98894	-1	-1	-1
1	1	-5.38477	-4.98894	-1	-1	-1
1	1	-5.23477	-4.98894	-1	-1	-1
1	1	-5.08477	-4.98894	-1	-1	-1
1	1	-4.93477	-4.98894	-1	-1	-1
1	1	-4.78477	-4.98894	-1	-1	-1
1	1	-4.63477	-4.98894	-1	-1	-1
1	1	-4.48477	-4.98894	-1	-1	-1
1	1	-4.33477	-4.98894	-1	-1	-1
1	1	-4.18477	-4.98894	-1	-1	-1
1	1	-4.03477	-4.98894	-1	-1	-1
1	1	-3.88477	-4.98894	-1	-1	-1
1	1	-6.13477	-4.83894	-1	-1	-1
1	1	-5.98477	-4.83894	-1	-1	-1
1	1	-5.83477	-4.83894	-1	-1	-1
1	1	-5.68477	-4.83894	-1	-1	-1
1	1	-5.53477	-4.83894	-1	-1	-1
1	1	-5.38477	-4.83894	-1	-1	-1
1	1	-5.23477	-4.83894	-1	-1	-1
1	1	-5.08477	-4.83894	-1	-1	-1
1	1	-4.93477	-4.83894	-1	-1	-1
1	1	-4.78477	-4.83894	-1	-1	-1
1	1	-4.63477	-4.83894	-1	-1	-1
1	1	-4.48477	-4.83894	-1	-1	-1
1	1	-4.33477	-4.83894	-1	-1	-1
1	1	-4.18477	-4.83894	-1	-1	-1
1	1	-4.03477	-4.83894	-1	-1	-1
1	1	-3.88477	-4.83894	-1	-1	-1
1	1	-6.13477	-4.68894	-1	-1	-1
1	1	-5.98477	-4.68894	-1	-1	-1
1	1	-5.83477	-4.68894	-1	-1	-1
1	1	-5.68477	-4.68894	-1	-1	-1
1	1	-5.53477	-4.68894	-1	-1	-1
1	1	-5.38477	-4.68894	-1	-1	-1
1	1	-5.23477	-4.68894	-1	-1	-1
1	1	-5.08477	-4.68894	-1	-1	-1
1	1	-4.93477	-4.68894	-1	-1	-1
1	1	-4.78477	-4.68894	-1	-1	-1
1	1	-4.63477	-4.68894	-1	-1	-1
1	1	-4.48477	-4.68894	-1	-1	-1
1	1	-4.33477	-4.68894	-1	-1	-1
1	1	-4.18477	-4.68894	-1	-1	-1
1	1	-4.03477	-4.68894	-1	-1	-1
1	1	-3.88477	-4.68894	-1	-1	-1
1	1	-6.13477	-4.53894	-1	-1	-1
1	1	-5.98477	-4.53894	-1	-1	-1
1	1	-5.83477	-4.53894	-1	-1	-1
1	1	-5.68477	-4.53894	-1	-1	-1
1	1	-5.53477	-4.53894	-1	-1	-1
1	1	-5.38477	-4.53894	-1	-1	-1
1	1	-5.23477	-4.53894	-1	-1	-1
1	1	-5.08477	-4.53894	-1	-1	-1
1	1	-4.93477	-4.53894	-1	-1	-1
1	1	-4.78477	-4.53894	-1	-1	-1
1	1	-4.63477	-4.53894	-1	-1	-1
1	1	-4.48477	-4.53894	-1	-1	-1
1	1	-4.33477	-4.53894	-1	-1	-1
1	1	-4.18477	-4.53894	-1	-1	-1
1	1	-4.03477	-4.53894	-1	-1	-1
1	1	-3.88477	-4.53894	-1	-1	-1
1	1	-6.13477	-4.38894	-1	-1	-1
1	1	-5.98477	-4.38894	-1	-1	-1
1	1	-5.83477	-4.38894	-1	-1	-1
1	1	-5.68477	-4.38894	-1	-1	-1
1	1	-5.53477	-4.38894	-1	-1	-1
1	1	-5.38477	-4.38894	-1	-1	-1
1	1	-5.23477	-4.38894	-1	-1	-1
1	1	-5.08477	-4.38894	-1	-1	-1
1	1	-4.93477	-4.38894	-1	-1	-1
1	1	-4.78477	-4.38894	-1	-1	-1
1	1	-4.63477	-4.38894	-1	-1	-1
1	1	-4.48477	-4.38894	-1	-1	-1
1	1	-4.33477	-4.38894	-1	-1	-1
1	1	-4.18477	-4.38894	-1	-1	-1
1	1	-4.03477	-4.38894	-1	-1	-1
1	1	-3.88477	-4.38894	-1	-1	-1
1	1	-6.13477	-4.23894	-1	-1	-1
1	1	-5.98477	-4.23894	-1	-1	-1
1	1	-5.83477	-4.23894	-1	-1	-1
1	1	-5.68477	-4.23894	-1	-1	-1
1	1	-5.53477	-4.23894	-1	-1	-1
1	1	-5.38477	-4.23894	-1	-1	-1
1	1	-5.23477	-4.23894	-1	-1	-1
1	1	-5.08477	-4.23894	-1	-1	-1
1	1	-4.93477	-4.23894	-1	-1	-1
1	1	-4.78477	-4.23894	-1	-1	-1
1	1	-4.63477	-4.23894	-1	-1	-1
1	1	-4.48477	-4.23894	-1	-1	-1
1	1	-4.33477	-4.23894	-1	-1	-1
1	1	-4.18477	-4.23894	-1	-1	-1
1	1	-4.03477	-4.23894	-1	-1	-1
1	1	-3.88477	-4.23894	-1	-1	-1
1	1	-6.13477	-4.08894	-1	-1	-1
1	1	-5.98477	-4.08894	-1	-1	-1
1	1	-5.83477	-4.08894	-1	-1	-1
1	1	-5.68477	-4.08894	-1	-1	-1
1	1	-5.53477	-4.08894	-1	-1	-1
1	1	-5.38477	-4.08894	-1	-1	-1
1	1	-5.23477	-4.08894	-1	-1	-1
1	1	-5.08477	-4.08894	-1	-1	-1
1	1	-4.93477	-4.08894	-1	-1	-1
1	1	-4.78477	-4.08894	-1	-1	-1
1	1	-4.63477	-4.08894	-1	-1	-1
1	1	-4.48477	-4.08894	-1	-1	-1
1	1	-4.33477	-4.08894	-1	-1	-1
1	1	-4.18477	-4.08894	-1	-1	-1
1	1	-4.03477	-4.08894	-1	-1	-1
1	1	-3.88477	-4.08894	-1	-1	-1
1	1	-6.13477	-3.93894	-1	-1	-1
1	1	-5.98477	-3.93894	-1	-1	-1
1	1	-5.83477	-3.93894	-1	-1	-1
1	1	-5.68477	-3.93894	-1	-1	-1
1	1	-5.53477	-3.93894	-1	-1	-1
1	1	-5.38477	-3.93894	-1	-1	-1
1	1	-5.23477	-3.93894	-1	-1	-1
1	1	-5.08477	-3.93894	-1	-1	-1
1	1	-4.93477	-3.93894	-1	-1	-1
1	1	-4.78477	-3.93894	-1	-1	-1
1	1	-4.63477	-3.93894	-1	-1	-1
1	1	-4.48477	-3.93894	-1	-1	-1
1	1	-4.33477	-3.93894	-1	-1	-1
1	1	-4.18477	-3.93894	-1	-1	-1
1	1	-4.03477	-3.93894	-1	-1	-1
1	1	-3.88477	-3.93894	-1	-1	-1
1	1	-6.13477	-3.78894	-1	-1	-1
1	1	-5.98477	-3.78894	-1	-1	-1
1	1	-5.83477	-3.78894	-1	-1	-1
1	1	-5.68477	-3.78894	-1	-1	-1
1	1	-5.53477	-3.78894	-1	-1	-1
1	1	-5.38477	-3.78894	-1	-1	-1
1	1	-5.23477	-3.78894	-1	-1	-1
1	1	-5.08477	-3.78894	-1	-1	-1
1	1	-4.93477	-3.78894	-1	-1	-1
1	1	-4.78477	-3.78894	-1	-1	-1
1	1	-4.63477	-3.78894	-1	-1	-1
1	1	-4.48477	-3.78894	-1	-1	-1
1	1	-4.33477	-3.78894	-1	-1	-1
1	1	-4.18477	-3.78894	-1	-1	-1
1	1	-4.03477	-3.78894	-1	-1	-1
1	1	-3.88477	-3.78894	-1	-1	-1
1	1	-6.13477	-3.63894	-1	-1	-1
1	1	-5.98477	-3.63894	-1	-1	-1
1	1	-5.83477	-3.63894	-1	-1	-1
1	1	-5.68477	-3.63894	-1	-1	-1
1	1	-5.53477	-3.63894	-1	-1	-1
1	1	-5.38477	-3.63894	-1	-1	-1
1	1	-5.23477	-3.63894	-1	-1	-1
1	1	-5.08477	-3.63894	-1	-1	-1
1	1	-4.93477	-3.63894	-1	-1	-1
1	1	-4.78477	-3.63894	-1	-1	-1
1	1	-4.63477	-3.63894	-1	-1	-1
1	1	-4.48477	-3.63894	-1	-1	-1
1	1	-4.33477	-3.63894	-1	-1	-1
1	1	-4.18477	-3.63894	-1	-1	-1
1	1	-4.03477	-3.63894	-1	-1	-1
1	1	-3.88477	-3.63894	1919	1961.09	-1
1	1	-6.13477	-3.48894	-1	-1	-1
1	1	-5.98477	-3.48894	-1	-1	-1
1	1	-5.83477	-3.48894	-1	-1	-1
1	1	-5.68477	-3.48894	1706	1763.78	-1
1	1	-5.53477	-3.48894	1849	1900.5	-1
1	1	-5.38477	-3.48894	-1	-1	-1
1	1	-5.23477	-3.48894	-1	-1	-1
1	1	-5.08477	-3.48894	-1	-1	-1
1	1	-4.93477	-3.48894	-1	-1	-1
1	1	-4.78477	-3.48894	-1	-1	-1
1	1	-4.63477	-3.48894	-1	-1	-1
1	1	-4.48477	-3.48894	-1	-1	-1
1	1	-4.33477	-3.48894	-1	-1	-1
1	1	-4.18477	-3.48894	-1	-1	-1
1	1	-4.03477	-3.48894	-1	-1	-1
1	1	-3.88477	-3.48894	1739	1796	-1
1	1	-6.13477	-3.33894	-1	-1	-1
1	1	-5.98477	-3.33894	-1	-1	-1
1	1	-5.83477	-3.33894	-1	-1	-1
1	1	-5.68477	-3.33894	1446	1502.06	-1
1	1	-5.53477	-3.33894	1604	1653.53	-1
1	1	-5.38477	-3.33894	2065	2112.88	-1
1	1	-5.23477	-3.33894	-1	-1	-1
1	1	-5.08477	-3.33894	-1	-1	-1
1	1	-4.93477	-3.33894	-1	-1	-1
1	1	-4.78477	-3.33894	-1	-1	-1
1	1	-4.63477	-3.33894	-1	-1	-1
1	1	-4.48477	-3.33894	1881	1926.38	-1
1	1	-4.33477	-3.33894	1781	1833.44	-1
1	1	-4.18477	-3.33894	1645	1691.81	-1
1	1	-4.03477	-3.33894	-1	-1	-1
1	1	-3.88477	-3.33894	1836	1878.12	-1
1	1	-6.13477	-3.18894	-1	-1	-1
1	1	-5.98477	-3.18894	-1	-1	-1
1	1	-5.83477	-3.18894	1306	1380.78	-1
1	1	-5.68477	-3.18894	1128	1185.28	-1
1	1	-5.53477	-3.18894	1250	1305.56	-1
1	1	-5.38477	-3.18894	1970	2021.47	-1
1	1	-5.23477	-3.18894	-1	-1	-1
1	1	-5.08477	-3.18894	-1	-1	-1
1	1	-4.93477	-3.18894	-1	-1	-1
1	1	-4.78477	-3.18894	-1	-1	-1
1	1	-4.63477	-3.18894	-1	-1	-1
1	1	-4.48477	-3.18894	1965	2007.19	-1
1	1	-4.33477	-3.18894	1687	1732.06	-1
1	1	-4.18477	-3.18894	1491	1553.72	-1
1	1	-4.03477	-3.18894	1591	1637.84	-1
1	1	-3.88477	-3.18894	-1	-1	-1
1	1	-6.13477	-3.03894	1204	1259.25	-1
1	1	-5.98477	-3.03894	1084	1146.31	-1
1	1	-5.83477	-3.03894	945	1002.19	-1
1	1	-5.68477	-3.03894	1068	1122.56	-1
1	1	-5.53477	-3.03894	936	981.719	-1
1	1	-5.38477	-3.03894	1031	1092.84	-1
1	1	-5.23477	-3.03894	-1	-1	-1
1	1	-5.08477	-3.03894	736	779.781	-1
1	1	-4.93477	-3.03894	622	683	-1
1	1	-4.78477	-3.03894	-1	-1	-1
1	1	-4.63477	-3.03894	-1	-1	-1
1	1	-4.48477	-3.03894	-1	-1	-1
1	1	-4.33477	-3.03894	-1	-1	-1
1	1	-4.18477	-3.03894	259	299.812	-1
1	1	-4.03477	-3.03894	1407	1448.91	-1
1	1	-3.88477	-3.03894	533	571.094	-1
2	4	-7.62835	-4.51278	-1	-1	-1
2	4	-7.47835	-4.51278	-1	-1	-1
2	4	-7.32835	-4.51278	-1	-1	-1
2	4	-7.17835	-4.51278	-1	-1	-1
2	4	-7.02835	-4.51278	-1	-1	-1
2	4	-6.87835	-4.51278	-1	-1	-1
2	4	-6.72835	-4.51278	-1	-1	-1
2	4	-6.57835	-4.51278	-1	-1	-1
2	4	-7.62835	-4.36278	-1	-1	-1
2	4	-7.47835	-4.36278	-1	-1	-1
2	4	-7.32835	-4.36278	-1	-1	-1
2	4	-7.17835	-4.36278	-1	-1	-1
2	4	-7.02835	-4.36278	-1	-1	-1
2	4	-6.87835	-4.36278	-1	-1	-1
2	4	-6.72835	-4.36278	-1	-1	-1
2	4	-6.57835	-4.36278	-1	-1	-1
2	4	-7.62835	-4.21278	-1	-1	-1
2	4	-7.47835	-4.21278	-1	-1	-1
2	4	-7.32835	-4.21278	-1	-1	-1
2	4	-7.17835	-4.21278	-1	-1	-1
2	4	-7.02835	-4.21278	-1	-1	-1
2	4	-6.87835	-4.21278	-1	-1	-1
2	4	-6.72835	-4.21278	-1	-1	-1
2	4	-6.57835	-4.21278	-1	-1	-1
2	4	-7.62835	-4.06278	-1	-1	-1
2	4	-7.47835	-4.06278	-1	-1	-1
2	4	-7.32835	-4.06278	-1	-1	-1
2	4	-7.17835	-4.06278	-1	-1	-1
2	4	-7.02835	-4.06278	-1	-1	-1
2	4	-6.87835	-4.06278	-1	-1	-1
2	4	-6.72835	-4.06278	-1	-1	-1
2	4	-6.57835	-4.06278	-1	-1	-1
2	4	-7.62835	-3.91278	-1	-1	-1
2	4	-7.47835	-3.91278	-1	-1	-1
2	4	-7.32835	-3.91278	-1	-1	-1
2	4	-7.17835	-3.91278	-1	-1	-1
2	4	-7.02835	-3.91278	-1	-1	-1
2	4	-6.87835	-3.91278	-1	-1	-1
2	4	-6.72835	-3.91278	-1	-1	-1
2	4	-6.57835	-3.91278	-1	-1	-1
2	4	-7.62835	-3.76278	-1	-1	-1
2	4	-7.47835	-3.76278	-1	-1	-1
2	4	-7.32835	-3.76278	-1	-1	-1
2	4	-7.17835	-3.76278	-1	-1	-1
2	4	-7.02835	-3.76278	-1	-1	-1
2	4	-6.87835	-3.76278	-1	-1	-1
2	4	-6.72835	-3.76278	-1	-1	-1
2	4	-6.57835	-3.76278	-1	-1	-1
2	4	-7.62835	-3.61278	-1	-1	-1
2	4	-7.47835	-3.61278	-1	-1	-1
2	4	-7.32835	-3.61278	-1	-1	-1
2	4	-7.17835	-3.61278	-1	-1	-1
2	4	-7.02835	-3.61278	-1	-1	-1
2	4	-6.87835	-3.61278	-1	-1	-1
2	4	-6.72835	-3.61278	-1	-1	-1
2	4	-6.57835	-3.61278	-1	-1	-1
2	4	-7.62835	-3.46278	-1	-1	-1
2	4	-7.47835	-3.46278	-1	-1	-1
2	4	-7.32835	-3.46278	-1	-1	-1
2	4	-7.17835	-3.46278	-1	-1	-1
2	4	-7.02835	-3.46278	-1	-1	-1
2	4	-6.87835	-3.46278	-1	-1	-1
2	4	-6.72835	-3.46278	-1	-1	-1
2	4	-6.57835	-3.46278	-1	-1	-1
3	4	6.06663	1.17074	4928	4999.31	-1
3	4	6.21663	1.17074	4705	4760.69	-1
3	4	6.36663	1.17074	4807	4877.5	-1
3	4	6.51663	1.17074	5059	5109.97	-1
3	4	6.66663	1.17074	-1	-1	-1
3	4	6.81663	1.17074	1081	1134.91	-1
3	4	6.96663	1.17074	872	926.094	-1
3	4	7.11663	1.17074	975	1027.28	-1
3	4	6.06663	1.32074	4170	4224.06	-1
3	4	6.21663	1.32074	4533	4608.44	-1
3	4	6.36663	1.32074	4410	4473.88	-1
3	4	6.51663	1.32074	4873	4965.78	-1
3	4	6.66663	1.32074	-1	-1	-1
3	4	6.81663	1.32074	-1	-1	-1
3	4	6.96663	1.32074	-1	-1	-1
3	4	7.11663	1.32074	5362	-1	-1
3	4	6.06663	1.47074	3987	4119.72	-1
3	4	6.21663	1.47074	4160	4231.53	-1
3	4	6.36663	1.47074	4280	4354.09	-1
3	4	6.51663	1.47074	4576	4643.66	-1
3	4	6.66663	1.47074	-1	-1	-1
3	4	6.81663	1.47074	-1	-1	-1
3	4	6.96663	1.47074	5346	-1	-1
3	4	7.11663	1.47074	5213	5274.06	-1
3	4	6.06663	1.62074	3644	3745.16	-1
3	4	6.21663	1.62074	3835	3898.12	-1
3	4	6.36663	1.62074	3985	4082.12	-1
3	4	6.51663	1.62074	4249	4375.5	-1
3	4	6.66663	1.62074	4350	4417.5	-1
3	4	6.81663	1.62074	-1	-1	-1
3	4	6.96663	1.62074	4802	4868.19	-1
3	4	7.11663	1.62074	5088	5158.16	-1
3	4	6.06663	1.77074	3791	3853.75	-1
3	4	6.21663	1.77074	4092	4177.25	-1
3	4	6.36663	1.77074	4046	4104.88	-1
3	4	6.51663	1.77074	4170	4260.5	-1
3	4	6.66663	1.77074	4532	4596.72	-1
3	4	6.81663	1.77074	4911	4981.41	-1
3	4	6.96663	1.77074	4763	4846.34	-1
3	4	7.11663	1.77074	4921	4981.56	-1
3	4	6.06663	1.92074	3840	3915.09	-1
3	4	6.21663	1.92074	3862	3956.16	-1
3	4	6.36663	1.92074	3980	4055.84	-1
3	4	6.51663	1.92074	4180	4305.75	-1
3	4	6.66663	1.92074	4382	4454.44	-1
3	4	6.81663	1.92074	4475	4545.72	-1
3	4	6.96663	1.92074	4644	4718.16	-1
3	4	7.11663	1.92074	4939	5014.41	-1
3	4	6.06663	2.07074	4067	4154.75	-1
3	4	6.21663	2.07074	4111	4187.22	-1
3	4	6.36663	2.07074	4143	4232.31	-1
3	4	6.51663	2.07074	4212	4295.38	-1
3	4	6.66663	2.07074	4372	4438.69	-1
3	4	6.81663	2.07074	4509	4567.66	-1
3	4	6.96663	2.07074	4768	4832.91	-1
3	4	7.11663	2.07074	5107	5176.56	-1
3	4	6.06663	2.22074	4611	4669	-1
3	4	6.21663	2.22074	4396	4484	-1
3	4	6.36663	2.22074	4256	4340.84	-1
3	4	6.51663	2.22074	4355	4407.22	-1
3	4	6.66663	2.22074	4734	4802.59	-1
3	4	6.81663	2.22074	4624	4686.16	-1
3	4	6.96663	2.22074	4756	4819.66	-1
3	4	7.11663	2.22074	5342	5397.66	-1
4	4	-6.52906	-7.63559	-1	-1	-1
4	4	-6.37906	-7.63559	-1	-1	-1
4	4	-6.22906	-7.63559	-1	-1	-1
4	4	-6.07906	-7.63559	-1	-1	-1
4	4	-5.92906	-7.63559	-1	-1	-1
4	4	-5.77906	-7.63559	-1	-1	-1
4	4	-5.62906	-7.63559	-1	-1	-1
4	4	-5.47906	-7.63559	-1	-1	-1
4	4	-6.52906	-7.48559	-1	-1	-1
4	4	-6.37906	-7.48559	-1	-1	-1
4	4	-6.22906	-7.48559	-1	-1	-1
4	4	-6.07906	-7.48559	-1	-1	-1
4	4	-5.92906	-7.48559	-1	-1	-1
4	4	-5.77906	-7.48559	-1	-1	-1
4	4	-5.62906	-7.48559	-1	-1	-1
4	4	-5.47906	-7.48559	-1	-1	-1
4	4	-6.52906	-7.33559	-1	-1	-1
4	4	-6.37906	-7.33559	-1	-1	-1
4	4	-6.22906	-7.33559	-1	-1	-1
4	4	-6.07906	-7.33559	-1	-1	-1
4	4	-5.92906	-7.33559	-1	-1	-1
4	4	-5.77906	-7.33559	-1	-1	-1
4	4	-5.62906	-7.33559	-1	-1	-1
4	4	-5.47906	-7.33559	-1	-1	-1
4	4	-6.52906	-7.18559	-1	-1	-1
4	4	-6.37906	-7.18559	-1	-1	-1
4	4	-6.22906	-7.18559	-1	-1	-1
4	4	-6.07906	-7.18559	-1	-1	-1
4	4	-5.92906	-7.18559	-1	-1	-1
4	4	-5.77906	-7.18559	-1	-1	-1
4	4	-5.62906	-7.18559	-1	-1	-1
4	4	-5.47906	-7.18559	-1	-1	-1
4	4	-6.52906	-7.03559	-1	-1	-1
4	4	-6.37906	-7.03559	-1	-1	-1
4	4	-6.22906	-7.03559	-1	-1	-1
4	4	-6.07906	-7.03559	-1	-1	-1
4	4	-5.92906	-7.03559	-1	-1	-1
4	4	-5.77906	-7.03559	-1	-1	-1
4	4	-5.62906	-7.03559	-1	-1	-1
4	4	-5.47906	-7.03559	-1	-1	-1
4	4	-6.52906	-6.88559	-1	-1	-1
4	4	-6.37906	-6.88559	-1	-1	-1
4	4	-6.22906	-6.88559	-1	-1	-1
4	4	-6.07906	-6.88559	-1	-1	-1
4	4	-5.92906	-6.88559	-1	-1	-1
4	4	-5.77906	-6.88559	-1	-1	-1
4	4	-5.62906	-6.88559	-1	-1	-1
4	4	-5.47906	-6.88559	-1	-1	-1
4	4	-6.52906	-6.73559	-1	-1	-1
4	4	-6.37906	-6.73559	-1	-1	-1
4	4	-6.22906	-6.73559	-1	-1	-1
4	4	-6.07906	-6.73559	-1	-1	-1
4	4	-5.92906	-6.73559	-1	-1	-1
4	4	-5.77906	-6.73559	-1	-1	-1
4	4	-5.62906	-6.73559	-1	-1	-1
4	4	-5.47906	-6.73559	-1	-1	-1
4	4	-6.52906	-6.58559	-1	-1	-1
4	4	-6.37906	-6.58559	-1	-1	-1
4	4	-6.22906	-6.58559	-1	-1	-1
4	4	-6.07906	-6.58559	-1	-1	-1
4	4	-5.92906	-6.58559	-1	-1	-1
4	4	-5.77906	-6.58559	-1	-1	-1
4	4	-5.62906	-6.58559	-1	-1	-1
4	4	-5.47906	-6.58559	-1	-1	-1
5	4	-5.19655	-6.94145	-1	-1	-1
5	4	-5.04655	-6.94145	-1	-1	-1
5	4	-4.89655	-6.94145	-1	-1	-1
5	4	-4.74655	-6.94145	-1	-1	-1
5	4	-4.59655	-6.94145	-1	-1	-1
5	4	-4.44655	-6.94145	-1	-1	-1
5	4	-4.29655	-6.94145	-1	-1	-1
5	4	-4.14655	-6.94145	-1	-1	-1
5	4	-5.19655	-6.79145	-1	-1	-1
5	4	-5.04655	-6.79145	-1	-1	-1
5	4	-4.89655	-6.79145	-1	-1	-1
5	4	-4.74655	-6.79145	-1	-1	-1
5	4	-4.59655	-6.79145	-1	-1	-1
5	4	-4.44655	-6.79145	-1	-1	-1
5	4	-4.29655	-6.79145	-1	-1	-1
5	4	-4.14655	-6.79145	-1	-1	-1
5	4	-5.19655	-6.64145	-1	-1	-1
5	4	-5.04655	-6.64145	-1	-1	-1
5	4	-4.89655	-6.64145	-1	-1	-1
5	4	-4.74655	-6.64145	-1	-1	-1
5	4	-4.59655	-6.64145	-1	-1	-1
5	4	-4.44655	-6.64145	-1	-1	-1
5	4	-4.29655	-6.64145	-1	-1	-1
5	4	-4.14655	-6.64145	-1	-1	-1
5	4	-5.19655	-6.49145	-1	-1	-1
5	4	-5.04655	-6.49145	-1	-1	-1
5	4	-4.89655	-6.49145	-1	-1	-1
5	4	-4.74655	-6.49145	-1	-1	-1
5	4	-4.59655	-6.49145	-1	-1	-1
5	4	-4.44655	-6.49145	-1	-1	-1
5	4	-4.29655	-6.49145	-1	-1	-1
5	4	-4.14655	-6.49145	-1	-1	-1
5	4	-5.19655	-6.34145	-1	-1	-1
5	4	-5.04655	-6.34145	-1	-1	-1
5	4	-4.89655	-6.34145	-1	-1	-1
5	4	-4.74655	-6.34145	-1	-1	-1
5	4	-4.59655	-6.34145	-1	-1	-1
5	4	-4.44655	-6.34145	-1	-1	-1
5	4	-4.29655	-6.34145	-1	-1	-1
5	4	-4.14655	-6.34145	-1	-1	-1
5	4	-5.19655	-6.19145	-1	-1	-1
5	4	-5.04655	-6.19145	-1	-1	-1
5	4	-4.89655	-6.19145	-1	-1	-1
5	4	-4.74655	-6.19145	-1	-1	-1
5	4	-4.59655	-6.19145	-1	-1	-1
5	4	-4.44655	-6.19145	-1	-1	-1
5	4	-4.29655	-6.19145	-1	-1	-1
5	4	-4.14655	-6.19145	-1	-1	-1
5	4	-5.19655	-6.04145	-1	-1	-1
5	4	-5.04655	-6.04145	-1	-1	-1
5	4	-4.89655	-6.04145	-1	-1	-1
5	4	-4.74655	-6.04145	-1	-1	-1
5	4	-4.59655	-6.04145	-1	-1	-1
5	4	-4.44655	-6.04145	-1	-1	-1
5	4	-4.29655	-6.04145	-1	-1	-1
5	4	-4.14655	-6.04145	-1	-1	-1
5	4	-5.19655	-5.89145	-1	-1	-1
5	4	-5.04655	-5.89145	-1	-1	-1
5	4	-4.89655	-5.89145	-1	-1	-1
5	4	-4.74655	-5.89145	-1	-1	-1
5	4	-4.59655	-5.89145	-1	-1	-1
5	4	-4.44655	-5.89145	-1	-1	-1
5	4	-4.29655	-5.89145	-1	-1	-1
5	4	-4.14655	-5.89145	-1	-1	-1
6	16	-6.30269	-1.70763	831	885.5	-1
6	16	-6.15269	-1.70763	814	871.469	-1
6	16	-6.00269	-1.70763	584	633.094	-1
6	16	-5.85269	-1.70763	240	297.062	-1
6	16	-6.30269	-1.55763	938	1002.47	-1
6	16	-6.15269	-1.55763	485	535.094	-1
6	16	-6.00269	-1.55763	353	414.594	-1
6	16	-5.85269	-1.55763	125	171.594	-1
6	16	-6.30269	-1.40763	776	841.969	-1
6	16	-6.15269	-1.40763	683	730.531	-1
6	16	-6.00269	-1.40763	469	516.562	-1
6	16	-5.85269	-1.40763	212	272.688	-1
6	16	-6.30269	-1.25763	804	858.156	-1
6	16	-6.15269	-1.25763	898	950.875	-1
6	16	-6.00269	-1.25763	4708	4812.12	-1
6	16	-5.85269	-1.25763	334	422.094	-1
7	16	-0.409401	6.51084	-1	-1	-1
7	16	-0.259401	6.51084	-1	-1	-1
7	16	-0.109401	6.51084	-1	-1	-1
7	16	0.0405993	6.51084	-1	-1	-1
7	16	-0.409401	6.66084	-1	-1	-1
7	16	-0.259401	6.66084	-1	-1	-1
7	16	-0.109401	6.66084	-1	-1	-1
7	16	0.0405993	6.66084	-1	-1	-1
7	16	-0.409401	6.81084	-1	-1	-1
7	16	-0.259401	6.81084	-1	-1	-1
7	16	-0.109401	6.81084	-1	-1	-1
7	16	0.0405993	6.81084	-1	-1	-1
7	16	-0.409401	6.96084	-1	-1	-1
7	16	-0.259401	6.96084	-1	-1	-1
7	16	-0.109401	6.96084	-1	-1	-1
7	16	0.0405993	6.96084	-1	-1	-1
8	16	6.34291	-2.22154	-1	-1	-1
8	16	6.49291	-2.22154	-1	-1	-1
8	16	6.64291	-2.22154	-1	-1	-1
8	16	6.79291	-2.22154	-1	-1	-1
8	16	6.34291	-2.07154	-1	-1	-1
8	16	6.49291	-2.07154	-1	-1	-1
8	16	6.64291	-2.07154	3860	3913.91	-1
8	16	6.79291	-2.07154	3742	3794.5	-1
8	16	6.34291	-1.92154	-1	-1	-1
8	16	6.49291	-1.92154	-1	-1	-1
8	16	6.64291	-1.92154	3512	3565.22	-1
8	16	6.79291	-1.92154	3614	3667.5	-1
8	16	6.34291	-1.77154	609	668.969	-1
8	16	6.49291	-1.77154	369	421.438	-1
8	16	6.64291	-1.77154	263	315.812	-1
8	16	6.79291	-1.77154	484	535.594	-1
9	16	4.36419	4.57837	1159	1213.94	-1
9	16	4.51419	4.57837	1257	1304.53	-1
9	16	4.66419	4.57837	3457	3504.59	-1
9	16	4.81419	4.57837	4291	4341.06	-1
9	16	4.36419	4.72837	1355	1412.84	-1
9	16	4.51419	4.72837	4713	4767.47	-1
9	16	4.66419	4.72837	-1	-1	-1
9	16	4.81419	4.72837	4914	4965.22	-1
9	16	4.36419	4.87837	-1	-1	-1
9	16	4.51419	4.87837	-1	-1	-1
9	16	4.66419	4.87837	-1	-1	-1
9	16	4.81419	4.87837	5021	5073.31	-1
9	16	4.36419	5.02837	-1	-1	-1
9	16	4.51419	5.02837	-1	-1	-1
9	16	4.66419	5.02837	-1	-1	-1
9	16	4.81419	5.02837	-1	-1	-1
10	16	0.668032	6.91865	-1	-1	-1
10	16	0.818032	6.91865	3320	3382.91	-1
10	16	0.968032	6.91865	3141	3237.56	-1
10	16	1.11803	6.91865	3291	3364.69	-1
10	16	0.668032	7.06865	-1	-1	-1
10	16	0.818032	7.06865	-1	-1	-1
10	16	0.968032	7.06865	-1	-1	-1
10	16	1.11803	7.06865	-1	-1	-1
10	16	0.668032	7.21865	-1	-1	-1
10	16	0.818032	7.21865	-1	-1	-1
10	16	0.968032	7.21865	-1	-1	-1
10	16	1.11803	7.21865	-1	-1	-1
10	16	0.668032	7.36865	-1	-1	-1
10	16	0.818032	7.36865	-1	-1	-1
10	16	0.968032	7.36865	-1	-1	-1
10	16	1.11803	7.36865	-1	-1	-1
11	16	-0.676094	-3.29017	2953	2996.31	-1
11	16	-0.526094	-3.29017	3027	3087.31	-1
11	16	-0.376094	-3.29017	2742	2777.72	-1
11	16	-0.226094	-3.29017	2719	2761.62	-1
11	16	-0.676094	-3.14017	2889	2922.44	-1
11	16	-0.526094	-3.14017	2776	2818.88	-1
11	16	-0.376094	-3.14017	2576	2613.47	-1
11	16	-0.226094	-3.14017	2667	2698.56	-1
11	16	-0.676094	-2.99017	2685	2729.06	-1
11	16	-0.526094	-2.99017	2647	2683.84	-1
11	16	-0.376094	-2.99017	2502	2542.69	-1
11	16	-0.226094	-2.99017	2540	2570.16	-1
11	16	-0.676094	-2.84017	2334	2359.69	-1
11	16	-0.526094	-2.84017	2322	2448.88	-1
11	16	-0.376094	-2.84017	2474	2505.88	-1
11	16	-0.226094	-2.84017	382	419.031	-1
12	16	-4.35798	-2.28706	835	894.594	-1
12	16	-4.20798	-2.28706	1065	1103.19	-1
12	16	-4.05798	-2.28706	1367	1423.44	-1
12	16	-3.90798	-2.28706	343	378.031	-1
12	16	-4.35798	-2.13706	1268	1323.06	-1
12	16	-4.20798	-2.13706	1153	1204.81	-1
12	16	-4.05798	-2.13706	-1	-1	-1
12	16	-3.90798	-2.13706	4986	5021.19	-1
12	16	-4.35798	-1.98706	579	614.938	-1
12	16	-4.20798	-1.98706	-1	-1	-1
12	16	-4.05798	-1.98706	3614	3649.88	-1
12	16	-3.90798	-1.98706	3463	3579.12	-1
12	16	-4.35798	-1.83706	649	698.719	-1
12	16	-4.20798	-1.83706	741	779.375	-1
12	16	-4.05798	-1.83706	3206	3344.53	-1
12	16	-3.90798	-1.83706	42	79.625	-1
13	16	4.72066	-2.76872	536	667.719	-1
13	16	4.87066	-2.76872	2229	2275.88	-1
13	16	5.02066	-2.76872	1789	1838.31	-1
13	16	5.17066	-2.76872	1881	1928.22	-1
13	16	4.72066	-2.61872	748	820.406	-1
13	16	4.87066	-2.61872	1576	1629	-1
13	16	5.02066	-2.61872	1684	1738.19	-1
13	16	5.17066	-2.61872	1970	2014.97	-1
13	16	4.72066	-2.46872	1490	1531.34	-1
13	16	4.87066	-2.46872	1613	1676.16	-1
13	16	5.02066	-2.46872	2058	2119.69	-1
13	16	5.17066	-2.46872	2087	2136.91	-1
13	16	4.72066	-2.31872	1763	1809.72	-1
13	16	4.87066	-2.31872	2042	2185.25	-1
13	16	5.02066	-2.31872	3122	3187.19	-1
13	16	5.17066	-2.31872	3856	4005.66	-1
14	16	-1.09843	1.03833	1782	1805.75	-1
14	16	-0.948426	1.03833	-1	-1	-1
14	16	-0.798426	1.03833	1009	1025.44	-1
14	16	-0.648426	1.03833	980	995.469	-1
14	16	-1.09843	1.18833	-1	-1	-1
14	16	-0.948426	1.18833	-1	-1	-1
14	16	-0.798426	1.18833	2533	2691.84	-1
14	16	-0.648426	1.18833	1040	1068.78	-1
14	16	-1.09843	1.33833	-1	-1	-1
14	16	-0.948426	1.33833	-1	-1	-1
14	16	-0.798426	1.33833	-1	-1	-1
14	16	-0.648426	1.33833	2316	2333.44	-1
14	16	-1.09843	1.48833	2043	2065.59	-1
14	16	-0.948426	1.48833	-1	-1	-1
14	16	-0.798426	1.48833	-1	-1	-1
14	16	-0.648426	1.48833	2281	2299	-1
15	16	-2.54559	-3.12794	1665	1697.44	-1
15	16	-2.39559	-3.12794	-1	-1	-1
15	16	-2.24559	-3.12794	-1	-1	-1
15	16	-2.09559	-3.12794	1150	1185.69	-1
15	16	-2.54559	-2.97794	-1	-1	-1
15	16	-2.39559	-2.97794	-1	-1	-1
15	16	-2.24559	-2.97794	-1	-1	-1
15	16	-2.09559	-2.97794	2129	2161.38	-1
15	16	-2.54559	-2.82794	-1	-1	-1
15	16	-2.39559	-2.82794	-1	-1	-1
15	16	-2.24559	-2.82794	-1	-1	-1
15	16	-2.09559	-2.82794	-1	-1	-1
15	16	-2.54559	-2.67794	3382	3531.84	-1
15	16	-2.39559	-2.67794	3569	3617.34	-1
15	16	-2.24559	-2.67794	3143	3173.97	-1
15	16	-2.09559	-2.67794	1786	1939.25	-1
16	16	-1.22893	-3.40645	3236	3266.03	-1
16	16	-1.07893	-3.40645	3179	3209.22	-1
16	16	-0.928929	-3.40645	3307	3335.91	-1
16	16	-0.778929	-3.40645	5275	5304.22	-1
16	16	-1.22893	-3.25645	3105	3144.56	-1
16	16	-1.07893	-3.25645	3064	3103.22	-1
16	16	-0.928929	-3.25645	3030	3065.03	-1
16	16	-0.778929	-3.25645	2973	3004.84	-1
16	16	-1.22893	-3.10645	2933	2984.28	-1
16	16	-1.07893	-3.10645	2873	2905.5	-1
16	16	-0.928929	-3.10645	2935	2968.16	-1
16	16	-0.778929	-3.10645	2828	2862.44	-1
16	16	-1.22893	-2.95645	3629	3671.44	-1
16	16	-1.07893	-2.95645	3008	3039.94	-1
16	16	-0.928929	-2.95645	2796	2824.12	-1
16	16	-0.778929	-2.95645	2758	2794.53	-1
17	16	3.34701	-7.13854	-1	-1	-1
17	16	3.49701	-7.13854	-1	-1	-1
17	16	3.64701	-7.13854	-1	-1	-1
17	16	3.79701	-7.13854	-1	-1	-1
17	16	3.34701	-6.98854	-1	-1	-1
17	16	3.49701	-6.98854	-1	-1	-1
17	16	3.64701	-6.98854	-1	-1	-1
17	16	3.79701	-6.98854	-1	-1	-1
17	16	3.34701	-6.83854	2840	2899.81	-1
17	16	3.49701	-6.83854	-1	-1	-1
17	16	3.64701	-6.83854	-1	-1	-1
17	16	3.79701	-6.83854	-1	-1	-1
17	16	3.34701	-6.68854	-1	-1	-1
17	16	3.49701	-6.68854	-1	-1	-1
17	16	3.64701	-6.68854	-1	-1	-1
17	16	3.79701	-6.68854	-1	-1	-1
18	16	-9.50471	0.446765	2619	2691.28	-1
18	16	-9.35471	0.446765	1195	1266.5	-1
18	16	-9.20471	0.446765	1056	1126.88	-1
18	16	-9.05471	0.446765	-1	-1	-1
18	16	-9.50471	0.596765	-1	-1	-1
18	16	-9.35471	0.596765	-1	-1	-1
18	16	-9.20471	0.596765	-1	-1	-1
18	16	-9.05471	0.596765	-1	-1	-1
18	16	-9.50471	0.746765	1636	1707.97	-1
18	16	-9.35471	0.746765	-1	-1	-1
18	16	-9.20471	0.746765	-1	-1	-1
18	16	-9.05471	0.746765	-1	-1	-1
18	16	-9.50471	0.896765	1494	1564.41	-1
18	16	-9.35471	0.896765	-1	-1	-1
18	16	-9.20471	0.896765	-1	-1	-1
18	16	-9.05471	0.896765	-1	-1	-1
19	16	4.29972	-3.46826	3167	3303.69	-1
19	16	4.44972	-3.46826	-1	-1	-1
19	16	4.59972	-3.46826	1096	1140.31	-1
19	16	4.74972	-3.46826	-1	-1	-1
19	16	4.29972	-3.31826	2976	3018.56	-1
19	16	4.44972	-3.31826	-1	-1	-1
19	16	4.59972	-3.31826	997	1041.12	-1
19	16	4.74972	-3.31826	-1	-1	-1
19	16	4.29972	-3.16826	2894	2934.31	-1
19	16	4.44972	-3.16826	910	954.688	-1
19	16	4.59972	-3.16826	821	864.312	-1
19	16	4.74972	-3.16826	2202	2255.38	-1
19	16	4.29972	-3.01826	2309	2351.56	-1
19	16	4.44972	-3.01826	726	772.875	-1
19	16	4.59972	-3.01826	634	680.469	-1
19	16	4.74972	-3.01826	548	590.094	-1
20	16	5.14351	4.68297	4364	4432.53	-1
20	16	5.29351	4.68297	-1	-1	-1
20	16	5.44351	4.68297	5086	5140.56	-1
20	16	5.59351	4.68297	5190	5248.22	-1
20	16	5.14351	4.83297	5241	5297.81	-1
20	16	5.29351	4.83297	5269	5324.22	-1
20	16	5.44351	4.83297	-1	-1	-1
20	16	5.59351	4.83297	-1	-1	-1
20	16	5.14351	4.98297	5128	5181.31	-1
20	16	5.29351	4.98297	-1	-1	-1
20	16	5.44351	4.98297	-1	-1	-1
20	16	5.59351	4.98297	-1	-1	-1
20	16	5.14351	5.13297	-1	-1	-1
20	16	5.29351	5.13297	-1	-1	-1
20	16	5.44351	5.13297	-1	-1	-1
20	16	5.59351	5.13297	-1	-1	-1
21	16	-7.85892	5.35521	2039	2108.44	-1
21	16	-7.70892	5.35521	2175	2244.34	-1
21	16	-7.55892	5.35521	-1	-1	-1
21	16	-7.40892	5.35521	-1	-1	-1
21	16	-7.85892	5.50521	2315	2385.84	-1
21	16	-7.70892	5.50521	2452	2532.25	-1
21	16	-7.55892	5.50521	2777	2847.38	-1
21	16	-7.40892	5.50521	817	885.781	-1
21	16	-7.85892	5.65521	2480	2550.22	-1
21	16	-7.70892	5.65521	2621	2690.06	-1
21	16	-7.55892	5.65521	2912	2983.88	-1
21	16	-7.40892	5.65521	839	907.906	-1
21	16	-7.85892	5.80521	2637	2709.53	-1
21	16	-7.70892	5.80521	2783	2854.72	-1
21	16	-7.55892	5.80521	2928	2997.81	-1
21	16	-7.40892	5.80521	2965	3034.09	-1
0	256	7.50607	2.59446	-1	-1	-1
0	256	0.14082	9.11055	-1	-1	-1
0	256	-6.84358	-6.77183	-1	-1	-1
0	256	0.0655859	-6.08708	1629	1679.28	-1
0	256	0.901381	-7.70025	-1	-1	-1
0	256	2.56669	-4.38729	-1	-1	-1
0	256	-6.45991	1.92231	-1	-1	-1
0	256	-5.696	-6.39734	-1	-1	-1
0	256	5.444	-3.46959	-1	-1	-1
0	256	-1.63805	-3.15581	960	1116.16	-1
0	256	8.30807	-9.18029	4747	4838.91	-1
0	256	-5.96763	4.50651	-1	-1	-1
0	256	-6.93672	4.00255	-1	-1	-1
0	256	-9.28483	-1.42977	-1	-1	-1
0	256	2.78562	6.30569	-1	-1	-1
0	256	7.27874	-0.353714	731	789.562	-1
0	256	2.90702	3.85295	695	736.594	-1
0	256	9.00775	2.8565	-1	-1	-1
0	256	5.17098	-5.09478	-1	-1	-1
0	256	-3.0141	8.8437	-1	-1	-1
0	256	5.03883	-6.0557	-1	-1	-1
0	256	-5.3965	-2.09171	426	491.688	-1
0	256	-0.428328	7.51815	-1	-1	-1
0	256	-7.99553	-5.79718	-1	-1	-1
0	256	-6.38258	1.51823	-1	-1	-1
0	256	1.56476	-5.65419	2265	2375.12	-1
0	256	-2.02424	5.04934	-1	-1	-1
0	256	-3.5524	-2.72508	615	650.312	-1
0	256	4.84884	-0.936157	2114	2225.47	-1
0	256	3.5397	5.97121	3345	3400.28	-1
0	256	8.58285	-4.75225	-1	-1	-1
0	256	5.42545	5.35747	-1	-1	-1
0	256	-4.18097	8.98568	-1	-1	-1
0	256	-1.66793	6.91005	3375	3430.62	-1
0	256	7.27762	5.48012	3902	4014.38	-1
0	256	4.49352	0.668351	4176	4214.47	-1
0	256	4.25411	8.30922	-1	-1	-1
0	256	-4.34406	6.6406	-1	-1	-1
0	256	-8.51826	1.47059	-1	-1	-1
0	256	1.34521	-4.16891	283	471.031	-1
0	256	-6.21992	-6.40797	-1	-1	-1
0	256	4.06652	-5.06336	-1	-1	-1
0	256	-9.33723	1.86714	1320	1387.72	-1
0	256	-4.02292	7.46412	-1	-1	-1
0	256	4.26616	0.782586	1115	1155.41	-1
0	256	-3.58721	-7.00151	-1	-1	-1
0	256	3.22584	5.70358	3184	3291.44	-1
0	256	-5.46641	7.18035	-1	-1	-1
0	256	0.34831	-9.29402	-1	-1	-1
0	256	4.49914	-5.60333	-1	-1	-1
0	256	-2.75097	2.44571	5269	-1	-1
0	256	1.94857	5.91913	-1	-1	-1
0	256	6.714	-6.20598	3373	3439.47	-1
0	256	-1.30876	-6.82579	3656	3710.97	-1
0	256	0.610856	-5.51823	3391	3433.84	-1
0	256	5.5933	-6.10956	5330	-1	-1
0	256	-7.03038	4.13061	-1	-1	-1
0	256	5.1452	-0.820057	-1	-1	-1
0	256	6.68785	-5.03636	-1	-1	-1
0	256	-0.911644	-8.94954	-1	-1	-1
0	256	1.47821	-4.61296	1278	1401.03	-1
0	256	-6.70926	2.37372	64	116.312	-1
0	256	6.39862	0.949386	650	700.094	-1
0	256	5.2332	-4.05266	2347	2397.84	-1
0	256	7.32914	2.41323	5022	5086.12	-1
0	256	3.80396	1.17111	1885	1919.34	-1
0	256	-7.89314	4.27019	1814	1876.75	-1
0	256	1.19036	7.43905	-1	-1	-1
0	256	-2.31411	-9.13719	-1	-1	-1
0	256	-4.07428	3.34406	855	902.219	-1
0	256	3.03811	-0.269837	1964	1992.97	-1
0	256	2.34343	-4.66817	3689	3728.25	-1
0	256	1.94661	6.56523	2391	2441.88	-1
0	256	3.84066	-3.99888	1872	1914.66	-1
0	256	-3.62315	5.26501	-1	-1	-1
0	256	-6.79344	-6.92523	-1	-1	-1
0	256	-2.59745	-5.15279	-1	-1	-1
0	256	-8.71609	-2.91179	-1	-1	-1
0	256	8.89006	-1.47657	2333	2400.44	-1
0	256	3.44881	-2.64771	3033	3074.94	-1
0	256	2.51272	3.55657	2219	2348.25	-1
0	256	-4.10701	2.97229	169	315.312	-1
0	256	8.83381	-2.28853	-1	-1	-1
0	256	5.65344	-0.13436	95	206.156	-1
0	256	2.71268	-4.33976	3095	3134	-1
0	256	-9.36768	-8.43385	-1	-1	-1
0	256	-1.25598	-5.43895	3992	4035.44	-1
0	256	2.81202	4.94797	2449	2493.38	-1
0	256	-4.21284	5.67421	979	1034.88	-1
0	256	5.41362	-2.39378	-1	-1	-1
0	256	3.96925	-8.39692	-1	-1	-1
0	256	0.406756	5.19896	-1	-1	-1
0	256	-3.56213	-8.19987	3057	3125.06	-1
0	256	6.17913	7.62394	-1	-1	-1
0	256	6.42384	-7.48875	3112	3198.41	-1
0	256	3.32982	-0.900628	1483	1606.53	-1
0	256	0.319184	9.32514	-1	-1	-1
0	256	-5.6043	2.64728	-1	-1	-1
0	256	8.14529	2.58685	-1	-1	-1
0	256	3.40668	4.05688	4581	4622.41	-1
0	256	0.874443	4.66858	641	678.969	-1
0	256	-1.06933	-9.20515	-1	-1	-1
0	256	4.59193	-4.95571	2239	2290.25	-1
0	256	-9.44792	-2.3426	-1	-1	-1
0	256	-5.69542	-0.779223	181	228.594	-1
0	256	-3.72894	-3.70681	-1	-1	-1
0	256	8.80636	4.22252	-1	-1	-1
0	256	7.74104	-0.816062	4071	4131.78	-1
0	256	6.06299	3.23642	3765	3819.16	-1
0	256	-7.98897	-1.52838	-1	-1	-1
0	256	-5.85153	0.8274	310	435.594	-1
0	256	-8.26483	-5.08959	-1	-1	-1
0	256	-3.1404	7.08162	-1	-1	-1
0	256	-3.57177	-0.821191	4452	4585.03	-1
0	256	1.59269	3.59984	1404	1436.28	-1
0	256	-4.29547	-7.48319	-1	-1	-1
0	256	8.05957	-2.7427	-1	-1	-1
0	256	1.93609	-5.99637	-1	-1	-1
0	256	1.27881	-6.06968	2846	2893.06	-1
0	256	5.87076	1.34973	3912	3979.41	-1
0	256	-4.3647	4.4111	1893	2039.44	-1
0	256	2.10445	5.73479	2295	2398.41	-1
0	256	-7.98858	-2.894	996	1060.19	-1
0	256	-0.769032	3.87213	-1	-1	-1
0	256	5.69233	-8.09789	-1	-1	-1
0	256	2.13828	-9.54589	5151	5230.03	-1
0	256	-3.60334	-2.22357	419	452	-1
0	256	-2.92442	-6.02844	-1	-1	-1
0	256	6.88531	-0.689198	-1	-1	-1
0	256	3.22293	-8.45837	4991	5061.25	-1
0	256	-1.44562	-6.80091	-1	-1	-1
0	256	7.79736	-4.8057	-1	-1	-1
0	256	-8.4493	8.81274	2512	2606.56	-1
0	256	-8.26904	-3.48678	-1	-1	-1
0	256	3.43322	2.28379	2556	2590.19	-1
0	256	-1.68246	6.2125	2416	2468.88	-1
0	256	2.79046	2.4233	2632	2665.94	-1
0	256	-6.69374	-5.81514	-1	-1	-1
0	256	4.93193	-1.39941	5398	-1	-1
0	256	-3.10387	3.34735	-1	-1	-1
0	256	3.82743	8.36763	-1	-1	-1
0	256	-1.22373	-6.51931	3441	3494.19	-1
0	256	-6.45336	2.99647	-1	-1	-1
0	256	6.64805	-3.75916	-1	-1	-1
0	256	0.771708	-9.63995	2274	2345.34	-1
0	256	-6.40047	-1.06275	934	985.469	-1
0	256	-8.66646	-4.45665	-1	-1	-1
0	256	0.343888	6.81613	-1	-1	-1
0	256	5.71339	-5.49549	-1	-1	-1
0	256	5.80935	-3.72795	2195	2249.41	-1
0	256	-7.81049	4.62955	-1	-1	-1
0	256	-0.982253	8.70425	2192	2253.56	-1
0	256	-1.90102	-4.2988	1648	1778.59	-1
0	256	-7.16096	-3.01342	474	529.812	-1
0	256	5.94961	1.48039	3868	3932.78	-1
0	256	8.76399	-0.0119824	-1	-1	-1
0	256	-1.72874	-3.03796	2857	2890.22	-1
0	256	6.09732	-7.43266	-1	-1	-1
0	256	5.10783	1.69554	4042	4101.41	-1
0	256	-6.3016	7.21075	525	597.75	-1
0	256	-7.1958	5.36161	683	751.312	-1
0	256	5.69432	-0.765985	-1	-1	-1
0	256	-1.29013	-6.37852	3541	3591.28	-1
0	256	-8.34663	0.0383821	-1	-1	-1
0	256	8.95488	1.29175	-1	-1	-1
0	256	-2.79253	-2.48738	35	69.0938	-1
0	256	1.0115	5.4912	-1	-1	-1
0	256	2.58113	-3.1001	877	911.906	-1
0	256	1.7133	-9.10927	-1	-1	-1
0	256	5.89287	0.718714	4214	4278.06	-1
0	256	8.37715	-1.64567	-1	-1	-1
0	256	-7.94804	-5.22588	-1	-1	-1
0	256	-4.61452	7.11654	-1	-1	-1
0	256	-4.40252	-0.271632	87	201.469	-1
0	256	4.736	1.75546	2435	2473.94	-1
0	256	-8.70114	-7.91417	-1	-1	-1
0	256	3.16942	9.23396	3537	3605.91	-1
0	256	0.164003	-1.6876	1759	1777.31	-1
0	256	-2.41107	6.15361	-1	-1	-1
0	256	-7.95084	-1.28478	-1	-1	-1
0	256	-2.37173	-8.22255	-1	-1	-1
0	256	6.37513	-6.45633	-1	-1	-1
0	256	8.86855	-3.26509	-1	-1	-1
0	256	7.41983	-3.1886	2466	2528.16	-1
0	256	-2.98463	-4.27705	-1	-1	-1
0	256	-4.48162	8.15638	-1	-1	-1
0	256	-8.03625	-0.727282	1318	1379.75	-1
0	256	3.97326	4.55729	-1	-1	-1
0	256	3.21363	4.17587	4496	4539.47	-1
0	256	-3.08129	-5.65343	-1	-1	-1
0	256	-8.86696	-0.108803	-1	-1	-1
0	256	-4.19707	-5.8032	-1	-1	-1
0	256	-8.71989	0.559949	4886	4958.66	-1
0	256	6.4978	-4.7381	-1	-1	-1
0	256	-2.86388	-3.35845	1574	1608.88	-1
0	256	-0.464752	-5.51736	3488	3532.16	-1
0	256	4.4711	-5.13284	-1	-1	-1
0	256	4.38095	-6.84413	-1	-1	-1
0	256	-0.111638	4.80745	-1	-1	-1
0	256	6.80601	5.93618	-1	-1	-1
0	256	0.385492	-7.52054	-1	-1	-1
0	256	-5.39038	-2.27522	332	375.594	-1
0	256	5.76912	3.7214	203	253.344	-1
0	256	2.82785	8.46414	-1	-1	-1
0	256	-0.871514	4.99841	-1	-1	-1
0	256	8.63838	2.98176	-1	-1	-1
0	256	-6.94068	6.77986	-1	-1	-1
0	256	6.94862	2.48591	4882	4942.84	-1
0	256	-6.73136	7.33068	-1	-1	-1
0	256	0.788873	5.91265	44	88.875	-1
0	256	-3.33828	-3.0043	1471	1509.53	-1
0	256	1.0037	3.53739	1277	1393.69	-1
0	256	4.14482	-6.45665	-1	-1	-1
0	256	-0.829637	-6.29312	3342	3391.72	-1
0	256	-4.47251	-8.45375	-1	-1	-1
0	256	9.1885	1.38831	-1	-1	-1
0	256	4.09614	-4.26427	-1	-1	-1
0	256	-2.94284	-9.34503	3819	3892.31	-1
0	256	-2.62259	-4.39854	-1	-1	-1
0	256	-2.37668	6.77598	-1	-1	-1
0	256	4.53491	6.89379	-1	-1	-1
0	256	-0.0125774	-4.52399	1466	1583.12	-1
0	256	-4.98102	-7.55334	-1	-1	-1
0	256	4.6703	7.56459	-1	-1	-1
0	256	-6.26598	-3.26335	-1	-1	-1
0	256	-3.00423	-8.62381	-1	-1	-1
0	256	-5.74602	7.90202	-1	-1	-1
0	256	7.06912	-4.37401	-1	-1	-1
0	256	1.91785	7.08076	-1	-1	-1
0	256	8.41548	8.2154	-1	-1	-1
0	256	-5.64117	-0.215305	2004	2046.41	-1
0	256	-0.332223	-3.62712	-1	-1	-1
0	256	-3.04189	1.70929	1493	1532.53	-1
0	256	-3.83903	-1.13865	32	64.7188	-1
0	256	8.26739	-5.22684	-1	-1	-1
0	256	0.617995	9.61388	-1	-1	-1
0	256	4.71281	8.36394	3446	3546.38	-1
0	256	4.8418	-8.3189	-1	-1	-1
0	256	-4.55013	5.44499	2024	2080.16	-1
0	256	-3.86446	-6.38433	-1	-1	-1
0	256	7.83315	-0.166391	-1	-1	-1
0	256	4.12331	-1.71769	91	214.375	-1
0	256	-2.41424	8.10543	-1	-1	-1
0	256	1.27029	8.56848	-1	-1	-1
0	256	-0.422631	3.31645	2725	2753.25	-1
0	256	-4.47331	-5.58725	-1	-1	-1
0	256	4.13265	-7.07486	-1	-1	-1
0	256	4.05965	5.47131	-1	-1	-1
0	256	0.549837	-3.21435	512	549.406	-1
0	256	0.420952	9.21364	-1	-1	-1
0	256	-8.61557	1.21333	-1	-1	-1
0	256	7.19416	-4.48713	-1	-1	-1
0	256	-8.14972	-1.9403	-1	-1	-1
0	256	-2.01365	-9.29084	-1	-1	-1
0	256	-4.10589	4.41904	-1	-1	-1
0	256	-2.60952	-3.92606	-1	-1	-1
