Pile ID	Distribution Type	X-Position	Y-Position	Pickup Time	Drop Off Time	Ant ID
1	1	5.60622	7.39436	4069	4135.66	-1
1	1	5.75622	7.39436	-1	-1	-1
1	1	5.90622	7.39436	-1	-1	-1
1	1	6.05622	7.39436	-1	-1	-1
1	1	6.20622	7.39436	-1	-1	-1
1	1	6.35622	7.39436	-1	-1	-1
1	1	6.50622	7.39436	-1	-1	-1
1	1	6.65622	7.39436	-1	-1	-1
1	1	6.80622	7.39436	-1	-1	-1
1	1	6.95622	7.39436	-1	-1	-1
1	1	7.10622	7.39436	-1	-1	-1
1	1	7.25622	7.39436	-1	-1	-1
1	1	7.40622	7.39436	-1	-1	-1
1	1	7.55622	7.39436	-1	-1	-1
1	1	7.70622	7.39436	-1	-1	-1
1	1	7.85622	7.39436	-1	-1	-1
1	1	5.60622	7.54436	3925	3998.28	-1
1	1	5.75622	7.54436	-1	-1	-1
1	1	5.90622	7.54436	-1	-1	-1
1	1	6.05622	7.54436	-1	-1	-1
1	1	6.20622	7.54436	-1	-1	-1
1	1	6.35622	7.54436	-1	-1	-1
1	1	6.50622	7.54436	-1	-1	-1
1	1	6.65622	7.54436	-1	-1	-1
1	1	6.80622	7.54436	-1	-1	-1
1	1	6.95622	7.54436	-1	-1	-1
1	1	7.10622	7.54436	-1	-1	-1
1	1	7.25622	7.54436	-1	-1	-1
1	1	7.40622	7.54436	-1	-1	-1
1	1	7.55622	7.54436	-1	-1	-1
1	1	7.70622	7.54436	-1	-1	-1
1	1	7.85622	7.54436	-1	-1	-1
1	1	5.60622	7.69436	4211	4302.41	-1
1	1	5.75622	7.69436	4371	4442.75	-1
1	1	5.90622	7.69436	-1	-1	-1
1	1	6.05622	7.69436	-1	-1	-1
1	1	6.20622	7.69436	-1	-1	-1
1	1	6.35622	7.69436	-1	-1	-1
1	1	6.50622	7.69436	-1	-1	-1
1	1	6.65622	7.69436	-1	-1	-1
1	1	6.80622	7.69436	-1	-1	-1
1	1	6.95622	7.69436	-1	-1	-1
1	1	7.10622	7.69436	-1	-1	-1
1	1	7.25622	7.69436	-1	-1	-1
1	1	7.40622	7.69436	-1	-1	-1
1	1	7.55622	7.69436	-1	-1	-1
1	1	7.70622	7.69436	-1	-1	-1
1	1	7.85622	7.69436	-1	-1	-1
1	1	5.60622	7.84436	4512	4590.75	-1
1	1	5.75622	7.84436	-1	-1	-1
1	1	5.90622	7.84436	-1	-1	-1
1	1	6.05622	7.84436	-1	-1	-1
1	1	6.20622	7.84436	-1	-1	-1
1	1	6.35622	7.84436	-1	-1	-1
1	1	6.50622	7.84436	-1	-1	-1
1	1	6.65622	7.84436	-1	-1	-1
1	1	6.80622	7.84436	-1	-1	-1
1	1	6.95622	7.84436	-1	-1	-1
1	1	7.10622	7.84436	-1	-1	-1
1	1	7.25622	7.84436	-1	-1	-1
1	1	7.40622	7.84436	-1	-1	-1
1	1	7.55622	7.84436	-1	-1	-1
1	1	7.70622	7.84436	-1	-1	-1
1	1	7.85622	7.84436	-1	-1	-1
1	1	5.60622	7.99436	-1	-1	-1
1	1	5.75622	7.99436	-1	-1	-1
1	1	5.90622	7.99436	-1	-1	-1
1	1	6.05622	7.99436	-1	-1	-1
1	1	6.20622	7.99436	-1	-1	-1
1	1	6.35622	7.99436	-1	-1	-1
1	1	6.50622	7.99436	-1	-1	-1
1	1	6.65622	7.99436	-1	-1	-1
1	1	6.80622	7.99436	-1	-1	-1
1	1	6.95622	7.99436	-1	-1	-1
1	1	7.10622	7.99436	-1	-1	-1
1	1	7.25622	7.99436	-1	-1	-1
1	1	7.40622	7.99436	-1	-1	-1
1	1	7.55622	7.99436	-1	-1	-1
1	1	7.70622	7.99436	-1	-1	-1
1	1	7.85622	7.99436	-1	-1	-1
1	1	5.60622	8.14436	-1	-1	-1
1	1	5.75622	8.14436	-1	-1	-1
1	1	5.90622	8.14436	-1	-1	-1
1	1	6.05622	8.14436	-1	-1	-1
1	1	6.20622	8.14436	-1	-1	-1
1	1	6.35622	8.14436	-1	-1	-1
1	1	6.50622	8.14436	-1	-1	-1
1	1	6.65622	8.14436	-1	-1	-1
1	1	6.80622	8.14436	-1	-1	-1
1	1	6.95622	8.14436	-1	-1	-1
1	1	7.10622	8.14436	-1	-1	-1
1	1	7.25622	8.14436	-1	-1	-1
1	1	7.40622	8.14436	-1	-1	-1
1	1	7.55622	8.14436	-1	-1	-1
1	1	7.70622	8.14436	-1	-1	-1
1	1	7.85622	8.14436	-1	-1	-1
1	1	5.60622	8.29436	-1	-1	-1
1	1	5.75622	8.29436	-1	-1	-1
1	1	5.90622	8.29436	-1	-1	-1
1	1	6.05622	8.29436	-1	-1	-1
1	1	6.20622	8.29436	-1	-1	-1
1	1	6.35622	8.29436	-1	-1	-1
1	1	6.50622	8.29436	-1	-1	-1
1	1	6.65622	8.29436	-1	-1	-1
1	1	6.80622	8.29436	-1	-1	-1
1	1	6.95622	8.29436	-1	-1	-1
1	1	7.10622	8.29436	-1	-1	-1
1	1	7.25622	8.29436	-1	-1	-1
1	1	7.40622	8.29436	-1	-1	-1
1	1	7.55622	8.29436	-1	-1	-1
1	1	7.70622	8.29436	-1	-1	-1
1	1	7.85622	8.29436	-1	-1	-1
1	1	5.60622	8.44436	-1	-1	-1
1	1	5.75622	8.44436	-1	-1	-1
1	1	5.90622	8.44436	-1	-1	-1
1	1	6.05622	8.44436	-1	-1	-1
1	1	6.20622	8.44436	-1	-1	-1
1	1	6.35622	8.44436	-1	-1	-1
1	1	6.50622	8.44436	-1	-1	-1
1	1	6.65622	8.44436	-1	-1	-1
1	1	6.80622	8.44436	-1	-1	-1
1	1	6.95622	8.44436	-1	-1	-1
1	1	7.10622	8.44436	-1	-1	-1
1	1	7.25622	8.44436	-1	-1	-1
1	1	7.40622	8.44436	-1	-1	-1
1	1	7.55622	8.44436	-1	-1	-1
1	1	7.70622	8.44436	-1	-1	-1
1	1	7.85622	8.44436	-1	-1	-1
1	1	5.60622	8.59436	-1	-1	-1
1	1	5.75622	8.59436	-1	-1	-1
1	1	5.90622	8.59436	-1	-1	-1
1	1	6.05622	8.59436	-1	-1	-1
1	1	6.20622	8.59436	-1	-1	-1
1	1	6.35622	8.59436	-1	-1	-1
1	1	6.50622	8.59436	-1	-1	-1
1	1	6.65622	8.59436	-1	-1	-1
1	1	6.80622	8.59436	-1	-1	-1
1	1	6.95622	8.59436	-1	-1	-1
1	1	7.10622	8.59436	-1	-1	-1
1	1	7.25622	8.59436	-1	-1	-1
1	1	7.40622	8.59436	-1	-1	-1
1	1	7.55622	8.59436	-1	-1	-1
1	1	7.70622	8.59436	-1	-1	-1
1	1	7.85622	8.59436	-1	-1	-1
1	1	5.60622	8.74436	-1	-1	-1
1	1	5.75622	8.74436	-1	-1	-1
1	1	5.90622	8.74436	-1	-1	-1
1	1	6.05622	8.74436	-1	-1	-1
1	1	6.20622	8.74436	-1	-1	-1
1	1	6.35622	8.74436	-1	-1	-1
1	1	6.50622	8.74436	-1	-1	-1
1	1	6.65622	8.74436	-1	-1	-1
1	1	6.80622	8.74436	-1	-1	-1
1	1	6.95622	8.74436	-1	-1	-1
1	1	7.10622	8.74436	-1	-1	-1
1	1	7.25622	8.74436	-1	-1	-1
1	1	7.40622	8.74436	-1	-1	-1
1	1	7.55622	8.74436	-1	-1	-1
1	1	7.70622	8.74436	-1	-1	-1
1	1	7.85622	8.74436	-1	-1	-1
1	1	5.60622	8.89436	4938	5021.34	-1
1	1	5.75622	8.89436	-1	-1	-1
1	1	5.90622	8.89436	-1	-1	-1
1	1	6.05622	8.89436	-1	-1	-1
1	1	6.20622	8.89436	-1	-1	-1
1	1	6.35622	8.89436	-1	-1	-1
1	1	6.50622	8.89436	-1	-1	-1
1	1	6.65622	8.89436	-1	-1	-1
1	1	6.80622	8.89436	-1	-1	-1
1	1	6.95622	8.89436	-1	-1	-1
1	1	7.10622	8.89436	-1	-1	-1
1	1	7.25622	8.89436	-1	-1	-1
1	1	7.40622	8.89436	-1	-1	-1
1	1	7.55622	8.89436	-1	-1	-1
1	1	7.70622	8.89436	-1	-1	-1
1	1	7.85622	8.89436	-1	-1	-1
1	1	5.60622	9.04436	-1	-1	-1
1	1	5.75622	9.04436	-1	-1	-1
1	1	5.90622	9.04436	-1	-1	-1
1	1	6.05622	9.04436	-1	-1	-1
1	1	6.20622	9.04436	-1	-1	-1
1	1	6.35622	9.04436	-1	-1	-1
1	1	6.50622	9.04436	-1	-1	-1
1	1	6.65622	9.04436	-1	-1	-1
1	1	6.80622	9.04436	-1	-1	-1
1	1	6.95622	9.04436	-1	-1	-1
1	1	7.10622	9.04436	-1	-1	-1
1	1	7.25622	9.04436	-1	-1	-1
1	1	7.40622	9.04436	-1	-1	-1
1	1	7.55622	9.04436	-1	-1	-1
1	1	7.70622	9.04436	-1	-1	-1
1	1	7.85622	9.04436	-1	-1	-1
1	1	5.60622	9.19436	5286	5361.94	-1
1	1	5.75622	9.19436	-1	-1	-1
1	1	5.90622	9.19436	-1	-1	-1
1	1	6.05622	9.19436	-1	-1	-1
1	1	6.20622	9.19436	-1	-1	-1
1	1	6.35622	9.19436	-1	-1	-1
1	1	6.50622	9.19436	-1	-1	-1
1	1	6.65622	9.19436	-1	-1	-1
1	1	6.80622	9.19436	-1	-1	-1
1	1	6.95622	9.19436	-1	-1	-1
1	1	7.10622	9.19436	-1	-1	-1
1	1	7.25622	9.19436	-1	-1	-1
1	1	7.40622	9.19436	-1	-1	-1
1	1	7.55622	9.19436	-1	-1	-1
1	1	7.70622	9.19436	-1	-1	-1
1	1	7.85622	9.19436	-1	-1	-1
1	1	5.60622	9.34436	-1	-1	-1
1	1	5.75622	9.34436	-1	-1	-1
1	1	5.90622	9.34436	-1	-1	-1
1	1	6.05622	9.34436	-1	-1	-1
1	1	6.20622	9.34436	-1	-1	-1
1	1	6.35622	9.34436	-1	-1	-1
1	1	6.50622	9.34436	-1	-1	-1
1	1	6.65622	9.34436	-1	-1	-1
1	1	6.80622	9.34436	-1	-1	-1
1	1	6.95622	9.34436	-1	-1	-1
1	1	7.10622	9.34436	-1	-1	-1
1	1	7.25622	9.34436	-1	-1	-1
1	1	7.40622	9.34436	-1	-1	-1
1	1	7.55622	9.34436	-1	-1	-1
1	1	7.70622	9.34436	-1	-1	-1
1	1	7.85622	9.34436	-1	-1	-1
1	1	5.60622	9.49436	-1	-1	-1
1	1	5.75622	9.49436	-1	-1	-1
1	1	5.90622	9.49436	-1	-1	-1
1	1	6.05622	9.49436	-1	-1	-1
1	1	6.20622	9.49436	-1	-1	-1
1	1	6.35622	9.49436	-1	-1	-1
1	1	6.50622	9.49436	-1	-1	-1
1	1	6.65622	9.49436	-1	-1	-1
1	1	6.80622	9.49436	-1	-1	-1
1	1	6.95622	9.49436	-1	-1	-1
1	1	7.10622	9.49436	-1	-1	-1
1	1	7.25622	9.49436	-1	-1	-1
1	1	7.40622	9.49436	-1	-1	-1
1	1	7.55622	9.49436	-1	-1	-1
1	1	7.70622	9.49436	-1	-1	-1
1	1	7.85622	9.49436	-1	-1	-1
1	1	5.60622	9.64436	-1	-1	-1
1	1	5.75622	9.64436	-1	-1	-1
1	1	5.90622	9.64436	-1	-1	-1
1	1	6.05622	9.64436	-1	-1	-1
1	1	6.20622	9.64436	-1	-1	-1
1	1	6.35622	9.64436	-1	-1	-1
1	1	6.50622	9.64436	-1	-1	-1
1	1	6.65622	9.64436	-1	-1	-1
1	1	6.80622	9.64436	-1	-1	-1
1	1	6.95622	9.64436	-1	-1	-1
1	1	7.10622	9.64436	-1	-1	-1
1	1	7.25622	9.64436	-1	-1	-1
1	1	7.40622	9.64436	-1	-1	-1
1	1	7.55622	9.64436	-1	-1	-1
1	1	7.70622	9.64436	-1	-1	-1
1	1	7.85622	9.64436	-1	-1	-1
2	4	-4.95993	6.75734	-1	-1	-1
2	4	-4.80993	6.75734	-1	-1	-1
2	4	-4.65993	6.75734	3247	3311.03	-1
2	4	-4.50993	6.75734	2998	3063.38	-1
2	4	-4.35993	6.75734	2333	2395.53	-1
2	4	-4.20993	6.75734	2573	2630.94	-1
2	4	-4.05993	6.75734	2964	3062.81	-1
2	4	-3.90993	6.75734	-1	-1	-1
2	4	-4.95993	6.90734	-1	-1	-1
2	4	-4.80993	6.90734	-1	-1	-1
2	4	-4.65993	6.90734	3375	3438.16	-1
2	4	-4.50993	6.90734	3114	3178.59	-1
2	4	-4.35993	6.90734	2808	2896.25	-1
2	4	-4.20993	6.90734	2687	2747.62	-1
2	4	-4.05993	6.90734	3121	3184.22	-1
2	4	-3.90993	6.90734	-1	-1	-1
2	4	-4.95993	7.05734	-1	-1	-1
2	4	-4.80993	7.05734	-1	-1	-1
2	4	-4.65993	7.05734	-1	-1	-1
2	4	-4.50993	7.05734	-1	-1	-1
2	4	-4.35993	7.05734	3132	3201.28	-1
2	4	-4.20993	7.05734	3268	3329.12	-1
2	4	-4.05993	7.05734	-1	-1	-1
2	4	-3.90993	7.05734	-1	-1	-1
2	4	-4.95993	7.20734	-1	-1	-1
2	4	-4.80993	7.20734	-1	-1	-1
2	4	-4.65993	7.20734	-1	-1	-1
2	4	-4.50993	7.20734	-1	-1	-1
2	4	-4.35993	7.20734	-1	-1	-1
2	4	-4.20993	7.20734	-1	-1	-1
2	4	-4.05993	7.20734	-1	-1	-1
2	4	-3.90993	7.20734	-1	-1	-1
2	4	-4.95993	7.35734	-1	-1	-1
2	4	-4.80993	7.35734	-1	-1	-1
2	4	-4.65993	7.35734	-1	-1	-1
2	4	-4.50993	7.35734	-1	-1	-1
2	4	-4.35993	7.35734	-1	-1	-1
2	4	-4.20993	7.35734	-1	-1	-1
2	4	-4.05993	7.35734	-1	-1	-1
2	4	-3.90993	7.35734	-1	-1	-1
2	4	-4.95993	7.50734	-1	-1	-1
2	4	-4.80993	7.50734	-1	-1	-1
2	4	-4.65993	7.50734	-1	-1	-1
2	4	-4.50993	7.50734	-1	-1	-1
2	4	-4.35993	7.50734	-1	-1	-1
2	4	-4.20993	7.50734	-1	-1	-1
2	4	-4.05993	7.50734	-1	-1	-1
2	4	-3.90993	7.50734	-1	-1	-1
2	4	-4.95993	7.65734	-1	-1	-1
2	4	-4.80993	7.65734	-1	-1	-1
2	4	-4.65993	7.65734	-1	-1	-1
2	4	-4.50993	7.65734	-1	-1	-1
2	4	-4.35993	7.65734	-1	-1	-1
2	4	-4.20993	7.65734	-1	-1	-1
2	4	-4.05993	7.65734	-1	-1	-1
2	4	-3.90993	7.65734	-1	-1	-1
2	4	-4.95993	7.80734	-1	-1	-1
2	4	-4.80993	7.80734	-1	-1	-1
2	4	-4.65993	7.80734	-1	-1	-1
2	4	-4.50993	7.80734	-1	-1	-1
2	4	-4.35993	7.80734	-1	-1	-1
2	4	-4.20993	7.80734	-1	-1	-1
2	4	-4.05993	7.80734	-1	-1	-1
2	4	-3.90993	7.80734	-1	-1	-1
3	4	-4.29701	-0.651932	339	375.625	-1
3	4	-4.14701	-0.651932	112	147	-1
3	4	-3.99701	-0.651932	-1	-1	-1
3	4	-3.84701	-0.651932	-1	-1	-1
3	4	-3.69701	-0.651932	-1	-1	-1
3	4	-3.54701	-0.651932	-1	-1	-1
3	4	-3.39701	-0.651932	-1	-1	-1
3	4	-3.24701	-0.651932	1257	1381.03	-1
3	4	-4.29701	-0.501932	-1	-1	-1
3	4	-4.14701	-0.501932	-1	-1	-1
3	4	-3.99701	-0.501932	-1	-1	-1
3	4	-3.84701	-0.501932	-1	-1	-1
3	4	-3.69701	-0.501932	-1	-1	-1
3	4	-3.54701	-0.501932	-1	-1	-1
3	4	-3.39701	-0.501932	-1	-1	-1
3	4	-3.24701	-0.501932	1404	1432.81	-1
3	4	-4.29701	-0.351932	-1	-1	-1
3	4	-4.14701	-0.351932	-1	-1	-1
3	4	-3.99701	-0.351932	-1	-1	-1
3	4	-3.84701	-0.351932	-1	-1	-1
3	4	-3.69701	-0.351932	2494	2524	-1
3	4	-3.54701	-0.351932	2434	2463.06	-1
3	4	-3.39701	-0.351932	-1	-1	-1
3	4	-3.24701	-0.351932	2362	2387.28	-1
3	4	-4.29701	-0.201932	-1	-1	-1
3	4	-4.14701	-0.201932	-1	-1	-1
3	4	-3.99701	-0.201932	-1	-1	-1
3	4	-3.84701	-0.201932	-1	-1	-1
3	4	-3.69701	-0.201932	2367	2403.03	-1
3	4	-3.54701	-0.201932	2267	2321.16	-1
3	4	-3.39701	-0.201932	2113	2147	-1
3	4	-3.24701	-0.201932	2177	2217.38	-1
3	4	-4.29701	-0.0519319	-1	-1	-1
3	4	-4.14701	-0.0519319	-1	-1	-1
3	4	-3.99701	-0.0519319	-1	-1	-1
3	4	-3.84701	-0.0519319	-1	-1	-1
3	4	-3.69701	-0.0519319	2139	2174.62	-1
3	4	-3.54701	-0.0519319	2076	2108.56	-1
3	4	-3.39701	-0.0519319	1909	1937.38	-1
3	4	-3.24701	-0.0519319	1845	1871.66	-1
3	4	-4.29701	0.0980681	-1	-1	-1
3	4	-4.14701	0.0980681	-1	-1	-1
3	4	-3.99701	0.0980681	-1	-1	-1
3	4	-3.84701	0.0980681	-1	-1	-1
3	4	-3.69701	0.0980681	2201	2237.44	-1
3	4	-3.54701	0.0980681	1978	2010.91	-1
3	4	-3.39701	0.0980681	1969	1998.22	-1
3	4	-3.24701	0.0980681	1766	1801.47	-1
3	4	-4.29701	0.248068	-1	-1	-1
3	4	-4.14701	0.248068	-1	-1	-1
3	4	-3.99701	0.248068	-1	-1	-1
3	4	-3.84701	0.248068	-1	-1	-1
3	4	-3.69701	0.248068	-1	-1	-1
3	4	-3.54701	0.248068	1917	1950.53	-1
3	4	-3.39701	0.248068	1778	1823	-1
3	4	-3.24701	0.248068	1560	1685.84	-1
3	4	-4.29701	0.398068	-1	-1	-1
3	4	-4.14701	0.398068	-1	-1	-1
3	4	-3.99701	0.398068	-1	-1	-1
3	4	-3.84701	0.398068	-1	-1	-1
3	4	-3.69701	0.398068	-1	-1	-1
3	4	-3.54701	0.398068	2042	2074.5	-1
3	4	-3.39701	0.398068	1857	1893.34	-1
3	4	-3.24701	0.398068	1711	1737.91	-1
4	4	-4.25675	-8.80631	3123	3216.72	-1
4	4	-4.10675	-8.80631	2785	2865.19	-1
4	4	-3.95675	-8.80631	2619	2706.03	-1
4	4	-3.80675	-8.80631	2752	2832.41	-1
4	4	-3.65675	-8.80631	2603	2682.44	-1
4	4	-3.50675	-8.80631	2566	2635.53	-1
4	4	-3.35675	-8.80631	3005	3086.34	-1
4	4	-3.20675	-8.80631	-1	-1	-1
4	4	-4.25675	-8.65631	3077	3149.31	-1
4	4	-4.10675	-8.65631	2840	2934.62	-1
4	4	-3.95675	-8.65631	2462	2549.78	-1
4	4	-3.80675	-8.65631	2439	2530.16	-1
4	4	-3.65675	-8.65631	2263	2340.78	-1
4	4	-3.50675	-8.65631	2407	2492.84	-1
4	4	-3.35675	-8.65631	2440	2510.75	-1
4	4	-3.20675	-8.65631	-1	-1	-1
4	4	-4.25675	-8.50631	3232	3317.22	-1
4	4	-4.10675	-8.50631	2923	2999.94	-1
4	4	-3.95675	-8.50631	2672	2765.91	-1
4	4	-3.80675	-8.50631	2226	2359.91	-1
4	4	-3.65675	-8.50631	1889	1980.69	-1
4	4	-3.50675	-8.50631	1860	1955.06	-1
4	4	-3.35675	-8.50631	2247	2341.31	-1
4	4	-3.20675	-8.50631	-1	-1	-1
4	4	-4.25675	-8.35631	3161	3232.34	-1
4	4	-4.10675	-8.35631	3018	3093	-1
4	4	-3.95675	-8.35631	2608	2688.28	-1
4	4	-3.80675	-8.35631	2081	2159	-1
4	4	-3.65675	-8.35631	1907	1985.62	-1
4	4	-3.50675	-8.35631	1698	1794.75	-1
4	4	-3.35675	-8.35631	1719	1810.72	-1
4	4	-3.20675	-8.35631	1901	1982.47	-1
4	4	-4.25675	-8.20631	2729	2806.22	-1
4	4	-4.10675	-8.20631	2431	2505.06	-1
4	4	-3.95675	-8.20631	2204	2313.72	-1
4	4	-3.80675	-8.20631	2032	2117.97	-1
4	4	-3.65675	-8.20631	1875	1954.72	-1
4	4	-3.50675	-8.20631	1532	1615.25	-1
4	4	-3.35675	-8.20631	1396	1462.22	-1
4	4	-3.20675	-8.20631	1096	1167.38	-1
4	4	-4.25675	-8.05631	2877	2946.94	-1
4	4	-4.10675	-8.05631	2578	2651.81	-1
4	4	-3.95675	-8.05631	2280	2349.16	-1
4	4	-3.80675	-8.05631	2184	2294.03	-1
4	4	-3.65675	-8.05631	2068	2138.84	-1
4	4	-3.50675	-8.05631	1563	1639.31	-1
4	4	-3.35675	-8.05631	953	1031.25	-1
4	4	-3.20675	-8.05631	799	904.344	-1
4	4	-4.25675	-7.90631	3436	3505.5	-1
4	4	-4.10675	-7.90631	2766	2842.5	-1
4	4	-3.95675	-7.90631	3333	3400.75	-1
4	4	-3.80675	-7.90631	2474	2542.97	-1
4	4	-3.65675	-7.90631	1829	1891.91	-1
4	4	-3.50675	-7.90631	1685	1760.81	-1
4	4	-3.35675	-7.90631	1000	1073.72	-1
4	4	-3.20675	-7.90631	972	1052.75	-1
4	4	-4.25675	-7.75631	3047	3116.66	-1
4	4	-4.10675	-7.75631	2910	2977.44	-1
4	4	-3.95675	-7.75631	3189	3258.16	-1
4	4	-3.80675	-7.75631	2633	2708.12	-1
4	4	-3.65675	-7.75631	1950	2019.31	-1
4	4	-3.50675	-7.75631	1401	1479.47	-1
4	4	-3.35675	-7.75631	1112	1222.88	-1
4	4	-3.20675	-7.75631	1243	1327.06	-1
5	4	3.32195	-5.89385	-1	-1	-1
5	4	3.47195	-5.89385	4385	4448.53	-1
5	4	3.62195	-5.89385	4504	4596.88	-1
5	4	3.77195	-5.89385	4571	4630.69	-1
5	4	3.92195	-5.89385	4658	4737.09	-1
5	4	4.07195	-5.89385	4802	4859.84	-1
5	4	4.22195	-5.89385	-1	-1	-1
5	4	4.37195	-5.89385	-1	-1	-1
5	4	3.32195	-5.74385	4086	4178.72	-1
5	4	3.47195	-5.74385	4230	4293.06	-1
5	4	3.62195	-5.74385	4345	4398.16	-1
5	4	3.77195	-5.74385	4451	4513.75	-1
5	4	3.92195	-5.74385	4606	4677.62	-1
5	4	4.07195	-5.74385	4912	4971.38	-1
5	4	4.22195	-5.74385	-1	-1	-1
5	4	4.37195	-5.74385	-1	-1	-1
5	4	3.32195	-5.59385	3944	4003.38	-1
5	4	3.47195	-5.59385	3815	3899.31	-1
5	4	3.62195	-5.59385	4058	4116.31	-1
5	4	3.77195	-5.59385	4495	4581.97	-1
5	4	3.92195	-5.59385	4791	4847.62	-1
5	4	4.07195	-5.59385	-1	-1	-1
5	4	4.22195	-5.59385	-1	-1	-1
5	4	4.37195	-5.59385	-1	-1	-1
5	4	3.32195	-5.44385	2816	2864.22	-1
5	4	3.47195	-5.44385	3804	3868.88	-1
5	4	3.62195	-5.44385	4092	4149.66	-1
5	4	3.77195	-5.44385	4650	4710.72	-1
5	4	3.92195	-5.44385	4766	4833.72	-1
5	4	4.07195	-5.44385	4906	4956.44	-1
5	4	4.22195	-5.44385	-1	-1	-1
5	4	4.37195	-5.44385	-1	-1	-1
5	4	3.32195	-5.29385	2712	2758.84	-1
5	4	3.47195	-5.29385	3702	3753.66	-1
5	4	3.62195	-5.29385	3820	3875.81	-1
5	4	3.77195	-5.29385	4041	4092.22	-1
5	4	3.92195	-5.29385	5010	5067.59	-1
5	4	4.07195	-5.29385	-1	-1	-1
5	4	4.22195	-5.29385	-1	-1	-1
5	4	4.37195	-5.29385	-1	-1	-1
5	4	3.32195	-5.14385	2423	2470.91	-1
5	4	3.47195	-5.14385	2150	2199.88	-1
5	4	3.62195	-5.14385	3603	3654.5	-1
5	4	3.77195	-5.14385	3930	3984.34	-1
5	4	3.92195	-5.14385	5126	5178.38	-1
5	4	4.07195	-5.14385	-1	-1	-1
5	4	4.22195	-5.14385	-1	-1	-1
5	4	4.37195	-5.14385	-1	-1	-1
5	4	3.32195	-4.99385	1631	1756.72	-1
5	4	3.47195	-4.99385	1898	1943.31	-1
5	4	3.62195	-4.99385	2246	2375.31	-1
5	4	3.77195	-4.99385	2836	2885.19	-1
5	4	3.92195	-4.99385	4210	4257.81	-1
5	4	4.07195	-4.99385	4307	4357.53	-1
5	4	4.22195	-4.99385	4639	4694.53	-1
5	4	4.37195	-4.99385	-1	-1	-1
5	4	3.32195	-4.84385	1805	1851.56	-1
5	4	3.47195	-4.84385	1985	2032.31	-1
5	4	3.62195	-4.84385	2928	2977.94	-1
5	4	3.77195	-4.84385	3023	3071.88	-1
5	4	3.92195	-4.84385	4433	4483.84	-1
5	4	4.07195	-4.84385	4533	4590.88	-1
5	4	4.22195	-4.84385	4739	4794.78	-1
5	4	4.37195	-4.84385	4847	4894.78	-1
6	16	-1.17844	-3.11616	492	532.938	-1
6	16	-1.02844	-3.11616	337	386.719	-1
6	16	-0.878436	-3.11616	5175	5202.72	-1
6	16	-0.728436	-3.11616	25	53.0312	-1
6	16	-1.17844	-2.96616	274	351.062	-1
6	16	-1.02844	-2.96616	240	269.406	-1
6	16	-0.878436	-2.96616	208	241.406	-1
6	16	-0.728436	-2.96616	466	505.5	-1
6	16	-1.17844	-2.81616	300	360.844	-1
6	16	-1.02844	-2.81616	100	124.938	-1
6	16	-0.878436	-2.81616	147	179.375	-1
6	16	-0.728436	-2.81616	2613	2638.41	-1
6	16	-1.17844	-2.66616	394	462.938	-1
6	16	-1.02844	-2.66616	34	73.1875	-1
6	16	-0.878436	-2.66616	166	191.5	-1
6	16	-0.728436	-2.66616	481	523.281	-1
7	16	-8.44783	-1.66522	-1	-1	-1
7	16	-8.29783	-1.66522	-1	-1	-1
7	16	-8.14783	-1.66522	-1	-1	-1
7	16	-7.99783	-1.66522	-1	-1	-1
7	16	-8.44783	-1.51522	-1	-1	-1
7	16	-8.29783	-1.51522	-1	-1	-1
7	16	-8.14783	-1.51522	-1	-1	-1
7	16	-7.99783	-1.51522	-1	-1	-1
7	16	-8.44783	-1.36522	-1	-1	-1
7	16	-8.29783	-1.36522	-1	-1	-1
7	16	-8.14783	-1.36522	-1	-1	-1
7	16	-7.99783	-1.36522	-1	-1	-1
7	16	-8.44783	-1.21522	-1	-1	-1
7	16	-8.29783	-1.21522	-1	-1	-1
7	16	-8.14783	-1.21522	-1	-1	-1
7	16	-7.99783	-1.21522	-1	-1	-1
8	16	-1.84193	5.17208	4862	4905.78	-1
8	16	-1.69193	5.17208	4943	4985.28	-1
8	16	-1.54193	5.17208	-1	-1	-1
8	16	-1.39193	5.17208	-1	-1	-1
8	16	-1.84193	5.32208	-1	-1	-1
8	16	-1.69193	5.32208	-1	-1	-1
8	16	-1.54193	5.32208	-1	-1	-1
8	16	-1.39193	5.32208	5370	-1	-1
8	16	-1.84193	5.47208	-1	-1	-1
8	16	-1.69193	5.47208	-1	-1	-1
8	16	-1.54193	5.47208	-1	-1	-1
8	16	-1.39193	5.47208	-1	-1	-1
8	16	-1.84193	5.62208	-1	-1	-1
8	16	-1.69193	5.62208	-1	-1	-1
8	16	-1.54193	5.62208	-1	-1	-1
8	16	-1.39193	5.62208	-1	-1	-1
9	16	-9.04943	3.24433	-1	-1	-1
9	16	-8.89943	3.24433	-1	-1	-1
9	16	-8.74943	3.24433	-1	-1	-1
9	16	-8.59943	3.24433	-1	-1	-1
9	16	-9.04943	3.39433	-1	-1	-1
9	16	-8.89943	3.39433	-1	-1	-1
9	16	-8.74943	3.39433	-1	-1	-1
9	16	-8.59943	3.39433	-1	-1	-1
9	16	-9.04943	3.54433	-1	-1	-1
9	16	-8.89943	3.54433	-1	-1	-1
9	16	-8.74943	3.54433	-1	-1	-1
9	16	-8.59943	3.54433	-1	-1	-1
9	16	-9.04943	3.69433	-1	-1	-1
9	16	-8.89943	3.69433	-1	-1	-1
9	16	-8.74943	3.69433	-1	-1	-1
9	16	-8.59943	3.69433	-1	-1	-1
10	16	-2.38231	-2.86241	3491	3525.16	-1
10	16	-2.23231	-2.86241	3420	3452.94	-1
10	16	-2.08231	-2.86241	1127	1158.03	-1
10	16	-1.93231	-2.86241	1053	1096.91	-1
10	16	-2.38231	-2.71241	3222	3384.84	-1
10	16	-2.23231	-2.71241	1001	1043.97	-1
10	16	-2.08231	-2.71241	929	968.062	-1
10	16	-1.93231	-2.71241	987	1017.38	-1
10	16	-2.38231	-2.56241	942	989.5	-1
10	16	-2.23231	-2.56241	799	833.312	-1
10	16	-2.08231	-2.56241	744	774.688	-1
10	16	-1.93231	-2.56241	898	946.781	-1
10	16	-2.38231	-2.41241	919	951.469	-1
10	16	-2.23231	-2.41241	833	886.625	-1
10	16	-2.08231	-2.41241	595	626.281	-1
10	16	-1.93231	-2.41241	670	696.469	-1
11	16	-6.80664	3.92663	-1	-1	-1
11	16	-6.65664	3.92663	-1	-1	-1
11	16	-6.50664	3.92663	-1	-1	-1
11	16	-6.35664	3.92663	-1	-1	-1
11	16	-6.80664	4.07663	-1	-1	-1
11	16	-6.65664	4.07663	-1	-1	-1
11	16	-6.50664	4.07663	-1	-1	-1
11	16	-6.35664	4.07663	-1	-1	-1
11	16	-6.80664	4.22663	-1	-1	-1
11	16	-6.65664	4.22663	-1	-1	-1
11	16	-6.50664	4.22663	-1	-1	-1
11	16	-6.35664	4.22663	-1	-1	-1
11	16	-6.80664	4.37663	-1	-1	-1
11	16	-6.65664	4.37663	-1	-1	-1
11	16	-6.50664	4.37663	-1	-1	-1
11	16	-6.35664	4.37663	-1	-1	-1
12	16	-9.64577	1.89953	-1	-1	-1
12	16	-9.49577	1.89953	-1	-1	-1
12	16	-9.34577	1.89953	-1	-1	-1
12	16	-9.19577	1.89953	-1	-1	-1
12	16	-9.64577	2.04953	-1	-1	-1
12	16	-9.49577	2.04953	-1	-1	-1
12	16	-9.34577	2.04953	-1	-1	-1
12	16	-9.19577	2.04953	-1	-1	-1
12	16	-9.64577	2.19953	-1	-1	-1
12	16	-9.49577	2.19953	-1	-1	-1
12	16	-9.34577	2.19953	-1	-1	-1
12	16	-9.19577	2.19953	-1	-1	-1
12	16	-9.64577	2.34953	-1	-1	-1
12	16	-9.49577	2.34953	-1	-1	-1
12	16	-9.34577	2.34953	-1	-1	-1
12	16	-9.19577	2.34953	-1	-1	-1
13	16	8.84713	0.378555	-1	-1	-1
13	16	8.99713	0.378555	-1	-1	-1
13	16	9.14713	0.378555	-1	-1	-1
13	16	9.29713	0.378555	-1	-1	-1
13	16	8.84713	0.528555	5006	5082.25	-1
13	16	8.99713	0.528555	-1	-1	-1
13	16	9.14713	0.528555	-1	-1	-1
13	16	9.29713	0.528555	-1	-1	-1
13	16	8.84713	0.678555	4883	4945.78	-1
13	16	8.99713	0.678555	-1	-1	-1
13	16	9.14713	0.678555	-1	-1	-1
13	16	9.29713	0.678555	-1	-1	-1
13	16	8.84713	0.828555	-1	-1	-1
13	16	8.99713	0.828555	-1	-1	-1
13	16	9.14713	0.828555	-1	-1	-1
13	16	9.29713	0.828555	-1	-1	-1
14	16	4.13235	-7.48949	-1	-1	-1
14	16	4.28235	-7.48949	-1	-1	-1
14	16	4.43235	-7.48949	-1	-1	-1
14	16	4.58235	-7.48949	-1	-1	-1
14	16	4.13235	-7.33949	-1	-1	-1
14	16	4.28235	-7.33949	-1	-1	-1
14	16	4.43235	-7.33949	-1	-1	-1
14	16	4.58235	-7.33949	-1	-1	-1
14	16	4.13235	-7.18949	-1	-1	-1
14	16	4.28235	-7.18949	-1	-1	-1
14	16	4.43235	-7.18949	-1	-1	-1
14	16	4.58235	-7.18949	-1	-1	-1
14	16	4.13235	-7.03949	-1	-1	-1
14	16	4.28235	-7.03949	-1	-1	-1
14	16	4.43235	-7.03949	-1	-1	-1
14	16	4.58235	-7.03949	-1	-1	-1
15	16	-7.37527	6.08499	-1	-1	-1
15	16	-7.22527	6.08499	-1	-1	-1
15	16	-7.07527	6.08499	-1	-1	-1
15	16	-6.92527	6.08499	-1	-1	-1
15	16	-7.37527	6.23499	-1	-1	-1
15	16	-7.22527	6.23499	-1	-1	-1
15	16	-7.07527	6.23499	-1	-1	-1
15	16	-6.92527	6.23499	-1	-1	-1
15	16	-7.37527	6.38499	-1	-1	-1
15	16	-7.22527	6.38499	-1	-1	-1
15	16	-7.07527	6.38499	-1	-1	-1
15	16	-6.92527	6.38499	-1	-1	-1
15	16	-7.37527	6.53499	-1	-1	-1
15	16	-7.22527	6.53499	-1	-1	-1
15	16	-7.07527	6.53499	-1	-1	-1
15	16	-6.92527	6.53499	4065	4145.75	-1
16	16	-4.30422	-3.83336	1248	1291.84	-1
16	16	-4.15422	-3.83336	1331	1376.25	-1
16	16	-4.00422	-3.83336	1772	1814.78	-1
16	16	-3.85422	-3.83336	621	672.469	-1
16	16	-4.30422	-3.68336	-1	-1	-1
16	16	-4.15422	-3.68336	-1	-1	-1
16	16	-4.00422	-3.68336	-1	-1	-1
16	16	-3.85422	-3.68336	464	512.188	-1
16	16	-4.30422	-3.53336	-1	-1	-1
16	16	-4.15422	-3.53336	-1	-1	-1
16	16	-4.00422	-3.53336	557	600.875	-1
16	16	-3.85422	-3.53336	273	315.062	-1
16	16	-4.30422	-3.38336	-1	-1	-1
16	16	-4.15422	-3.38336	492	545.938	-1
16	16	-4.00422	-3.38336	407	454.719	-1
16	16	-3.85422	-3.38336	357	403.312	-1
17	16	-1.90337	4.638	-1	-1	-1
17	16	-1.75337	4.638	-1	-1	-1
17	16	-1.60337	4.638	260	307.531	-1
17	16	-1.45337	4.638	46	85.4688	-1
17	16	-1.90337	4.788	4686	4730.09	-1
17	16	-1.75337	4.788	4560	4608.88	-1
17	16	-1.60337	4.788	148	210.062	-1
17	16	-1.45337	4.788	128	167.656	-1
17	16	-1.90337	4.938	4675	4726.91	-1
17	16	-1.75337	4.938	4461	4506.12	-1
17	16	-1.60337	4.938	4380	4421.47	-1
17	16	-1.45337	4.938	3635	3679.06	-1
17	16	-1.90337	5.088	4767	4817.78	-1
17	16	-1.75337	5.088	4638	4689.25	-1
17	16	-1.60337	5.088	4546	4597.25	-1
17	16	-1.45337	5.088	-1	-1	-1
18	16	-0.15305	-5.24097	-1	-1	-1
18	16	-0.00305021	-5.24097	-1	-1	-1
18	16	0.14695	-5.24097	789	834.906	-1
18	16	0.29695	-5.24097	877	920.688	-1
18	16	-0.15305	-5.09097	-1	-1	-1
18	16	-0.00305021	-5.09097	756	816.031	-1
18	16	0.14695	-5.09097	637	708	-1
18	16	0.29695	-5.09097	647	724.5	-1
18	16	-0.15305	-4.94097	875	933.781	-1
18	16	-0.00305021	-4.94097	540	605.469	-1
18	16	0.14695	-4.94097	455	497.344	-1
18	16	0.29695	-4.94097	509	554.219	-1
18	16	-0.15305	-4.79097	71	207.656	-1
18	16	-0.00305021	-4.79097	256	296	-1
18	16	0.14695	-4.79097	368	416.062	-1
18	16	0.29695	-4.79097	606	665.375	-1
19	16	-3.36911	4.34599	3409	3459.31	-1
19	16	-3.21911	4.34599	3959	4059.88	-1
19	16	-3.06911	4.34599	4099	4141.44	-1
19	16	-2.91911	4.34599	2453	2500.94	-1
19	16	-3.36911	4.49599	4190	4238.34	-1
19	16	-3.21911	4.49599	-1	-1	-1
19	16	-3.06911	4.49599	-1	-1	-1
19	16	-2.91911	4.49599	-1	-1	-1
19	16	-3.36911	4.64599	2874	2921.91	-1
19	16	-3.21911	4.64599	-1	-1	-1
19	16	-3.06911	4.64599	-1	-1	-1
19	16	-2.91911	4.64599	-1	-1	-1
19	16	-3.36911	4.79599	-1	-1	-1
19	16	-3.21911	4.79599	-1	-1	-1
19	16	-3.06911	4.79599	-1	-1	-1
19	16	-2.91911	4.79599	5033	5081.84	-1
20	16	-1.84942	-9.63191	2265	2377.84	-1
20	16	-1.69942	-9.63191	2089	2178.62	-1
20	16	-1.54942	-9.63191	1920	2019.22	-1
20	16	-1.39942	-9.63191	1811	1885.84	-1
20	16	-1.84942	-9.48191	-1	-1	-1
20	16	-1.69942	-9.48191	-1	-1	-1
20	16	-1.54942	-9.48191	-1	-1	-1
20	16	-1.39942	-9.48191	4940	5009.88	-1
20	16	-1.84942	-9.33191	-1	-1	-1
20	16	-1.69942	-9.33191	-1	-1	-1
20	16	-1.54942	-9.33191	-1	-1	-1
20	16	-1.39942	-9.33191	5099	5171.16	-1
20	16	-1.84942	-9.18191	-1	-1	-1
20	16	-1.69942	-9.18191	-1	-1	-1
20	16	-1.54942	-9.18191	4640	4709.56	-1
20	16	-1.39942	-9.18191	4778	4847.06	-1
21	16	-8.07042	7.60096	-1	-1	-1
21	16	-7.92042	7.60096	-1	-1	-1
21	16	-7.77042	7.60096	-1	-1	-1
21	16	-7.62042	7.60096	-1	-1	-1
21	16	-8.07042	7.75096	-1	-1	-1
21	16	-7.92042	7.75096	-1	-1	-1
21	16	-7.77042	7.75096	-1	-1	-1
21	16	-7.62042	7.75096	-1	-1	-1
21	16	-8.07042	7.90096	-1	-1	-1
21	16	-7.92042	7.90096	-1	-1	-1
21	16	-7.77042	7.90096	-1	-1	-1
21	16	-7.62042	7.90096	-1	-1	-1
21	16	-8.07042	8.05096	-1	-1	-1
21	16	-7.92042	8.05096	-1	-1	-1
21	16	-7.77042	8.05096	-1	-1	-1
21	16	-7.62042	8.05096	-1	-1	-1
0	256	-6.98196	-6.41052	-1	-1	-1
0	256	2.03482	9.52346	-1	-1	-1
0	256	-2.24389	-6.89025	401	473.281	-1
0	256	1.9095	6.07658	3738	3849.81	-1
0	256	-3.50735	-2.10991	2996	3058.91	-1
0	256	-7.01239	-0.833034	-1	-1	-1
0	256	3.92857	7.81823	-1	-1	-1
0	256	0.305114	6.49882	3601	3708.16	-1
0	256	-5.413	6.30222	2143	2265.44	-1
0	256	5.70397	-7.91098	-1	-1	-1
0	256	-6.14522	-7.20424	-1	-1	-1
0	256	-2.37932	-6.44734	266	337.125	-1
0	256	-7.42097	-0.130713	-1	-1	-1
0	256	-7.32644	6.72292	-1	-1	-1
0	256	2.1059	8.49939	-1	-1	-1
0	256	0.344909	-4.06886	665	734.031	-1
0	256	0.55581	3.78397	28	62.8125	-1
0	256	7.71711	-5.70828	-1	-1	-1
0	256	-4.70463	-2.95804	-1	-1	-1
0	256	2.19615	3.61246	2862	2918.09	-1
0	256	2.09649	-2.71184	451	482.562	-1
0	256	6.79471	-4.50808	-1	-1	-1
0	256	-7.4646	-2.183	-1	-1	-1
0	256	-8.24294	0.276802	-1	-1	-1
0	256	9.39218	1.13754	-1	-1	-1
0	256	-3.17931	5.63046	-1	-1	-1
0	256	-6.01548	-6.30319	4963	5043	-1
0	256	-6.80061	-2.07655	1441	1551.19	-1
0	256	5.17559	-2.89358	698	745.375	-1
0	256	-2.88668	-1.90601	202	230.594	-1
0	256	0.878428	5.71032	4274	4316.41	-1
0	256	6.84357	-0.978331	-1	-1	-1
0	256	0.572137	-6.33941	-1	-1	-1
0	256	-5.03346	-7.84789	-1	-1	-1
0	256	7.3854	4.15073	-1	-1	-1
0	256	4.69893	0.883948	1186	1227.22	-1
0	256	-2.94931	-3.57627	4324	4392	-1
0	256	6.66429	-3.1648	-1	-1	-1
0	256	-4.4125	-2.91352	-1	-1	-1
0	256	5.85311	-4.21468	-1	-1	-1
0	256	-8.12681	-2.01381	-1	-1	-1
0	256	-4.96768	-7.26253	4459	4548.53	-1
0	256	-5.98979	-3.6626	1430	1482.69	-1
0	256	2.04316	2.91629	4722	4753.28	-1
0	256	0.0572404	-3.01763	-1	-1	-1
0	256	9.39732	2.90165	-1	-1	-1
0	256	-5.81799	-1.89282	-1	-1	-1
0	256	-7.0777	-1.71553	203	263.25	-1
0	256	-7.08676	-1.38778	-1	-1	-1
0	256	7.23653	5.10976	-1	-1	-1
0	256	-1.65541	4.23314	352	391.625	-1
0	256	3.09333	-8.60848	5301	5396.5	-1
0	256	2.26035	3.07047	54	84.5625	-1
0	256	7.97554	5.63558	-1	-1	-1
0	256	-5.04323	-8.61098	-1	-1	-1
0	256	-4.82926	-5.58887	1120	1179.31	-1
0	256	-5.19113	7.75039	-1	-1	-1
0	256	-7.13493	1.53991	-1	-1	-1
0	256	-7.27538	-5.53917	-1	-1	-1
0	256	5.25555	6.65015	-1	-1	-1
0	256	1.21688	-3.48256	2068	2099.09	-1
0	256	-3.78762	8.40286	-1	-1	-1
0	256	0.533283	-8.5987	2419	2480.44	-1
0	256	-5.15417	6.75111	-1	-1	-1
0	256	-1.7	-5.75659	-1	-1	-1
0	256	-6.51006	-0.889747	-1	-1	-1
0	256	-0.557739	8.90739	3674	3737.12	-1
0	256	-7.96372	5.88777	-1	-1	-1
0	256	-0.0968241	-6.80911	1207	1266.53	-1
0	256	-4.20855	6.42444	2455	2513.66	-1
0	256	-6.04975	-6.07797	-1	-1	-1
0	256	-4.5119	2.87108	3617	3657.94	-1
0	256	-1.17591	-5.9534	1580	1631.91	-1
0	256	5.03699	4.26695	1898	2035.78	-1
0	256	8.2205	-0.766903	-1	-1	-1
0	256	-5.91409	6.58501	3335	3402.78	-1
0	256	7.69892	-1.09119	953	1010.44	-1
0	256	5.09197	1.22843	85	194.625	-1
0	256	-8.41874	3.87193	-1	-1	-1
0	256	8.45128	3.11798	-1	-1	-1
0	256	-5.63461	1.24783	201	249.312	-1
0	256	-1.81895	-4.52052	4238	4277.56	-1
0	256	-0.675085	6.04488	5267	5315.81	-1
0	256	-8.01575	1.38732	-1	-1	-1
0	256	1.55383	-8.22924	-1	-1	-1
0	256	8.93581	-4.38367	-1	-1	-1
0	256	-3.14778	5.41231	-1	-1	-1
0	256	-5.15384	2.20485	61	103.344	-1
0	256	-3.31508	7.99718	-1	-1	-1
0	256	-0.267143	-0.541851	204	219.656	-1
0	256	4.43676	-3.21152	-1	-1	-1
0	256	0.0339059	4.74226	-1	-1	-1
0	256	6.07386	-3.14649	-1	-1	-1
0	256	2.35663	-2.55356	287	317.969	-1
0	256	6.54438	5.27964	4282	4405.66	-1
0	256	-3.15482	-6.93571	1263	1334.38	-1
0	256	-8.98864	-1.47153	-1	-1	-1
0	256	4.85989	0.829392	1104	1143.56	-1
0	256	-3.37828	-1.13256	44	73.4062	-1
0	256	-4.25507	-4.70702	-1	-1	-1
0	256	0.756261	-5.71213	4762	4807.38	-1
0	256	7.59551	-2.2164	4046	4104.81	-1
0	256	4.65377	2.83797	918	959.344	-1
0	256	-6.71078	-6.06646	-1	-1	-1
0	256	3.929	5.50354	-1	-1	-1
0	256	3.46491	0.70217	-1	-1	-1
0	256	5.97177	3.18304	-1	-1	-1
0	256	-1.08767	-6.4117	5254	5302.19	-1
0	256	8.6285	-2.18868	4367	4433.84	-1
0	256	9.06936	-3.23256	1530	1597.19	-1
0	256	-4.01672	3.44645	-1	-1	-1
0	256	4.29885	-2.6128	-1	-1	-1
0	256	-0.447354	6.09699	-1	-1	-1
0	256	6.52491	3.79717	3798	3905.94	-1
0	256	3.05755	-6.99447	-1	-1	-1
0	256	-1.58301	-7.05352	543	614.625	-1
0	256	-3.87168	3.56073	-1	-1	-1
0	256	-2.13724	6.99977	-1	-1	-1
0	256	-7.47737	-5.63689	-1	-1	-1
0	256	3.65515	-3.6854	4953	5007.06	-1
0	256	2.6644	7.23792	-1	-1	-1
0	256	-4.06923	3.25204	-1	-1	-1
0	256	-2.37184	9.11985	-1	-1	-1
0	256	9.3281	-2.79903	-1	-1	-1
0	256	4.4979	-6.81979	-1	-1	-1
0	256	0.260959	-5.45964	-1	-1	-1
0	256	1.85515	-8.83648	-1	-1	-1
0	256	5.43176	1.53786	3785	3830.06	-1
0	256	-5.31816	2.759	-1	-1	-1
0	256	6.78828	5.43101	-1	-1	-1
0	256	2.64881	9.5077	-1	-1	-1
0	256	4.77596	-3.0037	589	648.656	-1
0	256	4.13502	-1.67634	1362	1397.66	-1
0	256	0.827941	8.39376	-1	-1	-1
0	256	7.16004	4.02475	-1	-1	-1
0	256	-1.93325	-7.16362	671	733.938	-1
0	256	1.97809	-9.09955	93	163.312	-1
0	256	-5.93412	7.13854	-1	-1	-1
0	256	-4.3373	5.86901	2965	3022.31	-1
0	256	7.79402	2.60301	-1	-1	-1
0	256	3.11107	8.99527	-1	-1	-1
0	256	-9.52562	-0.129847	-1	-1	-1
0	256	0.220972	5.74671	3536	3581.25	-1
0	256	-7.23809	-8.60056	3191	3279.97	-1
0	256	-6.68009	3.38316	-1	-1	-1
0	256	5.44932	-3.8569	988	1039.38	-1
0	256	2.25902	-3.67977	526	561.688	-1
0	256	-1.07977	6.30896	3212	3311.28	-1
0	256	0.417317	7.72315	-1	-1	-1
0	256	4.5924	-4.74763	4954	5013.28	-1
0	256	5.42401	-8.32032	-1	-1	-1
0	256	-6.02948	7.73337	-1	-1	-1
0	256	-1.67363	8.84657	3940	4007.78	-1
0	256	4.64022	-0.870138	1405	1446.09	-1
0	256	-4.43678	-0.178721	-1	-1	-1
0	256	-0.364397	9.32756	-1	-1	-1
0	256	5.91393	-7.06228	-1	-1	-1
0	256	0.869665	-6.15753	-1	-1	-1
0	256	3.16815	-7.23884	-1	-1	-1
0	256	-8.10539	-4.67105	3392	3456.97	-1
0	256	9.25879	-2.6997	4209	4280.16	-1
0	256	-7.02405	-5.82334	-1	-1	-1
0	256	4.19081	7.7859	2663	2764.09	-1
0	256	-0.930136	3.29982	232	275.344	-1
0	256	0.0398928	-0.988073	35	178.75	-1
0	256	-8.00764	3.69644	-1	-1	-1
0	256	-3.98487	-6.75446	-1	-1	-1
0	256	8.83749	-3.30793	831	899.438	-1
0	256	1.74684	-2.66541	388	420.188	-1
0	256	1.03481	-4.09287	972	1006.97	-1
0	256	-7.45375	1.18497	-1	-1	-1
0	256	-5.06689	2.52434	-1	-1	-1
0	256	-4.09672	-2.97478	-1	-1	-1
0	256	1.30742	-9.22948	-1	-1	-1
0	256	4.00254	4.65078	3895	3942.66	-1
0	256	7.48972	-0.321112	5062	5128.5	-1
0	256	3.66181	5.50262	4691	4741.75	-1
0	256	-6.88318	6.81036	3866	3991.38	-1
0	256	-0.296724	8.76002	3802	3868.62	-1
0	256	5.33559	-3.16621	5399	-1	-1
0	256	1.37492	6.03891	-1	-1	-1
0	256	9.27717	-3.71846	-1	-1	-1
0	256	-3.89298	8.83997	-1	-1	-1
0	256	2.65006	3.81265	-1	-1	-1
0	256	-2.44746	2.25562	2260	2315.44	-1
0	256	8.84104	-0.610257	-1	-1	-1
0	256	-8.72017	1.91588	-1	-1	-1
0	256	-6.92356	-0.713284	-1	-1	-1
0	256	-4.57419	7.96541	-1	-1	-1
0	256	-7.84688	-1.4159	-1	-1	-1
0	256	5.34019	-3.96412	1089	1140.62	-1
0	256	-4.52767	-7.81353	3295	3364.47	-1
0	256	5.28101	-5.86259	-1	-1	-1
0	256	-8.0144	0.75978	-1	-1	-1
0	256	4.44682	-7.80836	-1	-1	-1
0	256	6.66216	1.91779	5185	5238.12	-1
0	256	-4.74499	-5.7472	1005	1064.28	-1
0	256	3.59334	3.2362	1160	1303.75	-1
0	256	-2.30928	3.6585	2546	2584.81	-1
0	256	-4.85477	-4.22856	-1	-1	-1
0	256	-4.60064	-6.6414	3582	3647.03	-1
0	256	3.2316	-6.40383	-1	-1	-1
0	256	-7.54295	-1.0199	4229	4290.78	-1
0	256	-4.78305	3.12129	3520	3566.88	-1
0	256	-7.62324	-0.947476	-1	-1	-1
0	256	1.6901	-8.17152	-1	-1	-1
0	256	-6.56469	-3.54331	-1	-1	-1
0	256	-0.786741	9.49855	-1	-1	-1
0	256	5.53464	-6.69672	-1	-1	-1
0	256	1.29442	-2.88017	728	796.562	-1
0	256	-4.62364	5.84579	2850	2909.69	-1
0	256	3.86555	2.62972	1006	1050.28	-1
0	256	-2.97667	7.9938	-1	-1	-1
0	256	-2.09502	3.24676	4888	4923.22	-1
0	256	-2.91703	-3.03684	5171	5205.75	-1
0	256	-5.66667	5.89746	5223	5362.62	-1
0	256	-0.477592	5.31573	531	572.344	-1
0	256	-9.1673	-3.89601	-1	-1	-1
0	256	-2.28134	-9.58659	-1	-1	-1
0	256	1.96333	8.69656	-1	-1	-1
0	256	3.04064	-2.07312	1184	1324.03	-1
0	256	-4.95235	-5.94188	-1	-1	-1
0	256	-6.40646	-6.88784	-1	-1	-1
0	256	-2.79349	4.62805	4782	4824.38	-1
0	256	5.44488	1.81427	3699	3742.28	-1
0	256	-5.54172	-4.84075	-1	-1	-1
0	256	-2.58568	4.25589	-1	-1	-1
0	256	9.42243	1.34696	-1	-1	-1
0	256	-0.827503	-6.79187	3585	3637.5	-1
0	256	7.47955	-1.63219	812	890.562	-1
0	256	-4.75569	8.79443	-1	-1	-1
0	256	2.82497	2.69119	3636	3794.25	-1
0	256	-4.09454	-2.0217	5202	5237.88	-1
0	256	8.17692	4.73509	-1	-1	-1
0	256	4.86129	4.37703	1355	1403.44	-1
0	256	7.44585	-1.24743	-1	-1	-1
0	256	6.26551	1.86543	4297	4406.16	-1
0	256	-5.80301	4.53987	2978	3035.84	-1
0	256	6.16565	4.42988	-1	-1	-1
0	256	-3.67505	7.64731	3510	3574.44	-1
0	256	5.1116	-7.07941	-1	-1	-1
0	256	-9.14557	4.01015	-1	-1	-1
0	256	-0.14305	9.40675	-1	-1	-1
0	256	1.67452	3.63111	-1	-1	-1
0	256	-3.65155	7.45048	3377	3446.59	-1
0	256	-8.48127	0.423363	-1	-1	-1
0	256	-7.41539	-1.61104	-1	-1	-1
0	256	3.2715	7.42129	-1	-1	-1
0	256	-7.27833	3.74375	-1	-1	-1
0	256	-6.70811	0.901988	-1	-1	-1
0	256	1.14147	8.00223	-1	-1	-1
0	256	-8.44658	-2.24491	-1	-1	-1
0	256	-1.63556	6.31301	-1	-1	-1
0	256	-3.19303	6.03412	4097	4156.28	-1
0	256	4.24041	-0.553114	719	840.594	-1
0	256	3.86562	-7.48741	-1	-1	-1
