Pile ID	Distribution Type	X-Position	Y-Position	Pickup Time	Drop Off Time	Ant ID
1	1	1.0789	4.78845	3505	3544.25	-1
1	1	1.2289	4.78845	3537	3585.31	-1
1	1	1.3789	4.78845	4148	4193.88	-1
1	1	1.5289	4.78845	4620	4668.97	-1
1	1	1.6789	4.78845	-1	-1	-1
1	1	1.8289	4.78845	-1	-1	-1
1	1	1.9789	4.78845	-1	-1	-1
1	1	2.1289	4.78845	-1	-1	-1
1	1	2.2789	4.78845	-1	-1	-1
1	1	2.4289	4.78845	3978	4021.56	-1
1	1	2.5789	4.78845	3764	3827.28	-1
1	1	2.7289	4.78845	3593	3723.56	-1
1	1	2.8789	4.78845	3874	3935.62	-1
1	1	3.0289	4.78845	-1	-1	-1
1	1	3.1789	4.78845	2564	2609.94	-1
1	1	3.3289	4.78845	2357	2512.53	-1
1	1	1.0789	4.93845	2454	2499.44	-1
1	1	1.2289	4.93845	2795	2839.97	-1
1	1	1.3789	4.93845	4062	4105.38	-1
1	1	1.5289	4.93845	4839	4906	-1
1	1	1.6789	4.93845	-1	-1	-1
1	1	1.8289	4.93845	-1	-1	-1
1	1	1.9789	4.93845	-1	-1	-1
1	1	2.1289	4.93845	-1	-1	-1
1	1	2.2789	4.93845	-1	-1	-1
1	1	2.4289	4.93845	-1	-1	-1
1	1	2.5789	4.93845	4155	4219.62	-1
1	1	2.7289	4.93845	4065	4114.84	-1
1	1	2.8789	4.93845	4287	4333.5	-1
1	1	3.0289	4.93845	4583	4630.5	-1
1	1	3.1789	4.93845	2759	2817	-1
1	1	3.3289	4.93845	2655	2715.91	-1
1	1	1.0789	5.08845	2544	2583.38	-1
1	1	1.2289	5.08845	2717	2756.56	-1
1	1	1.3789	5.08845	3832	3872.38	-1
1	1	1.5289	5.08845	4739	4786.19	-1
1	1	1.6789	5.08845	-1	-1	-1
1	1	1.8289	5.08845	-1	-1	-1
1	1	1.9789	5.08845	-1	-1	-1
1	1	2.1289	5.08845	-1	-1	-1
1	1	2.2789	5.08845	-1	-1	-1
1	1	2.4289	5.08845	4802	4864.31	-1
1	1	2.5789	5.08845	4270	4327.47	-1
1	1	2.7289	5.08845	4382	4434.19	-1
1	1	2.8789	5.08845	4480	4531.34	-1
1	1	3.0289	5.08845	4602	4689.38	-1
1	1	3.1789	5.08845	-1	-1	-1
1	1	3.3289	5.08845	-1	-1	-1
1	1	1.0789	5.23845	2624	2666.69	-1
1	1	1.2289	5.23845	3949	3991.62	-1
1	1	1.3789	5.23845	3924	3978.09	-1
1	1	1.5289	5.23845	-1	-1	-1
1	1	1.6789	5.23845	-1	-1	-1
1	1	1.8289	5.23845	-1	-1	-1
1	1	1.9789	5.23845	-1	-1	-1
1	1	2.1289	5.23845	-1	-1	-1
1	1	2.2789	5.23845	5283	5358.75	-1
1	1	2.4289	5.23845	4853	4914.09	-1
1	1	2.5789	5.23845	4697	4745.41	-1
1	1	2.7289	5.23845	4584	4643.47	-1
1	1	2.8789	5.23845	4730	4800.88	-1
1	1	3.0289	5.23845	-1	-1	-1
1	1	3.1789	5.23845	-1	-1	-1
1	1	3.3289	5.23845	-1	-1	-1
1	1	1.0789	5.38845	2885	2927.44	-1
1	1	1.2289	5.38845	4142	4209.78	-1
1	1	1.3789	5.38845	4029	4085.34	-1
1	1	1.5289	5.38845	5323	5369.84	-1
1	1	1.6789	5.38845	-1	-1	-1
1	1	1.8289	5.38845	-1	-1	-1
1	1	1.9789	5.38845	-1	-1	-1
1	1	2.1289	5.38845	5370	-1	-1
1	1	2.2789	5.38845	5087	5135.72	-1
1	1	2.4289	5.38845	4962	5018.84	-1
1	1	2.5789	5.38845	5062	5112.09	-1
1	1	2.7289	5.38845	4927	4975.66	-1
1	1	2.8789	5.38845	5040	5092.84	-1
1	1	3.0289	5.38845	5269	5333.47	-1
1	1	3.1789	5.38845	-1	-1	-1
1	1	3.3289	5.38845	-1	-1	-1
1	1	1.0789	5.53845	3415	3457.12	-1
1	1	1.2289	5.53845	4722	4773.25	-1
1	1	1.3789	5.53845	5110	5152.69	-1
1	1	1.5289	5.53845	5165	5226.97	-1
1	1	1.6789	5.53845	-1	-1	-1
1	1	1.8289	5.53845	-1	-1	-1
1	1	1.9789	5.53845	-1	-1	-1
1	1	2.1289	5.53845	5269	5318.5	-1
1	1	2.2789	5.53845	5160	5216.28	-1
1	1	2.4289	5.53845	5187	5285.09	-1
1	1	2.5789	5.53845	5383	-1	-1
1	1	2.7289	5.53845	5144	5198.28	-1
1	1	2.8789	5.53845	5246	5310.09	-1
1	1	3.0289	5.53845	-1	-1	-1
1	1	3.1789	5.53845	-1	-1	-1
1	1	3.3289	5.53845	-1	-1	-1
1	1	1.0789	5.68845	-1	-1	-1
1	1	1.2289	5.68845	5013	5057.59	-1
1	1	1.3789	5.68845	5193	5246.38	-1
1	1	1.5289	5.68845	-1	-1	-1
1	1	1.6789	5.68845	-1	-1	-1
1	1	1.8289	5.68845	-1	-1	-1
1	1	1.9789	5.68845	-1	-1	-1
1	1	2.1289	5.68845	5355	-1	-1
1	1	2.2789	5.68845	-1	-1	-1
1	1	2.4289	5.68845	-1	-1	-1
1	1	2.5789	5.68845	-1	-1	-1
1	1	2.7289	5.68845	-1	-1	-1
1	1	2.8789	5.68845	-1	-1	-1
1	1	3.0289	5.68845	-1	-1	-1
1	1	3.1789	5.68845	-1	-1	-1
1	1	3.3289	5.68845	-1	-1	-1
1	1	1.0789	5.83845	4148	4193.66	-1
1	1	1.2289	5.83845	-1	-1	-1
1	1	1.3789	5.83845	-1	-1	-1
1	1	1.5289	5.83845	-1	-1	-1
1	1	1.6789	5.83845	-1	-1	-1
1	1	1.8289	5.83845	-1	-1	-1
1	1	1.9789	5.83845	-1	-1	-1
1	1	2.1289	5.83845	-1	-1	-1
1	1	2.2789	5.83845	-1	-1	-1
1	1	2.4289	5.83845	-1	-1	-1
1	1	2.5789	5.83845	-1	-1	-1
1	1	2.7289	5.83845	-1	-1	-1
1	1	2.8789	5.83845	-1	-1	-1
1	1	3.0289	5.83845	-1	-1	-1
1	1	3.1789	5.83845	-1	-1	-1
1	1	3.3289	5.83845	-1	-1	-1
1	1	1.0789	5.98845	-1	-1	-1
1	1	1.2289	5.98845	-1	-1	-1
1	1	1.3789	5.98845	-1	-1	-1
1	1	1.5289	5.98845	-1	-1	-1
1	1	1.6789	5.98845	-1	-1	-1
1	1	1.8289	5.98845	-1	-1	-1
1	1	1.9789	5.98845	-1	-1	-1
1	1	2.1289	5.98845	-1	-1	-1
1	1	2.2789	5.98845	-1	-1	-1
1	1	2.4289	5.98845	-1	-1	-1
1	1	2.5789	5.98845	-1	-1	-1
1	1	2.7289	5.98845	-1	-1	-1
1	1	2.8789	5.98845	-1	-1	-1
1	1	3.0289	5.98845	-1	-1	-1
1	1	3.1789	5.98845	-1	-1	-1
1	1	3.3289	5.98845	-1	-1	-1
1	1	1.0789	6.13845	-1	-1	-1
1	1	1.2289	6.13845	-1	-1	-1
1	1	1.3789	6.13845	-1	-1	-1
1	1	1.5289	6.13845	-1	-1	-1
1	1	1.6789	6.13845	-1	-1	-1
1	1	1.8289	6.13845	-1	-1	-1
1	1	1.9789	6.13845	-1	-1	-1
1	1	2.1289	6.13845	-1	-1	-1
1	1	2.2789	6.13845	-1	-1	-1
1	1	2.4289	6.13845	-1	-1	-1
1	1	2.5789	6.13845	-1	-1	-1
1	1	2.7289	6.13845	-1	-1	-1
1	1	2.8789	6.13845	-1	-1	-1
1	1	3.0289	6.13845	-1	-1	-1
1	1	3.1789	6.13845	-1	-1	-1
1	1	3.3289	6.13845	-1	-1	-1
1	1	1.0789	6.28845	-1	-1	-1
1	1	1.2289	6.28845	-1	-1	-1
1	1	1.3789	6.28845	-1	-1	-1
1	1	1.5289	6.28845	-1	-1	-1
1	1	1.6789	6.28845	-1	-1	-1
1	1	1.8289	6.28845	-1	-1	-1
1	1	1.9789	6.28845	-1	-1	-1
1	1	2.1289	6.28845	-1	-1	-1
1	1	2.2789	6.28845	-1	-1	-1
1	1	2.4289	6.28845	-1	-1	-1
1	1	2.5789	6.28845	-1	-1	-1
1	1	2.7289	6.28845	-1	-1	-1
1	1	2.8789	6.28845	-1	-1	-1
1	1	3.0289	6.28845	-1	-1	-1
1	1	3.1789	6.28845	-1	-1	-1
1	1	3.3289	6.28845	-1	-1	-1
1	1	1.0789	6.43845	-1	-1	-1
1	1	1.2289	6.43845	-1	-1	-1
1	1	1.3789	6.43845	-1	-1	-1
1	1	1.5289	6.43845	-1	-1	-1
1	1	1.6789	6.43845	-1	-1	-1
1	1	1.8289	6.43845	-1	-1	-1
1	1	1.9789	6.43845	-1	-1	-1
1	1	2.1289	6.43845	-1	-1	-1
1	1	2.2789	6.43845	-1	-1	-1
1	1	2.4289	6.43845	-1	-1	-1
1	1	2.5789	6.43845	-1	-1	-1
1	1	2.7289	6.43845	-1	-1	-1
1	1	2.8789	6.43845	-1	-1	-1
1	1	3.0289	6.43845	-1	-1	-1
1	1	3.1789	6.43845	-1	-1	-1
1	1	3.3289	6.43845	-1	-1	-1
1	1	1.0789	6.58845	-1	-1	-1
1	1	1.2289	6.58845	-1	-1	-1
1	1	1.3789	6.58845	-1	-1	-1
1	1	1.5289	6.58845	-1	-1	-1
1	1	1.6789	6.58845	-1	-1	-1
1	1	1.8289	6.58845	-1	-1	-1
1	1	1.9789	6.58845	-1	-1	-1
1	1	2.1289	6.58845	-1	-1	-1
1	1	2.2789	6.58845	-1	-1	-1
1	1	2.4289	6.58845	-1	-1	-1
1	1	2.5789	6.58845	-1	-1	-1
1	1	2.7289	6.58845	-1	-1	-1
1	1	2.8789	6.58845	-1	-1	-1
1	1	3.0289	6.58845	-1	-1	-1
1	1	3.1789	6.58845	-1	-1	-1
1	1	3.3289	6.58845	-1	-1	-1
1	1	1.0789	6.73845	5341	-1	-1
1	1	1.2289	6.73845	-1	-1	-1
1	1	1.3789	6.73845	-1	-1	-1
1	1	1.5289	6.73845	-1	-1	-1
1	1	1.6789	6.73845	-1	-1	-1
1	1	1.8289	6.73845	-1	-1	-1
1	1	1.9789	6.73845	-1	-1	-1
1	1	2.1289	6.73845	-1	-1	-1
1	1	2.2789	6.73845	-1	-1	-1
1	1	2.4289	6.73845	-1	-1	-1
1	1	2.5789	6.73845	-1	-1	-1
1	1	2.7289	6.73845	-1	-1	-1
1	1	2.8789	6.73845	-1	-1	-1
1	1	3.0289	6.73845	-1	-1	-1
1	1	3.1789	6.73845	-1	-1	-1
1	1	3.3289	6.73845	-1	-1	-1
1	1	1.0789	6.88845	-1	-1	-1
1	1	1.2289	6.88845	-1	-1	-1
1	1	1.3789	6.88845	-1	-1	-1
1	1	1.5289	6.88845	-1	-1	-1
1	1	1.6789	6.88845	-1	-1	-1
1	1	1.8289	6.88845	-1	-1	-1
1	1	1.9789	6.88845	-1	-1	-1
1	1	2.1289	6.88845	-1	-1	-1
1	1	2.2789	6.88845	-1	-1	-1
1	1	2.4289	6.88845	-1	-1	-1
1	1	2.5789	6.88845	-1	-1	-1
1	1	2.7289	6.88845	-1	-1	-1
1	1	2.8789	6.88845	-1	-1	-1
1	1	3.0289	6.88845	-1	-1	-1
1	1	3.1789	6.88845	-1	-1	-1
1	1	3.3289	6.88845	-1	-1	-1
1	1	1.0789	7.03845	-1	-1	-1
1	1	1.2289	7.03845	-1	-1	-1
1	1	1.3789	7.03845	-1	-1	-1
1	1	1.5289	7.03845	-1	-1	-1
1	1	1.6789	7.03845	-1	-1	-1
1	1	1.8289	7.03845	-1	-1	-1
1	1	1.9789	7.03845	-1	-1	-1
1	1	2.1289	7.03845	-1	-1	-1
1	1	2.2789	7.03845	-1	-1	-1
1	1	2.4289	7.03845	-1	-1	-1
1	1	2.5789	7.03845	-1	-1	-1
1	1	2.7289	7.03845	-1	-1	-1
1	1	2.8789	7.03845	-1	-1	-1
1	1	3.0289	7.03845	-1	-1	-1
1	1	3.1789	7.03845	-1	-1	-1
1	1	3.3289	7.03845	-1	-1	-1
2	4	5.44929	2.97792	397	490.469	-1
2	4	5.59929	2.97792	4116	4167.59	-1
2	4	5.74929	2.97792	4763	4922.97	-1
2	4	5.89929	2.97792	-1	-1	-1
2	4	6.04929	2.97792	-1	-1	-1
2	4	6.19929	2.97792	-1	-1	-1
2	4	6.34929	2.97792	-1	-1	-1
2	4	6.49929	2.97792	-1	-1	-1
2	4	5.44929	3.12792	4007	4053.97	-1
2	4	5.59929	3.12792	4211	4271.88	-1
2	4	5.74929	3.12792	-1	-1	-1
2	4	5.89929	3.12792	-1	-1	-1
2	4	6.04929	3.12792	-1	-1	-1
2	4	6.19929	3.12792	-1	-1	-1
2	4	6.34929	3.12792	-1	-1	-1
2	4	6.49929	3.12792	-1	-1	-1
2	4	5.44929	3.27792	-1	-1	-1
2	4	5.59929	3.27792	-1	-1	-1
2	4	5.74929	3.27792	-1	-1	-1
2	4	5.89929	3.27792	-1	-1	-1
2	4	6.04929	3.27792	-1	-1	-1
2	4	6.19929	3.27792	-1	-1	-1
2	4	6.34929	3.27792	-1	-1	-1
2	4	6.49929	3.27792	-1	-1	-1
2	4	5.44929	3.42792	-1	-1	-1
2	4	5.59929	3.42792	-1	-1	-1
2	4	5.74929	3.42792	-1	-1	-1
2	4	5.89929	3.42792	-1	-1	-1
2	4	6.04929	3.42792	-1	-1	-1
2	4	6.19929	3.42792	-1	-1	-1
2	4	6.34929	3.42792	-1	-1	-1
2	4	6.49929	3.42792	-1	-1	-1
2	4	5.44929	3.57792	-1	-1	-1
2	4	5.59929	3.57792	-1	-1	-1
2	4	5.74929	3.57792	-1	-1	-1
2	4	5.89929	3.57792	-1	-1	-1
2	4	6.04929	3.57792	-1	-1	-1
2	4	6.19929	3.57792	-1	-1	-1
2	4	6.34929	3.57792	-1	-1	-1
2	4	6.49929	3.57792	-1	-1	-1
2	4	5.44929	3.72792	-1	-1	-1
2	4	5.59929	3.72792	-1	-1	-1
2	4	5.74929	3.72792	-1	-1	-1
2	4	5.89929	3.72792	-1	-1	-1
2	4	6.04929	3.72792	-1	-1	-1
2	4	6.19929	3.72792	-1	-1	-1
2	4	6.34929	3.72792	-1	-1	-1
2	4	6.49929	3.72792	-1	-1	-1
2	4	5.44929	3.87792	2885	2950.38	-1
2	4	5.59929	3.87792	3005	3055.53	-1
2	4	5.74929	3.87792	-1	-1	-1
2	4	5.89929	3.87792	-1	-1	-1
2	4	6.04929	3.87792	-1	-1	-1
2	4	6.19929	3.87792	-1	-1	-1
2	4	6.34929	3.87792	-1	-1	-1
2	4	6.49929	3.87792	-1	-1	-1
2	4	5.44929	4.02792	2597	2685.22	-1
2	4	5.59929	4.02792	2751	2834.25	-1
2	4	5.74929	4.02792	-1	-1	-1
2	4	5.89929	4.02792	-1	-1	-1
2	4	6.04929	4.02792	-1	-1	-1
2	4	6.19929	4.02792	-1	-1	-1
2	4	6.34929	4.02792	-1	-1	-1
2	4	6.49929	4.02792	-1	-1	-1
3	4	-5.52589	-1.64367	-1	-1	-1
3	4	-5.37589	-1.64367	-1	-1	-1
3	4	-5.22589	-1.64367	-1	-1	-1
3	4	-5.07589	-1.64367	-1	-1	-1
3	4	-4.92589	-1.64367	-1	-1	-1
3	4	-4.77589	-1.64367	4502	4546.78	-1
3	4	-4.62589	-1.64367	-1	-1	-1
3	4	-4.47589	-1.64367	3853	3888.66	-1
3	4	-5.52589	-1.49367	-1	-1	-1
3	4	-5.37589	-1.49367	-1	-1	-1
3	4	-5.22589	-1.49367	-1	-1	-1
3	4	-5.07589	-1.49367	-1	-1	-1
3	4	-4.92589	-1.49367	-1	-1	-1
3	4	-4.77589	-1.49367	4415	4457.41	-1
3	4	-4.62589	-1.49367	4227	4279.59	-1
3	4	-4.47589	-1.49367	3781	3817	-1
3	4	-5.52589	-1.34367	-1	-1	-1
3	4	-5.37589	-1.34367	-1	-1	-1
3	4	-5.22589	-1.34367	-1	-1	-1
3	4	-5.07589	-1.34367	-1	-1	-1
3	4	-4.92589	-1.34367	-1	-1	-1
3	4	-4.77589	-1.34367	4321	4361.84	-1
3	4	-4.62589	-1.34367	4093	4144.75	-1
3	4	-4.47589	-1.34367	632	743.812	-1
3	4	-5.52589	-1.19367	-1	-1	-1
3	4	-5.37589	-1.19367	-1	-1	-1
3	4	-5.22589	-1.19367	-1	-1	-1
3	4	-5.07589	-1.19367	-1	-1	-1
3	4	-4.92589	-1.19367	4407	4476.81	-1
3	4	-4.77589	-1.19367	4206	4253.16	-1
3	4	-4.62589	-1.19367	3998	4035.94	-1
3	4	-4.47589	-1.19367	3926	3961.78	-1
3	4	-5.52589	-1.04367	-1	-1	-1
3	4	-5.37589	-1.04367	-1	-1	-1
3	4	-5.22589	-1.04367	-1	-1	-1
3	4	-5.07589	-1.04367	-1	-1	-1
3	4	-4.92589	-1.04367	4527	4603.94	-1
3	4	-4.77589	-1.04367	4360	4417.91	-1
3	4	-4.62589	-1.04367	4074	4120.69	-1
3	4	-4.47589	-1.04367	4172	4232.34	-1
3	4	-5.52589	-0.893668	-1	-1	-1
3	4	-5.37589	-0.893668	-1	-1	-1
3	4	-5.22589	-0.893668	-1	-1	-1
3	4	-5.07589	-0.893668	-1	-1	-1
3	4	-4.92589	-0.893668	-1	-1	-1
3	4	-4.77589	-0.893668	4438	4486.72	-1
3	4	-4.62589	-0.893668	4284	4320.56	-1
3	4	-4.47589	-0.893668	1430	1475.09	-1
3	4	-5.52589	-0.743668	-1	-1	-1
3	4	-5.37589	-0.743668	1299	1340.28	-1
3	4	-5.22589	-0.743668	-1	-1	-1
3	4	-5.07589	-0.743668	-1	-1	-1
3	4	-4.92589	-0.743668	-1	-1	-1
3	4	-4.77589	-0.743668	-1	-1	-1
3	4	-4.62589	-0.743668	1349	1393.78	-1
3	4	-4.47589	-0.743668	641	677.344	-1
3	4	-5.52589	-0.593668	-1	-1	-1
3	4	-5.37589	-0.593668	1174	1248.41	-1
3	4	-5.22589	-0.593668	1089	1135.47	-1
3	4	-5.07589	-0.593668	-1	-1	-1
3	4	-4.92589	-0.593668	2984	3025.56	-1
3	4	-4.77589	-0.593668	1696	1736.62	-1
3	4	-4.62589	-0.593668	717	762.031	-1
3	4	-4.47589	-0.593668	563	602.625	-1
4	4	-4.70342	2.7909	-1	-1	-1
4	4	-4.55342	2.7909	-1	-1	-1
4	4	-4.40342	2.7909	-1	-1	-1
4	4	-4.25342	2.7909	-1	-1	-1
4	4	-4.10342	2.7909	-1	-1	-1
4	4	-3.95342	2.7909	-1	-1	-1
4	4	-3.80342	2.7909	4981	5017.88	-1
4	4	-3.65342	2.7909	1600	1637.22	-1
4	4	-4.70342	2.9409	-1	-1	-1
4	4	-4.55342	2.9409	-1	-1	-1
4	4	-4.40342	2.9409	-1	-1	-1
4	4	-4.25342	2.9409	-1	-1	-1
4	4	-4.10342	2.9409	-1	-1	-1
4	4	-3.95342	2.9409	-1	-1	-1
4	4	-3.80342	2.9409	-1	-1	-1
4	4	-3.65342	2.9409	4802	4942.03	-1
4	4	-4.70342	3.0909	-1	-1	-1
4	4	-4.55342	3.0909	-1	-1	-1
4	4	-4.40342	3.0909	-1	-1	-1
4	4	-4.25342	3.0909	-1	-1	-1
4	4	-4.10342	3.0909	-1	-1	-1
4	4	-3.95342	3.0909	-1	-1	-1
4	4	-3.80342	3.0909	-1	-1	-1
4	4	-3.65342	3.0909	3415	3566.16	-1
4	4	-4.70342	3.2409	-1	-1	-1
4	4	-4.55342	3.2409	-1	-1	-1
4	4	-4.40342	3.2409	-1	-1	-1
4	4	-4.25342	3.2409	-1	-1	-1
4	4	-4.10342	3.2409	-1	-1	-1
4	4	-3.95342	3.2409	-1	-1	-1
4	4	-3.80342	3.2409	3719	3790.88	-1
4	4	-3.65342	3.2409	3602	3642.72	-1
4	4	-4.70342	3.3909	-1	-1	-1
4	4	-4.55342	3.3909	-1	-1	-1
4	4	-4.40342	3.3909	-1	-1	-1
4	4	-4.25342	3.3909	-1	-1	-1
4	4	-4.10342	3.3909	-1	-1	-1
4	4	-3.95342	3.3909	-1	-1	-1
4	4	-3.80342	3.3909	3621	3680.16	-1
4	4	-3.65342	3.3909	476	518.094	-1
4	4	-4.70342	3.5409	-1	-1	-1
4	4	-4.55342	3.5409	-1	-1	-1
4	4	-4.40342	3.5409	-1	-1	-1
4	4	-4.25342	3.5409	-1	-1	-1
4	4	-4.10342	3.5409	-1	-1	-1
4	4	-3.95342	3.5409	-1	-1	-1
4	4	-3.80342	3.5409	-1	-1	-1
4	4	-3.65342	3.5409	273	438.156	-1
4	4	-4.70342	3.6909	-1	-1	-1
4	4	-4.55342	3.6909	-1	-1	-1
4	4	-4.40342	3.6909	-1	-1	-1
4	4	-4.25342	3.6909	-1	-1	-1
4	4	-4.10342	3.6909	-1	-1	-1
4	4	-3.95342	3.6909	-1	-1	-1
4	4	-3.80342	3.6909	3199	3243.41	-1
4	4	-3.65342	3.6909	2294	2339.41	-1
4	4	-4.70342	3.8409	-1	-1	-1
4	4	-4.55342	3.8409	-1	-1	-1
4	4	-4.40342	3.8409	-1	-1	-1
4	4	-4.25342	3.8409	-1	-1	-1
4	4	-4.10342	3.8409	-1	-1	-1
4	4	-3.95342	3.8409	-1	-1	-1
4	4	-3.80342	3.8409	495	545.312	-1
4	4	-3.65342	3.8409	305	452.281	-1
5	4	-0.640731	3.49275	612	640.094	-1
5	4	-0.490731	3.49275	1941	2067.22	-1
5	4	-0.340731	3.49275	-1	-1	-1
5	4	-0.190731	3.49275	-1	-1	-1
5	4	-0.0407314	3.49275	784	812.719	-1
5	4	0.109269	3.49275	-1	-1	-1
5	4	0.259269	3.49275	1414	1540.16	-1
5	4	0.409269	3.49275	1156	1274.22	-1
5	4	-0.640731	3.64275	132	162.5	-1
5	4	-0.490731	3.64275	2107	2137.88	-1
5	4	-0.340731	3.64275	-1	-1	-1
5	4	-0.190731	3.64275	-1	-1	-1
5	4	-0.0407314	3.64275	5357	-1	-1
5	4	0.109269	3.64275	-1	-1	-1
5	4	0.259269	3.64275	-1	-1	-1
5	4	0.409269	3.64275	4368	4405.78	-1
5	4	-0.640731	3.79275	196	228.375	-1
5	4	-0.490731	3.79275	5277	5316.34	-1
5	4	-0.340731	3.79275	5193	5236.47	-1
5	4	-0.190731	3.79275	5067	5111.94	-1
5	4	-0.0407314	3.79275	4971	5027.69	-1
5	4	0.109269	3.79275	-1	-1	-1
5	4	0.259269	3.79275	-1	-1	-1
5	4	0.409269	3.79275	-1	-1	-1
5	4	-0.640731	3.94275	3164	3206.91	-1
5	4	-0.490731	3.94275	5215	5256.53	-1
5	4	-0.340731	3.94275	5129	5170.62	-1
5	4	-0.190731	3.94275	4928	4987.12	-1
5	4	-0.0407314	3.94275	4837	4870.31	-1
5	4	0.109269	3.94275	5027	5071.88	-1
5	4	0.259269	3.94275	-1	-1	-1
5	4	0.409269	3.94275	-1	-1	-1
5	4	-0.640731	4.09275	3068	3126.84	-1
5	4	-0.490731	4.09275	5307	5347.75	-1
5	4	-0.340731	4.09275	5046	5090.34	-1
5	4	-0.190731	4.09275	4911	4950.44	-1
5	4	-0.0407314	4.09275	4737	4776.44	-1
5	4	0.109269	4.09275	4481	4519.19	-1
5	4	0.259269	4.09275	4618	4666.56	-1
5	4	0.409269	4.09275	4266	4300.59	-1
5	4	-0.640731	4.24275	3051	3100	-1
5	4	-0.490731	4.24275	3024	3073.75	-1
5	4	-0.340731	4.24275	3117	3160.47	-1
5	4	-0.190731	4.24275	4627	4684.72	-1
5	4	-0.0407314	4.24275	4519	4558.44	-1
5	4	0.109269	4.24275	4360	4397.16	-1
5	4	0.259269	4.24275	4269	4313.84	-1
5	4	0.409269	4.24275	3716	3767.06	-1
5	4	-0.640731	4.39275	2570	2641.12	-1
5	4	-0.490731	4.39275	2816	2862.56	-1
5	4	-0.340731	4.39275	2935	2994.72	-1
5	4	-0.190731	4.39275	5015	5082.59	-1
5	4	-0.0407314	4.39275	4442	4480.53	-1
5	4	0.109269	4.39275	4054	4091.28	-1
5	4	0.259269	4.39275	3842	3889.34	-1
5	4	0.409269	4.39275	3608	3651.12	-1
5	4	-0.640731	4.54275	2461	2527.78	-1
5	4	-0.490731	4.54275	2700	2740.25	-1
5	4	-0.340731	4.54275	2901	2969.84	-1
5	4	-0.190731	4.54275	3206	3257.66	-1
5	4	-0.0407314	4.54275	4557	4619.22	-1
5	4	0.109269	4.54275	3927	3998.25	-1
5	4	0.259269	4.54275	3706	3756.81	-1
5	4	0.409269	4.54275	3642	3679.94	-1
6	16	8.50878	-2.81186	736	800.969	-1
6	16	8.65878	-2.81186	-1	-1	-1
6	16	8.80878	-2.81186	-1	-1	-1
6	16	8.95878	-2.81186	-1	-1	-1
6	16	8.50878	-2.66186	609	672.344	-1
6	16	8.65878	-2.66186	-1	-1	-1
6	16	8.80878	-2.66186	-1	-1	-1
6	16	8.95878	-2.66186	-1	-1	-1
6	16	8.50878	-2.51186	-1	-1	-1
6	16	8.65878	-2.51186	-1	-1	-1
6	16	8.80878	-2.51186	-1	-1	-1
6	16	8.95878	-2.51186	-1	-1	-1
6	16	8.50878	-2.36186	-1	-1	-1
6	16	8.65878	-2.36186	-1	-1	-1
6	16	8.80878	-2.36186	-1	-1	-1
6	16	8.95878	-2.36186	-1	-1	-1
7	16	-4.97238	-7.62204	-1	-1	-1
7	16	-4.82238	-7.62204	-1	-1	-1
7	16	-4.67238	-7.62204	-1	-1	-1
7	16	-4.52238	-7.62204	-1	-1	-1
7	16	-4.97238	-7.47204	-1	-1	-1
7	16	-4.82238	-7.47204	-1	-1	-1
7	16	-4.67238	-7.47204	-1	-1	-1
7	16	-4.52238	-7.47204	-1	-1	-1
7	16	-4.97238	-7.32204	-1	-1	-1
7	16	-4.82238	-7.32204	-1	-1	-1
7	16	-4.67238	-7.32204	-1	-1	-1
7	16	-4.52238	-7.32204	-1	-1	-1
7	16	-4.97238	-7.17204	-1	-1	-1
7	16	-4.82238	-7.17204	-1	-1	-1
7	16	-4.67238	-7.17204	-1	-1	-1
7	16	-4.52238	-7.17204	-1	-1	-1
8	16	0.49401	6.89874	-1	-1	-1
8	16	0.64401	6.89874	-1	-1	-1
8	16	0.79401	6.89874	5079	5152.75	-1
8	16	0.94401	6.89874	5212	5275.75	-1
8	16	0.49401	7.04874	-1	-1	-1
8	16	0.64401	7.04874	-1	-1	-1
8	16	0.79401	7.04874	-1	-1	-1
8	16	0.94401	7.04874	-1	-1	-1
8	16	0.49401	7.19874	2892	2953.22	-1
8	16	0.64401	7.19874	-1	-1	-1
8	16	0.79401	7.19874	-1	-1	-1
8	16	0.94401	7.19874	-1	-1	-1
8	16	0.49401	7.34874	2767	2839.62	-1
8	16	0.64401	7.34874	-1	-1	-1
8	16	0.79401	7.34874	-1	-1	-1
8	16	0.94401	7.34874	-1	-1	-1
9	16	-1.49822	5.65385	945	1059.66	-1
9	16	-1.34822	5.65385	-1	-1	-1
9	16	-1.19822	5.65385	2235	2281.81	-1
9	16	-1.04822	5.65385	2089	2193	-1
9	16	-1.49822	5.80385	-1	-1	-1
9	16	-1.34822	5.80385	5129	5178.97	-1
9	16	-1.19822	5.80385	2328	2388.88	-1
9	16	-1.04822	5.80385	2612	2658.88	-1
9	16	-1.49822	5.95385	-1	-1	-1
9	16	-1.34822	5.95385	4727	4795.72	-1
9	16	-1.19822	5.95385	3309	3355.19	-1
9	16	-1.04822	5.95385	3174	3219.41	-1
9	16	-1.49822	6.10385	3021	3088.44	-1
9	16	-1.34822	6.10385	-1	-1	-1
9	16	-1.19822	6.10385	-1	-1	-1
9	16	-1.04822	6.10385	-1	-1	-1
10	16	-6.47763	-1.56627	-1	-1	-1
10	16	-6.32763	-1.56627	-1	-1	-1
10	16	-6.17763	-1.56627	-1	-1	-1
10	16	-6.02763	-1.56627	-1	-1	-1
10	16	-6.47763	-1.41627	-1	-1	-1
10	16	-6.32763	-1.41627	-1	-1	-1
10	16	-6.17763	-1.41627	-1	-1	-1
10	16	-6.02763	-1.41627	-1	-1	-1
10	16	-6.47763	-1.26627	-1	-1	-1
10	16	-6.32763	-1.26627	-1	-1	-1
10	16	-6.17763	-1.26627	-1	-1	-1
10	16	-6.02763	-1.26627	-1	-1	-1
10	16	-6.47763	-1.11627	-1	-1	-1
10	16	-6.32763	-1.11627	-1	-1	-1
10	16	-6.17763	-1.11627	-1	-1	-1
10	16	-6.02763	-1.11627	-1	-1	-1
11	16	5.097	5.09128	-1	-1	-1
11	16	5.247	5.09128	-1	-1	-1
11	16	5.397	5.09128	-1	-1	-1
11	16	5.547	5.09128	-1	-1	-1
11	16	5.097	5.24128	-1	-1	-1
11	16	5.247	5.24128	-1	-1	-1
11	16	5.397	5.24128	-1	-1	-1
11	16	5.547	5.24128	-1	-1	-1
11	16	5.097	5.39128	-1	-1	-1
11	16	5.247	5.39128	-1	-1	-1
11	16	5.397	5.39128	-1	-1	-1
11	16	5.547	5.39128	-1	-1	-1
11	16	5.097	5.54128	-1	-1	-1
11	16	5.247	5.54128	-1	-1	-1
11	16	5.397	5.54128	-1	-1	-1
11	16	5.547	5.54128	-1	-1	-1
12	16	-8.48453	4.16744	-1	-1	-1
12	16	-8.33453	4.16744	-1	-1	-1
12	16	-8.18453	4.16744	-1	-1	-1
12	16	-8.03453	4.16744	-1	-1	-1
12	16	-8.48453	4.31744	-1	-1	-1
12	16	-8.33453	4.31744	-1	-1	-1
12	16	-8.18453	4.31744	-1	-1	-1
12	16	-8.03453	4.31744	-1	-1	-1
12	16	-8.48453	4.46744	1257	1328.41	-1
12	16	-8.33453	4.46744	-1	-1	-1
12	16	-8.18453	4.46744	2734	2806.31	-1
12	16	-8.03453	4.46744	2283	2351.47	-1
12	16	-8.48453	4.61744	-1	-1	-1
12	16	-8.33453	4.61744	2560	2649.72	-1
12	16	-8.18453	4.61744	2420	2489.28	-1
12	16	-8.03453	4.61744	2394	2466.84	-1
13	16	-7.41577	4.13936	1955	2063.78	-1
13	16	-7.26577	4.13936	2262	2327.16	-1
13	16	-7.11577	4.13936	2569	2633.09	-1
13	16	-6.96577	4.13936	2732	2799.06	-1
13	16	-7.41577	4.28936	2126	2193.47	-1
13	16	-7.26577	4.28936	2160	2228.31	-1
13	16	-7.11577	4.28936	2307	2369.22	-1
13	16	-6.96577	4.28936	2859	2929.72	-1
13	16	-7.41577	4.43936	2538	2602.25	-1
13	16	-7.26577	4.43936	2438	2503.5	-1
13	16	-7.11577	4.43936	2711	2774.81	-1
13	16	-6.96577	4.43936	-1	-1	-1
13	16	-7.41577	4.58936	2668	2746.78	-1
13	16	-7.26577	4.58936	-1	-1	-1
13	16	-7.11577	4.58936	-1	-1	-1
13	16	-6.96577	4.58936	-1	-1	-1
14	16	1.8248	-6.78151	-1	-1	-1
14	16	1.9748	-6.78151	-1	-1	-1
14	16	2.1248	-6.78151	551	611.5	-1
14	16	2.2748	-6.78151	704	761.219	-1
14	16	1.8248	-6.63151	-1	-1	-1
14	16	1.9748	-6.63151	-1	-1	-1
14	16	2.1248	-6.63151	927	993.438	-1
14	16	2.2748	-6.63151	814	874.719	-1
14	16	1.8248	-6.48151	-1	-1	-1
14	16	1.9748	-6.48151	-1	-1	-1
14	16	2.1248	-6.48151	-1	-1	-1
14	16	2.2748	-6.48151	-1	-1	-1
14	16	1.8248	-6.33151	-1	-1	-1
14	16	1.9748	-6.33151	-1	-1	-1
14	16	2.1248	-6.33151	-1	-1	-1
14	16	2.2748	-6.33151	-1	-1	-1
15	16	-3.74413	4.64171	159	212	-1
15	16	-3.59413	4.64171	289	335.625	-1
15	16	-3.44413	4.64171	507	557	-1
15	16	-3.29413	4.64171	2636	2709.44	-1
15	16	-3.74413	4.79171	382	431.406	-1
15	16	-3.59413	4.79171	486	535.531	-1
15	16	-3.44413	4.79171	605	654.906	-1
15	16	-3.29413	4.79171	3318	3365.53	-1
15	16	-3.74413	4.94171	1037	1087.25	-1
15	16	-3.59413	4.94171	2758	2822.41	-1
15	16	-3.44413	4.94171	2879	2933.5	-1
15	16	-3.29413	4.94171	3010	3061.72	-1
15	16	-3.74413	5.09171	933	983.375	-1
15	16	-3.59413	5.09171	-1	-1	-1
15	16	-3.44413	5.09171	3123	3172.06	-1
15	16	-3.29413	5.09171	3216	3271.53	-1
16	16	7.11931	1.82506	-1	-1	-1
16	16	7.26931	1.82506	-1	-1	-1
16	16	7.41931	1.82506	-1	-1	-1
16	16	7.56931	1.82506	-1	-1	-1
16	16	7.11931	1.97506	-1	-1	-1
16	16	7.26931	1.97506	-1	-1	-1
16	16	7.41931	1.97506	-1	-1	-1
16	16	7.56931	1.97506	-1	-1	-1
16	16	7.11931	2.12506	-1	-1	-1
16	16	7.26931	2.12506	-1	-1	-1
16	16	7.41931	2.12506	-1	-1	-1
16	16	7.56931	2.12506	-1	-1	-1
16	16	7.11931	2.27506	3125	3179.53	-1
16	16	7.26931	2.27506	-1	-1	-1
16	16	7.41931	2.27506	-1	-1	-1
16	16	7.56931	2.27506	-1	-1	-1
17	16	1.70665	3.2035	562	593.562	-1
17	16	1.85665	3.2035	155	191.094	-1
17	16	2.00665	3.2035	93	124.125	-1
17	16	2.15665	3.2035	331	366.156	-1
17	16	1.70665	3.3535	308	352.594	-1
17	16	1.85665	3.3535	179	216.875	-1
17	16	2.00665	3.3535	244	275.719	-1
17	16	2.15665	3.3535	2460	2500.84	-1
17	16	1.70665	3.5035	3678	3712.25	-1
17	16	1.85665	3.5035	339	383.062	-1
17	16	2.00665	3.5035	403	455.625	-1
17	16	2.15665	3.5035	1966	2108	-1
17	16	1.70665	3.6535	3742	3802.38	-1
17	16	1.85665	3.6535	3458	3616	-1
17	16	2.00665	3.6535	493	526.75	-1
17	16	2.15665	3.6535	2751	2789.84	-1
18	16	-1.47309	-6.77148	-1	-1	-1
18	16	-1.32309	-6.77148	-1	-1	-1
18	16	-1.17309	-6.77148	-1	-1	-1
18	16	-1.02309	-6.77148	1586	1646.22	-1
18	16	-1.47309	-6.62148	-1	-1	-1
18	16	-1.32309	-6.62148	-1	-1	-1
18	16	-1.17309	-6.62148	-1	-1	-1
18	16	-1.02309	-6.62148	1698	1761.59	-1
18	16	-1.47309	-6.47148	-1	-1	-1
18	16	-1.32309	-6.47148	-1	-1	-1
18	16	-1.17309	-6.47148	-1	-1	-1
18	16	-1.02309	-6.47148	-1	-1	-1
18	16	-1.47309	-6.32148	-1	-1	-1
18	16	-1.32309	-6.32148	3643	3694.03	-1
18	16	-1.17309	-6.32148	3756	3803.97	-1
18	16	-1.02309	-6.32148	3874	3921.25	-1
19	16	-5.68158	-7.02996	-1	-1	-1
19	16	-5.53158	-7.02996	-1	-1	-1
19	16	-5.38158	-7.02996	-1	-1	-1
19	16	-5.23158	-7.02996	-1	-1	-1
19	16	-5.68158	-6.87996	-1	-1	-1
19	16	-5.53158	-6.87996	-1	-1	-1
19	16	-5.38158	-6.87996	-1	-1	-1
19	16	-5.23158	-6.87996	-1	-1	-1
19	16	-5.68158	-6.72996	-1	-1	-1
19	16	-5.53158	-6.72996	-1	-1	-1
19	16	-5.38158	-6.72996	-1	-1	-1
19	16	-5.23158	-6.72996	-1	-1	-1
19	16	-5.68158	-6.57996	-1	-1	-1
19	16	-5.53158	-6.57996	-1	-1	-1
19	16	-5.38158	-6.57996	-1	-1	-1
19	16	-5.23158	-6.57996	-1	-1	-1
20	16	-1.24972	-3.14164	1843	1886.19	-1
20	16	-1.09972	-3.14164	1659	1706.5	-1
20	16	-0.949721	-3.14164	1178	1209.44	-1
20	16	-0.799721	-3.14164	1159	1189.34	-1
20	16	-1.24972	-2.99164	1577	1623.31	-1
20	16	-1.09972	-2.99164	1626	1689.19	-1
20	16	-0.949721	-2.99164	1114	1148.12	-1
20	16	-0.799721	-2.99164	1029	1057.31	-1
20	16	-1.24972	-2.84164	1392	1529.88	-1
20	16	-1.09972	-2.84164	1555	1592.59	-1
20	16	-0.949721	-2.84164	1738	1773.66	-1
20	16	-0.799721	-2.84164	1083	1116.03	-1
20	16	-1.24972	-2.69164	1820	1871.53	-1
20	16	-1.09972	-2.69164	1797	1852.38	-1
20	16	-0.949721	-2.69164	1773	1810.97	-1
20	16	-0.799721	-2.69164	22	53.375	-1
21	16	-0.482671	-5.42235	3976	4018	-1
21	16	-0.332671	-5.42235	-1	-1	-1
21	16	-0.182671	-5.42235	-1	-1	-1
21	16	-0.032671	-5.42235	385	438.656	-1
21	16	-0.482671	-5.27235	4060	4101.06	-1
21	16	-0.332671	-5.27235	-1	-1	-1
21	16	-0.182671	-5.27235	-1	-1	-1
21	16	-0.032671	-5.27235	-1	-1	-1
21	16	-0.482671	-5.12235	-1	-1	-1
21	16	-0.332671	-5.12235	-1	-1	-1
21	16	-0.182671	-5.12235	-1	-1	-1
21	16	-0.032671	-5.12235	-1	-1	-1
21	16	-0.482671	-4.97235	3267	3308.09	-1
21	16	-0.332671	-4.97235	3083	3127.5	-1
21	16	-0.182671	-4.97235	3167	3206.03	-1
21	16	-0.032671	-4.97235	-1	-1	-1
0	256	1.40876	-5.34588	194	240.938	-1
0	256	7.4151	-3.85584	-1	-1	-1
0	256	5.14992	3.91037	533	581.469	-1
0	256	7.40996	-1.46117	-1	-1	-1
0	256	7.17518	-4.47195	-1	-1	-1
0	256	5.11667	-4.79557	-1	-1	-1
0	256	-5.05782	-0.0639804	1007	1046.5	-1
0	256	-9.13841	-9.4224	-1	-1	-1
0	256	-0.894864	-6.48637	-1	-1	-1
0	256	8.18476	2.2252	-1	-1	-1
0	256	-0.947433	7.32251	3246	3303.22	-1
0	256	-6.1022	1.19605	-1	-1	-1
0	256	-2.84901	-2.41501	1636	1675.09	-1
0	256	7.64445	0.966649	-1	-1	-1
0	256	8.0873	-7.76984	4699	4810.88	-1
0	256	-7.39235	3.8267	4224	4286.66	-1
0	256	6.17236	6.99629	-1	-1	-1
0	256	1.03882	-3.04211	2197	2322.03	-1
0	256	3.64429	8.42865	-1	-1	-1
0	256	-2.0169	9.43805	-1	-1	-1
0	256	4.74384	4.3553	897	1038.59	-1
0	256	-7.33669	6.16268	-1	-1	-1
0	256	-5.15116	2.97966	-1	-1	-1
0	256	6.89615	0.240306	3385	3436.38	-1
0	256	4.41647	-0.00885642	560	597.188	-1
0	256	4.62889	2.66176	4850	4892.06	-1
0	256	-7.64816	-2.55105	4049	4109.91	-1
0	256	-6.30403	0.392388	3562	3673.53	-1
0	256	-3.39676	0.479658	532	564.812	-1
0	256	5.45751	2.33578	3244	3292.16	-1
0	256	-6.66341	-3.0368	3059	3111.69	-1
0	256	-4.27645	1.82223	816	851.781	-1
0	256	-7.96884	-2.38176	-1	-1	-1
0	256	5.35444	1.72438	4980	5027.25	-1
0	256	-1.17472	3.23031	143	179.281	-1
0	256	0.843226	-9.02645	706	774.719	-1
0	256	-5.42426	-2.09716	-1	-1	-1
0	256	7.2314	6.49667	-1	-1	-1
0	256	0.444395	7.58864	-1	-1	-1
0	256	-2.4724	7.7957	2923	2984.62	-1
0	256	1.9401	-9.25213	-1	-1	-1
0	256	1.6489	-3.17027	455	485.719	-1
0	256	3.93324	5.47314	-1	-1	-1
0	256	-7.85276	3.18335	2834	2894.97	-1
0	256	6.57129	2.4238	2965	3070.72	-1
0	256	-4.81763	0.736267	1481	1517.56	-1
0	256	-8.09638	1.91791	1087	1155.47	-1
0	256	-7.66866	-5.87884	-1	-1	-1
0	256	5.44986	5.91579	-1	-1	-1
0	256	-5.61798	-2.22228	-1	-1	-1
0	256	1.8537	-5.41931	847	974.594	-1
0	256	-4.42095	-8.07543	-1	-1	-1
0	256	4.25943	8.57109	-1	-1	-1
0	256	-4.3445	-0.982516	2030	2096.09	-1
0	256	2.29909	-5.00755	1022	1081.97	-1
0	256	-2.86662	-1.88652	1381	1514	-1
0	256	8.9636	0.706931	-1	-1	-1
0	256	-2.71	7.90079	-1	-1	-1
0	256	5.83228	-3.64748	-1	-1	-1
0	256	7.16199	6.63753	-1	-1	-1
0	256	1.95445	-9.1076	-1	-1	-1
0	256	-5.33135	-9.20137	-1	-1	-1
0	256	5.51621	7.56158	-1	-1	-1
0	256	2.42376	4.33657	2845	2884.25	-1
0	256	-2.40548	5.84769	695	744.125	-1
0	256	-5.37323	-3.17402	865	1000.22	-1
0	256	1.63368	-8.87205	1195	1259.03	-1
0	256	-5.26343	4.77952	812	869.25	-1
0	256	1.19655	-7.50849	-1	-1	-1
0	256	-0.106069	-0.491101	14	29.6875	-1
0	256	-5.99235	7.19508	779	855.938	-1
0	256	-5.95201	8.72507	1165	1241.16	-1
0	256	9.24322	0.742875	-1	-1	-1
0	256	-4.23369	-5.85574	-1	-1	-1
0	256	-5.77747	-5.95174	-1	-1	-1
0	256	-2.21279	-2.12305	4482	4507.81	-1
0	256	9.1928	-0.942819	-1	-1	-1
0	256	-2.27458	-4.02026	68	198.281	-1
0	256	-2.37644	-4.2472	-1	-1	-1
0	256	1.22741	-7.66164	1060	1122.59	-1
0	256	-4.27071	5.49813	-1	-1	-1
0	256	1.21468	7.6558	-1	-1	-1
0	256	-6.13644	0.661075	5324	5376.34	-1
0	256	0.581501	5.00497	3726	3798.97	-1
0	256	-0.247661	5.09777	3000	3083.31	-1
0	256	4.4449	-2.25218	-1	-1	-1
0	256	0.642831	-5.54063	289	339.375	-1
0	256	3.75834	-8.84225	-1	-1	-1
0	256	3.55802	8.51251	-1	-1	-1
0	256	0.834748	-3.35146	846	987.562	-1
0	256	6.51296	5.34948	643	707.031	-1
0	256	8.50593	6.78927	-1	-1	-1
0	256	-4.10717	-1.78951	1954	1988.94	-1
0	256	8.85168	-0.254959	-1	-1	-1
0	256	-1.32829	-4.50836	3379	3493.38	-1
0	256	-4.06074	8.01721	-1	-1	-1
0	256	0.147742	-9.44729	-1	-1	-1
0	256	-5.32401	2.14218	1405	1447.81	-1
0	256	1.22408	-7.22304	262	317.469	-1
0	256	6.10263	-5.61225	-1	-1	-1
0	256	-4.74153	-3.32773	1776	1924.97	-1
0	256	8.25816	-3.8076	-1	-1	-1
0	256	5.04062	-6.12259	2033	2150.62	-1
0	256	-9.35896	0.275174	-1	-1	-1
0	256	0.82289	-1.07324	3462	3627.31	-1
0	256	-6.79237	-3.32431	-1	-1	-1
0	256	-5.63495	8.32338	-1	-1	-1
0	256	1.07871	7.84771	-1	-1	-1
0	256	-5.69631	8.19901	-1	-1	-1
0	256	4.45273	7.5305	-1	-1	-1
0	256	0.878364	-5.60148	1753	1797.44	-1
0	256	5.14204	1.58448	4453	4495.91	-1
0	256	-6.61754	1.64478	4373	4429.03	-1
0	256	8.5125	-1.80857	-1	-1	-1
0	256	-0.34476	-7.20776	-1	-1	-1
0	256	2.56328	2.45599	446	480.312	-1
0	256	2.73831	-4.61061	-1	-1	-1
0	256	-1.62115	-4.64679	1251	1298.97	-1
0	256	-6.31317	-2.19077	-1	-1	-1
0	256	-1.43661	4.84264	2193	2248.97	-1
0	256	9.42307	1.02268	4969	5039.16	-1
0	256	7.90681	0.508488	3556	3619.47	-1
0	256	8.05763	1.238	1377	1435.28	-1
0	256	5.96453	-6.47084	104	167.562	-1
0	256	-8.37547	-4.64705	-1	-1	-1
0	256	-8.91043	1.56076	-1	-1	-1
0	256	1.3544	2.8261	2149	2177.75	-1
0	256	-3.36084	-5.33707	-1	-1	-1
0	256	-2.10872	4.03829	-1	-1	-1
0	256	-2.36614	4.29499	68	109.562	-1
0	256	-6.15203	1.66952	1532	1579	-1
0	256	9.64814	-2.44141	3391	3462.38	-1
0	256	-3.21951	-6.41755	3370	3429	-1
0	256	2.60359	-8.39458	-1	-1	-1
0	256	7.0201	4.46002	-1	-1	-1
0	256	-3.61259	-2.68348	1616	1656	-1
0	256	0.424483	6.71981	3841	3895.09	-1
0	256	4.99113	-3.09072	-1	-1	-1
0	256	2.3641	-3.65614	-1	-1	-1
0	256	-4.03755	-0.935048	784	834.281	-1
0	256	0.167006	7.67827	-1	-1	-1
0	256	-5.66063	-7.21372	-1	-1	-1
0	256	4.13067	0.155424	-1	-1	-1
0	256	-5.79823	6.18882	2207	2271.78	-1
0	256	6.69128	-2.88498	-1	-1	-1
0	256	-2.68679	5.28509	-1	-1	-1
0	256	5.76494	5.55243	-1	-1	-1
0	256	7.90363	-0.230298	-1	-1	-1
0	256	2.16777	-8.18682	-1	-1	-1
0	256	-3.74822	-8.79216	-1	-1	-1
0	256	-0.834947	-6.26527	-1	-1	-1
0	256	7.56035	-1.46091	-1	-1	-1
0	256	-4.74824	-4.60411	1800	1849.34	-1
0	256	-0.102316	-7.29501	-1	-1	-1
0	256	2.75048	8.89482	-1	-1	-1
0	256	-8.01489	3.98289	1605	1668.53	-1
0	256	-3.30796	0.564428	596	624.5	-1
0	256	4.27823	-8.76951	-1	-1	-1
0	256	-8.11239	-3.00841	1536	1605.34	-1
0	256	3.15884	-5.4345	2319	2436.12	-1
0	256	-1.68219	4.34575	2809	2850.59	-1
0	256	5.4216	1.63417	-1	-1	-1
0	256	4.81015	-6.85712	-1	-1	-1
0	256	-8.00625	-7.71388	-1	-1	-1
0	256	-6.48109	1.83785	-1	-1	-1
0	256	2.57666	-7.54085	421	480.25	-1
0	256	0.540538	9.34502	4041	4111.22	-1
0	256	-7.22941	1.08219	1995	2116.66	-1
0	256	-8.7666	-2.02124	-1	-1	-1
0	256	-2.47198	-6.50126	-1	-1	-1
0	256	6.93187	-1.60904	1987	2038.56	-1
0	256	-6.09783	1.49132	60	107.062	-1
0	256	3.60677	-5.28938	2125	2174.44	-1
0	256	9.10925	-0.357879	-1	-1	-1
0	256	3.12171	8.43342	-1	-1	-1
0	256	-6.83914	3.65184	-1	-1	-1
0	256	6.38507	-7.63739	-1	-1	-1
0	256	-1.12445	3.78129	65	96.75	-1
0	256	9.6193	0.135113	-1	-1	-1
0	256	9.41199	2.09708	-1	-1	-1
0	256	3.32014	-4.68689	2488	2535.25	-1
0	256	-0.374839	-3.11382	119	148.156	-1
0	256	-6.00314	-5.42058	-1	-1	-1
0	256	5.59157	-3.12117	1015	1070.56	-1
0	256	-4.5269	2.28508	5064	5103.94	-1
0	256	2.07386	-5.89536	4693	4739.22	-1
0	256	0.876124	-8.8632	841	910.875	-1
0	256	-6.3967	1.69102	-1	-1	-1
0	256	-2.80373	-7.5496	-1	-1	-1
0	256	5.39016	0.0524872	4046	4095.75	-1
0	256	-7.49392	-2.94113	1344	1458.59	-1
0	256	8.46155	-3.50277	-1	-1	-1
0	256	-1.38988	-0.460207	24	45.3125	-1
0	256	4.71373	2.27255	4542	4584.47	-1
0	256	7.50284	5.35775	-1	-1	-1
0	256	9.3292	0.0539008	-1	-1	-1
0	256	-7.0314	6.2483	-1	-1	-1
0	256	7.06763	-5.90856	-1	-1	-1
0	256	-5.08894	5.45166	490	550.188	-1
0	256	1.53419	-4.53444	1480	1522.91	-1
0	256	-1.93282	-7.24331	-1	-1	-1
0	256	0.137494	-4.28523	389	447.062	-1
0	256	-2.20472	-2.63079	41	72.7188	-1
0	256	-8.86287	2.98239	-1	-1	-1
0	256	-1.28782	3.67161	2897	2950.44	-1
0	256	-5.72245	2.8322	1500	1546.22	-1
0	256	3.27197	-4.34629	-1	-1	-1
0	256	-5.57209	-0.151121	-1	-1	-1
0	256	-5.11702	7.1547	633	701.656	-1
0	256	8.63097	1.04231	-1	-1	-1
0	256	9.10462	3.43337	-1	-1	-1
0	256	4.11753	-2.18783	-1	-1	-1
0	256	-0.0746895	-3.38395	59	88.4688	-1
0	256	-3.59038	-4.58354	1352	1401.12	-1
0	256	-5.00149	-3.87284	-1	-1	-1
0	256	-7.62102	-5.35314	-1	-1	-1
0	256	-5.61782	1.9923	-1	-1	-1
0	256	3.63295	2.15773	3513	3549.5	-1
0	256	-5.07604	2.26098	4368	4440.09	-1
0	256	-5.00036	-3.30704	3181	3224.47	-1
0	256	-3.65905	-5.61732	-1	-1	-1
0	256	-7.55201	5.2763	-1	-1	-1
0	256	-5.85712	-7.07724	-1	-1	-1
0	256	-1.55526	-5.8675	3542	3594.06	-1
0	256	-0.802297	-4.55018	2270	2397.94	-1
0	256	-5.60505	7.98057	-1	-1	-1
0	256	8.76231	3.26829	1220	1287.19	-1
0	256	9.52598	-2.6803	-1	-1	-1
0	256	3.59979	0.549433	-1	-1	-1
0	256	-7.69763	0.42882	-1	-1	-1
0	256	-6.68765	-6.22919	-1	-1	-1
0	256	7.88076	2.03533	-1	-1	-1
0	256	-0.31636	7.627	3099	3188.56	-1
0	256	5.12985	-1.8437	962	1007.47	-1
0	256	-4.20521	8.34413	-1	-1	-1
0	256	-7.30613	-6.06728	-1	-1	-1
0	256	-7.76001	2.9307	-1	-1	-1
0	256	-8.98396	-3.02273	-1	-1	-1
0	256	-0.176353	-8.15066	-1	-1	-1
0	256	-6.93236	4.90444	-1	-1	-1
0	256	3.65551	-8.63334	-1	-1	-1
0	256	-3.04	-3.03708	1689	1745.06	-1
0	256	-4.08828	-4.75478	287	338.469	-1
0	256	1.52658	4.248	4611	4654.28	-1
0	256	3.05622	2.24007	41	72.625	-1
0	256	3.05328	-8.13215	-1	-1	-1
0	256	-2.77394	3.31008	564	603.062	-1
0	256	3.59374	-5.16406	901	949.781	-1
0	256	7.80185	1.21202	1233	1319.94	-1
0	256	4.68973	3.34333	4351	4396.59	-1
0	256	1.84259	-3.1159	1152	1182.03	-1
0	256	-7.36215	-4.20297	1680	1738.94	-1
0	256	1.72932	-2.7682	503	532.75	-1
0	256	2.69473	2.03463	-1	-1	-1
0	256	1.30896	3.30913	3879	3948.06	-1
0	256	0.00665197	-9.21533	-1	-1	-1
