Pile ID	Distribution Type	X-Position	Y-Position	Pickup Time	Drop Off Time	Ant ID
1	1	-2.76695	5.15896	4704	4748.19	-1
1	1	-2.61695	5.15896	4883	4931.88	-1
1	1	-2.46695	5.15896	850	894.688	-1
1	1	-2.31695	5.15896	590	707.469	-1
1	1	-2.16695	5.15896	758	806.062	-1
1	1	-2.01695	5.15896	-1	-1	-1
1	1	-1.86695	5.15896	-1	-1	-1
1	1	-1.71695	5.15896	437	503.125	-1
1	1	-1.56695	5.15896	334	383.562	-1
1	1	-1.41695	5.15896	234	278	-1
1	1	-1.26695	5.15896	454	520.125	-1
1	1	-1.11695	5.15896	4221	4278.34	-1
1	1	-0.966953	5.15896	4114	4158.72	-1
1	1	-0.816953	5.15896	-1	-1	-1
1	1	-0.666953	5.15896	-1	-1	-1
1	1	-0.516953	5.15896	665	707.531	-1
1	1	-2.76695	5.30896	-1	-1	-1
1	1	-2.61695	5.30896	-1	-1	-1
1	1	-2.46695	5.30896	-1	-1	-1
1	1	-2.31695	5.30896	948	992.281	-1
1	1	-2.16695	5.30896	1047	1094.25	-1
1	1	-2.01695	5.30896	-1	-1	-1
1	1	-1.86695	5.30896	-1	-1	-1
1	1	-1.71695	5.30896	-1	-1	-1
1	1	-1.56695	5.30896	-1	-1	-1
1	1	-1.41695	5.30896	567	620.969	-1
1	1	-1.26695	5.30896	1482	1591.75	-1
1	1	-1.11695	5.30896	3736	3780.91	-1
1	1	-0.966953	5.30896	3995	4043.22	-1
1	1	-0.816953	5.30896	-1	-1	-1
1	1	-0.666953	5.30896	-1	-1	-1
1	1	-0.516953	5.30896	-1	-1	-1
1	1	-2.76695	5.45896	-1	-1	-1
1	1	-2.61695	5.45896	-1	-1	-1
1	1	-2.46695	5.45896	-1	-1	-1
1	1	-2.31695	5.45896	-1	-1	-1
1	1	-2.16695	5.45896	-1	-1	-1
1	1	-2.01695	5.45896	-1	-1	-1
1	1	-1.86695	5.45896	-1	-1	-1
1	1	-1.71695	5.45896	-1	-1	-1
1	1	-1.56695	5.45896	-1	-1	-1
1	1	-1.41695	5.45896	4611	4674.28	-1
1	1	-1.26695	5.45896	3823	3865.44	-1
1	1	-1.11695	5.45896	3907	3947.91	-1
1	1	-0.966953	5.45896	4382	4434.53	-1
1	1	-0.816953	5.45896	-1	-1	-1
1	1	-0.666953	5.45896	-1	-1	-1
1	1	-0.516953	5.45896	-1	-1	-1
1	1	-2.76695	5.60896	-1	-1	-1
1	1	-2.61695	5.60896	-1	-1	-1
1	1	-2.46695	5.60896	-1	-1	-1
1	1	-2.31695	5.60896	-1	-1	-1
1	1	-2.16695	5.60896	-1	-1	-1
1	1	-2.01695	5.60896	-1	-1	-1
1	1	-1.86695	5.60896	-1	-1	-1
1	1	-1.71695	5.60896	-1	-1	-1
1	1	-1.56695	5.60896	-1	-1	-1
1	1	-1.41695	5.60896	4819	4863.5	-1
1	1	-1.26695	5.60896	4735	4779.38	-1
1	1	-1.11695	5.60896	4213	4296.75	-1
1	1	-0.966953	5.60896	4490	4533.47	-1
1	1	-0.816953	5.60896	-1	-1	-1
1	1	-0.666953	5.60896	-1	-1	-1
1	1	-0.516953	5.60896	3912	3973.25	-1
1	1	-2.76695	5.75896	-1	-1	-1
1	1	-2.61695	5.75896	-1	-1	-1
1	1	-2.46695	5.75896	-1	-1	-1
1	1	-2.31695	5.75896	-1	-1	-1
1	1	-2.16695	5.75896	-1	-1	-1
1	1	-2.01695	5.75896	-1	-1	-1
1	1	-1.86695	5.75896	-1	-1	-1
1	1	-1.71695	5.75896	-1	-1	-1
1	1	-1.56695	5.75896	-1	-1	-1
1	1	-1.41695	5.75896	-1	-1	-1
1	1	-1.26695	5.75896	-1	-1	-1
1	1	-1.11695	5.75896	5114	5159.84	-1
1	1	-0.966953	5.75896	4992	5045.41	-1
1	1	-0.816953	5.75896	-1	-1	-1
1	1	-0.666953	5.75896	-1	-1	-1
1	1	-0.516953	5.75896	-1	-1	-1
1	1	-2.76695	5.90896	-1	-1	-1
1	1	-2.61695	5.90896	-1	-1	-1
1	1	-2.46695	5.90896	-1	-1	-1
1	1	-2.31695	5.90896	-1	-1	-1
1	1	-2.16695	5.90896	-1	-1	-1
1	1	-2.01695	5.90896	-1	-1	-1
1	1	-1.86695	5.90896	-1	-1	-1
1	1	-1.71695	5.90896	-1	-1	-1
1	1	-1.56695	5.90896	-1	-1	-1
1	1	-1.41695	5.90896	-1	-1	-1
1	1	-1.26695	5.90896	5031	5085.38	-1
1	1	-1.11695	5.90896	4783	4837.97	-1
1	1	-0.966953	5.90896	4844	4912.03	-1
1	1	-0.816953	5.90896	5350	-1	-1
1	1	-0.666953	5.90896	-1	-1	-1
1	1	-0.516953	5.90896	-1	-1	-1
1	1	-2.76695	6.05896	-1	-1	-1
1	1	-2.61695	6.05896	-1	-1	-1
1	1	-2.46695	6.05896	-1	-1	-1
1	1	-2.31695	6.05896	-1	-1	-1
1	1	-2.16695	6.05896	-1	-1	-1
1	1	-2.01695	6.05896	-1	-1	-1
1	1	-1.86695	6.05896	-1	-1	-1
1	1	-1.71695	6.05896	-1	-1	-1
1	1	-1.56695	6.05896	5372	-1	-1
1	1	-1.41695	6.05896	5212	5292.78	-1
1	1	-1.26695	6.05896	5165	5215.62	-1
1	1	-1.11695	6.05896	4626	4686.91	-1
1	1	-0.966953	6.05896	4732	4784.72	-1
1	1	-0.816953	6.05896	-1	-1	-1
1	1	-0.666953	6.05896	3890	3944.66	-1
1	1	-0.516953	6.05896	3440	3489.5	-1
1	1	-2.76695	6.20896	-1	-1	-1
1	1	-2.61695	6.20896	-1	-1	-1
1	1	-2.46695	6.20896	-1	-1	-1
1	1	-2.31695	6.20896	-1	-1	-1
1	1	-2.16695	6.20896	-1	-1	-1
1	1	-2.01695	6.20896	-1	-1	-1
1	1	-1.86695	6.20896	-1	-1	-1
1	1	-1.71695	6.20896	-1	-1	-1
1	1	-1.56695	6.20896	-1	-1	-1
1	1	-1.41695	6.20896	-1	-1	-1
1	1	-1.26695	6.20896	5279	5334.19	-1
1	1	-1.11695	6.20896	4279	4341.66	-1
1	1	-0.966953	6.20896	4457	4512.25	-1
1	1	-0.816953	6.20896	4827	4885.22	-1
1	1	-0.666953	6.20896	4937	5003.72	-1
1	1	-0.516953	6.20896	3360	3410.94	-1
1	1	-2.76695	6.35896	-1	-1	-1
1	1	-2.61695	6.35896	-1	-1	-1
1	1	-2.46695	6.35896	-1	-1	-1
1	1	-2.31695	6.35896	-1	-1	-1
1	1	-2.16695	6.35896	-1	-1	-1
1	1	-2.01695	6.35896	-1	-1	-1
1	1	-1.86695	6.35896	-1	-1	-1
1	1	-1.71695	6.35896	-1	-1	-1
1	1	-1.56695	6.35896	-1	-1	-1
1	1	-1.41695	6.35896	-1	-1	-1
1	1	-1.26695	6.35896	4519	4575.28	-1
1	1	-1.11695	6.35896	4258	4316.22	-1
1	1	-0.966953	6.35896	4105	4178.47	-1
1	1	-0.816953	6.35896	4384	4437.34	-1
1	1	-0.666953	6.35896	3663	3718.16	-1
1	1	-0.516953	6.35896	3206	3270.03	-1
1	1	-2.76695	6.50896	-1	-1	-1
1	1	-2.61695	6.50896	-1	-1	-1
1	1	-2.46695	6.50896	-1	-1	-1
1	1	-2.31695	6.50896	-1	-1	-1
1	1	-2.16695	6.50896	-1	-1	-1
1	1	-2.01695	6.50896	-1	-1	-1
1	1	-1.86695	6.50896	-1	-1	-1
1	1	-1.71695	6.50896	-1	-1	-1
1	1	-1.56695	6.50896	-1	-1	-1
1	1	-1.41695	6.50896	-1	-1	-1
1	1	-1.26695	6.50896	4367	4464.75	-1
1	1	-1.11695	6.50896	4123	4187.12	-1
1	1	-0.966953	6.50896	3978	4050.75	-1
1	1	-0.816953	6.50896	3864	3916.5	-1
1	1	-0.666953	6.50896	3542	3594.84	-1
1	1	-0.516953	6.50896	3316	3366.22	-1
1	1	-2.76695	6.65896	-1	-1	-1
1	1	-2.61695	6.65896	-1	-1	-1
1	1	-2.46695	6.65896	-1	-1	-1
1	1	-2.31695	6.65896	-1	-1	-1
1	1	-2.16695	6.65896	-1	-1	-1
1	1	-2.01695	6.65896	-1	-1	-1
1	1	-1.86695	6.65896	-1	-1	-1
1	1	-1.71695	6.65896	-1	-1	-1
1	1	-1.56695	6.65896	-1	-1	-1
1	1	-1.41695	6.65896	-1	-1	-1
1	1	-1.26695	6.65896	-1	-1	-1
1	1	-1.11695	6.65896	4239	4309.19	-1
1	1	-0.966953	6.65896	4004	4093.66	-1
1	1	-0.816953	6.65896	3749	3818.94	-1
1	1	-0.666953	6.65896	3641	3690.5	-1
1	1	-0.516953	6.65896	3422	3481.12	-1
1	1	-2.76695	6.80896	-1	-1	-1
1	1	-2.61695	6.80896	-1	-1	-1
1	1	-2.46695	6.80896	-1	-1	-1
1	1	-2.31695	6.80896	-1	-1	-1
1	1	-2.16695	6.80896	-1	-1	-1
1	1	-2.01695	6.80896	-1	-1	-1
1	1	-1.86695	6.80896	-1	-1	-1
1	1	-1.71695	6.80896	-1	-1	-1
1	1	-1.56695	6.80896	-1	-1	-1
1	1	-1.41695	6.80896	-1	-1	-1
1	1	-1.26695	6.80896	-1	-1	-1
1	1	-1.11695	6.80896	4566	4626.19	-1
1	1	-0.966953	6.80896	4701	4761.47	-1
1	1	-0.816953	6.80896	4158	4220.59	-1
1	1	-0.666953	6.80896	4404	4473.69	-1
1	1	-0.516953	6.80896	3685	3745.28	-1
1	1	-2.76695	6.95896	-1	-1	-1
1	1	-2.61695	6.95896	-1	-1	-1
1	1	-2.46695	6.95896	-1	-1	-1
1	1	-2.31695	6.95896	-1	-1	-1
1	1	-2.16695	6.95896	-1	-1	-1
1	1	-2.01695	6.95896	-1	-1	-1
1	1	-1.86695	6.95896	-1	-1	-1
1	1	-1.71695	6.95896	-1	-1	-1
1	1	-1.56695	6.95896	-1	-1	-1
1	1	-1.41695	6.95896	-1	-1	-1
1	1	-1.26695	6.95896	-1	-1	-1
1	1	-1.11695	6.95896	-1	-1	-1
1	1	-0.966953	6.95896	4633	4699.41	-1
1	1	-0.816953	6.95896	4526	4580.97	-1
1	1	-0.666953	6.95896	4881	4962.44	-1
1	1	-0.516953	6.95896	4907	4982.53	-1
1	1	-2.76695	7.10896	-1	-1	-1
1	1	-2.61695	7.10896	-1	-1	-1
1	1	-2.46695	7.10896	-1	-1	-1
1	1	-2.31695	7.10896	-1	-1	-1
1	1	-2.16695	7.10896	-1	-1	-1
1	1	-2.01695	7.10896	-1	-1	-1
1	1	-1.86695	7.10896	-1	-1	-1
1	1	-1.71695	7.10896	-1	-1	-1
1	1	-1.56695	7.10896	-1	-1	-1
1	1	-1.41695	7.10896	-1	-1	-1
1	1	-1.26695	7.10896	5294	5362.91	-1
1	1	-1.11695	7.10896	4826	4945.59	-1
1	1	-0.966953	7.10896	4785	4859.72	-1
1	1	-0.816953	7.10896	4752	4820.62	-1
1	1	-0.666953	7.10896	-1	-1	-1
1	1	-0.516953	7.10896	-1	-1	-1
1	1	-2.76695	7.25896	-1	-1	-1
1	1	-2.61695	7.25896	-1	-1	-1
1	1	-2.46695	7.25896	-1	-1	-1
1	1	-2.31695	7.25896	-1	-1	-1
1	1	-2.16695	7.25896	-1	-1	-1
1	1	-2.01695	7.25896	-1	-1	-1
1	1	-1.86695	7.25896	-1	-1	-1
1	1	-1.71695	7.25896	-1	-1	-1
1	1	-1.56695	7.25896	-1	-1	-1
1	1	-1.41695	7.25896	-1	-1	-1
1	1	-1.26695	7.25896	-1	-1	-1
1	1	-1.11695	7.25896	5022	5093.5	-1
1	1	-0.966953	7.25896	4929	4997.09	-1
1	1	-0.816953	7.25896	-1	-1	-1
1	1	-0.666953	7.25896	-1	-1	-1
1	1	-0.516953	7.25896	-1	-1	-1
1	1	-2.76695	7.40896	-1	-1	-1
1	1	-2.61695	7.40896	-1	-1	-1
1	1	-2.46695	7.40896	-1	-1	-1
1	1	-2.31695	7.40896	-1	-1	-1
1	1	-2.16695	7.40896	-1	-1	-1
1	1	-2.01695	7.40896	-1	-1	-1
1	1	-1.86695	7.40896	-1	-1	-1
1	1	-1.71695	7.40896	-1	-1	-1
1	1	-1.56695	7.40896	-1	-1	-1
1	1	-1.41695	7.40896	-1	-1	-1
1	1	-1.26695	7.40896	-1	-1	-1
1	1	-1.11695	7.40896	-1	-1	-1
1	1	-0.966953	7.40896	5165	5225.69	-1
1	1	-0.816953	7.40896	-1	-1	-1
1	1	-0.666953	7.40896	-1	-1	-1
1	1	-0.516953	7.40896	-1	-1	-1
2	4	3.3583	7.07143	-1	-1	-1
2	4	3.5083	7.07143	-1	-1	-1
2	4	3.6583	7.07143	-1	-1	-1
2	4	3.8083	7.07143	-1	-1	-1
2	4	3.9583	7.07143	-1	-1	-1
2	4	4.1083	7.07143	-1	-1	-1
2	4	4.2583	7.07143	-1	-1	-1
2	4	4.4083	7.07143	-1	-1	-1
2	4	3.3583	7.22143	4169	4231.41	-1
2	4	3.5083	7.22143	-1	-1	-1
2	4	3.6583	7.22143	-1	-1	-1
2	4	3.8083	7.22143	-1	-1	-1
2	4	3.9583	7.22143	-1	-1	-1
2	4	4.1083	7.22143	-1	-1	-1
2	4	4.2583	7.22143	-1	-1	-1
2	4	4.4083	7.22143	-1	-1	-1
2	4	3.3583	7.37143	4292	4353.72	-1
2	4	3.5083	7.37143	-1	-1	-1
2	4	3.6583	7.37143	-1	-1	-1
2	4	3.8083	7.37143	-1	-1	-1
2	4	3.9583	7.37143	-1	-1	-1
2	4	4.1083	7.37143	-1	-1	-1
2	4	4.2583	7.37143	-1	-1	-1
2	4	4.4083	7.37143	-1	-1	-1
2	4	3.3583	7.52143	4323	4396.09	-1
2	4	3.5083	7.52143	4559	4629.91	-1
2	4	3.6583	7.52143	-1	-1	-1
2	4	3.8083	7.52143	-1	-1	-1
2	4	3.9583	7.52143	-1	-1	-1
2	4	4.1083	7.52143	-1	-1	-1
2	4	4.2583	7.52143	-1	-1	-1
2	4	4.4083	7.52143	-1	-1	-1
2	4	3.3583	7.67143	4415	4491.12	-1
2	4	3.5083	7.67143	4709	4772.38	-1
2	4	3.6583	7.67143	-1	-1	-1
2	4	3.8083	7.67143	-1	-1	-1
2	4	3.9583	7.67143	-1	-1	-1
2	4	4.1083	7.67143	-1	-1	-1
2	4	4.2583	7.67143	-1	-1	-1
2	4	4.4083	7.67143	-1	-1	-1
2	4	3.3583	7.82143	4839	4902.44	-1
2	4	3.5083	7.82143	4735	4800.53	-1
2	4	3.6583	7.82143	4986	5079.22	-1
2	4	3.8083	7.82143	-1	-1	-1
2	4	3.9583	7.82143	-1	-1	-1
2	4	4.1083	7.82143	-1	-1	-1
2	4	4.2583	7.82143	-1	-1	-1
2	4	4.4083	7.82143	-1	-1	-1
2	4	3.3583	7.97143	4412	4480.22	-1
2	4	3.5083	7.97143	4558	4665.91	-1
2	4	3.6583	7.97143	4861	4926.84	-1
2	4	3.8083	7.97143	-1	-1	-1
2	4	3.9583	7.97143	-1	-1	-1
2	4	4.1083	7.97143	-1	-1	-1
2	4	4.2583	7.97143	-1	-1	-1
2	4	4.4083	7.97143	3960	4025.22	-1
2	4	3.3583	8.12143	-1	-1	-1
2	4	3.5083	8.12143	-1	-1	-1
2	4	3.6583	8.12143	-1	-1	-1
2	4	3.8083	8.12143	-1	-1	-1
2	4	3.9583	8.12143	-1	-1	-1
2	4	4.1083	8.12143	-1	-1	-1
2	4	4.2583	8.12143	3617	3704.56	-1
2	4	4.4083	8.12143	3773	3839.25	-1
3	4	6.67995	5.03747	-1	-1	-1
3	4	6.82995	5.03747	-1	-1	-1
3	4	6.97995	5.03747	-1	-1	-1
3	4	7.12995	5.03747	4505	4615.81	-1
3	4	7.27995	5.03747	-1	-1	-1
3	4	7.42995	5.03747	-1	-1	-1
3	4	7.57995	5.03747	-1	-1	-1
3	4	7.72995	5.03747	-1	-1	-1
3	4	6.67995	5.18747	-1	-1	-1
3	4	6.82995	5.18747	-1	-1	-1
3	4	6.97995	5.18747	-1	-1	-1
3	4	7.12995	5.18747	-1	-1	-1
3	4	7.27995	5.18747	-1	-1	-1
3	4	7.42995	5.18747	-1	-1	-1
3	4	7.57995	5.18747	-1	-1	-1
3	4	7.72995	5.18747	-1	-1	-1
3	4	6.67995	5.33747	-1	-1	-1
3	4	6.82995	5.33747	-1	-1	-1
3	4	6.97995	5.33747	-1	-1	-1
3	4	7.12995	5.33747	-1	-1	-1
3	4	7.27995	5.33747	-1	-1	-1
3	4	7.42995	5.33747	-1	-1	-1
3	4	7.57995	5.33747	-1	-1	-1
3	4	7.72995	5.33747	-1	-1	-1
3	4	6.67995	5.48747	-1	-1	-1
3	4	6.82995	5.48747	-1	-1	-1
3	4	6.97995	5.48747	-1	-1	-1
3	4	7.12995	5.48747	-1	-1	-1
3	4	7.27995	5.48747	-1	-1	-1
3	4	7.42995	5.48747	-1	-1	-1
3	4	7.57995	5.48747	-1	-1	-1
3	4	7.72995	5.48747	-1	-1	-1
3	4	6.67995	5.63747	-1	-1	-1
3	4	6.82995	5.63747	-1	-1	-1
3	4	6.97995	5.63747	-1	-1	-1
3	4	7.12995	5.63747	-1	-1	-1
3	4	7.27995	5.63747	-1	-1	-1
3	4	7.42995	5.63747	-1	-1	-1
3	4	7.57995	5.63747	-1	-1	-1
3	4	7.72995	5.63747	-1	-1	-1
3	4	6.67995	5.78747	-1	-1	-1
3	4	6.82995	5.78747	-1	-1	-1
3	4	6.97995	5.78747	-1	-1	-1
3	4	7.12995	5.78747	-1	-1	-1
3	4	7.27995	5.78747	-1	-1	-1
3	4	7.42995	5.78747	-1	-1	-1
3	4	7.57995	5.78747	-1	-1	-1
3	4	7.72995	5.78747	-1	-1	-1
3	4	6.67995	5.93747	-1	-1	-1
3	4	6.82995	5.93747	-1	-1	-1
3	4	6.97995	5.93747	-1	-1	-1
3	4	7.12995	5.93747	-1	-1	-1
3	4	7.27995	5.93747	-1	-1	-1
3	4	7.42995	5.93747	-1	-1	-1
3	4	7.57995	5.93747	-1	-1	-1
3	4	7.72995	5.93747	-1	-1	-1
3	4	6.67995	6.08747	-1	-1	-1
3	4	6.82995	6.08747	-1	-1	-1
3	4	6.97995	6.08747	-1	-1	-1
3	4	7.12995	6.08747	-1	-1	-1
3	4	7.27995	6.08747	-1	-1	-1
3	4	7.42995	6.08747	-1	-1	-1
3	4	7.57995	6.08747	-1	-1	-1
3	4	7.72995	6.08747	-1	-1	-1
4	4	-3.82979	-8.16002	-1	-1	-1
4	4	-3.67979	-8.16002	-1	-1	-1
4	4	-3.52979	-8.16002	-1	-1	-1
4	4	-3.37979	-8.16002	-1	-1	-1
4	4	-3.22979	-8.16002	-1	-1	-1
4	4	-3.07979	-8.16002	-1	-1	-1
4	4	-2.92979	-8.16002	-1	-1	-1
4	4	-2.77979	-8.16002	-1	-1	-1
4	4	-3.82979	-8.01002	-1	-1	-1
4	4	-3.67979	-8.01002	-1	-1	-1
4	4	-3.52979	-8.01002	-1	-1	-1
4	4	-3.37979	-8.01002	-1	-1	-1
4	4	-3.22979	-8.01002	-1	-1	-1
4	4	-3.07979	-8.01002	-1	-1	-1
4	4	-2.92979	-8.01002	-1	-1	-1
4	4	-2.77979	-8.01002	-1	-1	-1
4	4	-3.82979	-7.86002	-1	-1	-1
4	4	-3.67979	-7.86002	-1	-1	-1
4	4	-3.52979	-7.86002	-1	-1	-1
4	4	-3.37979	-7.86002	-1	-1	-1
4	4	-3.22979	-7.86002	-1	-1	-1
4	4	-3.07979	-7.86002	-1	-1	-1
4	4	-2.92979	-7.86002	-1	-1	-1
4	4	-2.77979	-7.86002	-1	-1	-1
4	4	-3.82979	-7.71002	-1	-1	-1
4	4	-3.67979	-7.71002	-1	-1	-1
4	4	-3.52979	-7.71002	-1	-1	-1
4	4	-3.37979	-7.71002	-1	-1	-1
4	4	-3.22979	-7.71002	-1	-1	-1
4	4	-3.07979	-7.71002	-1	-1	-1
4	4	-2.92979	-7.71002	-1	-1	-1
4	4	-2.77979	-7.71002	-1	-1	-1
4	4	-3.82979	-7.56002	-1	-1	-1
4	4	-3.67979	-7.56002	-1	-1	-1
4	4	-3.52979	-7.56002	-1	-1	-1
4	4	-3.37979	-7.56002	-1	-1	-1
4	4	-3.22979	-7.56002	-1	-1	-1
4	4	-3.07979	-7.56002	-1	-1	-1
4	4	-2.92979	-7.56002	-1	-1	-1
4	4	-2.77979	-7.56002	-1	-1	-1
4	4	-3.82979	-7.41002	3204	3277.09	-1
4	4	-3.67979	-7.41002	-1	-1	-1
4	4	-3.52979	-7.41002	-1	-1	-1
4	4	-3.37979	-7.41002	-1	-1	-1
4	4	-3.22979	-7.41002	-1	-1	-1
4	4	-3.07979	-7.41002	-1	-1	-1
4	4	-2.92979	-7.41002	-1	-1	-1
4	4	-2.77979	-7.41002	-1	-1	-1
4	4	-3.82979	-7.26002	3079	3142.81	-1
4	4	-3.67979	-7.26002	-1	-1	-1
4	4	-3.52979	-7.26002	-1	-1	-1
4	4	-3.37979	-7.26002	-1	-1	-1
4	4	-3.22979	-7.26002	-1	-1	-1
4	4	-3.07979	-7.26002	-1	-1	-1
4	4	-2.92979	-7.26002	-1	-1	-1
4	4	-2.77979	-7.26002	-1	-1	-1
4	4	-3.82979	-7.11002	-1	-1	-1
4	4	-3.67979	-7.11002	-1	-1	-1
4	4	-3.52979	-7.11002	-1	-1	-1
4	4	-3.37979	-7.11002	-1	-1	-1
4	4	-3.22979	-7.11002	2018	2084.53	-1
4	4	-3.07979	-7.11002	2145	2223.16	-1
4	4	-2.92979	-7.11002	2293	2365.06	-1
4	4	-2.77979	-7.11002	-1	-1	-1
5	4	-5.57488	-6.78471	-1	-1	-1
5	4	-5.42488	-6.78471	3348	3417.28	-1
5	4	-5.27488	-6.78471	2918	2989.94	-1
5	4	-5.12488	-6.78471	2870	2939.81	-1
5	4	-4.97488	-6.78471	3003	3067.16	-1
5	4	-4.82488	-6.78471	2792	2856.62	-1
5	4	-4.67488	-6.78471	2930	3006.5	-1
5	4	-4.52488	-6.78471	2806	2887.75	-1
5	4	-5.57488	-6.63471	-1	-1	-1
5	4	-5.42488	-6.63471	3134	3199.94	-1
5	4	-5.27488	-6.63471	2739	2818.97	-1
5	4	-5.12488	-6.63471	2697	2846.09	-1
5	4	-4.97488	-6.63471	2730	2801.72	-1
5	4	-4.82488	-6.63471	2478	2545.56	-1
5	4	-4.67488	-6.63471	2631	2706.28	-1
5	4	-4.52488	-6.63471	2680	2741.44	-1
5	4	-5.57488	-6.48471	-1	-1	-1
5	4	-5.42488	-6.48471	3261	3329.47	-1
5	4	-5.27488	-6.48471	2572	2650.06	-1
5	4	-5.12488	-6.48471	2526	2591.16	-1
5	4	-4.97488	-6.48471	2487	2576.84	-1
5	4	-4.82488	-6.48471	2335	2403.84	-1
5	4	-4.67488	-6.48471	2352	2419.94	-1
5	4	-4.52488	-6.48471	2291	2356.53	-1
5	4	-5.57488	-6.33471	-1	-1	-1
5	4	-5.42488	-6.33471	2446	2560.38	-1
5	4	-5.27488	-6.33471	2633	2700.75	-1
5	4	-5.12488	-6.33471	2103	2167.66	-1
5	4	-4.97488	-6.33471	1995	2062.25	-1
5	4	-4.82488	-6.33471	2180	2246.44	-1
5	4	-4.67488	-6.33471	2279	2363.44	-1
5	4	-4.52488	-6.33471	2429	2505.25	-1
5	4	-5.57488	-6.18471	2311	2378.22	-1
5	4	-5.42488	-6.18471	2233	2310.25	-1
5	4	-5.27488	-6.18471	1791	1864.19	-1
5	4	-5.12488	-6.18471	1922	1996.72	-1
5	4	-4.97488	-6.18471	1780	1844.31	-1
5	4	-4.82488	-6.18471	1718	1790.59	-1
5	4	-4.67488	-6.18471	2427	2497.69	-1
5	4	-4.52488	-6.18471	2693	2765.19	-1
5	4	-5.57488	-6.03471	1391	1455.03	-1
5	4	-5.42488	-6.03471	1514	1577.12	-1
5	4	-5.27488	-6.03471	1643	1715.84	-1
5	4	-5.12488	-6.03471	1950	2018.91	-1
5	4	-4.97488	-6.03471	1758	1831.88	-1
5	4	-4.82488	-6.03471	1467	1528.84	-1
5	4	-4.67488	-6.03471	1343	1402.12	-1
5	4	-4.52488	-6.03471	1452	1513.19	-1
5	4	-5.57488	-5.88471	1122	1183.38	-1
5	4	-5.42488	-5.88471	1257	1317.22	-1
5	4	-5.27488	-5.88471	1668	1734.09	-1
5	4	-5.12488	-5.88471	1911	1982.56	-1
5	4	-4.97488	-5.88471	1592	1652.59	-1
5	4	-4.82488	-5.88471	1295	1353.78	-1
5	4	-4.67488	-5.88471	1170	1227.97	-1
5	4	-4.52488	-5.88471	1566	1626.38	-1
5	4	-5.57488	-5.73471	958	1018	-1
5	4	-5.42488	-5.73471	829	889.031	-1
5	4	-5.27488	-5.73471	2136	2200.97	-1
5	4	-5.12488	-5.73471	2044	2110.16	-1
5	4	-4.97488	-5.73471	835	981.906	-1
5	4	-4.82488	-5.73471	1035	1109.19	-1
5	4	-4.67488	-5.73471	1100	1171.94	-1
5	4	-4.52488	-5.73471	1232	1288.34	-1
6	16	-4.06408	4.67716	-1	-1	-1
6	16	-3.91408	4.67716	-1	-1	-1
6	16	-3.76408	4.67716	-1	-1	-1
6	16	-3.61408	4.67716	-1	-1	-1
6	16	-4.06408	4.82716	-1	-1	-1
6	16	-3.91408	4.82716	-1	-1	-1
6	16	-3.76408	4.82716	-1	-1	-1
6	16	-3.61408	4.82716	-1	-1	-1
6	16	-4.06408	4.97716	-1	-1	-1
6	16	-3.91408	4.97716	-1	-1	-1
6	16	-3.76408	4.97716	-1	-1	-1
6	16	-3.61408	4.97716	-1	-1	-1
6	16	-4.06408	5.12716	-1	-1	-1
6	16	-3.91408	5.12716	-1	-1	-1
6	16	-3.76408	5.12716	-1	-1	-1
6	16	-3.61408	5.12716	-1	-1	-1
7	16	-1.90727	-7.5495	-1	-1	-1
7	16	-1.75727	-7.5495	-1	-1	-1
7	16	-1.60727	-7.5495	3852	3911.84	-1
7	16	-1.45727	-7.5495	-1	-1	-1
7	16	-1.90727	-7.3995	-1	-1	-1
7	16	-1.75727	-7.3995	-1	-1	-1
7	16	-1.60727	-7.3995	-1	-1	-1
7	16	-1.45727	-7.3995	-1	-1	-1
7	16	-1.90727	-7.2495	-1	-1	-1
7	16	-1.75727	-7.2495	-1	-1	-1
7	16	-1.60727	-7.2495	-1	-1	-1
7	16	-1.45727	-7.2495	-1	-1	-1
7	16	-1.90727	-7.0995	-1	-1	-1
7	16	-1.75727	-7.0995	-1	-1	-1
7	16	-1.60727	-7.0995	-1	-1	-1
7	16	-1.45727	-7.0995	-1	-1	-1
8	16	6.80087	-2.70285	-1	-1	-1
8	16	6.95087	-2.70285	-1	-1	-1
8	16	7.10087	-2.70285	-1	-1	-1
8	16	7.25087	-2.70285	-1	-1	-1
8	16	6.80087	-2.55285	-1	-1	-1
8	16	6.95087	-2.55285	-1	-1	-1
8	16	7.10087	-2.55285	-1	-1	-1
8	16	7.25087	-2.55285	-1	-1	-1
8	16	6.80087	-2.40285	-1	-1	-1
8	16	6.95087	-2.40285	-1	-1	-1
8	16	7.10087	-2.40285	-1	-1	-1
8	16	7.25087	-2.40285	-1	-1	-1
8	16	6.80087	-2.25285	-1	-1	-1
8	16	6.95087	-2.25285	-1	-1	-1
8	16	7.10087	-2.25285	-1	-1	-1
8	16	7.25087	-2.25285	-1	-1	-1
9	16	3.1105	0.586777	396	548.531	-1
9	16	3.2605	0.586777	3459	3578.88	-1
9	16	3.4105	0.586777	-1	-1	-1
9	16	3.5605	0.586777	-1	-1	-1
9	16	3.1105	0.736777	574	608.844	-1
9	16	3.2605	0.736777	939	974.094	-1
9	16	3.4105	0.736777	5104	5138.31	-1
9	16	3.5605	0.736777	-1	-1	-1
9	16	3.1105	0.886777	819	847.281	-1
9	16	3.2605	0.886777	873	904.031	-1
9	16	3.4105	0.886777	5039	5072.5	-1
9	16	3.5605	0.886777	-1	-1	-1
9	16	3.1105	1.03678	413	442.031	-1
9	16	3.2605	1.03678	1917	1947	-1
9	16	3.4105	1.03678	-1	-1	-1
9	16	3.5605	1.03678	-1	-1	-1
10	16	3.92792	5.68197	-1	-1	-1
10	16	4.07792	5.68197	-1	-1	-1
10	16	4.22792	5.68197	-1	-1	-1
10	16	4.37792	5.68197	-1	-1	-1
10	16	3.92792	5.83197	-1	-1	-1
10	16	4.07792	5.83197	-1	-1	-1
10	16	4.22792	5.83197	-1	-1	-1
10	16	4.37792	5.83197	-1	-1	-1
10	16	3.92792	5.98197	-1	-1	-1
10	16	4.07792	5.98197	-1	-1	-1
10	16	4.22792	5.98197	-1	-1	-1
10	16	4.37792	5.98197	-1	-1	-1
10	16	3.92792	6.13197	-1	-1	-1
10	16	4.07792	6.13197	-1	-1	-1
10	16	4.22792	6.13197	-1	-1	-1
10	16	4.37792	6.13197	-1	-1	-1
11	16	2.53957	-6.60213	-1	-1	-1
11	16	2.68957	-6.60213	-1	-1	-1
11	16	2.83957	-6.60213	-1	-1	-1
11	16	2.98957	-6.60213	1386	1470.81	-1
11	16	2.53957	-6.45213	1647	1702.19	-1
11	16	2.68957	-6.45213	1409	1482.56	-1
11	16	2.83957	-6.45213	1261	1325.03	-1
11	16	2.98957	-6.45213	844	958.656	-1
11	16	2.53957	-6.30213	1562	1613.53	-1
11	16	2.68957	-6.30213	1391	1447.53	-1
11	16	2.83957	-6.30213	1147	1205.97	-1
11	16	2.98957	-6.30213	1008	1059.38	-1
11	16	2.53957	-6.15213	1669	1725.19	-1
11	16	2.68957	-6.15213	1540	1596.69	-1
11	16	2.83957	-6.15213	1500	1552.47	-1
11	16	2.98957	-6.15213	1077	1136.16	-1
12	16	-9.11557	0.0579684	3278	3342.78	-1
12	16	-8.96557	0.0579684	1553	1619.31	-1
12	16	-8.81557	0.0579684	1682	1747.53	-1
12	16	-8.66557	0.0579684	-1	-1	-1
12	16	-9.11557	0.207968	3408	3475.56	-1
12	16	-8.96557	0.207968	-1	-1	-1
12	16	-8.81557	0.207968	3015	3079.53	-1
12	16	-8.66557	0.207968	3141	3211.47	-1
12	16	-9.11557	0.357968	3543	3611.97	-1
12	16	-8.96557	0.357968	-1	-1	-1
12	16	-8.81557	0.357968	-1	-1	-1
12	16	-8.66557	0.357968	-1	-1	-1
12	16	-9.11557	0.507968	-1	-1	-1
12	16	-8.96557	0.507968	-1	-1	-1
12	16	-8.81557	0.507968	-1	-1	-1
12	16	-8.66557	0.507968	-1	-1	-1
13	16	1.63006	5.59642	3249	3296.91	-1
13	16	1.78006	5.59642	4144	4194.28	-1
13	16	1.93006	5.59642	4271	4315.81	-1
13	16	2.08006	5.59642	4450	4498.22	-1
13	16	1.63006	5.74642	3796	3846.75	-1
13	16	1.78006	5.74642	4032	4099.41	-1
13	16	1.93006	5.74642	4359	4404.72	-1
13	16	2.08006	5.74642	-1	-1	-1
13	16	1.63006	5.89642	4013	4071.5	-1
13	16	1.78006	5.89642	-1	-1	-1
13	16	1.93006	5.89642	-1	-1	-1
13	16	2.08006	5.89642	-1	-1	-1
13	16	1.63006	6.04642	4138	4213.66	-1
13	16	1.78006	6.04642	-1	-1	-1
13	16	1.93006	6.04642	-1	-1	-1
13	16	2.08006	6.04642	-1	-1	-1
14	16	0.508018	6.69205	3091	3149.56	-1
14	16	0.658018	6.69205	2799	2920.44	-1
14	16	0.808018	6.69205	2971	3021.72	-1
14	16	0.958018	6.69205	5295	5347.91	-1
14	16	0.508018	6.84205	-1	-1	-1
14	16	0.658018	6.84205	5063	5122.38	-1
14	16	0.808018	6.84205	5172	5227.47	-1
14	16	0.958018	6.84205	5042	5137.38	-1
14	16	0.508018	6.99205	5059	5109.91	-1
14	16	0.658018	6.99205	-1	-1	-1
14	16	0.808018	6.99205	5308	5376.22	-1
14	16	0.958018	6.99205	5190	5249	-1
14	16	0.508018	7.14205	3723	3823.22	-1
14	16	0.658018	7.14205	-1	-1	-1
14	16	0.808018	7.14205	-1	-1	-1
14	16	0.958018	7.14205	-1	-1	-1
15	16	-1.21176	-3.87616	-1	-1	-1
15	16	-1.06176	-3.87616	-1	-1	-1
15	16	-0.911762	-3.87616	-1	-1	-1
15	16	-0.761762	-3.87616	-1	-1	-1
15	16	-1.21176	-3.72616	-1	-1	-1
15	16	-1.06176	-3.72616	-1	-1	-1
15	16	-0.911762	-3.72616	-1	-1	-1
15	16	-0.761762	-3.72616	-1	-1	-1
15	16	-1.21176	-3.57616	-1	-1	-1
15	16	-1.06176	-3.57616	-1	-1	-1
15	16	-0.911762	-3.57616	115	178.156	-1
15	16	-0.761762	-3.57616	205	237.062	-1
15	16	-1.21176	-3.42616	49	91.125	-1
15	16	-1.06176	-3.42616	679	723.156	-1
15	16	-0.911762	-3.42616	28	57.9375	-1
15	16	-0.761762	-3.42616	75	137.875	-1
16	16	-2.33449	2.96485	1295	1325.25	-1
16	16	-2.18449	2.96485	1359	1392.16	-1
16	16	-2.03449	2.96485	1425	1454.41	-1
16	16	-1.88449	2.96485	1554	1585.62	-1
16	16	-2.33449	3.11485	-1	-1	-1
16	16	-2.18449	3.11485	1487	1520.81	-1
16	16	-2.03449	3.11485	-1	-1	-1
16	16	-1.88449	3.11485	1617	1646.88	-1
16	16	-2.33449	3.26485	-1	-1	-1
16	16	-2.18449	3.26485	-1	-1	-1
16	16	-2.03449	3.26485	1742	1778.44	-1
16	16	-1.88449	3.26485	1678	1710.44	-1
16	16	-2.33449	3.41485	-1	-1	-1
16	16	-2.18449	3.41485	-1	-1	-1
16	16	-2.03449	3.41485	4598	4653.25	-1
16	16	-1.88449	3.41485	1811	1849.25	-1
17	16	-3.39772	8.75507	-1	-1	-1
17	16	-3.24772	8.75507	-1	-1	-1
17	16	-3.09772	8.75507	-1	-1	-1
17	16	-2.94772	8.75507	-1	-1	-1
17	16	-3.39772	8.90507	-1	-1	-1
17	16	-3.24772	8.90507	-1	-1	-1
17	16	-3.09772	8.90507	-1	-1	-1
17	16	-2.94772	8.90507	-1	-1	-1
17	16	-3.39772	9.05507	-1	-1	-1
17	16	-3.24772	9.05507	-1	-1	-1
17	16	-3.09772	9.05507	-1	-1	-1
17	16	-2.94772	9.05507	5151	5228.19	-1
17	16	-3.39772	9.20507	-1	-1	-1
17	16	-3.24772	9.20507	-1	-1	-1
17	16	-3.09772	9.20507	-1	-1	-1
17	16	-2.94772	9.20507	5292	5368.69	-1
18	16	-5.58102	-0.156775	-1	-1	-1
18	16	-5.43102	-0.156775	-1	-1	-1
18	16	-5.28102	-0.156775	-1	-1	-1
18	16	-5.13102	-0.156775	-1	-1	-1
18	16	-5.58102	-0.00677541	-1	-1	-1
18	16	-5.43102	-0.00677541	-1	-1	-1
18	16	-5.28102	-0.00677541	-1	-1	-1
18	16	-5.13102	-0.00677541	-1	-1	-1
18	16	-5.58102	0.143225	-1	-1	-1
18	16	-5.43102	0.143225	-1	-1	-1
18	16	-5.28102	0.143225	-1	-1	-1
18	16	-5.13102	0.143225	87	204.906	-1
18	16	-5.58102	0.293225	-1	-1	-1
18	16	-5.43102	0.293225	-1	-1	-1
18	16	-5.28102	0.293225	-1	-1	-1
18	16	-5.13102	0.293225	244	304.844	-1
19	16	-8.86304	1.07139	-1	-1	-1
19	16	-8.71304	1.07139	-1	-1	-1
19	16	-8.56304	1.07139	-1	-1	-1
19	16	-8.41304	1.07139	-1	-1	-1
19	16	-8.86304	1.22139	-1	-1	-1
19	16	-8.71304	1.22139	-1	-1	-1
19	16	-8.56304	1.22139	-1	-1	-1
19	16	-8.41304	1.22139	-1	-1	-1
19	16	-8.86304	1.37139	-1	-1	-1
19	16	-8.71304	1.37139	-1	-1	-1
19	16	-8.56304	1.37139	-1	-1	-1
19	16	-8.41304	1.37139	-1	-1	-1
19	16	-8.86304	1.52139	-1	-1	-1
19	16	-8.71304	1.52139	-1	-1	-1
19	16	-8.56304	1.52139	-1	-1	-1
19	16	-8.41304	1.52139	-1	-1	-1
20	16	-3.62062	-5.32528	1867	1917.5	-1
20	16	-3.47062	-5.32528	1969	2026.91	-1
20	16	-3.32062	-5.32528	2172	2232.03	-1
20	16	-3.17062	-5.32528	2043	2095.94	-1
20	16	-3.62062	-5.17528	2288	2349.53	-1
20	16	-3.47062	-5.17528	2533	2590.66	-1
20	16	-3.32062	-5.17528	-1	-1	-1
20	16	-3.17062	-5.17528	2145	2207.38	-1
20	16	-3.62062	-5.02528	2189	2239.44	-1
20	16	-3.47062	-5.02528	2426	2475.44	-1
20	16	-3.32062	-5.02528	-1	-1	-1
20	16	-3.17062	-5.02528	2103	2152.88	-1
20	16	-3.62062	-4.87528	2075	2133.94	-1
20	16	-3.47062	-4.87528	-1	-1	-1
20	16	-3.32062	-4.87528	-1	-1	-1
20	16	-3.17062	-4.87528	1967	2034.44	-1
21	16	-6.69861	-4.23818	-1	-1	-1
21	16	-6.54861	-4.23818	3327	3382.81	-1
21	16	-6.39861	-4.23818	2969	3023.78	-1
21	16	-6.24861	-4.23818	-1	-1	-1
21	16	-6.69861	-4.08818	3444	3500.5	-1
21	16	-6.54861	-4.08818	3091	3150.53	-1
21	16	-6.39861	-4.08818	2833	2898.28	-1
21	16	-6.24861	-4.08818	2719	2776.22	-1
21	16	-6.69861	-3.93818	-1	-1	-1
21	16	-6.54861	-3.93818	3210	3270.25	-1
21	16	-6.39861	-3.93818	2457	2522.75	-1
21	16	-6.24861	-3.93818	669	723.062	-1
21	16	-6.69861	-3.78818	3349	3407.12	-1
21	16	-6.54861	-3.78818	3231	3292.69	-1
21	16	-6.39861	-3.78818	2609	2663.5	-1
21	16	-6.24861	-3.78818	788	853.656	-1
0	256	4.07385	9.16318	3795	3898.44	-1
0	256	8.32494	0.698154	-1	-1	-1
0	256	-2.8314	1.15874	-1	-1	-1
0	256	1.19938	8.34849	-1	-1	-1
0	256	-2.16315	1.91552	368	412.219	-1
0	256	-0.609179	-7.87824	-1	-1	-1
0	256	4.96515	-6.36473	1219	1279.62	-1
0	256	0.69041	-9.80647	3270	3349.38	-1
0	256	5.00474	-0.143089	-1	-1	-1
0	256	-9.61916	2.71784	3711	3787.22	-1
0	256	1.41744	4.62938	-1	-1	-1
0	256	-9.13716	-3.839	1369	1436.91	-1
0	256	3.73064	-7.27273	1079	1191.62	-1
0	256	9.00708	2.67295	-1	-1	-1
0	256	5.28342	0.290109	-1	-1	-1
0	256	0.873656	8.28025	-1	-1	-1
0	256	3.457	4.47684	5326	-1	-1
0	256	6.38172	-5.46492	4139	4206	-1
0	256	7.41664	9.56222	-1	-1	-1
0	256	-3.20498	-0.965722	2739	2873.31	-1
0	256	9.03965	-1.13353	-1	-1	-1
0	256	6.72182	-0.325379	-1	-1	-1
0	256	-5.181	-1.86855	1730	1844.62	-1
0	256	-5.82528	-7.64627	3488	3560.19	-1
0	256	-7.10019	-0.304773	-1	-1	-1
0	256	3.27162	9.031	3152	3220.03	-1
0	256	-5.20884	7.28997	-1	-1	-1
0	256	-7.17843	0.961562	-1	-1	-1
0	256	2.81837	7.90968	-1	-1	-1
0	256	-5.44844	-4.38832	-1	-1	-1
0	256	6.03382	3.38766	-1	-1	-1
0	256	1.91602	-8.28518	102	163.156	-1
0	256	5.75288	-6.66958	-1	-1	-1
0	256	-5.39367	7.04715	-1	-1	-1
0	256	9.37068	-2.41031	-1	-1	-1
0	256	-3.68498	7.86968	-1	-1	-1
0	256	3.41919	4.05	1996	2042.06	-1
0	256	-2.26632	-6.47485	1700	1752.41	-1
0	256	6.18246	-1.69827	3124	3171.56	-1
0	256	-4.22988	-3.92104	2387	2529.59	-1
0	256	8.29991	-0.590521	-1	-1	-1
0	256	3.83351	1.751	811	929.375	-1
0	256	7.27623	3.20018	-1	-1	-1
0	256	1.68492	-4.91427	-1	-1	-1
0	256	-2.83644	5.03508	4795	4837.53	-1
0	256	-5.04321	-5.46937	1060	1155.56	-1
0	256	5.98618	2.30173	207	256.031	-1
0	256	-1.0325	9.64137	5360	-1	-1
0	256	-6.53926	4.31655	-1	-1	-1
0	256	7.08302	-7.84047	-1	-1	-1
0	256	-2.67158	-9.5431	3688	3764.34	-1
0	256	1.60158	3.28886	-1	-1	-1
0	256	3.62952	-9.20413	-1	-1	-1
0	256	-5.45771	-2.76135	-1	-1	-1
0	256	-9.07382	3.29293	-1	-1	-1
0	256	4.82085	5.11127	-1	-1	-1
0	256	7.54206	-0.847008	-1	-1	-1
0	256	6.75667	2.57117	-1	-1	-1
0	256	-0.466804	-5.4064	53	98.375	-1
0	256	8.41176	3.80839	4857	4922.91	-1
0	256	7.98871	-3.60715	-1	-1	-1
0	256	-0.0448886	6.04856	3465	3512.78	-1
0	256	-6.82886	-5.1386	2794	2860.91	-1
0	256	6.5911	2.70468	-1	-1	-1
0	256	3.24556	0.302174	3516	3544.25	-1
0	256	-7.25438	0.373259	-1	-1	-1
0	256	-9.24693	-3.0256	1228	1296.84	-1
0	256	3.87175	-2.64568	260	308.781	-1
0	256	3.27808	-1.93401	-1	-1	-1
0	256	2.19326	5.69384	-1	-1	-1
0	256	-4.54849	7.39498	3709	3810.41	-1
0	256	-4.42938	-3.55282	1546	1595.94	-1
0	256	8.51001	-1.88144	-1	-1	-1
0	256	-5.0074	-7.03852	-1	-1	-1
0	256	7.80043	4.44766	-1	-1	-1
0	256	3.36813	-0.0190773	52	80.75	-1
0	256	0.69129	9.11451	4013	4080.44	-1
0	256	-5.12293	-1.6347	-1	-1	-1
0	256	-4.53762	2.13819	3627	3666.5	-1
0	256	-5.51993	3.80776	-1	-1	-1
0	256	-7.44473	3.79708	3192	3255.88	-1
0	256	2.1121	5.13098	4506	4558.62	-1
0	256	8.66147	3.80808	4040	4108.62	-1
0	256	-5.17983	6.33236	-1	-1	-1
0	256	7.30393	4.6785	-1	-1	-1
0	256	2.49592	8.65856	4977	5045.5	-1
0	256	1.03334	2.92359	3630	3658.66	-1
0	256	6.40806	-4.616	-1	-1	-1
0	256	-0.911564	-4.76048	3014	3051.94	-1
0	256	3.00538	1.42725	342	383.938	-1
0	256	6.77314	-0.575744	-1	-1	-1
0	256	9.59317	1.99171	-1	-1	-1
0	256	-6.81428	-4.25674	-1	-1	-1
0	256	7.01426	4.38336	4720	4784.69	-1
0	256	4.99456	-3.8294	-1	-1	-1
0	256	-7.34568	-1.81987	2670	2726.72	-1
0	256	-3.15007	0.872161	845	872.438	-1
0	256	-8.10026	5.49784	-1	-1	-1
0	256	-3.7101	-2.15927	1209	1365.16	-1
0	256	-7.28589	8.43452	-1	-1	-1
0	256	-4.50726	8.14982	-1	-1	-1
0	256	-5.17704	-0.370275	2002	2047.78	-1
0	256	8.80176	-1.86827	-1	-1	-1
0	256	7.0861	-3.12957	4265	4326	-1
0	256	-3.22391	0.765753	912	940.062	-1
0	256	9.56375	5.57283	-1	-1	-1
0	256	2.38865	3.77437	-1	-1	-1
0	256	2.12356	-1.39711	-1	-1	-1
0	256	1.45639	-4.37093	484	601.844	-1
0	256	-7.30888	1.68665	-1	-1	-1
0	256	-9.17614	3.26898	-1	-1	-1
0	256	-4.99765	3.67187	-1	-1	-1
0	256	-7.9651	-5.29319	2376	2447	-1
0	256	-7.21768	-5.17872	79	142	-1
0	256	-1.04212	-7.95695	-1	-1	-1
0	256	-2.14874	-3.07711	-1	-1	-1
0	256	-5.65792	-2.48052	2923	2972.41	-1
0	256	-7.79758	3.951	-1	-1	-1
0	256	-4.61295	-2.45198	1409	1462.22	-1
0	256	-5.68344	-2.27925	-1	-1	-1
0	256	1.451	-0.849739	629	799.156	-1
0	256	-2.76906	-6.74239	2421	2491.84	-1
0	256	9.14512	-3.63084	3054	3124.56	-1
0	256	-0.263522	4.16828	-1	-1	-1
0	256	-5.2564	2.52766	606	650.188	-1
0	256	6.0072	3.23335	-1	-1	-1
0	256	7.48278	-1.44519	4668	4725.59	-1
0	256	-8.56402	-3.27513	-1	-1	-1
0	256	3.04883	2.94815	707	741.219	-1
0	256	-8.90263	2.69614	-1	-1	-1
0	256	7.90124	3.49031	-1	-1	-1
0	256	1.52484	4.10227	3714	3749.66	-1
0	256	2.45199	8.3711	-1	-1	-1
0	256	-7.56596	-0.870886	-1	-1	-1
0	256	-6.90573	4.76503	-1	-1	-1
0	256	-1.46546	-5.87586	1931	1975.5	-1
0	256	-2.22343	-8.66291	-1	-1	-1
0	256	-4.02223	7.25329	-1	-1	-1
0	256	-8.86792	3.01594	3459	3524.97	-1
0	256	-3.50355	4.48184	-1	-1	-1
0	256	6.52941	-0.278106	-1	-1	-1
0	256	-5.10164	-5.263	1216	1282.91	-1
0	256	-4.44787	-2.72248	2321	2392.69	-1
0	256	4.15301	-6.64046	1627	1683.84	-1
0	256	5.39624	-5.93694	-1	-1	-1
0	256	4.61131	-2.58935	161	214	-1
0	256	-6.21414	-4.89453	3616	3676.5	-1
0	256	2.82238	-3.76502	499	537.719	-1
0	256	5.87322	6.37532	-1	-1	-1
0	256	8.86435	0.17728	-1	-1	-1
0	256	-4.91092	6.7012	-1	-1	-1
0	256	4.0674	9.00501	-1	-1	-1
0	256	-6.87938	-3.39796	-1	-1	-1
0	256	5.24745	8.07791	-1	-1	-1
0	256	5.9172	-2.51255	-1	-1	-1
0	256	0.8442	-3.43164	111	141.844	-1
0	256	1.13315	-6.86421	658	716.344	-1
0	256	4.7969	-0.182468	-1	-1	-1
0	256	-8.01998	3.89187	-1	-1	-1
0	256	6.41094	7.17553	-1	-1	-1
0	256	5.43541	8.27001	-1	-1	-1
0	256	3.05097	-7.55962	-1	-1	-1
0	256	0.891876	-7.51361	-1	-1	-1
0	256	4.17983	0.20744	120	153.625	-1
0	256	3.61593	8.96988	-1	-1	-1
0	256	-2.05904	-5.78425	1827	1881.69	-1
0	256	-5.9327	3.07707	-1	-1	-1
0	256	-0.380738	3.67044	4264	4334.44	-1
0	256	7.20229	2.24046	-1	-1	-1
0	256	9.38573	-1.94127	-1	-1	-1
0	256	-4.38957	-1.26091	1892	1926.94	-1
0	256	9.45142	4.65458	-1	-1	-1
0	256	6.54952	-2.76115	-1	-1	-1
0	256	8.85742	1.47506	-1	-1	-1
0	256	9.45912	0.658483	-1	-1	-1
0	256	5.3467	-8.4292	-1	-1	-1
0	256	2.34708	-2.58256	704	736.375	-1
0	256	5.29723	-8.17077	-1	-1	-1
0	256	6.8315	2.93575	-1	-1	-1
0	256	-6.65256	6.14664	-1	-1	-1
0	256	-4.64757	-4.25252	3412	3461.94	-1
0	256	2.06337	3.23553	3168	3201.06	-1
0	256	-3.61951	4.32952	-1	-1	-1
0	256	-5.17203	-0.663127	2088	2128.5	-1
0	256	6.48607	5.17685	-1	-1	-1
0	256	0.874927	4.21513	-1	-1	-1
0	256	-4.19163	-4.55288	1424	1477.81	-1
0	256	-2.67062	9.60981	-1	-1	-1
0	256	5.67841	-1.12993	-1	-1	-1
0	256	3.01861	6.37903	4486	4544.25	-1
0	256	5.91006	2.86922	541	589.062	-1
0	256	-1.98943	2.41569	-1	-1	-1
0	256	2.98233	-5.90766	789	841.312	-1
0	256	8.67299	0.269884	-1	-1	-1
0	256	-7.36174	0.200093	-1	-1	-1
0	256	-3.41139	3.17616	1210	1249.72	-1
0	256	1.47804	6.31471	3024	3079.59	-1
0	256	1.75044	-5.30526	154	198.719	-1
0	256	5.76216	-3.97097	3950	4073.5	-1
0	256	-0.0157938	-9.56452	-1	-1	-1
0	256	3.81771	-4.91746	733	858.25	-1
0	256	-4.54498	-0.0393777	-1	-1	-1
0	256	1.65474	8.28027	3796	3873.09	-1
0	256	6.08477	-3.45429	-1	-1	-1
0	256	2.92355	-5.02525	51	99.0625	-1
0	256	-3.46236	-6.76609	-1	-1	-1
0	256	-4.18398	4.23645	673	819.438	-1
0	256	8.34765	-0.863437	4677	4737.28	-1
0	256	-4.95834	-2.73175	-1	-1	-1
0	256	-7.93916	4.5342	-1	-1	-1
0	256	-9.3915	0.246305	-1	-1	-1
0	256	3.11994	-9.67153	-1	-1	-1
0	256	-7.17855	-3.38102	1840	1896.44	-1
0	256	-7.2394	2.72091	3334	3392.41	-1
0	256	-9.48411	1.0371	-1	-1	-1
0	256	-4.17427	-3.51208	2230	2274.72	-1
0	256	2.71426	4.7829	-1	-1	-1
0	256	-4.07899	3.57543	-1	-1	-1
0	256	7.20084	4.76677	-1	-1	-1
0	256	-4.66704	-2.77497	3085	3126.44	-1
0	256	-2.34194	-7.33411	-1	-1	-1
0	256	-3.18711	-4.01872	-1	-1	-1
0	256	3.2697	-3.40017	877	914.875	-1
0	256	7.84271	6.73739	-1	-1	-1
0	256	0.0524499	-7.54541	1790	1878.44	-1
0	256	-3.38214	-3.29417	333	489.656	-1
0	256	5.81548	-5.75224	4272	4333.09	-1
0	256	8.02028	-5.16571	-1	-1	-1
0	256	4.03588	3.85446	-1	-1	-1
0	256	3.26584	-6.13478	-1	-1	-1
0	256	-4.5216	-3.61543	1641	1709.59	-1
0	256	-4.51417	3.93984	-1	-1	-1
0	256	-4.20714	0.850824	-1	-1	-1
0	256	-3.2875	2.07007	5215	5257.72	-1
0	256	4.88412	2.81467	-1	-1	-1
0	256	5.57055	0.626056	241	294.75	-1
0	256	5.52463	-2.85764	1805	1870.03	-1
0	256	-1.91171	4.76285	488	605.344	-1
0	256	6.39243	4.38744	2696	2807.19	-1
0	256	5.12687	-7.00066	4542	4606.59	-1
0	256	-5.32882	-0.754479	2168	2208.81	-1
0	256	3.36875	3.55666	347	483.938	-1
0	256	-1.69137	-8.92335	-1	-1	-1
0	256	3.06983	-1.48325	4063	4195.06	-1
0	256	5.6534	-7.5381	4348	4469.31	-1
0	256	-0.771488	3.55771	-1	-1	-1
0	256	-5.51586	-7.98427	-1	-1	-1
0	256	4.45138	2.52831	-1	-1	-1
0	256	-0.188007	5.06667	-1	-1	-1
0	256	0.404193	1.26988	4601	4658.94	-1
0	256	5.17359	-7.69133	-1	-1	-1
0	256	-4.55873	-8.54298	-1	-1	-1
0	256	8.71542	-2.61809	-1	-1	-1
0	256	2.18689	2.82399	2094	2252.34	-1
0	256	7.72361	-3.31882	276	337.344	-1
0	256	-6.16505	-2.32901	-1	-1	-1
