Pile ID	Distribution Type	X-Position	Y-Position	Pickup Time	Drop Off Time	Ant ID
1	1	4.84221	2.57958	-1	-1	-1
1	1	4.99221	2.57958	-1	-1	-1
1	1	5.14221	2.57958	-1	-1	-1
1	1	5.29221	2.57958	-1	-1	-1
1	1	5.44221	2.57958	-1	-1	-1
1	1	5.59221	2.57958	3123	3228.78	-1
1	1	5.74221	2.57958	-1	-1	-1
1	1	5.89221	2.57958	-1	-1	-1
1	1	6.04221	2.57958	-1	-1	-1
1	1	6.19221	2.57958	-1	-1	-1
1	1	6.34221	2.57958	-1	-1	-1
1	1	6.49221	2.57958	-1	-1	-1
1	1	6.64221	2.57958	-1	-1	-1
1	1	6.79221	2.57958	-1	-1	-1
1	1	6.94221	2.57958	-1	-1	-1
1	1	7.09221	2.57958	-1	-1	-1
1	1	4.84221	2.72958	-1	-1	-1
1	1	4.99221	2.72958	-1	-1	-1
1	1	5.14221	2.72958	-1	-1	-1
1	1	5.29221	2.72958	-1	-1	-1
1	1	5.44221	2.72958	-1	-1	-1
1	1	5.59221	2.72958	-1	-1	-1
1	1	5.74221	2.72958	-1	-1	-1
1	1	5.89221	2.72958	-1	-1	-1
1	1	6.04221	2.72958	-1	-1	-1
1	1	6.19221	2.72958	-1	-1	-1
1	1	6.34221	2.72958	-1	-1	-1
1	1	6.49221	2.72958	-1	-1	-1
1	1	6.64221	2.72958	-1	-1	-1
1	1	6.79221	2.72958	-1	-1	-1
1	1	6.94221	2.72958	-1	-1	-1
1	1	7.09221	2.72958	4344	4413.31	-1
1	1	4.84221	2.87958	-1	-1	-1
1	1	4.99221	2.87958	-1	-1	-1
1	1	5.14221	2.87958	-1	-1	-1
1	1	5.29221	2.87958	-1	-1	-1
1	1	5.44221	2.87958	-1	-1	-1
1	1	5.59221	2.87958	-1	-1	-1
1	1	5.74221	2.87958	-1	-1	-1
1	1	5.89221	2.87958	-1	-1	-1
1	1	6.04221	2.87958	-1	-1	-1
1	1	6.19221	2.87958	-1	-1	-1
1	1	6.34221	2.87958	-1	-1	-1
1	1	6.49221	2.87958	-1	-1	-1
1	1	6.64221	2.87958	-1	-1	-1
1	1	6.79221	2.87958	-1	-1	-1
1	1	6.94221	2.87958	-1	-1	-1
1	1	7.09221	2.87958	4478	4540.12	-1
1	1	4.84221	3.02958	5378	-1	-1
1	1	4.99221	3.02958	-1	-1	-1
1	1	5.14221	3.02958	-1	-1	-1
1	1	5.29221	3.02958	-1	-1	-1
1	1	5.44221	3.02958	-1	-1	-1
1	1	5.59221	3.02958	-1	-1	-1
1	1	5.74221	3.02958	-1	-1	-1
1	1	5.89221	3.02958	-1	-1	-1
1	1	6.04221	3.02958	-1	-1	-1
1	1	6.19221	3.02958	-1	-1	-1
1	1	6.34221	3.02958	-1	-1	-1
1	1	6.49221	3.02958	-1	-1	-1
1	1	6.64221	3.02958	-1	-1	-1
1	1	6.79221	3.02958	-1	-1	-1
1	1	6.94221	3.02958	-1	-1	-1
1	1	7.09221	3.02958	-1	-1	-1
1	1	4.84221	3.17958	-1	-1	-1
1	1	4.99221	3.17958	-1	-1	-1
1	1	5.14221	3.17958	-1	-1	-1
1	1	5.29221	3.17958	-1	-1	-1
1	1	5.44221	3.17958	-1	-1	-1
1	1	5.59221	3.17958	-1	-1	-1
1	1	5.74221	3.17958	-1	-1	-1
1	1	5.89221	3.17958	-1	-1	-1
1	1	6.04221	3.17958	-1	-1	-1
1	1	6.19221	3.17958	-1	-1	-1
1	1	6.34221	3.17958	-1	-1	-1
1	1	6.49221	3.17958	-1	-1	-1
1	1	6.64221	3.17958	-1	-1	-1
1	1	6.79221	3.17958	-1	-1	-1
1	1	6.94221	3.17958	-1	-1	-1
1	1	7.09221	3.17958	-1	-1	-1
1	1	4.84221	3.32958	-1	-1	-1
1	1	4.99221	3.32958	-1	-1	-1
1	1	5.14221	3.32958	-1	-1	-1
1	1	5.29221	3.32958	-1	-1	-1
1	1	5.44221	3.32958	-1	-1	-1
1	1	5.59221	3.32958	-1	-1	-1
1	1	5.74221	3.32958	-1	-1	-1
1	1	5.89221	3.32958	-1	-1	-1
1	1	6.04221	3.32958	-1	-1	-1
1	1	6.19221	3.32958	-1	-1	-1
1	1	6.34221	3.32958	-1	-1	-1
1	1	6.49221	3.32958	-1	-1	-1
1	1	6.64221	3.32958	-1	-1	-1
1	1	6.79221	3.32958	-1	-1	-1
1	1	6.94221	3.32958	-1	-1	-1
1	1	7.09221	3.32958	-1	-1	-1
1	1	4.84221	3.47958	-1	-1	-1
1	1	4.99221	3.47958	-1	-1	-1
1	1	5.14221	3.47958	-1	-1	-1
1	1	5.29221	3.47958	-1	-1	-1
1	1	5.44221	3.47958	-1	-1	-1
1	1	5.59221	3.47958	-1	-1	-1
1	1	5.74221	3.47958	-1	-1	-1
1	1	5.89221	3.47958	-1	-1	-1
1	1	6.04221	3.47958	-1	-1	-1
1	1	6.19221	3.47958	-1	-1	-1
1	1	6.34221	3.47958	-1	-1	-1
1	1	6.49221	3.47958	-1	-1	-1
1	1	6.64221	3.47958	-1	-1	-1
1	1	6.79221	3.47958	-1	-1	-1
1	1	6.94221	3.47958	-1	-1	-1
1	1	7.09221	3.47958	-1	-1	-1
1	1	4.84221	3.62958	-1	-1	-1
1	1	4.99221	3.62958	-1	-1	-1
1	1	5.14221	3.62958	-1	-1	-1
1	1	5.29221	3.62958	-1	-1	-1
1	1	5.44221	3.62958	-1	-1	-1
1	1	5.59221	3.62958	-1	-1	-1
1	1	5.74221	3.62958	-1	-1	-1
1	1	5.89221	3.62958	-1	-1	-1
1	1	6.04221	3.62958	-1	-1	-1
1	1	6.19221	3.62958	-1	-1	-1
1	1	6.34221	3.62958	-1	-1	-1
1	1	6.49221	3.62958	-1	-1	-1
1	1	6.64221	3.62958	-1	-1	-1
1	1	6.79221	3.62958	-1	-1	-1
1	1	6.94221	3.62958	-1	-1	-1
1	1	7.09221	3.62958	-1	-1	-1
1	1	4.84221	3.77958	-1	-1	-1
1	1	4.99221	3.77958	-1	-1	-1
1	1	5.14221	3.77958	-1	-1	-1
1	1	5.29221	3.77958	-1	-1	-1
1	1	5.44221	3.77958	-1	-1	-1
1	1	5.59221	3.77958	-1	-1	-1
1	1	5.74221	3.77958	-1	-1	-1
1	1	5.89221	3.77958	-1	-1	-1
1	1	6.04221	3.77958	-1	-1	-1
1	1	6.19221	3.77958	-1	-1	-1
1	1	6.34221	3.77958	-1	-1	-1
1	1	6.49221	3.77958	-1	-1	-1
1	1	6.64221	3.77958	-1	-1	-1
1	1	6.79221	3.77958	-1	-1	-1
1	1	6.94221	3.77958	-1	-1	-1
1	1	7.09221	3.77958	-1	-1	-1
1	1	4.84221	3.92958	5387	-1	-1
1	1	4.99221	3.92958	-1	-1	-1
1	1	5.14221	3.92958	-1	-1	-1
1	1	5.29221	3.92958	-1	-1	-1
1	1	5.44221	3.92958	-1	-1	-1
1	1	5.59221	3.92958	-1	-1	-1
1	1	5.74221	3.92958	-1	-1	-1
1	1	5.89221	3.92958	-1	-1	-1
1	1	6.04221	3.92958	-1	-1	-1
1	1	6.19221	3.92958	-1	-1	-1
1	1	6.34221	3.92958	-1	-1	-1
1	1	6.49221	3.92958	-1	-1	-1
1	1	6.64221	3.92958	-1	-1	-1
1	1	6.79221	3.92958	-1	-1	-1
1	1	6.94221	3.92958	-1	-1	-1
1	1	7.09221	3.92958	-1	-1	-1
1	1	4.84221	4.07958	5212	5344.28	-1
1	1	4.99221	4.07958	-1	-1	-1
1	1	5.14221	4.07958	-1	-1	-1
1	1	5.29221	4.07958	-1	-1	-1
1	1	5.44221	4.07958	-1	-1	-1
1	1	5.59221	4.07958	-1	-1	-1
1	1	5.74221	4.07958	-1	-1	-1
1	1	5.89221	4.07958	-1	-1	-1
1	1	6.04221	4.07958	-1	-1	-1
1	1	6.19221	4.07958	-1	-1	-1
1	1	6.34221	4.07958	-1	-1	-1
1	1	6.49221	4.07958	-1	-1	-1
1	1	6.64221	4.07958	-1	-1	-1
1	1	6.79221	4.07958	-1	-1	-1
1	1	6.94221	4.07958	-1	-1	-1
1	1	7.09221	4.07958	-1	-1	-1
1	1	4.84221	4.22958	1375	1514.59	-1
1	1	4.99221	4.22958	-1	-1	-1
1	1	5.14221	4.22958	-1	-1	-1
1	1	5.29221	4.22958	-1	-1	-1
1	1	5.44221	4.22958	-1	-1	-1
1	1	5.59221	4.22958	-1	-1	-1
1	1	5.74221	4.22958	-1	-1	-1
1	1	5.89221	4.22958	-1	-1	-1
1	1	6.04221	4.22958	-1	-1	-1
1	1	6.19221	4.22958	-1	-1	-1
1	1	6.34221	4.22958	-1	-1	-1
1	1	6.49221	4.22958	-1	-1	-1
1	1	6.64221	4.22958	-1	-1	-1
1	1	6.79221	4.22958	-1	-1	-1
1	1	6.94221	4.22958	-1	-1	-1
1	1	7.09221	4.22958	-1	-1	-1
1	1	4.84221	4.37958	1565	1613.97	-1
1	1	4.99221	4.37958	1716	1767.53	-1
1	1	5.14221	4.37958	-1	-1	-1
1	1	5.29221	4.37958	-1	-1	-1
1	1	5.44221	4.37958	-1	-1	-1
1	1	5.59221	4.37958	-1	-1	-1
1	1	5.74221	4.37958	-1	-1	-1
1	1	5.89221	4.37958	-1	-1	-1
1	1	6.04221	4.37958	-1	-1	-1
1	1	6.19221	4.37958	-1	-1	-1
1	1	6.34221	4.37958	-1	-1	-1
1	1	6.49221	4.37958	-1	-1	-1
1	1	6.64221	4.37958	-1	-1	-1
1	1	6.79221	4.37958	-1	-1	-1
1	1	6.94221	4.37958	-1	-1	-1
1	1	7.09221	4.37958	-1	-1	-1
1	1	4.84221	4.52958	1609	1665.28	-1
1	1	4.99221	4.52958	1818	1871.31	-1
1	1	5.14221	4.52958	-1	-1	-1
1	1	5.29221	4.52958	-1	-1	-1
1	1	5.44221	4.52958	-1	-1	-1
1	1	5.59221	4.52958	-1	-1	-1
1	1	5.74221	4.52958	-1	-1	-1
1	1	5.89221	4.52958	-1	-1	-1
1	1	6.04221	4.52958	-1	-1	-1
1	1	6.19221	4.52958	-1	-1	-1
1	1	6.34221	4.52958	-1	-1	-1
1	1	6.49221	4.52958	-1	-1	-1
1	1	6.64221	4.52958	-1	-1	-1
1	1	6.79221	4.52958	-1	-1	-1
1	1	6.94221	4.52958	-1	-1	-1
1	1	7.09221	4.52958	-1	-1	-1
1	1	4.84221	4.67958	1670	1720.66	-1
1	1	4.99221	4.67958	-1	-1	-1
1	1	5.14221	4.67958	-1	-1	-1
1	1	5.29221	4.67958	-1	-1	-1
1	1	5.44221	4.67958	-1	-1	-1
1	1	5.59221	4.67958	-1	-1	-1
1	1	5.74221	4.67958	-1	-1	-1
1	1	5.89221	4.67958	-1	-1	-1
1	1	6.04221	4.67958	-1	-1	-1
1	1	6.19221	4.67958	-1	-1	-1
1	1	6.34221	4.67958	-1	-1	-1
1	1	6.49221	4.67958	-1	-1	-1
1	1	6.64221	4.67958	-1	-1	-1
1	1	6.79221	4.67958	-1	-1	-1
1	1	6.94221	4.67958	-1	-1	-1
1	1	7.09221	4.67958	-1	-1	-1
1	1	4.84221	4.82958	1774	1824.59	-1
1	1	4.99221	4.82958	-1	-1	-1
1	1	5.14221	4.82958	-1	-1	-1
1	1	5.29221	4.82958	-1	-1	-1
1	1	5.44221	4.82958	-1	-1	-1
1	1	5.59221	4.82958	-1	-1	-1
1	1	5.74221	4.82958	-1	-1	-1
1	1	5.89221	4.82958	-1	-1	-1
1	1	6.04221	4.82958	-1	-1	-1
1	1	6.19221	4.82958	-1	-1	-1
1	1	6.34221	4.82958	-1	-1	-1
1	1	6.49221	4.82958	-1	-1	-1
1	1	6.64221	4.82958	-1	-1	-1
1	1	6.79221	4.82958	-1	-1	-1
1	1	6.94221	4.82958	-1	-1	-1
1	1	7.09221	4.82958	-1	-1	-1
2	4	4.90547	-3.35766	90	137.719	-1
2	4	5.05547	-3.35766	2506	2577.31	-1
2	4	5.20547	-3.35766	2368	2468.81	-1
2	4	5.35547	-3.35766	2403	2469.19	-1
2	4	5.50547	-3.35766	2434	2547.44	-1
2	4	5.65547	-3.35766	2618	2680.25	-1
2	4	5.80547	-3.35766	2647	2707.97	-1
2	4	5.95547	-3.35766	3118	3168.5	-1
2	4	4.90547	-3.20766	180	237.969	-1
2	4	5.05547	-3.20766	2240	2302.12	-1
2	4	5.20547	-3.20766	2263	2331.53	-1
2	4	5.35547	-3.20766	2318	2383.47	-1
2	4	5.50547	-3.20766	2244	2328.03	-1
2	4	5.65547	-3.20766	2388	2455.91	-1
2	4	5.80547	-3.20766	2778	2860.25	-1
2	4	5.95547	-3.20766	3011	3062.91	-1
2	4	4.90547	-3.05766	1649	1698.84	-1
2	4	5.05547	-3.05766	2141	2192.38	-1
2	4	5.20547	-3.05766	2535	2607.84	-1
2	4	5.35547	-3.05766	2325	2412.72	-1
2	4	5.50547	-3.05766	2072	2133.59	-1
2	4	5.65547	-3.05766	2188	2256.5	-1
2	4	5.80547	-3.05766	2911	2962.66	-1
2	4	5.95547	-3.05766	3069	3123.69	-1
2	4	4.90547	-2.90766	1740	1812.72	-1
2	4	5.05547	-2.90766	1954	2002.28	-1
2	4	5.20547	-2.90766	2118	2186.66	-1
2	4	5.35547	-2.90766	1719	1785.66	-1
2	4	5.50547	-2.90766	1803	1864.88	-1
2	4	5.65547	-2.90766	2210	2281.62	-1
2	4	5.80547	-2.90766	1836	1892.31	-1
2	4	5.95547	-2.90766	1949	2020.53	-1
2	4	4.90547	-2.75766	1985	2060.41	-1
2	4	5.05547	-2.75766	1858	1904.34	-1
2	4	5.20547	-2.75766	1602	1672	-1
2	4	5.35547	-2.75766	1459	1517	-1
2	4	5.50547	-2.75766	1565	1623.12	-1
2	4	5.65547	-2.75766	1688	1739.19	-1
2	4	5.80547	-2.75766	1729	1782.56	-1
2	4	5.95547	-2.75766	2058	2122.62	-1
2	4	4.90547	-2.60766	2234	2290.91	-1
2	4	5.05547	-2.60766	-1	-1	-1
2	4	5.20547	-2.60766	2696	2766.28	-1
2	4	5.35547	-2.60766	1353	1405.53	-1
2	4	5.50547	-2.60766	1227	1293.91	-1
2	4	5.65547	-2.60766	1702	1775.56	-1
2	4	5.80547	-2.60766	1221	1276.41	-1
2	4	5.95547	-2.60766	1598	1650.09	-1
2	4	4.90547	-2.45766	3764	3889.19	-1
2	4	5.05547	-2.45766	1781	1835.28	-1
2	4	5.20547	-2.45766	1466	1526.31	-1
2	4	5.35547	-2.45766	1141	1207.97	-1
2	4	5.50547	-2.45766	1088	1151.78	-1
2	4	5.65547	-2.45766	965	1020.22	-1
2	4	5.80547	-2.45766	1113	1168.38	-1
2	4	5.95547	-2.45766	1579	1637.06	-1
2	4	4.90547	-2.30766	1888	1960.88	-1
2	4	5.05547	-2.30766	1674	1732.59	-1
2	4	5.20547	-2.30766	1371	1420.28	-1
2	4	5.35547	-2.30766	1270	1320.97	-1
2	4	5.50547	-2.30766	920	973.75	-1
2	4	5.65547	-2.30766	820	873.875	-1
2	4	5.80547	-2.30766	1021	1085.75	-1
2	4	5.95547	-2.30766	1498	1548.31	-1
3	4	1.50059	6.41662	3195	3302.66	-1
3	4	1.65059	6.41662	-1	-1	-1
3	4	1.80059	6.41662	1164	1266.84	-1
3	4	1.95059	6.41662	-1	-1	-1
3	4	2.10059	6.41662	4217	4273	-1
3	4	2.25059	6.41662	4061	4168.78	-1
3	4	2.40059	6.41662	-1	-1	-1
3	4	2.55059	6.41662	4546	4661.28	-1
3	4	1.50059	6.56662	-1	-1	-1
3	4	1.65059	6.56662	-1	-1	-1
3	4	1.80059	6.56662	-1	-1	-1
3	4	1.95059	6.56662	-1	-1	-1
3	4	2.10059	6.56662	-1	-1	-1
3	4	2.25059	6.56662	-1	-1	-1
3	4	2.40059	6.56662	-1	-1	-1
3	4	2.55059	6.56662	4716	4789.31	-1
3	4	1.50059	6.71662	-1	-1	-1
3	4	1.65059	6.71662	-1	-1	-1
3	4	1.80059	6.71662	-1	-1	-1
3	4	1.95059	6.71662	-1	-1	-1
3	4	2.10059	6.71662	-1	-1	-1
3	4	2.25059	6.71662	-1	-1	-1
3	4	2.40059	6.71662	-1	-1	-1
3	4	2.55059	6.71662	4843	4904.59	-1
3	4	1.50059	6.86662	-1	-1	-1
3	4	1.65059	6.86662	-1	-1	-1
3	4	1.80059	6.86662	-1	-1	-1
3	4	1.95059	6.86662	-1	-1	-1
3	4	2.10059	6.86662	-1	-1	-1
3	4	2.25059	6.86662	-1	-1	-1
3	4	2.40059	6.86662	-1	-1	-1
3	4	2.55059	6.86662	4973	5057.44	-1
3	4	1.50059	7.01662	-1	-1	-1
3	4	1.65059	7.01662	-1	-1	-1
3	4	1.80059	7.01662	-1	-1	-1
3	4	1.95059	7.01662	-1	-1	-1
3	4	2.10059	7.01662	-1	-1	-1
3	4	2.25059	7.01662	-1	-1	-1
3	4	2.40059	7.01662	-1	-1	-1
3	4	2.55059	7.01662	-1	-1	-1
3	4	1.50059	7.16662	-1	-1	-1
3	4	1.65059	7.16662	-1	-1	-1
3	4	1.80059	7.16662	-1	-1	-1
3	4	1.95059	7.16662	-1	-1	-1
3	4	2.10059	7.16662	-1	-1	-1
3	4	2.25059	7.16662	-1	-1	-1
3	4	2.40059	7.16662	-1	-1	-1
3	4	2.55059	7.16662	-1	-1	-1
3	4	1.50059	7.31662	-1	-1	-1
3	4	1.65059	7.31662	-1	-1	-1
3	4	1.80059	7.31662	-1	-1	-1
3	4	1.95059	7.31662	-1	-1	-1
3	4	2.10059	7.31662	-1	-1	-1
3	4	2.25059	7.31662	-1	-1	-1
3	4	2.40059	7.31662	-1	-1	-1
3	4	2.55059	7.31662	-1	-1	-1
3	4	1.50059	7.46662	-1	-1	-1
3	4	1.65059	7.46662	-1	-1	-1
3	4	1.80059	7.46662	-1	-1	-1
3	4	1.95059	7.46662	-1	-1	-1
3	4	2.10059	7.46662	-1	-1	-1
3	4	2.25059	7.46662	-1	-1	-1
3	4	2.40059	7.46662	-1	-1	-1
3	4	2.55059	7.46662	-1	-1	-1
4	4	2.07758	-3.37059	-1	-1	-1
4	4	2.22758	-3.37059	4511	4550.19	-1
4	4	2.37758	-3.37059	4442	4478.62	-1
4	4	2.52758	-3.37059	5226	5373.84	-1
4	4	2.67758	-3.37059	-1	-1	-1
4	4	2.82758	-3.37059	-1	-1	-1
4	4	2.97758	-3.37059	-1	-1	-1
4	4	3.12758	-3.37059	911	963.906	-1
4	4	2.07758	-3.22059	-1	-1	-1
4	4	2.22758	-3.22059	4347	4400.56	-1
4	4	2.37758	-3.22059	4174	4214.09	-1
4	4	2.52758	-3.22059	4255	4318.69	-1
4	4	2.67758	-3.22059	4281	4328.5	-1
4	4	2.82758	-3.22059	-1	-1	-1
4	4	2.97758	-3.22059	-1	-1	-1
4	4	3.12758	-3.22059	3673	3716.22	-1
4	4	2.07758	-3.07059	441	497.406	-1
4	4	2.22758	-3.07059	4117	4158.22	-1
4	4	2.37758	-3.07059	3938	4017	-1
4	4	2.52758	-3.07059	4074	4112.31	-1
4	4	2.67758	-3.07059	4131	4189.75	-1
4	4	2.82758	-3.07059	4199	4244.25	-1
4	4	2.97758	-3.07059	-1	-1	-1
4	4	3.12758	-3.07059	2836	2877.03	-1
4	4	2.07758	-2.92059	337	376.938	-1
4	4	2.22758	-2.92059	3986	4057.72	-1
4	4	2.37758	-2.92059	1730	1760.5	-1
4	4	2.52758	-2.92059	3855	3886.66	-1
4	4	2.67758	-2.92059	4026	4073.88	-1
4	4	2.82758	-2.92059	4237	4276.31	-1
4	4	2.97758	-2.92059	-1	-1	-1
4	4	3.12758	-2.92059	-1	-1	-1
4	4	2.07758	-2.77059	140	168.969	-1
4	4	2.22758	-2.77059	1413	1564.66	-1
4	4	2.37758	-2.77059	1660	1690.19	-1
4	4	2.52758	-2.77059	3919	3966.38	-1
4	4	2.67758	-2.77059	4011	4047.84	-1
4	4	2.82758	-2.77059	4181	4226.53	-1
4	4	2.97758	-2.77059	-1	-1	-1
4	4	3.12758	-2.77059	-1	-1	-1
4	4	2.07758	-2.62059	198	227.344	-1
4	4	2.22758	-2.62059	1592	1624.62	-1
4	4	2.37758	-2.62059	987	1020.5	-1
4	4	2.52758	-2.62059	816	862.781	-1
4	4	2.67758	-2.62059	4099	4144.09	-1
4	4	2.82758	-2.62059	4262	4307.19	-1
4	4	2.97758	-2.62059	-1	-1	-1
4	4	3.12758	-2.62059	-1	-1	-1
4	4	2.07758	-2.47059	271	299.5	-1
4	4	2.22758	-2.47059	1278	1443.72	-1
4	4	2.37758	-2.47059	918	950.25	-1
4	4	2.52758	-2.47059	752	786.25	-1
4	4	2.67758	-2.47059	670	740.969	-1
4	4	2.82758	-2.47059	564	628.188	-1
4	4	2.97758	-2.47059	-1	-1	-1
4	4	3.12758	-2.47059	559	615.188	-1
4	4	2.07758	-2.32059	654	681.406	-1
4	4	2.22758	-2.32059	1468	1501.94	-1
4	4	2.37758	-2.32059	640	708.781	-1
4	4	2.52758	-2.32059	501	584.25	-1
4	4	2.67758	-2.32059	356	477.125	-1
4	4	2.82758	-2.32059	159	316.438	-1
4	4	2.97758	-2.32059	375	428.375	-1
4	4	3.12758	-2.32059	479	561.594	-1
5	4	0.00585295	-8.08454	-1	-1	-1
5	4	0.155853	-8.08454	-1	-1	-1
5	4	0.305853	-8.08454	-1	-1	-1
5	4	0.455853	-8.08454	-1	-1	-1
5	4	0.605853	-8.08454	-1	-1	-1
5	4	0.755853	-8.08454	-1	-1	-1
5	4	0.905853	-8.08454	-1	-1	-1
5	4	1.05585	-8.08454	-1	-1	-1
5	4	0.00585295	-7.93454	-1	-1	-1
5	4	0.155853	-7.93454	-1	-1	-1
5	4	0.305853	-7.93454	-1	-1	-1
5	4	0.455853	-7.93454	-1	-1	-1
5	4	0.605853	-7.93454	-1	-1	-1
5	4	0.755853	-7.93454	-1	-1	-1
5	4	0.905853	-7.93454	-1	-1	-1
5	4	1.05585	-7.93454	-1	-1	-1
5	4	0.00585295	-7.78454	-1	-1	-1
5	4	0.155853	-7.78454	-1	-1	-1
5	4	0.305853	-7.78454	-1	-1	-1
5	4	0.455853	-7.78454	-1	-1	-1
5	4	0.605853	-7.78454	-1	-1	-1
5	4	0.755853	-7.78454	-1	-1	-1
5	4	0.905853	-7.78454	-1	-1	-1
5	4	1.05585	-7.78454	-1	-1	-1
5	4	0.00585295	-7.63454	-1	-1	-1
5	4	0.155853	-7.63454	-1	-1	-1
5	4	0.305853	-7.63454	-1	-1	-1
5	4	0.455853	-7.63454	-1	-1	-1
5	4	0.605853	-7.63454	-1	-1	-1
5	4	0.755853	-7.63454	-1	-1	-1
5	4	0.905853	-7.63454	-1	-1	-1
5	4	1.05585	-7.63454	-1	-1	-1
5	4	0.00585295	-7.48454	-1	-1	-1
5	4	0.155853	-7.48454	-1	-1	-1
5	4	0.305853	-7.48454	-1	-1	-1
5	4	0.455853	-7.48454	-1	-1	-1
5	4	0.605853	-7.48454	-1	-1	-1
5	4	0.755853	-7.48454	-1	-1	-1
5	4	0.905853	-7.48454	-1	-1	-1
5	4	1.05585	-7.48454	-1	-1	-1
5	4	0.00585295	-7.33454	-1	-1	-1
5	4	0.155853	-7.33454	-1	-1	-1
5	4	0.305853	-7.33454	-1	-1	-1
5	4	0.455853	-7.33454	-1	-1	-1
5	4	0.605853	-7.33454	-1	-1	-1
5	4	0.755853	-7.33454	-1	-1	-1
5	4	0.905853	-7.33454	-1	-1	-1
5	4	1.05585	-7.33454	-1	-1	-1
5	4	0.00585295	-7.18454	-1	-1	-1
5	4	0.155853	-7.18454	-1	-1	-1
5	4	0.305853	-7.18454	-1	-1	-1
5	4	0.455853	-7.18454	-1	-1	-1
5	4	0.605853	-7.18454	-1	-1	-1
5	4	0.755853	-7.18454	-1	-1	-1
5	4	0.905853	-7.18454	-1	-1	-1
5	4	1.05585	-7.18454	-1	-1	-1
5	4	0.00585295	-7.03454	-1	-1	-1
5	4	0.155853	-7.03454	-1	-1	-1
5	4	0.305853	-7.03454	-1	-1	-1
5	4	0.455853	-7.03454	-1	-1	-1
5	4	0.605853	-7.03454	-1	-1	-1
5	4	0.755853	-7.03454	-1	-1	-1
5	4	0.905853	-7.03454	-1	-1	-1
5	4	1.05585	-7.03454	4768	4872.44	-1
6	16	-4.00966	6.36704	-1	-1	-1
6	16	-3.85966	6.36704	-1	-1	-1
6	16	-3.70966	6.36704	-1	-1	-1
6	16	-3.55966	6.36704	-1	-1	-1
6	16	-4.00966	6.51704	-1	-1	-1
6	16	-3.85966	6.51704	-1	-1	-1
6	16	-3.70966	6.51704	-1	-1	-1
6	16	-3.55966	6.51704	-1	-1	-1
6	16	-4.00966	6.66704	-1	-1	-1
6	16	-3.85966	6.66704	-1	-1	-1
6	16	-3.70966	6.66704	-1	-1	-1
6	16	-3.55966	6.66704	4802	4863.91	-1
6	16	-4.00966	6.81704	-1	-1	-1
6	16	-3.85966	6.81704	-1	-1	-1
6	16	-3.70966	6.81704	-1	-1	-1
6	16	-3.55966	6.81704	4694	4750.59	-1
7	16	3.07167	-5.90119	4670	4725.31	-1
7	16	3.22167	-5.90119	4943	4993.12	-1
7	16	3.37167	-5.90119	-1	-1	-1
7	16	3.52167	-5.90119	-1	-1	-1
7	16	3.07167	-5.75119	4111	4176.53	-1
7	16	3.22167	-5.75119	4474	4525.47	-1
7	16	3.37167	-5.75119	4571	4623.66	-1
7	16	3.52167	-5.75119	-1	-1	-1
7	16	3.07167	-5.60119	2748	2795.94	-1
7	16	3.22167	-5.60119	4231	4279.12	-1
7	16	3.37167	-5.60119	4332	4393.03	-1
7	16	3.52167	-5.60119	4792	4846.62	-1
7	16	3.07167	-5.45119	2844	2891.25	-1
7	16	3.22167	-5.45119	4704	4759.91	-1
7	16	3.37167	-5.45119	4675	4731.22	-1
7	16	3.52167	-5.45119	4814	4869.09	-1
8	16	-1.27315	8.0223	-1	-1	-1
8	16	-1.12315	8.0223	-1	-1	-1
8	16	-0.973146	8.0223	-1	-1	-1
8	16	-0.823146	8.0223	-1	-1	-1
8	16	-1.27315	8.1723	-1	-1	-1
8	16	-1.12315	8.1723	-1	-1	-1
8	16	-0.973146	8.1723	-1	-1	-1
8	16	-0.823146	8.1723	-1	-1	-1
8	16	-1.27315	8.3223	-1	-1	-1
8	16	-1.12315	8.3223	-1	-1	-1
8	16	-0.973146	8.3223	-1	-1	-1
8	16	-0.823146	8.3223	-1	-1	-1
8	16	-1.27315	8.4723	-1	-1	-1
8	16	-1.12315	8.4723	-1	-1	-1
8	16	-0.973146	8.4723	-1	-1	-1
8	16	-0.823146	8.4723	-1	-1	-1
9	16	-1.51685	-5.9306	3450	3496.41	-1
9	16	-1.36685	-5.9306	-1	-1	-1
9	16	-1.21685	-5.9306	-1	-1	-1
9	16	-1.06685	-5.9306	-1	-1	-1
9	16	-1.51685	-5.7806	3352	3401.44	-1
9	16	-1.36685	-5.7806	-1	-1	-1
9	16	-1.21685	-5.7806	-1	-1	-1
9	16	-1.06685	-5.7806	-1	-1	-1
9	16	-1.51685	-5.6306	3144	3197.78	-1
9	16	-1.36685	-5.6306	3243	3296.41	-1
9	16	-1.21685	-5.6306	3381	3423.66	-1
9	16	-1.06685	-5.6306	-1	-1	-1
9	16	-1.51685	-5.4806	3074	3121.41	-1
9	16	-1.36685	-5.4806	2980	3026.78	-1
9	16	-1.21685	-5.4806	2857	2903.25	-1
9	16	-1.06685	-5.4806	2947	2994.16	-1
10	16	5.4288	-4.02584	318	395.031	-1
10	16	5.5788	-4.02584	-1	-1	-1
10	16	5.7288	-4.02584	-1	-1	-1
10	16	5.8788	-4.02584	-1	-1	-1
10	16	5.4288	-3.87584	480	549.188	-1
10	16	5.5788	-3.87584	862	915.125	-1
10	16	5.7288	-3.87584	-1	-1	-1
10	16	5.8788	-3.87584	-1	-1	-1
10	16	5.4288	-3.72584	2680	2751.25	-1
10	16	5.5788	-3.72584	-1	-1	-1
10	16	5.7288	-3.72584	-1	-1	-1
10	16	5.8788	-3.72584	-1	-1	-1
10	16	5.4288	-3.57584	2531	2596.91	-1
10	16	5.5788	-3.57584	-1	-1	-1
10	16	5.7288	-3.57584	-1	-1	-1
10	16	5.8788	-3.57584	-1	-1	-1
11	16	-5.87688	6.72252	-1	-1	-1
11	16	-5.72688	6.72252	-1	-1	-1
11	16	-5.57688	6.72252	-1	-1	-1
11	16	-5.42688	6.72252	-1	-1	-1
11	16	-5.87688	6.87252	-1	-1	-1
11	16	-5.72688	6.87252	-1	-1	-1
11	16	-5.57688	6.87252	-1	-1	-1
11	16	-5.42688	6.87252	-1	-1	-1
11	16	-5.87688	7.02252	-1	-1	-1
11	16	-5.72688	7.02252	-1	-1	-1
11	16	-5.57688	7.02252	-1	-1	-1
11	16	-5.42688	7.02252	-1	-1	-1
11	16	-5.87688	7.17252	-1	-1	-1
11	16	-5.72688	7.17252	-1	-1	-1
11	16	-5.57688	7.17252	-1	-1	-1
11	16	-5.42688	7.17252	-1	-1	-1
12	16	4.10298	-4.32232	-1	-1	-1
12	16	4.25298	-4.32232	-1	-1	-1
12	16	4.40298	-4.32232	2825	2882.75	-1
12	16	4.55298	-4.32232	2924	2973.59	-1
12	16	4.10298	-4.17232	-1	-1	-1
12	16	4.25298	-4.17232	1447	1493.53	-1
12	16	4.40298	-4.17232	1346	1395.09	-1
12	16	4.55298	-4.17232	591	655.75	-1
12	16	4.10298	-4.02232	-1	-1	-1
12	16	4.25298	-4.02232	1544	1591.97	-1
12	16	4.40298	-4.02232	632	693.719	-1
12	16	4.55298	-4.02232	430	494.969	-1
12	16	4.10298	-3.87232	302	346.938	-1
12	16	4.25298	-3.87232	-1	-1	-1
12	16	4.40298	-3.87232	751	808.062	-1
12	16	4.55298	-3.87232	307	365.906	-1
13	16	7.32295	4.05694	-1	-1	-1
13	16	7.47295	4.05694	-1	-1	-1
13	16	7.62295	4.05694	-1	-1	-1
13	16	7.77295	4.05694	-1	-1	-1
13	16	7.32295	4.20694	-1	-1	-1
13	16	7.47295	4.20694	-1	-1	-1
13	16	7.62295	4.20694	-1	-1	-1
13	16	7.77295	4.20694	-1	-1	-1
13	16	7.32295	4.35694	-1	-1	-1
13	16	7.47295	4.35694	-1	-1	-1
13	16	7.62295	4.35694	-1	-1	-1
13	16	7.77295	4.35694	-1	-1	-1
13	16	7.32295	4.50694	-1	-1	-1
13	16	7.47295	4.50694	-1	-1	-1
13	16	7.62295	4.50694	-1	-1	-1
13	16	7.77295	4.50694	-1	-1	-1
14	16	-8.83001	0.764284	-1	-1	-1
14	16	-8.68001	0.764284	-1	-1	-1
14	16	-8.53001	0.764284	-1	-1	-1
14	16	-8.38001	0.764284	-1	-1	-1
14	16	-8.83001	0.914284	-1	-1	-1
14	16	-8.68001	0.914284	-1	-1	-1
14	16	-8.53001	0.914284	-1	-1	-1
14	16	-8.38001	0.914284	-1	-1	-1
14	16	-8.83001	1.06428	-1	-1	-1
14	16	-8.68001	1.06428	-1	-1	-1
14	16	-8.53001	1.06428	-1	-1	-1
14	16	-8.38001	1.06428	-1	-1	-1
14	16	-8.83001	1.21428	-1	-1	-1
14	16	-8.68001	1.21428	-1	-1	-1
14	16	-8.53001	1.21428	-1	-1	-1
14	16	-8.38001	1.21428	-1	-1	-1
15	16	7.64882	4.67637	-1	-1	-1
15	16	7.79882	4.67637	-1	-1	-1
15	16	7.94882	4.67637	-1	-1	-1
15	16	8.09882	4.67637	-1	-1	-1
15	16	7.64882	4.82637	-1	-1	-1
15	16	7.79882	4.82637	-1	-1	-1
15	16	7.94882	4.82637	-1	-1	-1
15	16	8.09882	4.82637	-1	-1	-1
15	16	7.64882	4.97637	-1	-1	-1
15	16	7.79882	4.97637	-1	-1	-1
15	16	7.94882	4.97637	-1	-1	-1
15	16	8.09882	4.97637	-1	-1	-1
15	16	7.64882	5.12637	-1	-1	-1
15	16	7.79882	5.12637	-1	-1	-1
15	16	7.94882	5.12637	-1	-1	-1
15	16	8.09882	5.12637	-1	-1	-1
16	16	-0.27501	-6.19884	-1	-1	-1
16	16	-0.12501	-6.19884	-1	-1	-1
16	16	0.0249898	-6.19884	-1	-1	-1
16	16	0.17499	-6.19884	3994	4043.5	-1
16	16	-0.27501	-6.04884	-1	-1	-1
16	16	-0.12501	-6.04884	-1	-1	-1
16	16	0.0249898	-6.04884	-1	-1	-1
16	16	0.17499	-6.04884	3899	3950	-1
16	16	-0.27501	-5.89884	-1	-1	-1
16	16	-0.12501	-5.89884	747	792.438	-1
16	16	0.0249898	-5.89884	5115	5162.81	-1
16	16	0.17499	-5.89884	4553	4604.75	-1
16	16	-0.27501	-5.74884	658	703.406	-1
16	16	-0.12501	-5.74884	557	604.25	-1
16	16	0.0249898	-5.74884	3770	3878.09	-1
16	16	0.17499	-5.74884	4467	4513.06	-1
17	16	-6.0797	2.74822	1720	1769.16	-1
17	16	-5.9297	2.74822	-1	-1	-1
17	16	-5.7797	2.74822	3028	3127.84	-1
17	16	-5.6297	2.74822	-1	-1	-1
17	16	-6.0797	2.89822	1819	1883.72	-1
17	16	-5.9297	2.89822	-1	-1	-1
17	16	-5.7797	2.89822	-1	-1	-1
17	16	-5.6297	2.89822	4210	4259.03	-1
17	16	-6.0797	3.04822	-1	-1	-1
17	16	-5.9297	3.04822	4226	4286.41	-1
17	16	-5.7797	3.04822	4111	4161.66	-1
17	16	-5.6297	3.04822	4014	4064.47	-1
17	16	-6.0797	3.19822	-1	-1	-1
17	16	-5.9297	3.19822	3810	3933.41	-1
17	16	-5.7797	3.19822	3985	4040.22	-1
17	16	-5.6297	3.19822	3207	3316.06	-1
18	16	4.71878	7.49713	-1	-1	-1
18	16	4.86878	7.49713	-1	-1	-1
18	16	5.01878	7.49713	-1	-1	-1
18	16	5.16878	7.49713	-1	-1	-1
18	16	4.71878	7.64713	-1	-1	-1
18	16	4.86878	7.64713	-1	-1	-1
18	16	5.01878	7.64713	-1	-1	-1
18	16	5.16878	7.64713	-1	-1	-1
18	16	4.71878	7.79713	-1	-1	-1
18	16	4.86878	7.79713	-1	-1	-1
18	16	5.01878	7.79713	-1	-1	-1
18	16	5.16878	7.79713	-1	-1	-1
18	16	4.71878	7.94713	-1	-1	-1
18	16	4.86878	7.94713	-1	-1	-1
18	16	5.01878	7.94713	-1	-1	-1
18	16	5.16878	7.94713	-1	-1	-1
19	16	3.56786	-0.33619	706	749.656	-1
19	16	3.71786	-0.33619	798	850.844	-1
19	16	3.86786	-0.33619	2028	2072.47	-1
19	16	4.01786	-0.33619	2971	3005.84	-1
19	16	3.56786	-0.18619	648	681.688	-1
19	16	3.71786	-0.18619	877	936.188	-1
19	16	3.86786	-0.18619	1812	1845.66	-1
19	16	4.01786	-0.18619	1998	2038.97	-1
19	16	3.56786	-0.0361897	1884	1932.53	-1
19	16	3.71786	-0.0361897	1874	1941.16	-1
19	16	3.86786	-0.0361897	1971	2030.62	-1
19	16	4.01786	-0.0361897	991	1026.22	-1
19	16	3.56786	0.11381	-1	-1	-1
19	16	3.71786	0.11381	2100	2147.69	-1
19	16	3.86786	0.11381	2176	2212.88	-1
19	16	4.01786	0.11381	-1	-1	-1
20	16	-5.01231	6.08398	-1	-1	-1
20	16	-4.86231	6.08398	3041	3176.19	-1
20	16	-4.71231	6.08398	5223	5356.41	-1
20	16	-4.56231	6.08398	-1	-1	-1
20	16	-5.01231	6.23398	-1	-1	-1
20	16	-4.86231	6.23398	-1	-1	-1
20	16	-4.71231	6.23398	-1	-1	-1
20	16	-4.56231	6.23398	-1	-1	-1
20	16	-5.01231	6.38398	-1	-1	-1
20	16	-4.86231	6.38398	-1	-1	-1
20	16	-4.71231	6.38398	-1	-1	-1
20	16	-4.56231	6.38398	-1	-1	-1
20	16	-5.01231	6.53398	-1	-1	-1
20	16	-4.86231	6.53398	-1	-1	-1
20	16	-4.71231	6.53398	-1	-1	-1
20	16	-4.56231	6.53398	-1	-1	-1
21	16	7.28036	0.704999	-1	-1	-1
21	16	7.43036	0.704999	-1	-1	-1
21	16	7.58036	0.704999	-1	-1	-1
21	16	7.73036	0.704999	-1	-1	-1
21	16	7.28036	0.854999	-1	-1	-1
21	16	7.43036	0.854999	-1	-1	-1
21	16	7.58036	0.854999	-1	-1	-1
21	16	7.73036	0.854999	-1	-1	-1
21	16	7.28036	1.005	-1	-1	-1
21	16	7.43036	1.005	-1	-1	-1
21	16	7.58036	1.005	-1	-1	-1
21	16	7.73036	1.005	-1	-1	-1
21	16	7.28036	1.155	-1	-1	-1
21	16	7.43036	1.155	-1	-1	-1
21	16	7.58036	1.155	-1	-1	-1
21	16	7.73036	1.155	-1	-1	-1
0	256	-2.6523	-3.42349	207	267.438	-1
0	256	-1.39981	-5.28896	3042	3091.81	-1
0	256	-0.627557	-6.59135	-1	-1	-1
0	256	5.038	-9.63301	5157	5236.97	-1
0	256	-3.12063	0.0982151	40	70.125	-1
0	256	-5.89148	7.34623	-1	-1	-1
0	256	-0.984003	-3.46995	3140	3175.16	-1
0	256	-7.01434	-4.25378	3217	3277.56	-1
0	256	-6.34848	5.40458	-1	-1	-1
0	256	0.19522	8.39393	4676	4744.22	-1
0	256	6.78429	-0.346066	1090	1140.75	-1
0	256	5.00545	1.32251	3328	3370.66	-1
0	256	4.09556	-9.02374	-1	-1	-1
0	256	-5.97886	5.48106	-1	-1	-1
0	256	-2.73958	4.61836	3384	3447.75	-1
0	256	4.04117	1.14897	-1	-1	-1
0	256	-6.9682	6.12744	-1	-1	-1
0	256	0.0209113	8.99415	-1	-1	-1
0	256	-3.84074	5.19577	69	121.906	-1
0	256	-8.65654	-0.302871	-1	-1	-1
0	256	5.53728	7.82277	-1	-1	-1
0	256	-3.88629	1.09984	5284	5316.78	-1
0	256	2.55877	-8.07967	-1	-1	-1
0	256	-2.16829	6.35916	-1	-1	-1
0	256	-2.09842	-7.84441	-1	-1	-1
0	256	8.30311	4.71833	-1	-1	-1
0	256	-0.229583	9.02566	4995	5060.25	-1
0	256	7.43302	-5.89447	-1	-1	-1
0	256	7.7752	-0.773163	2373	2432.56	-1
0	256	2.65762	3.81649	2045	2085.34	-1
0	256	-6.80065	-6.42936	-1	-1	-1
0	256	7.5058	-6.12349	-1	-1	-1
0	256	6.05596	-5.39622	-1	-1	-1
0	256	-5.8359	-0.39363	-1	-1	-1
0	256	1.61929	6.23924	-1	-1	-1
0	256	3.06083	-0.86434	698	725.312	-1
0	256	0.857432	6.21088	-1	-1	-1
0	256	7.96644	-6.64553	4909	4982.16	-1
0	256	-7.75086	4.73613	-1	-1	-1
0	256	3.94607	5.00806	-1	-1	-1
0	256	4.0994	2.34508	-1	-1	-1
0	256	-0.398011	-3.86466	-1	-1	-1
0	256	0.951049	4.39199	77	113.906	-1
0	256	6.66218	-6.26071	-1	-1	-1
0	256	2.05889	-6.30371	-1	-1	-1
0	256	-8.1235	4.4076	5178	5271.41	-1
0	256	-4.13059	0.15281	3630	3759.34	-1
0	256	3.26183	8.48155	5342	-1	-1
0	256	3.24336	-9.14763	5331	-1	-1
0	256	-5.50498	-2.0942	-1	-1	-1
0	256	3.39017	-3.39615	819	865.938	-1
0	256	2.84236	4.57257	-1	-1	-1
0	256	7.99312	-0.442202	3667	3736.75	-1
0	256	-2.60557	2.06618	1027	1056.41	-1
0	256	5.17766	-6.23084	-1	-1	-1
0	256	-2.32548	6.33195	-1	-1	-1
0	256	5.84198	-1.77961	710	768.781	-1
0	256	0.271036	4.17276	60	94.1875	-1
0	256	-3.93776	-1.90223	372	408.031	-1
0	256	-5.47665	-0.622012	-1	-1	-1
0	256	3.75025	-6.62826	-1	-1	-1
0	256	-1.20587	7.3874	-1	-1	-1
0	256	-2.11025	5.79681	4586	4633.16	-1
0	256	6.25324	-7.43886	-1	-1	-1
0	256	8.32729	-2.08327	-1	-1	-1
0	256	-2.8111	5.45986	-1	-1	-1
0	256	-5.84991	-6.70922	-1	-1	-1
0	256	3.90045	4.11349	1930	1975.47	-1
0	256	2.84712	9.3672	-1	-1	-1
0	256	-7.96919	-4.28845	-1	-1	-1
0	256	-8.59354	-0.123837	-1	-1	-1
0	256	2.25574	-0.533996	631	664.875	-1
0	256	0.911728	8.03134	5159	5252.97	-1
0	256	2.71587	-7.38637	-1	-1	-1
0	256	-6.88555	-3.06592	-1	-1	-1
0	256	0.720214	-3.10147	532	568.625	-1
0	256	-4.0177	4.68048	-1	-1	-1
0	256	-2.64362	-2.42264	78	253.344	-1
0	256	1.3778	-3.51655	473	515.438	-1
0	256	2.76366	-5.64941	3702	3825.59	-1
0	256	-1.83708	-2.40041	2006	2166.25	-1
0	256	3.01212	-4.38334	-1	-1	-1
0	256	-5.08838	4.70279	2109	2166.5	-1
0	256	-4.22393	-3.26871	115	155.75	-1
0	256	-4.40313	-1.76572	-1	-1	-1
0	256	-3.86744	-3.46905	5241	5281.72	-1
0	256	3.98456	4.83309	-1	-1	-1
0	256	6.69497	0.00549656	1198	1250.06	-1
0	256	-8.27661	2.72083	1654	1715.28	-1
0	256	-7.37382	-0.306343	-1	-1	-1
0	256	6.22893	8.61834	-1	-1	-1
0	256	7.04353	-4.78113	-1	-1	-1
0	256	7.49135	-5.49113	2587	2734.44	-1
0	256	-4.49273	8.45877	2970	3082.88	-1
0	256	8.3166	3.43856	-1	-1	-1
0	256	8.75092	-2.5055	3476	3542.66	-1
0	256	-9.05859	-3.46688	-1	-1	-1
0	256	5.3712	7.84795	-1	-1	-1
0	256	0.539076	-6.64706	-1	-1	-1
0	256	4.6599	0.115874	-1	-1	-1
0	256	-2.74656	-6.99751	-1	-1	-1
0	256	-4.26843	-5.49024	-1	-1	-1
0	256	-5.37666	-2.23501	-1	-1	-1
0	256	-0.393809	7.65717	-1	-1	-1
0	256	-2.00978	-9.4166	-1	-1	-1
0	256	-8.97924	3.59613	1506	1573.56	-1
0	256	1.36522	-4.80846	2988	3026.88	-1
0	256	6.16194	6.65458	-1	-1	-1
0	256	3.81784	3.61232	2164	2204.84	-1
0	256	-2.37714	-8.97909	-1	-1	-1
0	256	-2.67651	8.79356	5153	5223.53	-1
0	256	-1.97387	9.13359	-1	-1	-1
0	256	4.26659	7.95003	-1	-1	-1
0	256	1.48299	-5.18773	4424	4541.03	-1
0	256	-7.85858	-0.611639	1448	1507.44	-1
0	256	-5.14926	2.54807	2585	2628.91	-1
0	256	1.12009	-3.91734	2869	2914.38	-1
0	256	-4.92504	-2.44958	4416	4460.81	-1
0	256	5.92845	0.674264	434	484.031	-1
0	256	-4.25433	-1.63434	-1	-1	-1
0	256	-0.196483	-9.63673	-1	-1	-1
0	256	5.5588	-0.203843	878	933.781	-1
0	256	-1.15049	-4.71951	2772	2811.66	-1
0	256	-5.29848	5.34189	4594	4733.56	-1
0	256	-4.15275	-3.96865	-1	-1	-1
0	256	-1.2807	-9.02772	-1	-1	-1
0	256	-7.89613	-5.05739	-1	-1	-1
0	256	5.16018	1.46533	-1	-1	-1
0	256	-3.23148	7.88972	684	749.562	-1
0	256	-7.63096	2.01828	1784	1840	-1
0	256	-8.19447	-4.05928	-1	-1	-1
0	256	-6.63384	-4.72538	-1	-1	-1
0	256	-1.98062	7.31662	-1	-1	-1
0	256	4.55519	-6.38366	987	1046	-1
0	256	3.69427	9.09281	-1	-1	-1
0	256	8.49639	3.03136	4176	4268.5	-1
0	256	5.81749	7.71164	-1	-1	-1
0	256	-6.7821	6.5209	-1	-1	-1
0	256	-7.76712	-4.56325	-1	-1	-1
0	256	-3.04934	7.14319	4845	4937.66	-1
0	256	5.18336	-8.0249	-1	-1	-1
0	256	3.38452	-7.19885	-1	-1	-1
0	256	5.23246	-5.73444	-1	-1	-1
0	256	1.0811	9.39082	965	1035.5	-1
0	256	-1.91124	-9.46281	4873	4945.88	-1
0	256	-3.76565	3.51632	2870	3022.72	-1
0	256	-8.94987	1.74387	1314	1400.5	-1
0	256	5.63389	-6.15474	-1	-1	-1
0	256	8.48853	3.52948	-1	-1	-1
0	256	-3.85256	-2.01791	300	337.219	-1
0	256	-3.17396	-3.82183	4244	4284.75	-1
0	256	1.73791	-3.27355	46	76.9062	-1
0	256	-1.05856	4.74352	70	107.938	-1
0	256	-7.27683	-5.90726	-1	-1	-1
0	256	-4.75607	3.97298	-1	-1	-1
0	256	-1.74308	4.41035	3047	3168.97	-1
0	256	-4.8219	-4.607	-1	-1	-1
0	256	-3.81154	-4.22135	937	985.312	-1
0	256	9.00311	3.97066	1123	1194.44	-1
0	256	-9.15111	-2.9897	-1	-1	-1
0	256	3.04797	-1.81577	414	507.406	-1
0	256	4.5265	4.80414	-1	-1	-1
0	256	-5.12995	9.66096	4952	5031.5	-1
0	256	-1.15804	7.89139	-1	-1	-1
0	256	0.54128	8.78014	804	893.844	-1
0	256	9.47965	-0.767169	3823	3904.16	-1
0	256	7.56702	-3.84662	-1	-1	-1
0	256	-8.30161	-1.35603	1859	1925.56	-1
0	256	-3.68949	-4.67426	1034	1082.44	-1
0	256	-5.98439	2.30712	-1	-1	-1
0	256	-0.942839	-5.22863	824	871.844	-1
0	256	0.563704	5.3034	2700	2741.53	-1
0	256	-3.55313	3.07191	-1	-1	-1
0	256	-9.4929	-1.6874	5242	5340.28	-1
0	256	-1.40977	8.56123	-1	-1	-1
0	256	-5.15764	-0.609488	-1	-1	-1
0	256	8.55967	-4.35188	-1	-1	-1
0	256	-6.52684	-5.12825	4304	4450.88	-1
0	256	8.43806	-4.44594	-1	-1	-1
0	256	-2.51272	-3.9056	2576	2719.31	-1
0	256	2.97321	0.545048	814	842.844	-1
0	256	-3.96515	0.360213	79	190.656	-1
0	256	0.228529	-9.71642	-1	-1	-1
0	256	-4.58866	-1.46156	3199	3324.25	-1
0	256	-8.21168	-5.5326	3473	3551.06	-1
0	256	-3.09008	3.85838	5056	5102.28	-1
0	256	6.2761	-4.04587	-1	-1	-1
0	256	7.67667	-4.47849	-1	-1	-1
0	256	-4.72397	7.44426	-1	-1	-1
0	256	1.24251	5.74614	1275	1340.31	-1
0	256	7.12752	-1.80356	1857	1915.25	-1
0	256	0.739576	-8.7611	-1	-1	-1
0	256	5.90443	-1.87459	-1	-1	-1
0	256	-6.72931	5.24922	105	220.875	-1
0	256	4.86694	-4.92224	-1	-1	-1
0	256	2.62259	7.97253	3250	3316.53	-1
0	256	-4.98764	-3.51452	4512	4558.22	-1
0	256	3.66248	-8.11136	-1	-1	-1
0	256	6.14099	7.08723	-1	-1	-1
0	256	2.04645	3.63107	4601	4636	-1
0	256	-7.03547	-3.22011	-1	-1	-1
0	256	2.83754	7.81689	-1	-1	-1
0	256	-4.43834	3.10002	3514	3559.16	-1
0	256	8.43223	-0.23786	3634	3695.78	-1
0	256	-8.17549	3.16458	-1	-1	-1
0	256	-0.816112	-6.43683	-1	-1	-1
0	256	3.08564	3.47079	1397	1558.28	-1
0	256	8.84417	-2.08749	2295	2363.78	-1
0	256	-8.30655	-3.6468	1455	1525.44	-1
0	256	-8.29452	4.37039	5340	-1	-1
0	256	7.86386	-2.8069	3303	3362.88	-1
0	256	-9.11734	3.00615	4209	4295.94	-1
0	256	6.15102	1.71737	2494	2549.53	-1
0	256	-5.06169	-4.36758	2424	2570.75	-1
0	256	3.31304	-9.28291	-1	-1	-1
0	256	-0.228112	-4.06472	-1	-1	-1
0	256	-0.19044	-3.23679	3074	3106.94	-1
0	256	-7.80647	-0.242145	1577	1637.62	-1
0	256	-2.82758	9.61476	-1	-1	-1
0	256	-0.0107481	8.69015	4809	4890.56	-1
0	256	-1.82604	6.40922	-1	-1	-1
0	256	-3.28525	-8.76851	-1	-1	-1
0	256	4.91405	-7.5692	-1	-1	-1
0	256	2.33241	8.29825	-1	-1	-1
0	256	-6.93658	4.4278	-1	-1	-1
0	256	-3.06206	-6.23247	2679	2740.25	-1
0	256	0.382947	-9.38666	-1	-1	-1
0	256	-8.05614	1.45266	1903	1961.19	-1
0	256	2.58665	-0.67644	555	581.031	-1
0	256	-1.34699	5.3986	-1	-1	-1
0	256	-0.115794	7.56969	5147	5206.16	-1
0	256	-1.64894	-6.42515	2222	2275.38	-1
0	256	-5.92851	-2.41537	-1	-1	-1
0	256	7.8868	-2.0125	1089	1151.34	-1
0	256	7.4536	0.0567345	3200	3256.5	-1
0	256	3.55475	2.00144	4505	4553.72	-1
0	256	-4.77275	7.90951	-1	-1	-1
0	256	-1.95781	-6.34766	3376	3441.56	-1
0	256	-0.523356	-7.66641	-1	-1	-1
0	256	6.83543	0.591662	-1	-1	-1
0	256	-1.12316	-8.91829	-1	-1	-1
0	256	1.24517	3.65979	3269	3304.91	-1
0	256	2.10092	2.88013	-1	-1	-1
0	256	-5.19934	-3.69503	3370	3422.47	-1
0	256	-2.0991	6.94914	-1	-1	-1
0	256	0.644758	9.24484	1105	1176.88	-1
0	256	5.51864	1.89197	1038	1146.56	-1
0	256	-2.51679	5.39409	-1	-1	-1
0	256	-8.29019	2.19128	-1	-1	-1
0	256	2.98142	1.317	2898	2925.56	-1
0	256	-4.83183	-3.62419	4396	4446.16	-1
0	256	-9.16781	3.65069	1365	1436.53	-1
0	256	8.31397	-2.39742	-1	-1	-1
0	256	5.12244	6.69134	-1	-1	-1
0	256	-0.456681	-5.05748	4538	4578.22	-1
0	256	8.19944	1.35691	-1	-1	-1
