Pile ID	Distribution Type	X-Position	Y-Position	Pickup Time	Drop Off Time	Ant ID
1	1	-0.914859	-5.13861	-1	-1	-1
1	1	-0.764859	-5.13861	-1	-1	-1
1	1	-0.614859	-5.13861	-1	-1	-1
1	1	-0.464859	-5.13861	-1	-1	-1
1	1	-0.314859	-5.13861	-1	-1	-1
1	1	-0.164859	-5.13861	-1	-1	-1
1	1	-0.0148585	-5.13861	5203	5263.16	-1
1	1	0.135141	-5.13861	5346	5394.81	-1
1	1	0.285141	-5.13861	-1	-1	-1
1	1	0.435141	-5.13861	-1	-1	-1
1	1	0.585141	-5.13861	-1	-1	-1
1	1	0.735141	-5.13861	-1	-1	-1
1	1	0.885141	-5.13861	-1	-1	-1
1	1	1.03514	-5.13861	-1	-1	-1
1	1	1.18514	-5.13861	-1	-1	-1
1	1	1.33514	-5.13861	-1	-1	-1
1	1	-0.914859	-4.98861	-1	-1	-1
1	1	-0.764859	-4.98861	-1	-1	-1
1	1	-0.614859	-4.98861	-1	-1	-1
1	1	-0.464859	-4.98861	-1	-1	-1
1	1	-0.314859	-4.98861	-1	-1	-1
1	1	-0.164859	-4.98861	5305	5366.53	-1
1	1	-0.0148585	-4.98861	5069	5121	-1
1	1	0.135141	-4.98861	5038	5086.53	-1
1	1	0.285141	-4.98861	5160	5207.34	-1
1	1	0.435141	-4.98861	-1	-1	-1
1	1	0.585141	-4.98861	-1	-1	-1
1	1	0.735141	-4.98861	-1	-1	-1
1	1	0.885141	-4.98861	-1	-1	-1
1	1	1.03514	-4.98861	-1	-1	-1
1	1	1.18514	-4.98861	-1	-1	-1
1	1	1.33514	-4.98861	-1	-1	-1
1	1	-0.914859	-4.83861	-1	-1	-1
1	1	-0.764859	-4.83861	-1	-1	-1
1	1	-0.614859	-4.83861	5321	5387.53	-1
1	1	-0.464859	-4.83861	-1	-1	-1
1	1	-0.314859	-4.83861	-1	-1	-1
1	1	-0.164859	-4.83861	4983	5023.69	-1
1	1	-0.0148585	-4.83861	4866	4926.31	-1
1	1	0.135141	-4.83861	4970	5017.03	-1
1	1	0.285141	-4.83861	5060	5113.12	-1
1	1	0.435141	-4.83861	-1	-1	-1
1	1	0.585141	-4.83861	-1	-1	-1
1	1	0.735141	-4.83861	-1	-1	-1
1	1	0.885141	-4.83861	-1	-1	-1
1	1	1.03514	-4.83861	-1	-1	-1
1	1	1.18514	-4.83861	-1	-1	-1
1	1	1.33514	-4.83861	-1	-1	-1
1	1	-0.914859	-4.68861	-1	-1	-1
1	1	-0.764859	-4.68861	-1	-1	-1
1	1	-0.614859	-4.68861	5082	5157.91	-1
1	1	-0.464859	-4.68861	5210	5264.81	-1
1	1	-0.314859	-4.68861	-1	-1	-1
1	1	-0.164859	-4.68861	5297	5380.12	-1
1	1	-0.0148585	-4.68861	4841	4897.78	-1
1	1	0.135141	-4.68861	4947	4988.19	-1
1	1	0.285141	-4.68861	5197	5250.16	-1
1	1	0.435141	-4.68861	5320	5392.34	-1
1	1	0.585141	-4.68861	-1	-1	-1
1	1	0.735141	-4.68861	-1	-1	-1
1	1	0.885141	-4.68861	-1	-1	-1
1	1	1.03514	-4.68861	-1	-1	-1
1	1	1.18514	-4.68861	-1	-1	-1
1	1	1.33514	-4.68861	-1	-1	-1
1	1	-0.914859	-4.53861	-1	-1	-1
1	1	-0.764859	-4.53861	-1	-1	-1
1	1	-0.614859	-4.53861	5061	5140.41	-1
1	1	-0.464859	-4.53861	4747	4825.72	-1
1	1	-0.314859	-4.53861	4884	4938.34	-1
1	1	-0.164859	-4.53861	4618	4676.94	-1
1	1	-0.0148585	-4.53861	4722	4784.41	-1
1	1	0.135141	-4.53861	5144	5210.81	-1
1	1	0.285141	-4.53861	4220	4278.88	-1
1	1	0.435141	-4.53861	5259	5312.25	-1
1	1	0.585141	-4.53861	-1	-1	-1
1	1	0.735141	-4.53861	-1	-1	-1
1	1	0.885141	-4.53861	1064	1142.28	-1
1	1	1.03514	-4.53861	-1	-1	-1
1	1	1.18514	-4.53861	-1	-1	-1
1	1	1.33514	-4.53861	-1	-1	-1
1	1	-0.914859	-4.38861	-1	-1	-1
1	1	-0.764859	-4.38861	5221	5289.31	-1
1	1	-0.614859	-4.38861	4984	5028.12	-1
1	1	-0.464859	-4.38861	4629	4702.53	-1
1	1	-0.314859	-4.38861	4530	4578.22	-1
1	1	-0.164859	-4.38861	4487	4550.66	-1
1	1	-0.0148585	-4.38861	4740	4791.34	-1
1	1	0.135141	-4.38861	4133	4186.75	-1
1	1	0.285141	-4.38861	4050	4093.34	-1
1	1	0.435141	-4.38861	5354	-1	-1
1	1	0.585141	-4.38861	-1	-1	-1
1	1	0.735141	-4.38861	1063	1108.62	-1
1	1	0.885141	-4.38861	956	1037	-1
1	1	1.03514	-4.38861	-1	-1	-1
1	1	1.18514	-4.38861	-1	-1	-1
1	1	1.33514	-4.38861	-1	-1	-1
1	1	-0.914859	-4.23861	-1	-1	-1
1	1	-0.764859	-4.23861	4900	4941.44	-1
1	1	-0.614859	-4.23861	5129	5188.91	-1
1	1	-0.464859	-4.23861	4834	4894.91	-1
1	1	-0.314859	-4.23861	4385	4449.12	-1
1	1	-0.164859	-4.23861	4100	4168.06	-1
1	1	-0.0148585	-4.23861	4210	4245.31	-1
1	1	0.135141	-4.23861	3935	3973.78	-1
1	1	0.285141	-4.23861	4017	4069.56	-1
1	1	0.435141	-4.23861	-1	-1	-1
1	1	0.585141	-4.23861	-1	-1	-1
1	1	0.735141	-4.23861	930	968.5	-1
1	1	0.885141	-4.23861	850	904.062	-1
1	1	1.03514	-4.23861	985	1023	-1
1	1	1.18514	-4.23861	747	781.938	-1
1	1	1.33514	-4.23861	-1	-1	-1
1	1	-0.914859	-4.08861	4853	4897.59	-1
1	1	-0.764859	-4.08861	4682	4752.56	-1
1	1	-0.614859	-4.08861	4795	4857.53	-1
1	1	-0.464859	-4.08861	4912	4966.22	-1
1	1	-0.314859	-4.08861	4500	4564.59	-1
1	1	-0.164859	-4.08861	4298	4340.03	-1
1	1	-0.0148585	-4.08861	3969	4053.94	-1
1	1	0.135141	-4.08861	3885	3921.94	-1
1	1	0.285141	-4.08861	3850	3900.84	-1
1	1	0.435141	-4.08861	-1	-1	-1
1	1	0.585141	-4.08861	-1	-1	-1
1	1	0.735141	-4.08861	801	841.625	-1
1	1	0.885141	-4.08861	748	802.625	-1
1	1	1.03514	-4.08861	833	883.844	-1
1	1	1.18514	-4.08861	659	696.312	-1
1	1	1.33514	-4.08861	625	670.219	-1
1	1	-0.914859	-3.93861	4753	4811.38	-1
1	1	-0.764859	-3.93861	4661	4715.38	-1
1	1	-0.614859	-3.93861	4571	4622.03	-1
1	1	-0.464859	-3.93861	4467	4526	-1
1	1	-0.314859	-3.93861	4198	4235.97	-1
1	1	-0.164859	-3.93861	3792	3865.59	-1
1	1	-0.0148585	-3.93861	3669	3718.5	-1
1	1	0.135141	-3.93861	3759	3843.09	-1
1	1	0.285141	-3.93861	3669	3731.62	-1
1	1	0.435141	-3.93861	3772	3815.91	-1
1	1	0.585141	-3.93861	4807	4843.38	-1
1	1	0.735141	-3.93861	866	919.656	-1
1	1	0.885141	-3.93861	589	638.375	-1
1	1	1.03514	-3.93861	518	613.625	-1
1	1	1.18514	-3.93861	487	531.656	-1
1	1	1.33514	-3.93861	531	573.469	-1
1	1	-0.914859	-3.78861	4833	4877.12	-1
1	1	-0.764859	-3.78861	4613	4659.91	-1
1	1	-0.614859	-3.78861	4459	4532.09	-1
1	1	-0.464859	-3.78861	4424	4472.78	-1
1	1	-0.314859	-3.78861	4268	4322.69	-1
1	1	-0.164859	-3.78861	4123	4156.09	-1
1	1	-0.0148585	-3.78861	3578	3627.75	-1
1	1	0.135141	-3.78861	3498	3533.28	-1
1	1	0.285141	-3.78861	3482	3520.81	-1
1	1	0.435141	-3.78861	3602	3637.28	-1
1	1	0.585141	-3.78861	4718	4765.56	-1
1	1	0.735141	-3.78861	-1	-1	-1
1	1	0.885141	-3.78861	668	714.344	-1
1	1	1.03514	-3.78861	464	502.844	-1
1	1	1.18514	-3.78861	340	380	-1
1	1	1.33514	-3.78861	234	279.344	-1
1	1	-0.914859	-3.63861	5108	5158.88	-1
1	1	-0.764859	-3.63861	4611	4647.28	-1
1	1	-0.614859	-3.63861	4460	4515.84	-1
1	1	-0.464859	-3.63861	4322	4383.97	-1
1	1	-0.314859	-3.63861	3753	3801.66	-1
1	1	-0.164859	-3.63861	3553	3606.41	-1
1	1	-0.0148585	-3.63861	3522	3592.75	-1
1	1	0.135141	-3.63861	3391	3428.56	-1
1	1	0.285141	-3.63861	3320	3358.34	-1
1	1	0.435141	-3.63861	4386	4418.78	-1
1	1	0.585141	-3.63861	4946	4979.69	-1
1	1	0.735141	-3.63861	-1	-1	-1
1	1	0.885141	-3.63861	559	604.406	-1
1	1	1.03514	-3.63861	537	586.531	-1
1	1	1.18514	-3.63861	416	452.438	-1
1	1	1.33514	-3.63861	314	351.531	-1
1	1	-0.914859	-3.48861	4443	4482	-1
1	1	-0.764859	-3.48861	4529	4573.25	-1
1	1	-0.614859	-3.48861	4574	4606.78	-1
1	1	-0.464859	-3.48861	4378	4408.97	-1
1	1	-0.314859	-3.48861	3860	3899.69	-1
1	1	-0.164859	-3.48861	3650	3692.5	-1
1	1	-0.0148585	-3.48861	3618	3664.94	-1
1	1	0.135141	-3.48861	3185	3221.34	-1
1	1	0.285141	-3.48861	3145	3174.44	-1
1	1	0.435141	-3.48861	3097	3147.22	-1
1	1	0.585141	-3.48861	3035	3074.69	-1
1	1	0.735141	-3.48861	1285	1316.22	-1
1	1	0.885141	-3.48861	1203	1254.16	-1
1	1	1.03514	-3.48861	641	690.469	-1
1	1	1.18514	-3.48861	633	670.344	-1
1	1	1.33514	-3.48861	391	426.719	-1
1	1	-0.914859	-3.33861	3747	3795.53	-1
1	1	-0.764859	-3.33861	3796	3830.5	-1
1	1	-0.614859	-3.33861	3811	3880.41	-1
1	1	-0.464859	-3.33861	3731	3760.84	-1
1	1	-0.314859	-3.33861	3931	3964.41	-1
1	1	-0.164859	-3.33861	3715	3757.22	-1
1	1	-0.0148585	-3.33861	3281	3317.12	-1
1	1	0.135141	-3.33861	3085	3115.06	-1
1	1	0.285141	-3.33861	2858	2893.41	-1
1	1	0.435141	-3.33861	2913	2951.94	-1
1	1	0.585141	-3.33861	2994	3038.75	-1
1	1	0.735141	-3.33861	3113	3190.44	-1
1	1	0.885141	-3.33861	1169	1223.5	-1
1	1	1.03514	-3.33861	706	794.031	-1
1	1	1.18514	-3.33861	899	951.75	-1
1	1	1.33514	-3.33861	827	861.969	-1
1	1	-0.914859	-3.18861	3709	3760.59	-1
1	1	-0.764859	-3.18861	3527	3573.34	-1
1	1	-0.614859	-3.18861	3551	3617.12	-1
1	1	-0.464859	-3.18861	3660	3705.81	-1
1	1	-0.314859	-3.18861	4724	4755.31	-1
1	1	-0.164859	-3.18861	3808	3865.25	-1
1	1	-0.0148585	-3.18861	3351	3389.84	-1
1	1	0.135141	-3.18861	3256	3284.78	-1
1	1	0.285141	-3.18861	2784	2823.47	-1
1	1	0.435141	-3.18861	2828	2863.59	-1
1	1	0.585141	-3.18861	2960	3000.59	-1
1	1	0.735141	-3.18861	3232	3271.75	-1
1	1	0.885141	-3.18861	1261	1294.78	-1
1	1	1.03514	-3.18861	1102	1132.19	-1
1	1	1.18514	-3.18861	1117	1186.59	-1
1	1	1.33514	-3.18861	1197	1240.56	-1
1	1	-0.914859	-3.03861	3618	3649.25	-1
1	1	-0.764859	-3.03861	3420	3461.22	-1
1	1	-0.614859	-3.03861	3495	3549.69	-1
1	1	-0.464859	-3.03861	2591	2617.81	-1
1	1	-0.314859	-3.03861	2517	2561.88	-1
1	1	-0.164859	-3.03861	2583	2614.53	-1
1	1	-0.0148585	-3.03861	2549	2583.78	-1
1	1	0.135141	-3.03861	2614	2644.72	-1
1	1	0.285141	-3.03861	2732	2757.84	-1
1	1	0.435141	-3.03861	2881	2919.22	-1
1	1	0.585141	-3.03861	2905	2945.81	-1
1	1	0.735141	-3.03861	3028	3061	-1
1	1	0.885141	-3.03861	3211	3239.44	-1
1	1	1.03514	-3.03861	1327	1359.47	-1
1	1	1.18514	-3.03861	1225	1260.78	-1
1	1	1.33514	-3.03861	1291	1328.47	-1
1	1	-0.914859	-2.88861	111	141.094	-1
1	1	-0.764859	-2.88861	76	105.688	-1
1	1	-0.614859	-2.88861	22	51.7188	-1
1	1	-0.464859	-2.88861	3523	3563.66	-1
1	1	-0.314859	-2.88861	2307	2429.47	-1
1	1	-0.164859	-2.88861	2452	2476.81	-1
1	1	-0.0148585	-2.88861	2506	2552.91	-1
1	1	0.135141	-2.88861	2672	2699.53	-1
1	1	0.285141	-2.88861	2804	2841.56	-1
1	1	0.435141	-2.88861	2927	2978.62	-1
1	1	0.585141	-2.88861	2999	3040.94	-1
1	1	0.735141	-2.88861	99	125.344	-1
1	1	0.885141	-2.88861	151	187.125	-1
1	1	1.03514	-2.88861	209	242.094	-1
1	1	1.18514	-2.88861	1403	1433.09	-1
1	1	1.33514	-2.88861	1461	1490.56	-1
2	4	5.58387	-1.77948	1588	1633.09	-1
2	4	5.73387	-1.77948	1789	1851.44	-1
2	4	5.88387	-1.77948	4645	4693.78	-1
2	4	6.03387	-1.77948	-1	-1	-1
2	4	6.18387	-1.77948	-1	-1	-1
2	4	6.33387	-1.77948	-1	-1	-1
2	4	6.48387	-1.77948	-1	-1	-1
2	4	6.63387	-1.77948	-1	-1	-1
2	4	5.58387	-1.62948	1402	1446.16	-1
2	4	5.73387	-1.62948	1678	1722.81	-1
2	4	5.88387	-1.62948	4736	4784.75	-1
2	4	6.03387	-1.62948	-1	-1	-1
2	4	6.18387	-1.62948	-1	-1	-1
2	4	6.33387	-1.62948	-1	-1	-1
2	4	6.48387	-1.62948	-1	-1	-1
2	4	6.63387	-1.62948	-1	-1	-1
2	4	5.58387	-1.47948	1486	1529.72	-1
2	4	5.73387	-1.47948	1769	1818.12	-1
2	4	5.88387	-1.47948	3112	3160.22	-1
2	4	6.03387	-1.47948	-1	-1	-1
2	4	6.18387	-1.47948	-1	-1	-1
2	4	6.33387	-1.47948	-1	-1	-1
2	4	6.48387	-1.47948	-1	-1	-1
2	4	6.63387	-1.47948	-1	-1	-1
2	4	5.58387	-1.32948	1871	1928.09	-1
2	4	5.73387	-1.32948	1986	2030.28	-1
2	4	5.88387	-1.32948	-1	-1	-1
2	4	6.03387	-1.32948	-1	-1	-1
2	4	6.18387	-1.32948	-1	-1	-1
2	4	6.33387	-1.32948	-1	-1	-1
2	4	6.48387	-1.32948	-1	-1	-1
2	4	6.63387	-1.32948	-1	-1	-1
2	4	5.58387	-1.17948	-1	-1	-1
2	4	5.73387	-1.17948	2074	2130.59	-1
2	4	5.88387	-1.17948	-1	-1	-1
2	4	6.03387	-1.17948	-1	-1	-1
2	4	6.18387	-1.17948	-1	-1	-1
2	4	6.33387	-1.17948	-1	-1	-1
2	4	6.48387	-1.17948	-1	-1	-1
2	4	6.63387	-1.17948	-1	-1	-1
2	4	5.58387	-1.02948	-1	-1	-1
2	4	5.73387	-1.02948	-1	-1	-1
2	4	5.88387	-1.02948	-1	-1	-1
2	4	6.03387	-1.02948	-1	-1	-1
2	4	6.18387	-1.02948	-1	-1	-1
2	4	6.33387	-1.02948	-1	-1	-1
2	4	6.48387	-1.02948	-1	-1	-1
2	4	6.63387	-1.02948	-1	-1	-1
2	4	5.58387	-0.879475	-1	-1	-1
2	4	5.73387	-0.879475	-1	-1	-1
2	4	5.88387	-0.879475	-1	-1	-1
2	4	6.03387	-0.879475	-1	-1	-1
2	4	6.18387	-0.879475	-1	-1	-1
2	4	6.33387	-0.879475	-1	-1	-1
2	4	6.48387	-0.879475	-1	-1	-1
2	4	6.63387	-0.879475	-1	-1	-1
2	4	5.58387	-0.729475	-1	-1	-1
2	4	5.73387	-0.729475	-1	-1	-1
2	4	5.88387	-0.729475	-1	-1	-1
2	4	6.03387	-0.729475	-1	-1	-1
2	4	6.18387	-0.729475	-1	-1	-1
2	4	6.33387	-0.729475	-1	-1	-1
2	4	6.48387	-0.729475	-1	-1	-1
2	4	6.63387	-0.729475	-1	-1	-1
3	4	2.83658	3.64761	-1	-1	-1
3	4	2.98658	3.64761	-1	-1	-1
3	4	3.13658	3.64761	-1	-1	-1
3	4	3.28658	3.64761	-1	-1	-1
3	4	3.43658	3.64761	1709	1754.12	-1
3	4	3.58658	3.64761	244	393.438	-1
3	4	3.73658	3.64761	1755	1844.81	-1
3	4	3.88658	3.64761	-1	-1	-1
3	4	2.83658	3.79761	1371	1419.03	-1
3	4	2.98658	3.79761	1594	1643.22	-1
3	4	3.13658	3.79761	1631	1681.19	-1
3	4	3.28658	3.79761	1364	1410.91	-1
3	4	3.43658	3.79761	1013	1059.03	-1
3	4	3.58658	3.79761	1500	1574.59	-1
3	4	3.73658	3.79761	1641	1709.97	-1
3	4	3.88658	3.79761	2776	2817.62	-1
3	4	2.83658	3.94761	1340	1385.41	-1
3	4	2.98658	3.94761	1150	1206.91	-1
3	4	3.13658	3.94761	1482	1556.66	-1
3	4	3.28658	3.94761	748	831.219	-1
3	4	3.43658	3.94761	895	958.656	-1
3	4	3.58658	3.94761	1046	1114.84	-1
3	4	3.73658	3.94761	1157	1217.66	-1
3	4	3.88658	3.94761	1612	1653.38	-1
3	4	2.83658	4.09761	1248	1330.22	-1
3	4	2.98658	4.09761	919	979.531	-1
3	4	3.13658	4.09761	1021	1071.09	-1
3	4	3.28658	4.09761	672	724.125	-1
3	4	3.43658	4.09761	1058	1104.78	-1
3	4	3.58658	4.09761	833	889.375	-1
3	4	3.73658	4.09761	941	995.312	-1
3	4	3.88658	4.09761	1179	1230.44	-1
3	4	2.83658	4.24761	1227	1267.09	-1
3	4	2.98658	4.24761	777	874.594	-1
3	4	3.13658	4.24761	585	636.25	-1
3	4	3.28658	4.24761	555	598.156	-1
3	4	3.43658	4.24761	362	405.656	-1
3	4	3.58658	4.24761	455	501.219	-1
3	4	3.73658	4.24761	1112	1166.53	-1
3	4	3.88658	4.24761	1226	1287.91	-1
3	4	2.83658	4.39761	884	945.062	-1
3	4	2.98658	4.39761	771	827.656	-1
3	4	3.13658	4.39761	489	542.75	-1
3	4	3.28658	4.39761	471	522.656	-1
3	4	3.43658	4.39761	158	301.938	-1
3	4	3.58658	4.39761	343	403.312	-1
3	4	3.73658	4.39761	1248	1301.34	-1
3	4	3.88658	4.39761	1344	1419.19	-1
3	4	2.83658	4.54761	913	961.469	-1
3	4	2.98658	4.54761	683	733.25	-1
3	4	3.13658	4.54761	648	694.969	-1
3	4	3.28658	4.54761	568	622.688	-1
3	4	3.43658	4.54761	382	435.25	-1
3	4	3.58658	4.54761	1393	1459.19	-1
3	4	3.73658	4.54761	1269	1322.22	-1
3	4	3.88658	4.54761	1539	1597.31	-1
3	4	2.83658	4.69761	1124	1179.59	-1
3	4	2.98658	4.69761	997	1042.16	-1
3	4	3.13658	4.69761	807	865.406	-1
3	4	3.28658	4.69761	844	893.938	-1
3	4	3.43658	4.69761	1088	1152.16	-1
3	4	3.58658	4.69761	1582	1647.25	-1
3	4	3.73658	4.69761	2488	2535.34	-1
3	4	3.88658	4.69761	-1	-1	-1
4	4	-5.809	-4.51329	-1	-1	-1
4	4	-5.659	-4.51329	-1	-1	-1
4	4	-5.509	-4.51329	2920	2976.12	-1
4	4	-5.359	-4.51329	-1	-1	-1
4	4	-5.209	-4.51329	-1	-1	-1
4	4	-5.059	-4.51329	-1	-1	-1
4	4	-4.909	-4.51329	-1	-1	-1
4	4	-4.759	-4.51329	-1	-1	-1
4	4	-5.809	-4.36329	-1	-1	-1
4	4	-5.659	-4.36329	-1	-1	-1
4	4	-5.509	-4.36329	4200	4257.19	-1
4	4	-5.359	-4.36329	-1	-1	-1
4	4	-5.209	-4.36329	-1	-1	-1
4	4	-5.059	-4.36329	-1	-1	-1
4	4	-4.909	-4.36329	-1	-1	-1
4	4	-4.759	-4.36329	-1	-1	-1
4	4	-5.809	-4.21329	2989	3046.84	-1
4	4	-5.659	-4.21329	3713	3788.19	-1
4	4	-5.509	-4.21329	3838	3895.62	-1
4	4	-5.359	-4.21329	4321	4379.94	-1
4	4	-5.209	-4.21329	-1	-1	-1
4	4	-5.059	-4.21329	-1	-1	-1
4	4	-4.909	-4.21329	-1	-1	-1
4	4	-4.759	-4.21329	-1	-1	-1
4	4	-5.809	-4.06329	3101	3167.47	-1
4	4	-5.659	-4.06329	3460	3522.19	-1
4	4	-5.509	-4.06329	3575	3640.56	-1
4	4	-5.359	-4.06329	-1	-1	-1
4	4	-5.209	-4.06329	-1	-1	-1
4	4	-5.059	-4.06329	-1	-1	-1
4	4	-4.909	-4.06329	-1	-1	-1
4	4	-4.759	-4.06329	-1	-1	-1
4	4	-5.809	-3.91329	3243	3300.84	-1
4	4	-5.659	-3.91329	3689	3749.97	-1
4	4	-5.509	-3.91329	3806	3854.84	-1
4	4	-5.359	-3.91329	4312	4375.31	-1
4	4	-5.209	-3.91329	-1	-1	-1
4	4	-5.059	-3.91329	-1	-1	-1
4	4	-4.909	-3.91329	-1	-1	-1
4	4	-4.759	-3.91329	-1	-1	-1
4	4	-5.809	-3.76329	3357	3408.19	-1
4	4	-5.659	-3.76329	3922	3981.25	-1
4	4	-5.509	-3.76329	4066	4130.06	-1
4	4	-5.359	-3.76329	4205	4271.41	-1
4	4	-5.209	-3.76329	-1	-1	-1
4	4	-5.059	-3.76329	-1	-1	-1
4	4	-4.909	-3.76329	-1	-1	-1
4	4	-4.759	-3.76329	-1	-1	-1
4	4	-5.809	-3.61329	4036	4106.66	-1
4	4	-5.659	-3.61329	4045	4103.19	-1
4	4	-5.509	-3.61329	4181	4242.09	-1
4	4	-5.359	-3.61329	-1	-1	-1
4	4	-5.209	-3.61329	-1	-1	-1
4	4	-5.059	-3.61329	-1	-1	-1
4	4	-4.909	-3.61329	-1	-1	-1
4	4	-4.759	-3.61329	-1	-1	-1
4	4	-5.809	-3.46329	-1	-1	-1
4	4	-5.659	-3.46329	4168	4233	-1
4	4	-5.509	-3.46329	-1	-1	-1
4	4	-5.359	-3.46329	-1	-1	-1
4	4	-5.209	-3.46329	-1	-1	-1
4	4	-5.059	-3.46329	-1	-1	-1
4	4	-4.909	-3.46329	-1	-1	-1
4	4	-4.759	-3.46329	-1	-1	-1
5	4	-1.6545	-8.9448	-1	-1	-1
5	4	-1.5045	-8.9448	-1	-1	-1
5	4	-1.3545	-8.9448	-1	-1	-1
5	4	-1.2045	-8.9448	-1	-1	-1
5	4	-1.0545	-8.9448	-1	-1	-1
5	4	-0.9045	-8.9448	-1	-1	-1
5	4	-0.7545	-8.9448	-1	-1	-1
5	4	-0.6045	-8.9448	-1	-1	-1
5	4	-1.6545	-8.7948	-1	-1	-1
5	4	-1.5045	-8.7948	-1	-1	-1
5	4	-1.3545	-8.7948	-1	-1	-1
5	4	-1.2045	-8.7948	-1	-1	-1
5	4	-1.0545	-8.7948	-1	-1	-1
5	4	-0.9045	-8.7948	-1	-1	-1
5	4	-0.7545	-8.7948	-1	-1	-1
5	4	-0.6045	-8.7948	-1	-1	-1
5	4	-1.6545	-8.6448	-1	-1	-1
5	4	-1.5045	-8.6448	-1	-1	-1
5	4	-1.3545	-8.6448	-1	-1	-1
5	4	-1.2045	-8.6448	-1	-1	-1
5	4	-1.0545	-8.6448	-1	-1	-1
5	4	-0.9045	-8.6448	-1	-1	-1
5	4	-0.7545	-8.6448	-1	-1	-1
5	4	-0.6045	-8.6448	-1	-1	-1
5	4	-1.6545	-8.4948	-1	-1	-1
5	4	-1.5045	-8.4948	-1	-1	-1
5	4	-1.3545	-8.4948	-1	-1	-1
5	4	-1.2045	-8.4948	-1	-1	-1
5	4	-1.0545	-8.4948	-1	-1	-1
5	4	-0.9045	-8.4948	-1	-1	-1
5	4	-0.7545	-8.4948	-1	-1	-1
5	4	-0.6045	-8.4948	-1	-1	-1
5	4	-1.6545	-8.3448	-1	-1	-1
5	4	-1.5045	-8.3448	-1	-1	-1
5	4	-1.3545	-8.3448	-1	-1	-1
5	4	-1.2045	-8.3448	-1	-1	-1
5	4	-1.0545	-8.3448	-1	-1	-1
5	4	-0.9045	-8.3448	-1	-1	-1
5	4	-0.7545	-8.3448	-1	-1	-1
5	4	-0.6045	-8.3448	-1	-1	-1
5	4	-1.6545	-8.1948	-1	-1	-1
5	4	-1.5045	-8.1948	-1	-1	-1
5	4	-1.3545	-8.1948	-1	-1	-1
5	4	-1.2045	-8.1948	-1	-1	-1
5	4	-1.0545	-8.1948	-1	-1	-1
5	4	-0.9045	-8.1948	-1	-1	-1
5	4	-0.7545	-8.1948	-1	-1	-1
5	4	-0.6045	-8.1948	-1	-1	-1
5	4	-1.6545	-8.0448	-1	-1	-1
5	4	-1.5045	-8.0448	-1	-1	-1
5	4	-1.3545	-8.0448	-1	-1	-1
5	4	-1.2045	-8.0448	-1	-1	-1
5	4	-1.0545	-8.0448	-1	-1	-1
5	4	-0.9045	-8.0448	-1	-1	-1
5	4	-0.7545	-8.0448	-1	-1	-1
5	4	-0.6045	-8.0448	-1	-1	-1
5	4	-1.6545	-7.8948	-1	-1	-1
5	4	-1.5045	-7.8948	-1	-1	-1
5	4	-1.3545	-7.8948	-1	-1	-1
5	4	-1.2045	-7.8948	-1	-1	-1
5	4	-1.0545	-7.8948	-1	-1	-1
5	4	-0.9045	-7.8948	-1	-1	-1
5	4	-0.7545	-7.8948	-1	-1	-1
5	4	-0.6045	-7.8948	-1	-1	-1
6	16	4.97842	5.27801	-1	-1	-1
6	16	5.12842	5.27801	-1	-1	-1
6	16	5.27842	5.27801	-1	-1	-1
6	16	5.42842	5.27801	-1	-1	-1
6	16	4.97842	5.42801	3078	3168.75	-1
6	16	5.12842	5.42801	-1	-1	-1
6	16	5.27842	5.42801	-1	-1	-1
6	16	5.42842	5.42801	-1	-1	-1
6	16	4.97842	5.57801	2950	3004.06	-1
6	16	5.12842	5.57801	3231	3296.28	-1
6	16	5.27842	5.57801	-1	-1	-1
6	16	5.42842	5.57801	-1	-1	-1
6	16	4.97842	5.72801	3354	3411.94	-1
6	16	5.12842	5.72801	3464	3519.44	-1
6	16	5.27842	5.72801	-1	-1	-1
6	16	5.42842	5.72801	-1	-1	-1
7	16	4.93386	1.07421	-1	-1	-1
7	16	5.08386	1.07421	-1	-1	-1
7	16	5.23386	1.07421	-1	-1	-1
7	16	5.38386	1.07421	-1	-1	-1
7	16	4.93386	1.22421	-1	-1	-1
7	16	5.08386	1.22421	-1	-1	-1
7	16	5.23386	1.22421	-1	-1	-1
7	16	5.38386	1.22421	-1	-1	-1
7	16	4.93386	1.37421	641	680.5	-1
7	16	5.08386	1.37421	-1	-1	-1
7	16	5.23386	1.37421	-1	-1	-1
7	16	5.38386	1.37421	-1	-1	-1
7	16	4.93386	1.52421	717	759.062	-1
7	16	5.08386	1.52421	-1	-1	-1
7	16	5.23386	1.52421	-1	-1	-1
7	16	5.38386	1.52421	-1	-1	-1
8	16	6.16142	4.02425	-1	-1	-1
8	16	6.31142	4.02425	-1	-1	-1
8	16	6.46142	4.02425	-1	-1	-1
8	16	6.61142	4.02425	-1	-1	-1
8	16	6.16142	4.17425	-1	-1	-1
8	16	6.31142	4.17425	-1	-1	-1
8	16	6.46142	4.17425	-1	-1	-1
8	16	6.61142	4.17425	-1	-1	-1
8	16	6.16142	4.32425	-1	-1	-1
8	16	6.31142	4.32425	-1	-1	-1
8	16	6.46142	4.32425	-1	-1	-1
8	16	6.61142	4.32425	-1	-1	-1
8	16	6.16142	4.47425	1970	2025.34	-1
8	16	6.31142	4.47425	-1	-1	-1
8	16	6.46142	4.47425	-1	-1	-1
8	16	6.61142	4.47425	-1	-1	-1
9	16	5.41212	-0.445048	-1	-1	-1
9	16	5.56212	-0.445048	-1	-1	-1
9	16	5.71212	-0.445048	-1	-1	-1
9	16	5.86212	-0.445048	-1	-1	-1
9	16	5.41212	-0.295048	-1	-1	-1
9	16	5.56212	-0.295048	-1	-1	-1
9	16	5.71212	-0.295048	-1	-1	-1
9	16	5.86212	-0.295048	-1	-1	-1
9	16	5.41212	-0.145048	-1	-1	-1
9	16	5.56212	-0.145048	-1	-1	-1
9	16	5.71212	-0.145048	-1	-1	-1
9	16	5.86212	-0.145048	-1	-1	-1
9	16	5.41212	0.00495235	-1	-1	-1
9	16	5.56212	0.00495235	-1	-1	-1
9	16	5.71212	0.00495235	-1	-1	-1
9	16	5.86212	0.00495235	-1	-1	-1
10	16	-9.56862	-1.47553	-1	-1	-1
10	16	-9.41862	-1.47553	4297	4367.69	-1
10	16	-9.26862	-1.47553	4141	4211.91	-1
10	16	-9.11862	-1.47553	2598	2666.34	-1
10	16	-9.56862	-1.32553	4723	4800.91	-1
10	16	-9.41862	-1.32553	4438	4508.78	-1
10	16	-9.26862	-1.32553	3986	4061.66	-1
10	16	-9.11862	-1.32553	2321	2395.16	-1
10	16	-9.56862	-1.17553	4875	4945	-1
10	16	-9.41862	-1.17553	4583	4652.75	-1
10	16	-9.26862	-1.17553	2460	2529.09	-1
10	16	-9.11862	-1.17553	2112	2197.28	-1
10	16	-9.56862	-1.02553	5017	5099.12	-1
10	16	-9.41862	-1.02553	-1	-1	-1
10	16	-9.26862	-1.02553	2278	2362.88	-1
10	16	-9.11862	-1.02553	2258	2340.22	-1
11	16	-2.84687	-5.24501	-1	-1	-1
11	16	-2.69687	-5.24501	-1	-1	-1
11	16	-2.54687	-5.24501	-1	-1	-1
11	16	-2.39687	-5.24501	-1	-1	-1
11	16	-2.84687	-5.09501	-1	-1	-1
11	16	-2.69687	-5.09501	-1	-1	-1
11	16	-2.54687	-5.09501	-1	-1	-1
11	16	-2.39687	-5.09501	-1	-1	-1
11	16	-2.84687	-4.94501	-1	-1	-1
11	16	-2.69687	-4.94501	-1	-1	-1
11	16	-2.54687	-4.94501	-1	-1	-1
11	16	-2.39687	-4.94501	2050	2096.09	-1
11	16	-2.84687	-4.79501	-1	-1	-1
11	16	-2.69687	-4.79501	-1	-1	-1
11	16	-2.54687	-4.79501	-1	-1	-1
11	16	-2.39687	-4.79501	1966	2008	-1
12	16	4.66362	3.95958	2140	2187.81	-1
12	16	4.81362	3.95958	-1	-1	-1
12	16	4.96362	3.95958	-1	-1	-1
12	16	5.11362	3.95958	150	199	-1
12	16	4.66362	4.10958	-1	-1	-1
12	16	4.81362	4.10958	-1	-1	-1
12	16	4.96362	4.10958	-1	-1	-1
12	16	5.11362	4.10958	-1	-1	-1
12	16	4.66362	4.25958	-1	-1	-1
12	16	4.81362	4.25958	-1	-1	-1
12	16	4.96362	4.25958	-1	-1	-1
12	16	5.11362	4.25958	-1	-1	-1
12	16	4.66362	4.40958	3068	3121.41	-1
12	16	4.81362	4.40958	1851	1905.66	-1
12	16	4.96362	4.40958	1710	1787.28	-1
12	16	5.11362	4.40958	-1	-1	-1
13	16	0.761658	2.98759	-1	-1	-1
13	16	0.911658	2.98759	398	530.531	-1
13	16	1.06166	2.98759	555	581.594	-1
13	16	1.21166	2.98759	2399	2431.56	-1
13	16	0.761658	3.13759	-1	-1	-1
13	16	0.911658	3.13759	2274	2306.12	-1
13	16	1.06166	3.13759	2203	2241.84	-1
13	16	1.21166	3.13759	2335	2369.91	-1
13	16	0.761658	3.28759	-1	-1	-1
13	16	0.911658	3.28759	-1	-1	-1
13	16	1.06166	3.28759	-1	-1	-1
13	16	1.21166	3.28759	-1	-1	-1
13	16	0.761658	3.43759	-1	-1	-1
13	16	0.911658	3.43759	-1	-1	-1
13	16	1.06166	3.43759	-1	-1	-1
13	16	1.21166	3.43759	-1	-1	-1
14	16	8.24822	-9.17266	-1	-1	-1
14	16	8.39822	-9.17266	-1	-1	-1
14	16	8.54822	-9.17266	-1	-1	-1
14	16	8.69822	-9.17266	5265	5361	-1
14	16	8.24822	-9.02266	-1	-1	-1
14	16	8.39822	-9.02266	-1	-1	-1
14	16	8.54822	-9.02266	-1	-1	-1
14	16	8.69822	-9.02266	4905	4992.25	-1
14	16	8.24822	-8.87266	-1	-1	-1
14	16	8.39822	-8.87266	-1	-1	-1
14	16	8.54822	-8.87266	-1	-1	-1
14	16	8.69822	-8.87266	5082	5178.59	-1
14	16	8.24822	-8.72266	-1	-1	-1
14	16	8.39822	-8.72266	-1	-1	-1
14	16	8.54822	-8.72266	-1	-1	-1
14	16	8.69822	-8.72266	-1	-1	-1
15	16	7.84321	-2.76213	307	366.531	-1
15	16	7.99321	-2.76213	-1	-1	-1
15	16	8.14321	-2.76213	-1	-1	-1
15	16	8.29321	-2.76213	-1	-1	-1
15	16	7.84321	-2.61213	-1	-1	-1
15	16	7.99321	-2.61213	-1	-1	-1
15	16	8.14321	-2.61213	-1	-1	-1
15	16	8.29321	-2.61213	-1	-1	-1
15	16	7.84321	-2.46213	-1	-1	-1
15	16	7.99321	-2.46213	-1	-1	-1
15	16	8.14321	-2.46213	-1	-1	-1
15	16	8.29321	-2.46213	-1	-1	-1
15	16	7.84321	-2.31213	-1	-1	-1
15	16	7.99321	-2.31213	-1	-1	-1
15	16	8.14321	-2.31213	-1	-1	-1
15	16	8.29321	-2.31213	-1	-1	-1
16	16	-3.73096	7.74874	-1	-1	-1
16	16	-3.58096	7.74874	-1	-1	-1
16	16	-3.43096	7.74874	2309	2377.03	-1
16	16	-3.28096	7.74874	2436	2501.47	-1
16	16	-3.73096	7.89874	-1	-1	-1
16	16	-3.58096	7.89874	-1	-1	-1
16	16	-3.43096	7.89874	2565	2642.53	-1
16	16	-3.28096	7.89874	-1	-1	-1
16	16	-3.73096	8.04874	-1	-1	-1
16	16	-3.58096	8.04874	-1	-1	-1
16	16	-3.43096	8.04874	-1	-1	-1
16	16	-3.28096	8.04874	-1	-1	-1
16	16	-3.73096	8.19874	-1	-1	-1
16	16	-3.58096	8.19874	-1	-1	-1
16	16	-3.43096	8.19874	-1	-1	-1
16	16	-3.28096	8.19874	-1	-1	-1
17	16	-4.24928	-3.77525	2285	2331.56	-1
17	16	-4.09928	-3.77525	2373	2416.66	-1
17	16	-3.94928	-3.77525	2490	2535	-1
17	16	-3.79928	-3.77525	-1	-1	-1
17	16	-4.24928	-3.62525	-1	-1	-1
17	16	-4.09928	-3.62525	2580	2631.28	-1
17	16	-3.94928	-3.62525	-1	-1	-1
17	16	-3.79928	-3.62525	-1	-1	-1
17	16	-4.24928	-3.47525	-1	-1	-1
17	16	-4.09928	-3.47525	-1	-1	-1
17	16	-3.94928	-3.47525	-1	-1	-1
17	16	-3.79928	-3.47525	1423	1465.97	-1
17	16	-4.24928	-3.32525	-1	-1	-1
17	16	-4.09928	-3.32525	-1	-1	-1
17	16	-3.94928	-3.32525	-1	-1	-1
17	16	-3.79928	-3.32525	5312	5352.41	-1
18	16	3.7307	9.18437	2214	2288.22	-1
18	16	3.8807	9.18437	2364	2448.75	-1
18	16	4.0307	9.18437	3134	3207.25	-1
18	16	4.1807	9.18437	3314	3397	-1
18	16	3.7307	9.33437	2520	2597.03	-1
18	16	3.8807	9.33437	2670	2740.22	-1
18	16	4.0307	9.33437	2685	2766.34	-1
18	16	4.1807	9.33437	3127	3213.5	-1
18	16	3.7307	9.48437	3921	3993.56	-1
18	16	3.8807	9.48437	2819	2904.56	-1
18	16	4.0307	9.48437	2979	3052.59	-1
18	16	4.1807	9.48437	3281	3359.31	-1
18	16	3.7307	9.63437	3772	3849.16	-1
18	16	3.8807	9.63437	3617	3698	-1
18	16	4.0307	9.63437	3306	3385.22	-1
18	16	4.1807	9.63437	3466	3542.91	-1
19	16	-2.58666	5.43195	-1	-1	-1
19	16	-2.43666	5.43195	245	362.312	-1
19	16	-2.28666	5.43195	407	453.188	-1
19	16	-2.13666	5.43195	2313	2431.28	-1
19	16	-2.58666	5.58195	-1	-1	-1
19	16	-2.43666	5.58195	588	635.094	-1
19	16	-2.28666	5.58195	497	544.031	-1
19	16	-2.13666	5.58195	-1	-1	-1
19	16	-2.58666	5.73195	-1	-1	-1
19	16	-2.43666	5.73195	-1	-1	-1
19	16	-2.28666	5.73195	-1	-1	-1
19	16	-2.13666	5.73195	-1	-1	-1
19	16	-2.58666	5.88195	-1	-1	-1
19	16	-2.43666	5.88195	-1	-1	-1
19	16	-2.28666	5.88195	-1	-1	-1
19	16	-2.13666	5.88195	-1	-1	-1
20	16	4.51071	-1.02243	-1	-1	-1
20	16	4.66071	-1.02243	-1	-1	-1
20	16	4.81071	-1.02243	-1	-1	-1
20	16	4.96071	-1.02243	-1	-1	-1
20	16	4.51071	-0.872431	-1	-1	-1
20	16	4.66071	-0.872431	-1	-1	-1
20	16	4.81071	-0.872431	-1	-1	-1
20	16	4.96071	-0.872431	-1	-1	-1
20	16	4.51071	-0.722431	-1	-1	-1
20	16	4.66071	-0.722431	-1	-1	-1
20	16	4.81071	-0.722431	-1	-1	-1
20	16	4.96071	-0.722431	-1	-1	-1
20	16	4.51071	-0.572431	4065	4181.56	-1
20	16	4.66071	-0.572431	-1	-1	-1
20	16	4.81071	-0.572431	-1	-1	-1
20	16	4.96071	-0.572431	-1	-1	-1
21	16	5.74115	-5.25631	-1	-1	-1
21	16	5.89115	-5.25631	-1	-1	-1
21	16	6.04115	-5.25631	-1	-1	-1
21	16	6.19115	-5.25631	-1	-1	-1
21	16	5.74115	-5.10631	-1	-1	-1
21	16	5.89115	-5.10631	-1	-1	-1
21	16	6.04115	-5.10631	-1	-1	-1
21	16	6.19115	-5.10631	-1	-1	-1
21	16	5.74115	-4.95631	-1	-1	-1
21	16	5.89115	-4.95631	-1	-1	-1
21	16	6.04115	-4.95631	-1	-1	-1
21	16	6.19115	-4.95631	-1	-1	-1
21	16	5.74115	-4.80631	-1	-1	-1
21	16	5.89115	-4.80631	-1	-1	-1
21	16	6.04115	-4.80631	-1	-1	-1
21	16	6.19115	-4.80631	-1	-1	-1
0	256	-4.70353	4.5904	-1	-1	-1
0	256	9.02922	-0.0114301	-1	-1	-1
0	256	-5.92483	-4.72701	-1	-1	-1
0	256	-4.42767	-1.98061	-1	-1	-1
0	256	-8.60738	-2.80846	-1	-1	-1
0	256	-0.189688	3.20298	31	70.6875	-1
0	256	1.25652	3.61209	1722	1755	-1
0	256	-4.26225	0.291069	5336	-1	-1
0	256	7.25964	3.14198	-1	-1	-1
0	256	4.45798	-4.78953	3880	3927.91	-1
0	256	-2.63303	8.86769	-1	-1	-1
0	256	-7.33758	-3.81594	2753	2812.44	-1
0	256	-4.7338	8.56286	-1	-1	-1
0	256	4.55208	-3.55637	-1	-1	-1
0	256	-9.22418	3.38668	-1	-1	-1
0	256	-6.01769	3.3526	-1	-1	-1
0	256	-4.71278	-2.46451	1959	2096.81	-1
0	256	-2.98203	-2.57032	-1	-1	-1
0	256	3.95424	-0.968184	-1	-1	-1
0	256	4.23946	-2.24001	3220	3259.44	-1
0	256	-5.70641	-0.31212	-1	-1	-1
0	256	6.45781	-3.01949	-1	-1	-1
0	256	5.19356	-1.01431	-1	-1	-1
0	256	6.96963	-6.67343	-1	-1	-1
0	256	-3.6496	0.883964	1713	1837.69	-1
0	256	2.23397	2.38026	255	425.438	-1
0	256	-0.857	5.08812	-1	-1	-1
0	256	2.00039	7.232	1622	1677.91	-1
0	256	0.477524	3.20379	-1	-1	-1
0	256	1.80605	-4.34071	-1	-1	-1
0	256	6.09058	-2.01517	2827	2874.97	-1
0	256	3.15206	-4.9043	-1	-1	-1
0	256	-2.87201	3.89217	-1	-1	-1
0	256	-2.21402	-5.28181	-1	-1	-1
0	256	-4.14736	1.53056	1705	1830.34	-1
0	256	8.9375	0.869117	-1	-1	-1
0	256	-6.54513	1.93575	-1	-1	-1
0	256	-5.14424	-4.73067	3031	3091.19	-1
0	256	-3.09845	3.44827	-1	-1	-1
0	256	-8.39563	-1.72352	4619	4682.97	-1
0	256	3.28471	-5.588	-1	-1	-1
0	256	1.11811	-8.81971	-1	-1	-1
0	256	3.56886	6.78468	2821	2878.62	-1
0	256	-3.38422	0.0130968	-1	-1	-1
0	256	-5.47268	2.92285	-1	-1	-1
0	256	-0.54296	3.4527	-1	-1	-1
0	256	-9.41136	2.80292	-1	-1	-1
0	256	6.86596	-2.7265	-1	-1	-1
0	256	-5.64888	-1.79361	-1	-1	-1
0	256	5.23512	3.25882	-1	-1	-1
0	256	-1.30056	-6.66354	-1	-1	-1
0	256	-5.98554	-6.61241	-1	-1	-1
0	256	0.867665	-8.12844	-1	-1	-1
0	256	0.150849	4.32243	1577	1611.62	-1
0	256	4.1645	7.17718	-1	-1	-1
0	256	-0.888488	-7.51194	-1	-1	-1
0	256	2.66393	3.83755	1475	1516.62	-1
0	256	-9.00608	-2.63248	-1	-1	-1
0	256	5.4245	0.531572	-1	-1	-1
0	256	-1.73764	-5.06243	-1	-1	-1
0	256	-3.27656	3.15563	2172	2334.91	-1
0	256	-1.54117	-2.77946	113	250.75	-1
0	256	6.80715	-2.04995	1334	1387.22	-1
0	256	8.88293	1.27354	-1	-1	-1
0	256	3.47153	-5.90171	-1	-1	-1
0	256	3.68405	4.88798	-1	-1	-1
0	256	2.98894	3.17585	-1	-1	-1
0	256	-8.51641	-7.6223	-1	-1	-1
0	256	-4.9033	7.83902	4595	4665.5	-1
0	256	1.09107	3.71922	-1	-1	-1
0	256	0.265873	-5.9125	-1	-1	-1
0	256	0.762154	-8.51938	-1	-1	-1
0	256	-3.8646	5.57206	280	415.375	-1
0	256	-1.82489	-9.39533	-1	-1	-1
0	256	0.374332	-9.73654	2812	2882.66	-1
0	256	2.38453	-9.30285	2647	2720.44	-1
0	256	-3.21678	-4.25516	4069	4114.34	-1
0	256	5.86344	3.94957	-1	-1	-1
0	256	7.53603	-6.23854	-1	-1	-1
0	256	-5.58269	-6.92875	-1	-1	-1
0	256	5.71224	-7.57525	-1	-1	-1
0	256	-8.25993	4.23353	-1	-1	-1
0	256	5.05562	-8.00795	-1	-1	-1
0	256	8.25956	-4.65188	-1	-1	-1
0	256	4.10462	1.36568	4231	4267.25	-1
0	256	-5.1083	-0.273632	-1	-1	-1
0	256	-2.92041	8.77104	-1	-1	-1
0	256	6.22329	6.20021	-1	-1	-1
0	256	-6.35132	4.48789	-1	-1	-1
0	256	3.56777	2.58535	1896	1938.38	-1
0	256	-5.02074	-5.60545	2480	2540.5	-1
0	256	-9.2368	2.63885	-1	-1	-1
0	256	-4.21715	-1.42076	-1	-1	-1
0	256	4.31954	-6.34172	-1	-1	-1
0	256	1.23641	4.70183	1017	1057.78	-1
0	256	-6.5939	-6.94391	-1	-1	-1
0	256	1.67548	5.59713	1638	1689.91	-1
0	256	4.14708	-1.07037	-1	-1	-1
0	256	-7.38644	6.30605	-1	-1	-1
0	256	-6.98742	-0.0530528	1953	2050.97	-1
0	256	4.76005	-5.49253	1316	1378.59	-1
0	256	-2.21375	4.32084	663	701.75	-1
0	256	6.94561	-4.36483	563	629.781	-1
0	256	0.284444	7.80472	-1	-1	-1
0	256	-1.10039	-4.07732	4927	4988.16	-1
0	256	-1.07256	3.8829	-1	-1	-1
0	256	2.42875	-8.87387	-1	-1	-1
0	256	-3.90841	0.988264	4038	4078.72	-1
0	256	-4.36548	-0.878262	302	337.406	-1
0	256	-4.99974	-8.51832	-1	-1	-1
0	256	6.30177	8.88809	-1	-1	-1
0	256	-0.142222	4.04877	1112	1146.78	-1
0	256	-1.61152	9.01293	-1	-1	-1
0	256	-6.18087	6.4208	-1	-1	-1
0	256	8.02901	4.26933	-1	-1	-1
0	256	-6.26266	-7.5745	-1	-1	-1
0	256	6.21843	5.47079	-1	-1	-1
0	256	3.0425	7.81521	2552	2620.25	-1
0	256	-0.204261	3.49202	-1	-1	-1
0	256	7.5711	2.84779	-1	-1	-1
0	256	-2.88555	-8.35477	-1	-1	-1
0	256	-0.932609	3.07713	-1	-1	-1
0	256	4.84696	0.785608	-1	-1	-1
0	256	-9.01066	0.993951	-1	-1	-1
0	256	-8.87374	2.72123	-1	-1	-1
0	256	-4.05873	8.2807	-1	-1	-1
0	256	5.68234	-6.73757	-1	-1	-1
0	256	8.77884	0.756949	-1	-1	-1
0	256	-5.90466	0.281636	-1	-1	-1
0	256	-7.00042	-9.72862	-1	-1	-1
0	256	-2.50454	7.76259	-1	-1	-1
0	256	6.15956	3.2887	-1	-1	-1
0	256	4.24976	6.67346	-1	-1	-1
0	256	-3.16517	6.48474	-1	-1	-1
0	256	8.25974	9.50929	-1	-1	-1
0	256	8.31054	0.822925	-1	-1	-1
0	256	1.88835	-8.51307	4954	5037.72	-1
0	256	-0.279202	8.55691	503	567.125	-1
0	256	-3.86017	2.95925	4207	4245.94	-1
0	256	6.05647	-6.61918	-1	-1	-1
0	256	-0.351694	-6.39183	3086	3132.38	-1
0	256	-1.86033	7.00355	-1	-1	-1
0	256	2.04264	-6.54645	-1	-1	-1
0	256	4.32791	4.0389	-1	-1	-1
0	256	0.371992	-8.51016	-1	-1	-1
0	256	-3.89815	-1.62969	-1	-1	-1
0	256	6.64501	-6.62116	1469	1546.78	-1
0	256	-8.01681	4.9281	-1	-1	-1
0	256	4.45737	5.2929	1562	1647.91	-1
0	256	-6.70621	6.86402	-1	-1	-1
0	256	6.06798	6.37817	-1	-1	-1
0	256	3.30973	7.05919	2690	2755.94	-1
0	256	-8.61772	3.27586	-1	-1	-1
0	256	-1.83083	6.05923	2728	2780.53	-1
0	256	8.55901	2.71133	-1	-1	-1
0	256	-5.38972	5.35287	-1	-1	-1
0	256	2.30357	5.6465	1841	1886.25	-1
0	256	4.75777	-7.46567	5350	-1	-1
0	256	-8.15429	-5.35926	-1	-1	-1
0	256	1.86584	-8.88134	-1	-1	-1
0	256	4.28115	-8.51432	3216	3290.5	-1
0	256	-9.05966	-1.94216	4465	4548.34	-1
0	256	-9.6224	8.8554	-1	-1	-1
0	256	-0.694786	-7.15115	-1	-1	-1
0	256	-8.72425	-4.22748	-1	-1	-1
0	256	0.266806	4.8164	1754	1794.34	-1
0	256	4.6416	2.35595	47	96.5	-1
0	256	-6.69295	-2.29474	-1	-1	-1
0	256	6.21513	-3.16637	-1	-1	-1
0	256	-8.05595	0.754588	-1	-1	-1
0	256	-7.30622	4.43337	-1	-1	-1
0	256	-3.37837	-1.09158	-1	-1	-1
0	256	-9.48194	0.891708	-1	-1	-1
0	256	-8.21496	3.47241	-1	-1	-1
0	256	2.04672	-9.59762	3363	3454.94	-1
0	256	-5.64431	-0.147192	-1	-1	-1
0	256	1.74981	5.0231	1714	1774.81	-1
0	256	-5.10062	5.30173	4332	4390.03	-1
0	256	-3.37105	-4.92714	-1	-1	-1
0	256	4.34386	5.08993	1388	1491.84	-1
0	256	-4.14038	5.10817	-1	-1	-1
0	256	-5.42278	6.97199	4458	4526.56	-1
0	256	-1.749	-3.01284	-1	-1	-1
0	256	-9.79558	1.66549	-1	-1	-1
0	256	-4.27074	-6.16135	-1	-1	-1
0	256	-2.97625	0.96474	-1	-1	-1
0	256	3.35711	6.9103	1217	1288.03	-1
0	256	3.23605	-7.66147	-1	-1	-1
0	256	-6.5693	-7.1351	-1	-1	-1
0	256	0.193492	-1.76761	14	36	-1
0	256	-0.896525	5.89055	2181	2229.78	-1
0	256	6.53239	-7.16512	-1	-1	-1
0	256	0.163258	6.34685	2046	2095.5	-1
0	256	3.98684	7.18377	2015	2137.81	-1
0	256	1.78031	-6.82867	-1	-1	-1
0	256	-8.00325	-4.16936	-1	-1	-1
0	256	-6.65111	-6.48494	-1	-1	-1
0	256	4.85652	6.39858	-1	-1	-1
0	256	4.53879	-5.90667	2953	3011.62	-1
0	256	-4.67719	-7.45966	2732	2833.81	-1
0	256	-3.87882	0.150112	3261	3296.75	-1
0	256	-3.59574	-6.8904	-1	-1	-1
0	256	-0.434024	7.97657	-1	-1	-1
0	256	6.02907	9.30103	-1	-1	-1
0	256	-8.85141	1.48615	-1	-1	-1
0	256	8.7138	0.118652	-1	-1	-1
0	256	5.52622	1.44291	-1	-1	-1
0	256	-0.703241	9.01174	-1	-1	-1
0	256	-3.85195	-5.79412	2162	2218.56	-1
0	256	1.73833	4.23962	110	232.969	-1
0	256	6.46803	5.20417	3383	3444.25	-1
0	256	4.41582	4.83055	-1	-1	-1
0	256	-7.21807	5.70905	-1	-1	-1
0	256	4.81731	-1.43671	4605	4718.75	-1
0	256	9.29359	-5.18339	-1	-1	-1
0	256	-9.08556	0.297768	-1	-1	-1
0	256	-0.357066	7.73994	2618	2679.25	-1
0	256	2.43939	3.0752	-1	-1	-1
0	256	-8.25774	-4.07119	-1	-1	-1
0	256	4.51862	4.80771	-1	-1	-1
0	256	8.42796	-2.70758	-1	-1	-1
0	256	2.76965	-4.67077	132	176	-1
0	256	-4.91876	4.82674	-1	-1	-1
0	256	7.72536	1.9835	-1	-1	-1
0	256	-9.08271	2.3695	-1	-1	-1
0	256	-6.0132	-4.04902	2884	2935.5	-1
0	256	-8.75213	5.73171	-1	-1	-1
0	256	1.64758	9.20597	-1	-1	-1
0	256	-4.80837	0.385658	-1	-1	-1
0	256	1.86578	-6.24737	-1	-1	-1
0	256	6.90266	-2.14401	-1	-1	-1
0	256	1.03505	8.12111	2870	2930.84	-1
0	256	-2.0442	-2.90837	1885	1915.75	-1
0	256	-5.28783	-7.68826	-1	-1	-1
0	256	4.442	-2.28526	-1	-1	-1
0	256	-7.77125	-3.06731	-1	-1	-1
0	256	-1.5017	8.81708	-1	-1	-1
0	256	-3.14651	7.74764	-1	-1	-1
0	256	2.78135	-2.80555	1896	2043.97	-1
0	256	-5.33475	-1.00263	-1	-1	-1
0	256	-8.01411	5.26615	-1	-1	-1
0	256	-3.14695	-2.59383	-1	-1	-1
0	256	0.584863	7.45383	-1	-1	-1
0	256	9.22259	-0.198967	-1	-1	-1
0	256	9.06051	2.75404	-1	-1	-1
0	256	8.47141	0.640207	-1	-1	-1
0	256	-3.21375	5.38492	231	282.562	-1
0	256	2.50765	-3.95647	47	87.3125	-1
0	256	-5.42638	0.0424099	-1	-1	-1
0	256	3.92453	-0.0544921	-1	-1	-1
0	256	-5.58102	-3.08075	-1	-1	-1
0	256	0.314912	-5.24718	-1	-1	-1
0	256	-1.20348	-4.03831	5022	5071.31	-1
0	256	2.17832	7.68311	-1	-1	-1
0	256	0.493118	6.21763	-1	-1	-1
0	256	4.13123	-3.5668	2715	2767.44	-1
