Pile ID	Distribution Type	X-Position	Y-Position	Pickup Time	Drop Off Time	Ant ID
1	1	5.39378	4.32276	305	358.781	-1
1	1	5.54378	4.32276	417	477.312	-1
1	1	5.69378	4.32276	827	883.562	-1
1	1	5.84378	4.32276	1044	1098.28	-1
1	1	5.99378	4.32276	1151	1204.75	-1
1	1	6.14378	4.32276	-1	-1	-1
1	1	6.29378	4.32276	-1	-1	-1
1	1	6.44378	4.32276	5326	-1	-1
1	1	6.59378	4.32276	5198	5271.41	-1
1	1	6.74378	4.32276	5176	5259.78	-1
1	1	6.89378	4.32276	4906	4981.41	-1
1	1	7.04378	4.32276	4397	4458.56	-1
1	1	7.19378	4.32276	4519	4580.44	-1
1	1	7.34378	4.32276	4895	4955.56	-1
1	1	7.49378	4.32276	-1	-1	-1
1	1	7.64378	4.32276	-1	-1	-1
1	1	5.39378	4.47276	536	602.438	-1
1	1	5.54378	4.47276	466	522.031	-1
1	1	5.69378	4.47276	573	644.25	-1
1	1	5.84378	4.47276	939	995.062	-1
1	1	5.99378	4.47276	-1	-1	-1
1	1	6.14378	4.47276	-1	-1	-1
1	1	6.29378	4.47276	-1	-1	-1
1	1	6.44378	4.47276	-1	-1	-1
1	1	6.59378	4.47276	5367	-1	-1
1	1	6.74378	4.47276	5137	5216.16	-1
1	1	6.89378	4.47276	5047	5127.75	-1
1	1	7.04378	4.47276	4639	4703.47	-1
1	1	7.19378	4.47276	4764	4830.25	-1
1	1	7.34378	4.47276	4795	4864.09	-1
1	1	7.49378	4.47276	-1	-1	-1
1	1	7.64378	4.47276	-1	-1	-1
1	1	5.39378	4.62276	737	806.406	-1
1	1	5.54378	4.62276	615	676	-1
1	1	5.69378	4.62276	704	761.156	-1
1	1	5.84378	4.62276	-1	-1	-1
1	1	5.99378	4.62276	-1	-1	-1
1	1	6.14378	4.62276	-1	-1	-1
1	1	6.29378	4.62276	-1	-1	-1
1	1	6.44378	4.62276	-1	-1	-1
1	1	6.59378	4.62276	-1	-1	-1
1	1	6.74378	4.62276	-1	-1	-1
1	1	6.89378	4.62276	-1	-1	-1
1	1	7.04378	4.62276	5030	5106.94	-1
1	1	7.19378	4.62276	4945	5022.12	-1
1	1	7.34378	4.62276	-1	-1	-1
1	1	7.49378	4.62276	-1	-1	-1
1	1	7.64378	4.62276	-1	-1	-1
1	1	5.39378	4.77276	1706	1847.28	-1
1	1	5.54378	4.77276	2013	2078.72	-1
1	1	5.69378	4.77276	766	837.125	-1
1	1	5.84378	4.77276	-1	-1	-1
1	1	5.99378	4.77276	-1	-1	-1
1	1	6.14378	4.77276	-1	-1	-1
1	1	6.29378	4.77276	-1	-1	-1
1	1	6.44378	4.77276	-1	-1	-1
1	1	6.59378	4.77276	-1	-1	-1
1	1	6.74378	4.77276	-1	-1	-1
1	1	6.89378	4.77276	5358	-1	-1
1	1	7.04378	4.77276	5219	5294.69	-1
1	1	7.19378	4.77276	-1	-1	-1
1	1	7.34378	4.77276	-1	-1	-1
1	1	7.49378	4.77276	-1	-1	-1
1	1	7.64378	4.77276	3930	3999.66	-1
1	1	5.39378	4.92276	191	244.594	-1
1	1	5.54378	4.92276	1902	1957.62	-1
1	1	5.69378	4.92276	-1	-1	-1
1	1	5.84378	4.92276	-1	-1	-1
1	1	5.99378	4.92276	-1	-1	-1
1	1	6.14378	4.92276	-1	-1	-1
1	1	6.29378	4.92276	-1	-1	-1
1	1	6.44378	4.92276	-1	-1	-1
1	1	6.59378	4.92276	-1	-1	-1
1	1	6.74378	4.92276	-1	-1	-1
1	1	6.89378	4.92276	-1	-1	-1
1	1	7.04378	4.92276	-1	-1	-1
1	1	7.19378	4.92276	-1	-1	-1
1	1	7.34378	4.92276	-1	-1	-1
1	1	7.49378	4.92276	-1	-1	-1
1	1	7.64378	4.92276	4067	4135.03	-1
1	1	5.39378	5.07276	76	134.5	-1
1	1	5.54378	5.07276	2644	2707.53	-1
1	1	5.69378	5.07276	-1	-1	-1
1	1	5.84378	5.07276	-1	-1	-1
1	1	5.99378	5.07276	-1	-1	-1
1	1	6.14378	5.07276	-1	-1	-1
1	1	6.29378	5.07276	-1	-1	-1
1	1	6.44378	5.07276	-1	-1	-1
1	1	6.59378	5.07276	-1	-1	-1
1	1	6.74378	5.07276	-1	-1	-1
1	1	6.89378	5.07276	-1	-1	-1
1	1	7.04378	5.07276	-1	-1	-1
1	1	7.19378	5.07276	-1	-1	-1
1	1	7.34378	5.07276	-1	-1	-1
1	1	7.49378	5.07276	-1	-1	-1
1	1	7.64378	5.07276	-1	-1	-1
1	1	5.39378	5.22276	314	372.5	-1
1	1	5.54378	5.22276	-1	-1	-1
1	1	5.69378	5.22276	-1	-1	-1
1	1	5.84378	5.22276	-1	-1	-1
1	1	5.99378	5.22276	-1	-1	-1
1	1	6.14378	5.22276	-1	-1	-1
1	1	6.29378	5.22276	-1	-1	-1
1	1	6.44378	5.22276	-1	-1	-1
1	1	6.59378	5.22276	-1	-1	-1
1	1	6.74378	5.22276	-1	-1	-1
1	1	6.89378	5.22276	-1	-1	-1
1	1	7.04378	5.22276	-1	-1	-1
1	1	7.19378	5.22276	-1	-1	-1
1	1	7.34378	5.22276	-1	-1	-1
1	1	7.49378	5.22276	-1	-1	-1
1	1	7.64378	5.22276	-1	-1	-1
1	1	5.39378	5.37276	3901	3956.03	-1
1	1	5.54378	5.37276	-1	-1	-1
1	1	5.69378	5.37276	-1	-1	-1
1	1	5.84378	5.37276	-1	-1	-1
1	1	5.99378	5.37276	-1	-1	-1
1	1	6.14378	5.37276	-1	-1	-1
1	1	6.29378	5.37276	-1	-1	-1
1	1	6.44378	5.37276	-1	-1	-1
1	1	6.59378	5.37276	-1	-1	-1
1	1	6.74378	5.37276	-1	-1	-1
1	1	6.89378	5.37276	-1	-1	-1
1	1	7.04378	5.37276	-1	-1	-1
1	1	7.19378	5.37276	-1	-1	-1
1	1	7.34378	5.37276	-1	-1	-1
1	1	7.49378	5.37276	-1	-1	-1
1	1	7.64378	5.37276	-1	-1	-1
1	1	5.39378	5.52276	4011	4074.34	-1
1	1	5.54378	5.52276	-1	-1	-1
1	1	5.69378	5.52276	-1	-1	-1
1	1	5.84378	5.52276	-1	-1	-1
1	1	5.99378	5.52276	-1	-1	-1
1	1	6.14378	5.52276	-1	-1	-1
1	1	6.29378	5.52276	-1	-1	-1
1	1	6.44378	5.52276	-1	-1	-1
1	1	6.59378	5.52276	-1	-1	-1
1	1	6.74378	5.52276	-1	-1	-1
1	1	6.89378	5.52276	-1	-1	-1
1	1	7.04378	5.52276	-1	-1	-1
1	1	7.19378	5.52276	-1	-1	-1
1	1	7.34378	5.52276	-1	-1	-1
1	1	7.49378	5.52276	-1	-1	-1
1	1	7.64378	5.52276	-1	-1	-1
1	1	5.39378	5.67276	-1	-1	-1
1	1	5.54378	5.67276	-1	-1	-1
1	1	5.69378	5.67276	-1	-1	-1
1	1	5.84378	5.67276	-1	-1	-1
1	1	5.99378	5.67276	-1	-1	-1
1	1	6.14378	5.67276	-1	-1	-1
1	1	6.29378	5.67276	-1	-1	-1
1	1	6.44378	5.67276	-1	-1	-1
1	1	6.59378	5.67276	-1	-1	-1
1	1	6.74378	5.67276	-1	-1	-1
1	1	6.89378	5.67276	-1	-1	-1
1	1	7.04378	5.67276	-1	-1	-1
1	1	7.19378	5.67276	-1	-1	-1
1	1	7.34378	5.67276	-1	-1	-1
1	1	7.49378	5.67276	-1	-1	-1
1	1	7.64378	5.67276	-1	-1	-1
1	1	5.39378	5.82276	2562	2636.31	-1
1	1	5.54378	5.82276	-1	-1	-1
1	1	5.69378	5.82276	-1	-1	-1
1	1	5.84378	5.82276	-1	-1	-1
1	1	5.99378	5.82276	-1	-1	-1
1	1	6.14378	5.82276	-1	-1	-1
1	1	6.29378	5.82276	-1	-1	-1
1	1	6.44378	5.82276	-1	-1	-1
1	1	6.59378	5.82276	-1	-1	-1
1	1	6.74378	5.82276	-1	-1	-1
1	1	6.89378	5.82276	-1	-1	-1
1	1	7.04378	5.82276	-1	-1	-1
1	1	7.19378	5.82276	-1	-1	-1
1	1	7.34378	5.82276	-1	-1	-1
1	1	7.49378	5.82276	-1	-1	-1
1	1	7.64378	5.82276	-1	-1	-1
1	1	5.39378	5.97276	772	833.312	-1
1	1	5.54378	5.97276	-1	-1	-1
1	1	5.69378	5.97276	-1	-1	-1
1	1	5.84378	5.97276	-1	-1	-1
1	1	5.99378	5.97276	-1	-1	-1
1	1	6.14378	5.97276	-1	-1	-1
1	1	6.29378	5.97276	-1	-1	-1
1	1	6.44378	5.97276	-1	-1	-1
1	1	6.59378	5.97276	-1	-1	-1
1	1	6.74378	5.97276	-1	-1	-1
1	1	6.89378	5.97276	-1	-1	-1
1	1	7.04378	5.97276	-1	-1	-1
1	1	7.19378	5.97276	-1	-1	-1
1	1	7.34378	5.97276	-1	-1	-1
1	1	7.49378	5.97276	-1	-1	-1
1	1	7.64378	5.97276	-1	-1	-1
1	1	5.39378	6.12276	-1	-1	-1
1	1	5.54378	6.12276	-1	-1	-1
1	1	5.69378	6.12276	-1	-1	-1
1	1	5.84378	6.12276	-1	-1	-1
1	1	5.99378	6.12276	-1	-1	-1
1	1	6.14378	6.12276	-1	-1	-1
1	1	6.29378	6.12276	-1	-1	-1
1	1	6.44378	6.12276	-1	-1	-1
1	1	6.59378	6.12276	-1	-1	-1
1	1	6.74378	6.12276	-1	-1	-1
1	1	6.89378	6.12276	-1	-1	-1
1	1	7.04378	6.12276	-1	-1	-1
1	1	7.19378	6.12276	-1	-1	-1
1	1	7.34378	6.12276	-1	-1	-1
1	1	7.49378	6.12276	-1	-1	-1
1	1	7.64378	6.12276	-1	-1	-1
1	1	5.39378	6.27276	-1	-1	-1
1	1	5.54378	6.27276	-1	-1	-1
1	1	5.69378	6.27276	-1	-1	-1
1	1	5.84378	6.27276	-1	-1	-1
1	1	5.99378	6.27276	-1	-1	-1
1	1	6.14378	6.27276	-1	-1	-1
1	1	6.29378	6.27276	-1	-1	-1
1	1	6.44378	6.27276	-1	-1	-1
1	1	6.59378	6.27276	-1	-1	-1
1	1	6.74378	6.27276	-1	-1	-1
1	1	6.89378	6.27276	-1	-1	-1
1	1	7.04378	6.27276	-1	-1	-1
1	1	7.19378	6.27276	-1	-1	-1
1	1	7.34378	6.27276	-1	-1	-1
1	1	7.49378	6.27276	-1	-1	-1
1	1	7.64378	6.27276	-1	-1	-1
1	1	5.39378	6.42276	-1	-1	-1
1	1	5.54378	6.42276	-1	-1	-1
1	1	5.69378	6.42276	-1	-1	-1
1	1	5.84378	6.42276	-1	-1	-1
1	1	5.99378	6.42276	-1	-1	-1
1	1	6.14378	6.42276	-1	-1	-1
1	1	6.29378	6.42276	-1	-1	-1
1	1	6.44378	6.42276	-1	-1	-1
1	1	6.59378	6.42276	-1	-1	-1
1	1	6.74378	6.42276	-1	-1	-1
1	1	6.89378	6.42276	-1	-1	-1
1	1	7.04378	6.42276	-1	-1	-1
1	1	7.19378	6.42276	4113	4183.66	-1
1	1	7.34378	6.42276	3680	3758	-1
1	1	7.49378	6.42276	3968	4039.47	-1
1	1	7.64378	6.42276	-1	-1	-1
1	1	5.39378	6.57276	-1	-1	-1
1	1	5.54378	6.57276	-1	-1	-1
1	1	5.69378	6.57276	-1	-1	-1
1	1	5.84378	6.57276	-1	-1	-1
1	1	5.99378	6.57276	-1	-1	-1
1	1	6.14378	6.57276	-1	-1	-1
1	1	6.29378	6.57276	-1	-1	-1
1	1	6.44378	6.57276	-1	-1	-1
1	1	6.59378	6.57276	-1	-1	-1
1	1	6.74378	6.57276	-1	-1	-1
1	1	6.89378	6.57276	3540	3609.72	-1
1	1	7.04378	6.57276	3392	3467.88	-1
1	1	7.19378	6.57276	3250	3320.53	-1
1	1	7.34378	6.57276	3111	3181.34	-1
1	1	7.49378	6.57276	3827	3899	-1
1	1	7.64378	6.57276	-1	-1	-1
2	4	-3.03442	7.48491	-1	-1	-1
2	4	-2.88442	7.48491	-1	-1	-1
2	4	-2.73442	7.48491	-1	-1	-1
2	4	-2.58442	7.48491	-1	-1	-1
2	4	-2.43442	7.48491	-1	-1	-1
2	4	-2.28442	7.48491	-1	-1	-1
2	4	-2.13442	7.48491	-1	-1	-1
2	4	-1.98442	7.48491	-1	-1	-1
2	4	-3.03442	7.63491	-1	-1	-1
2	4	-2.88442	7.63491	-1	-1	-1
2	4	-2.73442	7.63491	-1	-1	-1
2	4	-2.58442	7.63491	-1	-1	-1
2	4	-2.43442	7.63491	-1	-1	-1
2	4	-2.28442	7.63491	-1	-1	-1
2	4	-2.13442	7.63491	-1	-1	-1
2	4	-1.98442	7.63491	-1	-1	-1
2	4	-3.03442	7.78491	-1	-1	-1
2	4	-2.88442	7.78491	-1	-1	-1
2	4	-2.73442	7.78491	-1	-1	-1
2	4	-2.58442	7.78491	-1	-1	-1
2	4	-2.43442	7.78491	-1	-1	-1
2	4	-2.28442	7.78491	-1	-1	-1
2	4	-2.13442	7.78491	-1	-1	-1
2	4	-1.98442	7.78491	-1	-1	-1
2	4	-3.03442	7.93491	-1	-1	-1
2	4	-2.88442	7.93491	-1	-1	-1
2	4	-2.73442	7.93491	-1	-1	-1
2	4	-2.58442	7.93491	-1	-1	-1
2	4	-2.43442	7.93491	-1	-1	-1
2	4	-2.28442	7.93491	-1	-1	-1
2	4	-2.13442	7.93491	-1	-1	-1
2	4	-1.98442	7.93491	-1	-1	-1
2	4	-3.03442	8.08491	-1	-1	-1
2	4	-2.88442	8.08491	-1	-1	-1
2	4	-2.73442	8.08491	-1	-1	-1
2	4	-2.58442	8.08491	-1	-1	-1
2	4	-2.43442	8.08491	-1	-1	-1
2	4	-2.28442	8.08491	-1	-1	-1
2	4	-2.13442	8.08491	-1	-1	-1
2	4	-1.98442	8.08491	-1	-1	-1
2	4	-3.03442	8.23491	-1	-1	-1
2	4	-2.88442	8.23491	-1	-1	-1
2	4	-2.73442	8.23491	-1	-1	-1
2	4	-2.58442	8.23491	-1	-1	-1
2	4	-2.43442	8.23491	-1	-1	-1
2	4	-2.28442	8.23491	-1	-1	-1
2	4	-2.13442	8.23491	-1	-1	-1
2	4	-1.98442	8.23491	-1	-1	-1
2	4	-3.03442	8.38491	-1	-1	-1
2	4	-2.88442	8.38491	-1	-1	-1
2	4	-2.73442	8.38491	-1	-1	-1
2	4	-2.58442	8.38491	-1	-1	-1
2	4	-2.43442	8.38491	-1	-1	-1
2	4	-2.28442	8.38491	-1	-1	-1
2	4	-2.13442	8.38491	-1	-1	-1
2	4	-1.98442	8.38491	-1	-1	-1
2	4	-3.03442	8.53491	4425	4492.06	-1
2	4	-2.88442	8.53491	-1	-1	-1
2	4	-2.73442	8.53491	-1	-1	-1
2	4	-2.58442	8.53491	-1	-1	-1
2	4	-2.43442	8.53491	-1	-1	-1
2	4	-2.28442	8.53491	-1	-1	-1
2	4	-2.13442	8.53491	-1	-1	-1
2	4	-1.98442	8.53491	-1	-1	-1
3	4	-2.84382	4.44921	4159	4206.88	-1
3	4	-2.69382	4.44921	4057	4097.16	-1
3	4	-2.54382	4.44921	2266	2397.72	-1
3	4	-2.39382	4.44921	2433	2473.62	-1
3	4	-2.24382	4.44921	2846	2890.19	-1
3	4	-2.09382	4.44921	2647	2694.47	-1
3	4	-1.94382	4.44921	2580	2625.12	-1
3	4	-1.79382	4.44921	2226	2263.81	-1
3	4	-2.84382	4.59921	4070	4128.94	-1
3	4	-2.69382	4.59921	3748	3791.41	-1
3	4	-2.54382	4.59921	3660	3705.34	-1
3	4	-2.39382	4.59921	2816	2873.06	-1
3	4	-2.24382	4.59921	2687	2751.25	-1
3	4	-2.09382	4.59921	2451	2506.22	-1
3	4	-1.94382	4.59921	2303	2354.34	-1
3	4	-1.79382	4.59921	2141	2189.75	-1
3	4	-2.84382	4.74921	3882	3931.44	-1
3	4	-2.69382	4.74921	3828	3891.03	-1
3	4	-2.54382	4.74921	3551	3598.81	-1
3	4	-2.39382	4.74921	2945	3000.12	-1
3	4	-2.24382	4.74921	2789	2856.97	-1
3	4	-2.09382	4.74921	2600	2644.16	-1
3	4	-1.94382	4.74921	2547	2603.06	-1
3	4	-1.79382	4.74921	2345	2387.81	-1
3	4	-2.84382	4.89921	3976	4027.41	-1
3	4	-2.69382	4.89921	3863	3922	-1
3	4	-2.54382	4.89921	3615	3674.66	-1
3	4	-2.39382	4.89921	3043	3087.06	-1
3	4	-2.24382	4.89921	2929	2972.44	-1
3	4	-2.09382	4.89921	2828	2885.06	-1
3	4	-1.94382	4.89921	2682	2728.34	-1
3	4	-1.79382	4.89921	2566	2607.44	-1
3	4	-2.84382	5.04921	4060	4149.91	-1
3	4	-2.69382	5.04921	3941	3989.69	-1
3	4	-2.54382	5.04921	3695	3745.69	-1
3	4	-2.39382	5.04921	3151	3229.38	-1
3	4	-2.24382	5.04921	3022	3081	-1
3	4	-2.09382	5.04921	3129	3189.59	-1
3	4	-1.94382	5.04921	3175	3219.12	-1
3	4	-1.79382	5.04921	3286	3329.09	-1
3	4	-2.84382	5.19921	-1	-1	-1
3	4	-2.69382	5.19921	3972	4021.75	-1
3	4	-2.54382	5.19921	3586	3638.34	-1
3	4	-2.39382	5.19921	3467	3534.94	-1
3	4	-2.24382	5.19921	3448	3500.5	-1
3	4	-2.09382	5.19921	3264	3333.38	-1
3	4	-1.94382	5.19921	3308	3355.78	-1
3	4	-1.79382	5.19921	42	87.9375	-1
3	4	-2.84382	5.34921	-1	-1	-1
3	4	-2.69382	5.34921	-1	-1	-1
3	4	-2.54382	5.34921	-1	-1	-1
3	4	-2.39382	5.34921	3727	3777.88	-1
3	4	-2.24382	5.34921	3713	3764.91	-1
3	4	-2.09382	5.34921	3412	3494.72	-1
3	4	-1.94382	5.34921	3575	3630.12	-1
3	4	-1.79382	5.34921	3391	3443.91	-1
3	4	-2.84382	5.49921	-1	-1	-1
3	4	-2.69382	5.49921	-1	-1	-1
3	4	-2.54382	5.49921	-1	-1	-1
3	4	-2.39382	5.49921	-1	-1	-1
3	4	-2.24382	5.49921	4058	4111.81	-1
3	4	-2.09382	5.49921	3812	3861.03	-1
3	4	-1.94382	5.49921	3829	3877.88	-1
3	4	-1.79382	5.49921	3937	4012.25	-1
4	4	7.31876	-6.32824	-1	-1	-1
4	4	7.46876	-6.32824	-1	-1	-1
4	4	7.61876	-6.32824	2649	2720	-1
4	4	7.76876	-6.32824	2499	2573.97	-1
4	4	7.91876	-6.32824	1470	1558.78	-1
4	4	8.06876	-6.32824	1412	1498.12	-1
4	4	8.21876	-6.32824	1589	1666.78	-1
4	4	8.36876	-6.32824	1982	2079.5	-1
4	4	7.31876	-6.17824	-1	-1	-1
4	4	7.46876	-6.17824	-1	-1	-1
4	4	7.61876	-6.17824	1178	1255.31	-1
4	4	7.76876	-6.17824	1206	1292.06	-1
4	4	7.91876	-6.17824	1236	1354.5	-1
4	4	8.06876	-6.17824	1224	1314.41	-1
4	4	8.21876	-6.17824	1301	1386.09	-1
4	4	8.36876	-6.17824	1772	1855.88	-1
4	4	7.31876	-6.02824	-1	-1	-1
4	4	7.46876	-6.02824	1357	1448.19	-1
4	4	7.61876	-6.02824	1131	1210.19	-1
4	4	7.76876	-6.02824	588	660.656	-1
4	4	7.91876	-6.02824	123	232.406	-1
4	4	8.06876	-6.02824	831	935.625	-1
4	4	8.21876	-6.02824	977	1107.38	-1
4	4	8.36876	-6.02824	1356	1468.09	-1
4	4	7.31876	-5.87824	2348	2423.38	-1
4	4	7.46876	-5.87824	2185	2276.66	-1
4	4	7.61876	-5.87824	910	987.812	-1
4	4	7.76876	-5.87824	732	858.188	-1
4	4	7.91876	-5.87824	301	371.688	-1
4	4	8.06876	-5.87824	445	518	-1
4	4	8.21876	-5.87824	945	1048.19	-1
4	4	8.36876	-5.87824	989	1083.59	-1
4	4	7.31876	-5.72824	1996	2087.84	-1
4	4	7.46876	-5.72824	1925	2001.59	-1
4	4	7.61876	-5.72824	1321	1422.81	-1
4	4	7.76876	-5.72824	751	824.531	-1
4	4	7.91876	-5.72824	619	697.312	-1
4	4	8.06876	-5.72824	805	895.844	-1
4	4	8.21876	-5.72824	819	911.062	-1
4	4	8.36876	-5.72824	1407	1504.84	-1
4	4	7.31876	-5.57824	1850	1924.91	-1
4	4	7.46876	-5.57824	1421	1515.44	-1
4	4	7.61876	-5.57824	1179	1269.03	-1
4	4	7.76876	-5.57824	776	866	-1
4	4	7.91876	-5.57824	946	1031.41	-1
4	4	8.06876	-5.57824	990	1080.19	-1
4	4	8.21876	-5.57824	1583	1676.69	-1
4	4	8.36876	-5.57824	1756	1830.53	-1
4	4	7.31876	-5.42824	1651	1731.94	-1
4	4	7.46876	-5.42824	1622	1698.72	-1
4	4	7.61876	-5.42824	1243	1345.09	-1
4	4	7.76876	-5.42824	1035	1106.84	-1
4	4	7.91876	-5.42824	1073	1160.5	-1
4	4	8.06876	-5.42824	1023	1150.59	-1
4	4	8.21876	-5.42824	1641	1738.97	-1
4	4	8.36876	-5.42824	-1	-1	-1
4	4	7.31876	-5.27824	2090	2166	-1
4	4	7.46876	-5.27824	1791	1867.19	-1
4	4	7.61876	-5.27824	1438	1520.03	-1
4	4	7.76876	-5.27824	1209	1304.12	-1
4	4	7.91876	-5.27824	1384	1520.06	-1
4	4	8.06876	-5.27824	1448	1541.31	-1
4	4	8.21876	-5.27824	1615	1717.94	-1
4	4	8.36876	-5.27824	-1	-1	-1
5	4	-3.16499	-9.22717	-1	-1	-1
5	4	-3.01499	-9.22717	-1	-1	-1
5	4	-2.86499	-9.22717	-1	-1	-1
5	4	-2.71499	-9.22717	-1	-1	-1
5	4	-2.56499	-9.22717	-1	-1	-1
5	4	-2.41499	-9.22717	-1	-1	-1
5	4	-2.26499	-9.22717	-1	-1	-1
5	4	-2.11499	-9.22717	-1	-1	-1
5	4	-3.16499	-9.07717	-1	-1	-1
5	4	-3.01499	-9.07717	-1	-1	-1
5	4	-2.86499	-9.07717	-1	-1	-1
5	4	-2.71499	-9.07717	-1	-1	-1
5	4	-2.56499	-9.07717	-1	-1	-1
5	4	-2.41499	-9.07717	-1	-1	-1
5	4	-2.26499	-9.07717	-1	-1	-1
5	4	-2.11499	-9.07717	-1	-1	-1
5	4	-3.16499	-8.92717	-1	-1	-1
5	4	-3.01499	-8.92717	-1	-1	-1
5	4	-2.86499	-8.92717	-1	-1	-1
5	4	-2.71499	-8.92717	-1	-1	-1
5	4	-2.56499	-8.92717	-1	-1	-1
5	4	-2.41499	-8.92717	-1	-1	-1
5	4	-2.26499	-8.92717	-1	-1	-1
5	4	-2.11499	-8.92717	-1	-1	-1
5	4	-3.16499	-8.77717	-1	-1	-1
5	4	-3.01499	-8.77717	-1	-1	-1
5	4	-2.86499	-8.77717	-1	-1	-1
5	4	-2.71499	-8.77717	-1	-1	-1
5	4	-2.56499	-8.77717	-1	-1	-1
5	4	-2.41499	-8.77717	-1	-1	-1
5	4	-2.26499	-8.77717	-1	-1	-1
5	4	-2.11499	-8.77717	-1	-1	-1
5	4	-3.16499	-8.62717	-1	-1	-1
5	4	-3.01499	-8.62717	-1	-1	-1
5	4	-2.86499	-8.62717	-1	-1	-1
5	4	-2.71499	-8.62717	-1	-1	-1
5	4	-2.56499	-8.62717	-1	-1	-1
5	4	-2.41499	-8.62717	-1	-1	-1
5	4	-2.26499	-8.62717	-1	-1	-1
5	4	-2.11499	-8.62717	-1	-1	-1
5	4	-3.16499	-8.47717	-1	-1	-1
5	4	-3.01499	-8.47717	-1	-1	-1
5	4	-2.86499	-8.47717	-1	-1	-1
5	4	-2.71499	-8.47717	-1	-1	-1
5	4	-2.56499	-8.47717	-1	-1	-1
5	4	-2.41499	-8.47717	-1	-1	-1
5	4	-2.26499	-8.47717	-1	-1	-1
5	4	-2.11499	-8.47717	-1	-1	-1
5	4	-3.16499	-8.32717	-1	-1	-1
5	4	-3.01499	-8.32717	-1	-1	-1
5	4	-2.86499	-8.32717	-1	-1	-1
5	4	-2.71499	-8.32717	-1	-1	-1
5	4	-2.56499	-8.32717	-1	-1	-1
5	4	-2.41499	-8.32717	-1	-1	-1
5	4	-2.26499	-8.32717	-1	-1	-1
5	4	-2.11499	-8.32717	-1	-1	-1
5	4	-3.16499	-8.17717	-1	-1	-1
5	4	-3.01499	-8.17717	-1	-1	-1
5	4	-2.86499	-8.17717	-1	-1	-1
5	4	-2.71499	-8.17717	-1	-1	-1
5	4	-2.56499	-8.17717	-1	-1	-1
5	4	-2.41499	-8.17717	-1	-1	-1
5	4	-2.26499	-8.17717	-1	-1	-1
5	4	-2.11499	-8.17717	-1	-1	-1
6	16	4.26272	-7.09512	-1	-1	-1
6	16	4.41272	-7.09512	-1	-1	-1
6	16	4.56272	-7.09512	-1	-1	-1
6	16	4.71272	-7.09512	-1	-1	-1
6	16	4.26272	-6.94512	-1	-1	-1
6	16	4.41272	-6.94512	4719	4799.34	-1
6	16	4.56272	-6.94512	4863	4922.38	-1
6	16	4.71272	-6.94512	-1	-1	-1
6	16	4.26272	-6.79512	4573	4636.97	-1
6	16	4.41272	-6.79512	4636	4717.47	-1
6	16	4.56272	-6.79512	4481	4544.69	-1
6	16	4.71272	-6.79512	4610	4700.94	-1
6	16	4.26272	-6.64512	4453	4519.94	-1
6	16	4.41272	-6.64512	4324	4384.09	-1
6	16	4.56272	-6.64512	4183	4248.28	-1
6	16	4.71272	-6.64512	-1	-1	-1
7	16	0.597793	8.13442	-1	-1	-1
7	16	0.747793	8.13442	-1	-1	-1
7	16	0.897793	8.13442	2355	2421.19	-1
7	16	1.04779	8.13442	-1	-1	-1
7	16	0.597793	8.28442	-1	-1	-1
7	16	0.747793	8.28442	-1	-1	-1
7	16	0.897793	8.28442	-1	-1	-1
7	16	1.04779	8.28442	-1	-1	-1
7	16	0.597793	8.43442	-1	-1	-1
7	16	0.747793	8.43442	-1	-1	-1
7	16	0.897793	8.43442	4534	4601.44	-1
7	16	1.04779	8.43442	-1	-1	-1
7	16	0.597793	8.58442	4235	4298.03	-1
7	16	0.747793	8.58442	4358	4423.91	-1
7	16	0.897793	8.58442	4405	4468.88	-1
7	16	1.04779	8.58442	4566	4630.72	-1
8	16	0.302147	-8.46678	-1	-1	-1
8	16	0.452147	-8.46678	-1	-1	-1
8	16	0.602147	-8.46678	-1	-1	-1
8	16	0.752147	-8.46678	-1	-1	-1
8	16	0.302147	-8.31678	-1	-1	-1
8	16	0.452147	-8.31678	-1	-1	-1
8	16	0.602147	-8.31678	-1	-1	-1
8	16	0.752147	-8.31678	-1	-1	-1
8	16	0.302147	-8.16678	-1	-1	-1
8	16	0.452147	-8.16678	-1	-1	-1
8	16	0.602147	-8.16678	-1	-1	-1
8	16	0.752147	-8.16678	-1	-1	-1
8	16	0.302147	-8.01678	5032	5093.41	-1
8	16	0.452147	-8.01678	-1	-1	-1
8	16	0.602147	-8.01678	-1	-1	-1
8	16	0.752147	-8.01678	-1	-1	-1
9	16	7.55491	-4.47556	-1	-1	-1
9	16	7.70491	-4.47556	1548	1619.91	-1
9	16	7.85491	-4.47556	1682	1751.28	-1
9	16	8.00491	-4.47556	-1	-1	-1
9	16	7.55491	-4.32556	-1	-1	-1
9	16	7.70491	-4.32556	-1	-1	-1
9	16	7.85491	-4.32556	-1	-1	-1
9	16	8.00491	-4.32556	-1	-1	-1
9	16	7.55491	-4.17556	-1	-1	-1
9	16	7.70491	-4.17556	-1	-1	-1
9	16	7.85491	-4.17556	-1	-1	-1
9	16	8.00491	-4.17556	-1	-1	-1
9	16	7.55491	-4.02556	-1	-1	-1
9	16	7.70491	-4.02556	-1	-1	-1
9	16	7.85491	-4.02556	-1	-1	-1
9	16	8.00491	-4.02556	-1	-1	-1
10	16	-3.31206	6.21528	-1	-1	-1
10	16	-3.16206	6.21528	-1	-1	-1
10	16	-3.01206	6.21528	-1	-1	-1
10	16	-2.86206	6.21528	5297	5355.03	-1
10	16	-3.31206	6.36528	-1	-1	-1
10	16	-3.16206	6.36528	-1	-1	-1
10	16	-3.01206	6.36528	-1	-1	-1
10	16	-2.86206	6.36528	-1	-1	-1
10	16	-3.31206	6.51528	-1	-1	-1
10	16	-3.16206	6.51528	-1	-1	-1
10	16	-3.01206	6.51528	-1	-1	-1
10	16	-2.86206	6.51528	-1	-1	-1
10	16	-3.31206	6.66528	-1	-1	-1
10	16	-3.16206	6.66528	-1	-1	-1
10	16	-3.01206	6.66528	-1	-1	-1
10	16	-2.86206	6.66528	-1	-1	-1
11	16	-0.306953	7.27418	-1	-1	-1
11	16	-0.156953	7.27418	-1	-1	-1
11	16	-0.00695308	7.27418	-1	-1	-1
11	16	0.143047	7.27418	-1	-1	-1
11	16	-0.306953	7.42418	-1	-1	-1
11	16	-0.156953	7.42418	-1	-1	-1
11	16	-0.00695308	7.42418	-1	-1	-1
11	16	0.143047	7.42418	-1	-1	-1
11	16	-0.306953	7.57418	-1	-1	-1
11	16	-0.156953	7.57418	-1	-1	-1
11	16	-0.00695308	7.57418	-1	-1	-1
11	16	0.143047	7.57418	-1	-1	-1
11	16	-0.306953	7.72418	-1	-1	-1
11	16	-0.156953	7.72418	-1	-1	-1
11	16	-0.00695308	7.72418	-1	-1	-1
11	16	0.143047	7.72418	-1	-1	-1
12	16	4.47904	-1.8949	-1	-1	-1
12	16	4.62904	-1.8949	-1	-1	-1
12	16	4.77904	-1.8949	4770	4812.53	-1
12	16	4.92904	-1.8949	4686	4728.41	-1
12	16	4.47904	-1.7449	-1	-1	-1
12	16	4.62904	-1.7449	5106	5152.34	-1
12	16	4.77904	-1.7449	4934	4978.56	-1
12	16	4.92904	-1.7449	4853	4894.59	-1
12	16	4.47904	-1.5949	-1	-1	-1
12	16	4.62904	-1.5949	-1	-1	-1
12	16	4.77904	-1.5949	5020	5064.03	-1
12	16	4.92904	-1.5949	5057	5104	-1
12	16	4.47904	-1.4449	235	271.938	-1
12	16	4.62904	-1.4449	-1	-1	-1
12	16	4.77904	-1.4449	-1	-1	-1
12	16	4.92904	-1.4449	-1	-1	-1
13	16	2.29251	6.14142	-1	-1	-1
13	16	2.44251	6.14142	-1	-1	-1
13	16	2.59251	6.14142	-1	-1	-1
13	16	2.74251	6.14142	2156	2211.19	-1
13	16	2.29251	6.29142	-1	-1	-1
13	16	2.44251	6.29142	-1	-1	-1
13	16	2.59251	6.29142	1207	1263.59	-1
13	16	2.74251	6.29142	993	1046.34	-1
13	16	2.29251	6.44142	-1	-1	-1
13	16	2.44251	6.44142	1424	1486	-1
13	16	2.59251	6.44142	1098	1150.62	-1
13	16	2.74251	6.44142	888	942.781	-1
13	16	2.29251	6.59142	2778	2832.59	-1
13	16	2.44251	6.59142	1535	1590.38	-1
13	16	2.59251	6.59142	1317	1372.28	-1
13	16	2.74251	6.59142	-1	-1	-1
14	16	-0.309655	-6.87264	-1	-1	-1
14	16	-0.159655	-6.87264	-1	-1	-1
14	16	-0.00965543	-6.87264	-1	-1	-1
14	16	0.140345	-6.87264	-1	-1	-1
14	16	-0.309655	-6.72264	-1	-1	-1
14	16	-0.159655	-6.72264	-1	-1	-1
14	16	-0.00965543	-6.72264	-1	-1	-1
14	16	0.140345	-6.72264	-1	-1	-1
14	16	-0.309655	-6.57264	-1	-1	-1
14	16	-0.159655	-6.57264	-1	-1	-1
14	16	-0.00965543	-6.57264	-1	-1	-1
14	16	0.140345	-6.57264	-1	-1	-1
14	16	-0.309655	-6.42264	544	595.344	-1
14	16	-0.159655	-6.42264	3120	3171.75	-1
14	16	-0.00965543	-6.42264	-1	-1	-1
14	16	0.140345	-6.42264	-1	-1	-1
15	16	-0.717716	-7.53167	-1	-1	-1
15	16	-0.567716	-7.53167	-1	-1	-1
15	16	-0.417716	-7.53167	-1	-1	-1
15	16	-0.267716	-7.53167	-1	-1	-1
15	16	-0.717716	-7.38167	-1	-1	-1
15	16	-0.567716	-7.38167	-1	-1	-1
15	16	-0.417716	-7.38167	-1	-1	-1
15	16	-0.267716	-7.38167	-1	-1	-1
15	16	-0.717716	-7.23167	-1	-1	-1
15	16	-0.567716	-7.23167	-1	-1	-1
15	16	-0.417716	-7.23167	-1	-1	-1
15	16	-0.267716	-7.23167	-1	-1	-1
15	16	-0.717716	-7.08167	-1	-1	-1
15	16	-0.567716	-7.08167	-1	-1	-1
15	16	-0.417716	-7.08167	-1	-1	-1
15	16	-0.267716	-7.08167	-1	-1	-1
16	16	4.66728	-3.68334	3246	3292.06	-1
16	16	4.81728	-3.68334	-1	-1	-1
16	16	4.96728	-3.68334	-1	-1	-1
16	16	5.11728	-3.68334	-1	-1	-1
16	16	4.66728	-3.53334	3339	3387.5	-1
16	16	4.81728	-3.53334	-1	-1	-1
16	16	4.96728	-3.53334	-1	-1	-1
16	16	5.11728	-3.53334	-1	-1	-1
16	16	4.66728	-3.38334	3481	3526.38	-1
16	16	4.81728	-3.38334	3591	3667.91	-1
16	16	4.96728	-3.38334	4587	4631.19	-1
16	16	5.11728	-3.38334	-1	-1	-1
16	16	4.66728	-3.23334	3374	3431.19	-1
16	16	4.81728	-3.23334	3205	3332.84	-1
16	16	4.96728	-3.23334	3495	3543.34	-1
16	16	5.11728	-3.23334	-1	-1	-1
17	16	-5.33337	-1.02872	-1	-1	-1
17	16	-5.18337	-1.02872	-1	-1	-1
17	16	-5.03337	-1.02872	-1	-1	-1
17	16	-4.88337	-1.02872	-1	-1	-1
17	16	-5.33337	-0.878723	-1	-1	-1
17	16	-5.18337	-0.878723	-1	-1	-1
17	16	-5.03337	-0.878723	606	645.469	-1
17	16	-4.88337	-0.878723	529	567.938	-1
17	16	-5.33337	-0.728723	-1	-1	-1
17	16	-5.18337	-0.728723	-1	-1	-1
17	16	-5.03337	-0.728723	-1	-1	-1
17	16	-4.88337	-0.728723	426	463.969	-1
17	16	-5.33337	-0.578723	3060	3103.88	-1
17	16	-5.18337	-0.578723	-1	-1	-1
17	16	-5.03337	-0.578723	-1	-1	-1
17	16	-4.88337	-0.578723	4215	4281.69	-1
18	16	-9.68377	1.01852	2350	2427.03	-1
18	16	-9.53377	1.01852	2204	2280.22	-1
18	16	-9.38377	1.01852	-1	-1	-1
18	16	-9.23377	1.01852	-1	-1	-1
18	16	-9.68377	1.16852	2515	2586.38	-1
18	16	-9.53377	1.16852	2993	3063.31	-1
18	16	-9.38377	1.16852	-1	-1	-1
18	16	-9.23377	1.16852	-1	-1	-1
18	16	-9.68377	1.31852	2681	2754.38	-1
18	16	-9.53377	1.31852	5245	5316.78	-1
18	16	-9.38377	1.31852	-1	-1	-1
18	16	-9.23377	1.31852	-1	-1	-1
18	16	-9.68377	1.46852	3144	3222.03	-1
18	16	-9.53377	1.46852	5385	-1	-1
18	16	-9.38377	1.46852	-1	-1	-1
18	16	-9.23377	1.46852	-1	-1	-1
19	16	-1.03214	-5.84791	-1	-1	-1
19	16	-0.882141	-5.84791	-1	-1	-1
19	16	-0.732141	-5.84791	-1	-1	-1
19	16	-0.582141	-5.84791	-1	-1	-1
19	16	-1.03214	-5.69791	-1	-1	-1
19	16	-0.882141	-5.69791	-1	-1	-1
19	16	-0.732141	-5.69791	-1	-1	-1
19	16	-0.582141	-5.69791	-1	-1	-1
19	16	-1.03214	-5.54791	-1	-1	-1
19	16	-0.882141	-5.54791	-1	-1	-1
19	16	-0.732141	-5.54791	-1	-1	-1
19	16	-0.582141	-5.54791	-1	-1	-1
19	16	-1.03214	-5.39791	-1	-1	-1
19	16	-0.882141	-5.39791	-1	-1	-1
19	16	-0.732141	-5.39791	-1	-1	-1
19	16	-0.582141	-5.39791	-1	-1	-1
20	16	3.03429	1.14373	1608	1733.19	-1
20	16	3.18429	1.14373	-1	-1	-1
20	16	3.33429	1.14373	-1	-1	-1
20	16	3.48429	1.14373	-1	-1	-1
20	16	3.03429	1.29373	1923	2058.62	-1
20	16	3.18429	1.29373	-1	-1	-1
20	16	3.33429	1.29373	-1	-1	-1
20	16	3.48429	1.29373	-1	-1	-1
20	16	3.03429	1.44373	216	251.281	-1
20	16	3.18429	1.44373	-1	-1	-1
20	16	3.33429	1.44373	-1	-1	-1
20	16	3.48429	1.44373	-1	-1	-1
20	16	3.03429	1.59373	98	128.156	-1
20	16	3.18429	1.59373	155	186.094	-1
20	16	3.33429	1.59373	-1	-1	-1
20	16	3.48429	1.59373	-1	-1	-1
21	16	-1.53107	-3.37073	-1	-1	-1
21	16	-1.38107	-3.37073	-1	-1	-1
21	16	-1.23107	-3.37073	-1	-1	-1
21	16	-1.08107	-3.37073	404	434.625	-1
21	16	-1.53107	-3.22073	-1	-1	-1
21	16	-1.38107	-3.22073	-1	-1	-1
21	16	-1.23107	-3.22073	-1	-1	-1
21	16	-1.08107	-3.22073	-1	-1	-1
21	16	-1.53107	-3.07073	-1	-1	-1
21	16	-1.38107	-3.07073	-1	-1	-1
21	16	-1.23107	-3.07073	-1	-1	-1
21	16	-1.08107	-3.07073	-1	-1	-1
21	16	-1.53107	-2.92073	-1	-1	-1
21	16	-1.38107	-2.92073	3434	3460.91	-1
21	16	-1.23107	-2.92073	4208	4235.5	-1
21	16	-1.08107	-2.92073	3871	3898.09	-1
0	256	-0.955906	-7.85285	-1	-1	-1
0	256	-5.85569	0.332777	4284	4327.91	-1
0	256	3.50183	-2.2162	3061	3094.84	-1
0	256	-5.36901	-8.0573	-1	-1	-1
0	256	0.351039	5.25309	2797	2840.44	-1
0	256	-0.555061	7.08428	-1	-1	-1
0	256	-0.877298	4.22482	300	336.531	-1
0	256	-3.40845	-7.66861	-1	-1	-1
0	256	-5.36443	6.52435	-1	-1	-1
0	256	-0.254503	5.70466	3313	3376.09	-1
0	256	1.03121	-4.76211	-1	-1	-1
0	256	-7.30204	-3.64967	-1	-1	-1
0	256	0.856915	-5.12672	-1	-1	-1
0	256	-7.94197	-9.45416	3891	3982.91	-1
0	256	6.83359	-0.48486	2381	2432.03	-1
0	256	-8.09223	2.66794	-1	-1	-1
0	256	-1.41047	-4.54342	-1	-1	-1
0	256	6.65209	-6.89097	-1	-1	-1
0	256	-1.6317	-2.53507	4318	4477	-1
0	256	4.34848	-8.91109	-1	-1	-1
0	256	-2.86508	-5.39946	-1	-1	-1
0	256	0.427343	-9.65916	-1	-1	-1
0	256	3.06512	-2.20524	-1	-1	-1
0	256	-7.87292	3.6343	-1	-1	-1
0	256	-3.31726	-5.33664	781	835.062	-1
0	256	6.93875	3.6393	5214	5275.59	-1
0	256	-0.648329	-4.93046	-1	-1	-1
0	256	9.13358	3.0675	-1	-1	-1
0	256	-3.92258	2.47735	4819	4964.19	-1
0	256	-9.24852	-1.73389	-1	-1	-1
0	256	-7.17691	-5.69551	-1	-1	-1
0	256	-4.11034	4.0409	2353	2408.91	-1
0	256	-1.16076	-7.46647	-1	-1	-1
0	256	2.26636	2.86725	1030	1063.47	-1
0	256	2.81424	-5.69617	3244	3291	-1
0	256	8.85816	1.24842	-1	-1	-1
0	256	-7.32835	-0.128442	-1	-1	-1
0	256	2.36203	5.41822	-1	-1	-1
0	256	-0.883426	-8.09963	-1	-1	-1
0	256	-7.5039	3.48557	-1	-1	-1
0	256	-4.90952	-0.45413	4322	4364.81	-1
0	256	-5.71924	-6.62446	-1	-1	-1
0	256	-1.51782	-5.85671	-1	-1	-1
0	256	-6.51856	-0.746222	-1	-1	-1
0	256	4.78181	-0.543178	3537	3574.5	-1
0	256	-7.39762	1.23373	3167	3225.94	-1
0	256	3.51767	8.13399	-1	-1	-1
0	256	-2.71688	2.40108	2939	2968.56	-1
0	256	0.125934	-4.44953	-1	-1	-1
0	256	7.85318	1.02717	-1	-1	-1
0	256	2.6477	-8.86883	-1	-1	-1
0	256	-3.00828	-4.40096	-1	-1	-1
0	256	-3.77232	2.84738	1943	2093.44	-1
0	256	-3.77067	-7.7811	-1	-1	-1
0	256	1.78183	-1.00015	43	74.3125	-1
0	256	-3.87924	6.803	-1	-1	-1
0	256	-3.35149	0.194938	400	427.469	-1
0	256	-2.32384	-6.43861	-1	-1	-1
0	256	2.11847	2.53858	27	58.8438	-1
0	256	-2.64097	1.73995	-1	-1	-1
0	256	5.14927	-6.81142	1846	1911.06	-1
0	256	8.12628	3.27778	4262	4325.75	-1
0	256	3.65549	1.01326	-1	-1	-1
0	256	3.40636	-1.68108	3131	3164.19	-1
0	256	-5.35419	5.57058	88	148.844	-1
0	256	-9.53291	-2.04611	-1	-1	-1
0	256	2.15816	-3.25353	4478	4531.94	-1
0	256	4.4351	0.86343	-1	-1	-1
0	256	-0.983052	-9.501	-1	-1	-1
0	256	5.76184	-5.03418	-1	-1	-1
0	256	-9.55971	2.20819	2743	2811.56	-1
0	256	4.77821	0.865044	2289	2326.91	-1
0	256	6.08905	8.80394	2894	3000.22	-1
0	256	7.90061	0.712709	1893	1982.28	-1
0	256	-5.9183	3.74863	-1	-1	-1
0	256	1.10818	2.99046	412	452.906	-1
0	256	-9.18191	1.94317	-1	-1	-1
0	256	-5.17259	1.38843	66	106.531	-1
0	256	2.14621	-6.15653	-1	-1	-1
0	256	2.42939	-6.17127	5188	5238.06	-1
0	256	-3.33814	-1.59867	-1	-1	-1
0	256	-6.50046	-1.24538	-1	-1	-1
0	256	6.68676	-6.71874	2209	2277.03	-1
0	256	4.87304	7.30742	-1	-1	-1
0	256	2.85969	7.12058	-1	-1	-1
0	256	3.15162	-6.099	4992	5052.47	-1
0	256	-3.63254	0.839632	194	307.75	-1
0	256	-0.535954	-3.38543	-1	-1	-1
0	256	6.13813	-7.86358	-1	-1	-1
0	256	9.5603	1.61929	-1	-1	-1
0	256	0.0659935	6.51835	-1	-1	-1
0	256	-0.326728	3.7958	2491	2523.06	-1
0	256	4.51284	1.8655	-1	-1	-1
0	256	-5.6294	-5.29699	-1	-1	-1
0	256	5.74525	7.21912	-1	-1	-1
0	256	-8.97548	-3.09293	-1	-1	-1
0	256	4.82144	6.36702	2371	2496.72	-1
0	256	-5.90189	7.87657	-1	-1	-1
0	256	-6.07393	7.81436	-1	-1	-1
0	256	-1.34591	-5.39378	511	614.375	-1
0	256	5.03678	-2.40423	-1	-1	-1
0	256	-4.07845	8.02423	-1	-1	-1
0	256	-6.08823	7.68375	-1	-1	-1
0	256	5.84435	-3.22161	-1	-1	-1
0	256	-7.33634	1.34939	2487	2541.06	-1
0	256	6.59653	-5.24515	-1	-1	-1
0	256	-8.47761	-4.86329	-1	-1	-1
0	256	-7.03478	-3.40238	-1	-1	-1
0	256	4.94469	-8.48357	-1	-1	-1
0	256	4.68894	7.79783	-1	-1	-1
0	256	4.5603	-0.404692	-1	-1	-1
0	256	7.91181	-0.357803	5206	5286.53	-1
0	256	-1.41532	8.25421	-1	-1	-1
0	256	-3.69237	6.37813	-1	-1	-1
0	256	-1.579	-6.6384	-1	-1	-1
0	256	1.30158	0.978536	2952	3112.5	-1
0	256	-8.42194	3.79172	-1	-1	-1
0	256	-5.12396	-1.73596	2904	2944.78	-1
0	256	-4.23245	6.46409	-1	-1	-1
0	256	7.94833	-2.44915	-1	-1	-1
0	256	1.82458	2.86603	101	250.062	-1
0	256	3.84531	-9.17141	-1	-1	-1
0	256	-7.32431	-1.38337	-1	-1	-1
0	256	-5.97259	-7.78621	5135	5253.88	-1
0	256	-3.49592	4.65319	-1	-1	-1
0	256	-5.4667	-7.91603	-1	-1	-1
0	256	-5.52472	5.34398	-1	-1	-1
0	256	6.0064	9.03063	-1	-1	-1
0	256	-5.27288	5.76813	-1	-1	-1
0	256	-5.43775	-5.69911	-1	-1	-1
0	256	-5.51857	-5.11041	4879	5015.78	-1
0	256	-5.28559	3.30588	-1	-1	-1
0	256	-5.81599	-6.29508	-1	-1	-1
0	256	4.70294	-4.69587	3208	3348.62	-1
0	256	5.85191	2.97856	906	956.344	-1
0	256	-7.72757	6.27263	-1	-1	-1
0	256	7.5051	-0.0276781	-1	-1	-1
0	256	6.6634	4.69907	-1	-1	-1
0	256	-2.31862	6.79619	-1	-1	-1
0	256	-5.63789	8.06195	-1	-1	-1
0	256	-5.50517	-2.3375	-1	-1	-1
0	256	-8.3595	-1.97413	-1	-1	-1
0	256	1.15162	-4.37354	3068	3182.56	-1
0	256	6.29713	-3.57672	-1	-1	-1
0	256	5.10801	6.52337	-1	-1	-1
0	256	-9.74721	2.67769	2320	2400.75	-1
0	256	-6.20332	-1.01845	-1	-1	-1
0	256	-6.64652	-2.70998	-1	-1	-1
0	256	0.114435	4.52286	177	293.656	-1
0	256	-4.14637	-1.33636	219	354.812	-1
0	256	-1.75962	-9.19419	-1	-1	-1
0	256	3.94892	7.71642	-1	-1	-1
0	256	1.33059	-3.24293	4847	4876.5	-1
0	256	7.93178	-4.92125	1826	1917.16	-1
0	256	5.05022	2.38486	5142	5186.78	-1
0	256	-7.66143	-1.42582	-1	-1	-1
0	256	4.03092	4.69424	-1	-1	-1
0	256	-3.03031	6.76528	-1	-1	-1
0	256	4.48001	2.7506	3382	3422.12	-1
0	256	-6.26453	-2.73908	-1	-1	-1
0	256	0.590241	-5.56806	-1	-1	-1
0	256	-3.94411	3.05863	4205	4247.91	-1
0	256	2.73261	-6.76862	4873	4932.53	-1
0	256	-6.60435	-4.40623	4145	4274.31	-1
0	256	5.75502	-1.27162	1821	1877.72	-1
0	256	-3.62556	-5.98146	-1	-1	-1
0	256	-0.460518	-5.27718	-1	-1	-1
0	256	-5.58931	4.2495	-1	-1	-1
0	256	-6.33186	-2.21489	2908	3010.09	-1
0	256	-4.17751	9.06991	-1	-1	-1
0	256	-0.867999	4.85605	2406	2445.31	-1
0	256	3.52771	-8.22272	-1	-1	-1
0	256	6.94352	-2.76948	-1	-1	-1
0	256	-3.75326	6.72426	-1	-1	-1
0	256	-8.85933	3.43477	575	660.406	-1
0	256	-0.543503	2.83137	3063	3112.69	-1
0	256	-4.39962	7.95898	-1	-1	-1
0	256	-3.35838	-4.84756	673	733.344	-1
0	256	-5.65897	6.88226	216	284.469	-1
0	256	-8.86732	6.40109	-1	-1	-1
0	256	9.20156	-1.62436	2073	2139.97	-1
0	256	-0.281487	3.51903	2075	2198.06	-1
0	256	1.21166	8.56614	4669	4731.94	-1
0	256	-4.06058	-6.63816	-1	-1	-1
0	256	-8.02318	-4.67813	-1	-1	-1
0	256	2.21818	-7.75937	-1	-1	-1
0	256	-8.756	0.396154	-1	-1	-1
0	256	-3.59076	-9.31372	-1	-1	-1
0	256	-3.31733	-1.46119	355	383.406	-1
0	256	7.27368	-0.186494	2486	2551.47	-1
0	256	-9.80474	1.41161	2540	2612.28	-1
0	256	4.83503	1.04141	-1	-1	-1
0	256	5.34075	-2.60191	-1	-1	-1
0	256	8.05116	5.87353	-1	-1	-1
0	256	4.54624	-1.15806	-1	-1	-1
0	256	1.26428	-8.95491	-1	-1	-1
0	256	-4.59748	7.51174	-1	-1	-1
0	256	-7.25966	-4.5277	4860	4978.62	-1
0	256	8.23701	-3.68812	-1	-1	-1
0	256	-8.79932	-3.68203	-1	-1	-1
0	256	7.79335	-2.31516	-1	-1	-1
0	256	6.06414	0.185739	-1	-1	-1
0	256	4.90941	-3.93329	-1	-1	-1
0	256	1.5296	-7.67063	-1	-1	-1
0	256	4.50552	-3.35215	3476	3520.34	-1
0	256	-0.426086	8.92701	3957	4022.81	-1
0	256	3.48621	-6.07565	4709	4763.69	-1
0	256	8.4245	5.21583	3784	3854.47	-1
0	256	2.43074	9.28813	4507	4573.81	-1
0	256	-5.09466	-7.72222	-1	-1	-1
0	256	0.337373	8.69036	-1	-1	-1
0	256	7.98984	5.52386	-1	-1	-1
0	256	-3.38995	8.95473	2671	2744.44	-1
0	256	4.15823	8.82498	-1	-1	-1
0	256	8.95928	3.94399	-1	-1	-1
0	256	-5.00233	-7.62429	-1	-1	-1
0	256	-4.68197	6.73878	-1	-1	-1
0	256	0.957254	8.99882	4386	4457.44	-1
0	256	3.93784	4.85233	4838	4898.69	-1
0	256	-2.39224	8.82312	2859	2929.84	-1
0	256	-2.31096	6.15269	-1	-1	-1
0	256	6.5791	-1.51904	1944	1998	-1
0	256	-0.738116	-4.67398	243	359.781	-1
0	256	0.714569	9.17535	4096	4166.25	-1
0	256	-6.92124	-5.46768	-1	-1	-1
0	256	1.38793	5.21769	341	382.812	-1
0	256	-3.12144	-9.33534	3694	3772.78	-1
0	256	2.28157	-5.97987	-1	-1	-1
0	256	8.16689	-3.22964	-1	-1	-1
0	256	1.22296	-5.01574	-1	-1	-1
0	256	-0.0256567	-8.78027	-1	-1	-1
0	256	-1.40331	8.95951	-1	-1	-1
0	256	0.716711	-5.68165	-1	-1	-1
0	256	-6.02234	-7.62067	2248	2322.38	-1
0	256	-8.25873	-1.54367	4326	4394.81	-1
0	256	-6.22582	-6.57132	-1	-1	-1
0	256	1.75581	3.01756	3617	3651.94	-1
0	256	-4.66084	-7.93146	-1	-1	-1
0	256	-8.91392	-2.22596	-1	-1	-1
0	256	2.95187	0.875087	376	492.031	-1
0	256	4.4002	2.35898	-1	-1	-1
0	256	7.09655	-1.21594	67	119.125	-1
0	256	-1.23904	6.19039	-1	-1	-1
0	256	8.935	-0.474097	-1	-1	-1
0	256	-2.61163	-5.94132	3774	3825.22	-1
0	256	2.61322	7.39916	-1	-1	-1
0	256	-6.74599	3.80244	375	436.875	-1
0	256	2.53681	7.52235	3581	3652.34	-1
0	256	0.685838	-5.12542	-1	-1	-1
0	256	7.17908	-2.32297	-1	-1	-1
0	256	-6.87217	-5.76334	-1	-1	-1
0	256	-4.64955	8.44484	-1	-1	-1
0	256	-0.0477339	5.37273	388	430.25	-1
0	256	5.11874	8.49136	-1	-1	-1
0	256	-7.7581	-4.47119	-1	-1	-1
0	256	-3.37197	3.11038	2529	2566.53	-1
