Pile ID	Distribution Type	X-Position	Y-Position	Pickup Time	Drop Off Time	Ant ID
1	1	6.63137	5.90533	262	326.469	-1
1	1	6.78137	5.90533	-1	-1	-1
1	1	6.93137	5.90533	-1	-1	-1
1	1	7.08137	5.90533	4030	4103.41	-1
1	1	7.23137	5.90533	3854	3933.28	-1
1	1	7.38137	5.90533	3270	3358.09	-1
1	1	7.53137	5.90533	2924	3029.69	-1
1	1	7.68137	5.90533	3115	3199.28	-1
1	1	7.83137	5.90533	3286	3364.03	-1
1	1	7.98137	5.90533	3513	3615.31	-1
1	1	8.13137	5.90533	3668	3744.28	-1
1	1	8.28137	5.90533	-1	-1	-1
1	1	8.43137	5.90533	-1	-1	-1
1	1	8.58137	5.90533	-1	-1	-1
1	1	8.73137	5.90533	-1	-1	-1
1	1	8.88137	5.90533	-1	-1	-1
1	1	6.63137	6.05533	392	457.156	-1
1	1	6.78137	6.05533	4183	4256.38	-1
1	1	6.93137	6.05533	3873	3954.16	-1
1	1	7.08137	6.05533	3696	3778.12	-1
1	1	7.23137	6.05533	3478	3556.19	-1
1	1	7.38137	6.05533	3328	3408.31	-1
1	1	7.53137	6.05533	3147	3216.31	-1
1	1	7.68137	6.05533	3304	3409.91	-1
1	1	7.83137	6.05533	3437	3514.72	-1
1	1	7.98137	6.05533	3596	3674.75	-1
1	1	8.13137	6.05533	-1	-1	-1
1	1	8.28137	6.05533	-1	-1	-1
1	1	8.43137	6.05533	-1	-1	-1
1	1	8.58137	6.05533	-1	-1	-1
1	1	8.73137	6.05533	-1	-1	-1
1	1	8.88137	6.05533	-1	-1	-1
1	1	6.63137	6.20533	-1	-1	-1
1	1	6.78137	6.20533	4329	4397.84	-1
1	1	6.93137	6.20533	4038	4107.47	-1
1	1	7.08137	6.20533	3657	3728.66	-1
1	1	7.23137	6.20533	3629	3705.16	-1
1	1	7.38137	6.20533	3674	3761.28	-1
1	1	7.53137	6.20533	-1	-1	-1
1	1	7.68137	6.20533	-1	-1	-1
1	1	7.83137	6.20533	3754	3840.69	-1
1	1	7.98137	6.20533	-1	-1	-1
1	1	8.13137	6.20533	-1	-1	-1
1	1	8.28137	6.20533	-1	-1	-1
1	1	8.43137	6.20533	-1	-1	-1
1	1	8.58137	6.20533	-1	-1	-1
1	1	8.73137	6.20533	-1	-1	-1
1	1	8.88137	6.20533	-1	-1	-1
1	1	6.63137	6.35533	5044	5118.44	-1
1	1	6.78137	6.35533	4702	4797.81	-1
1	1	6.93137	6.35533	3977	4065.72	-1
1	1	7.08137	6.35533	3806	3895.34	-1
1	1	7.23137	6.35533	3840	3927.78	-1
1	1	7.38137	6.35533	4004	4080.59	-1
1	1	7.53137	6.35533	4541	4623.34	-1
1	1	7.68137	6.35533	-1	-1	-1
1	1	7.83137	6.35533	-1	-1	-1
1	1	7.98137	6.35533	-1	-1	-1
1	1	8.13137	6.35533	-1	-1	-1
1	1	8.28137	6.35533	-1	-1	-1
1	1	8.43137	6.35533	-1	-1	-1
1	1	8.58137	6.35533	-1	-1	-1
1	1	8.73137	6.35533	-1	-1	-1
1	1	8.88137	6.35533	-1	-1	-1
1	1	6.63137	6.50533	4677	4751.41	-1
1	1	6.78137	6.50533	4461	4533.78	-1
1	1	6.93137	6.50533	4293	4374.22	-1
1	1	7.08137	6.50533	4140	4219.94	-1
1	1	7.23137	6.50533	4358	4432.81	-1
1	1	7.38137	6.50533	4176	4265.94	-1
1	1	7.53137	6.50533	4349	4438.97	-1
1	1	7.68137	6.50533	-1	-1	-1
1	1	7.83137	6.50533	-1	-1	-1
1	1	7.98137	6.50533	-1	-1	-1
1	1	8.13137	6.50533	-1	-1	-1
1	1	8.28137	6.50533	-1	-1	-1
1	1	8.43137	6.50533	-1	-1	-1
1	1	8.58137	6.50533	-1	-1	-1
1	1	8.73137	6.50533	-1	-1	-1
1	1	8.88137	6.50533	-1	-1	-1
1	1	6.63137	6.65533	4616	4702.97	-1
1	1	6.78137	6.65533	4513	4592.56	-1
1	1	6.93137	6.65533	4315	4390.44	-1
1	1	7.08137	6.65533	4608	4692.09	-1
1	1	7.23137	6.65533	-1	-1	-1
1	1	7.38137	6.65533	-1	-1	-1
1	1	7.53137	6.65533	-1	-1	-1
1	1	7.68137	6.65533	-1	-1	-1
1	1	7.83137	6.65533	-1	-1	-1
1	1	7.98137	6.65533	-1	-1	-1
1	1	8.13137	6.65533	-1	-1	-1
1	1	8.28137	6.65533	-1	-1	-1
1	1	8.43137	6.65533	-1	-1	-1
1	1	8.58137	6.65533	-1	-1	-1
1	1	8.73137	6.65533	-1	-1	-1
1	1	8.88137	6.65533	-1	-1	-1
1	1	6.63137	6.80533	4772	4856.38	-1
1	1	6.78137	6.80533	4784	4874.84	-1
1	1	6.93137	6.80533	4692	4778.59	-1
1	1	7.08137	6.80533	4940	5013.25	-1
1	1	7.23137	6.80533	-1	-1	-1
1	1	7.38137	6.80533	-1	-1	-1
1	1	7.53137	6.80533	-1	-1	-1
1	1	7.68137	6.80533	-1	-1	-1
1	1	7.83137	6.80533	-1	-1	-1
1	1	7.98137	6.80533	-1	-1	-1
1	1	8.13137	6.80533	-1	-1	-1
1	1	8.28137	6.80533	-1	-1	-1
1	1	8.43137	6.80533	-1	-1	-1
1	1	8.58137	6.80533	-1	-1	-1
1	1	8.73137	6.80533	-1	-1	-1
1	1	8.88137	6.80533	-1	-1	-1
1	1	6.63137	6.95533	4871	4974.94	-1
1	1	6.78137	6.95533	4835	4931.34	-1
1	1	6.93137	6.95533	4853	4939.06	-1
1	1	7.08137	6.95533	-1	-1	-1
1	1	7.23137	6.95533	-1	-1	-1
1	1	7.38137	6.95533	-1	-1	-1
1	1	7.53137	6.95533	-1	-1	-1
1	1	7.68137	6.95533	-1	-1	-1
1	1	7.83137	6.95533	-1	-1	-1
1	1	7.98137	6.95533	-1	-1	-1
1	1	8.13137	6.95533	-1	-1	-1
1	1	8.28137	6.95533	-1	-1	-1
1	1	8.43137	6.95533	-1	-1	-1
1	1	8.58137	6.95533	-1	-1	-1
1	1	8.73137	6.95533	-1	-1	-1
1	1	8.88137	6.95533	-1	-1	-1
1	1	6.63137	7.10533	5088	5186.19	-1
1	1	6.78137	7.10533	-1	-1	-1
1	1	6.93137	7.10533	-1	-1	-1
1	1	7.08137	7.10533	-1	-1	-1
1	1	7.23137	7.10533	-1	-1	-1
1	1	7.38137	7.10533	-1	-1	-1
1	1	7.53137	7.10533	-1	-1	-1
1	1	7.68137	7.10533	-1	-1	-1
1	1	7.83137	7.10533	-1	-1	-1
1	1	7.98137	7.10533	-1	-1	-1
1	1	8.13137	7.10533	-1	-1	-1
1	1	8.28137	7.10533	-1	-1	-1
1	1	8.43137	7.10533	-1	-1	-1
1	1	8.58137	7.10533	-1	-1	-1
1	1	8.73137	7.10533	-1	-1	-1
1	1	8.88137	7.10533	-1	-1	-1
1	1	6.63137	7.25533	-1	-1	-1
1	1	6.78137	7.25533	-1	-1	-1
1	1	6.93137	7.25533	-1	-1	-1
1	1	7.08137	7.25533	-1	-1	-1
1	1	7.23137	7.25533	-1	-1	-1
1	1	7.38137	7.25533	-1	-1	-1
1	1	7.53137	7.25533	-1	-1	-1
1	1	7.68137	7.25533	-1	-1	-1
1	1	7.83137	7.25533	-1	-1	-1
1	1	7.98137	7.25533	-1	-1	-1
1	1	8.13137	7.25533	-1	-1	-1
1	1	8.28137	7.25533	-1	-1	-1
1	1	8.43137	7.25533	-1	-1	-1
1	1	8.58137	7.25533	-1	-1	-1
1	1	8.73137	7.25533	-1	-1	-1
1	1	8.88137	7.25533	-1	-1	-1
1	1	6.63137	7.40533	-1	-1	-1
1	1	6.78137	7.40533	-1	-1	-1
1	1	6.93137	7.40533	-1	-1	-1
1	1	7.08137	7.40533	-1	-1	-1
1	1	7.23137	7.40533	-1	-1	-1
1	1	7.38137	7.40533	-1	-1	-1
1	1	7.53137	7.40533	-1	-1	-1
1	1	7.68137	7.40533	-1	-1	-1
1	1	7.83137	7.40533	-1	-1	-1
1	1	7.98137	7.40533	-1	-1	-1
1	1	8.13137	7.40533	-1	-1	-1
1	1	8.28137	7.40533	-1	-1	-1
1	1	8.43137	7.40533	-1	-1	-1
1	1	8.58137	7.40533	-1	-1	-1
1	1	8.73137	7.40533	-1	-1	-1
1	1	8.88137	7.40533	-1	-1	-1
1	1	6.63137	7.55533	-1	-1	-1
1	1	6.78137	7.55533	-1	-1	-1
1	1	6.93137	7.55533	-1	-1	-1
1	1	7.08137	7.55533	-1	-1	-1
1	1	7.23137	7.55533	-1	-1	-1
1	1	7.38137	7.55533	-1	-1	-1
1	1	7.53137	7.55533	-1	-1	-1
1	1	7.68137	7.55533	-1	-1	-1
1	1	7.83137	7.55533	-1	-1	-1
1	1	7.98137	7.55533	-1	-1	-1
1	1	8.13137	7.55533	-1	-1	-1
1	1	8.28137	7.55533	-1	-1	-1
1	1	8.43137	7.55533	-1	-1	-1
1	1	8.58137	7.55533	-1	-1	-1
1	1	8.73137	7.55533	-1	-1	-1
1	1	8.88137	7.55533	-1	-1	-1
1	1	6.63137	7.70533	-1	-1	-1
1	1	6.78137	7.70533	-1	-1	-1
1	1	6.93137	7.70533	-1	-1	-1
1	1	7.08137	7.70533	-1	-1	-1
1	1	7.23137	7.70533	-1	-1	-1
1	1	7.38137	7.70533	-1	-1	-1
1	1	7.53137	7.70533	-1	-1	-1
1	1	7.68137	7.70533	-1	-1	-1
1	1	7.83137	7.70533	-1	-1	-1
1	1	7.98137	7.70533	-1	-1	-1
1	1	8.13137	7.70533	-1	-1	-1
1	1	8.28137	7.70533	-1	-1	-1
1	1	8.43137	7.70533	-1	-1	-1
1	1	8.58137	7.70533	-1	-1	-1
1	1	8.73137	7.70533	-1	-1	-1
1	1	8.88137	7.70533	-1	-1	-1
1	1	6.63137	7.85533	-1	-1	-1
1	1	6.78137	7.85533	-1	-1	-1
1	1	6.93137	7.85533	-1	-1	-1
1	1	7.08137	7.85533	-1	-1	-1
1	1	7.23137	7.85533	-1	-1	-1
1	1	7.38137	7.85533	-1	-1	-1
1	1	7.53137	7.85533	-1	-1	-1
1	1	7.68137	7.85533	-1	-1	-1
1	1	7.83137	7.85533	-1	-1	-1
1	1	7.98137	7.85533	-1	-1	-1
1	1	8.13137	7.85533	-1	-1	-1
1	1	8.28137	7.85533	-1	-1	-1
1	1	8.43137	7.85533	-1	-1	-1
1	1	8.58137	7.85533	-1	-1	-1
1	1	8.73137	7.85533	-1	-1	-1
1	1	8.88137	7.85533	-1	-1	-1
1	1	6.63137	8.00533	-1	-1	-1
1	1	6.78137	8.00533	-1	-1	-1
1	1	6.93137	8.00533	-1	-1	-1
1	1	7.08137	8.00533	-1	-1	-1
1	1	7.23137	8.00533	-1	-1	-1
1	1	7.38137	8.00533	-1	-1	-1
1	1	7.53137	8.00533	-1	-1	-1
1	1	7.68137	8.00533	-1	-1	-1
1	1	7.83137	8.00533	-1	-1	-1
1	1	7.98137	8.00533	-1	-1	-1
1	1	8.13137	8.00533	-1	-1	-1
1	1	8.28137	8.00533	-1	-1	-1
1	1	8.43137	8.00533	-1	-1	-1
1	1	8.58137	8.00533	-1	-1	-1
1	1	8.73137	8.00533	-1	-1	-1
1	1	8.88137	8.00533	-1	-1	-1
1	1	6.63137	8.15533	-1	-1	-1
1	1	6.78137	8.15533	-1	-1	-1
1	1	6.93137	8.15533	-1	-1	-1
1	1	7.08137	8.15533	-1	-1	-1
1	1	7.23137	8.15533	-1	-1	-1
1	1	7.38137	8.15533	-1	-1	-1
1	1	7.53137	8.15533	-1	-1	-1
1	1	7.68137	8.15533	-1	-1	-1
1	1	7.83137	8.15533	-1	-1	-1
1	1	7.98137	8.15533	-1	-1	-1
1	1	8.13137	8.15533	-1	-1	-1
1	1	8.28137	8.15533	-1	-1	-1
1	1	8.43137	8.15533	-1	-1	-1
1	1	8.58137	8.15533	-1	-1	-1
1	1	8.73137	8.15533	-1	-1	-1
1	1	8.88137	8.15533	-1	-1	-1
2	4	-2.35851	3.39305	278	314.375	-1
2	4	-2.20851	3.39305	5369	-1	-1
2	4	-2.05851	3.39305	366	402.531	-1
2	4	-1.90851	3.39305	275	307.031	-1
2	4	-1.75851	3.39305	335	365.938	-1
2	4	-1.60851	3.39305	450	483.656	-1
2	4	-1.45851	3.39305	716	780.281	-1
2	4	-1.30851	3.39305	878	923.656	-1
2	4	-2.35851	3.54305	-1	-1	-1
2	4	-2.20851	3.54305	-1	-1	-1
2	4	-2.05851	3.54305	2866	3002.56	-1
2	4	-1.90851	3.54305	476	509.219	-1
2	4	-1.75851	3.54305	410	444.656	-1
2	4	-1.60851	3.54305	542	575.812	-1
2	4	-1.45851	3.54305	810	840.906	-1
2	4	-1.30851	3.54305	957	989.188	-1
2	4	-2.35851	3.69305	-1	-1	-1
2	4	-2.20851	3.69305	-1	-1	-1
2	4	-2.05851	3.69305	-1	-1	-1
2	4	-1.90851	3.69305	1600	1637.06	-1
2	4	-1.75851	3.69305	608	654.469	-1
2	4	-1.60851	3.69305	696	742.406	-1
2	4	-1.45851	3.69305	-1	-1	-1
2	4	-1.30851	3.69305	-1	-1	-1
2	4	-2.35851	3.84305	-1	-1	-1
2	4	-2.20851	3.84305	-1	-1	-1
2	4	-2.05851	3.84305	4699	4739.16	-1
2	4	-1.90851	3.84305	1676	1711.38	-1
2	4	-1.75851	3.84305	622	695.438	-1
2	4	-1.60851	3.84305	1786	1824.56	-1
2	4	-1.45851	3.84305	-1	-1	-1
2	4	-1.30851	3.84305	2335	2378.41	-1
2	4	-2.35851	3.99305	4545	4587.69	-1
2	4	-2.20851	3.99305	4438	4474.03	-1
2	4	-2.05851	3.99305	4530	4569.62	-1
2	4	-1.90851	3.99305	1761	1804.75	-1
2	4	-1.75851	3.99305	4686	4720.5	-1
2	4	-1.60851	3.99305	-1	-1	-1
2	4	-1.45851	3.99305	-1	-1	-1
2	4	-1.30851	3.99305	2311	2355.69	-1
2	4	-2.35851	4.14305	4353	4394.81	-1
2	4	-2.20851	4.14305	4205	4242.88	-1
2	4	-2.05851	4.14305	4511	4549.72	-1
2	4	-1.90851	4.14305	4828	4865.09	-1
2	4	-1.75851	4.14305	4758	4796.28	-1
2	4	-1.60851	4.14305	-1	-1	-1
2	4	-1.45851	4.14305	-1	-1	-1
2	4	-1.30851	4.14305	2152	2274.34	-1
2	4	-2.35851	4.29305	4277	4315.47	-1
2	4	-2.20851	4.29305	4118	4164.09	-1
2	4	-2.05851	4.29305	4593	4637.12	-1
2	4	-1.90851	4.29305	-1	-1	-1
2	4	-1.75851	4.29305	4900	4939.59	-1
2	4	-1.60851	4.29305	-1	-1	-1
2	4	-1.45851	4.29305	-1	-1	-1
2	4	-1.30851	4.29305	-1	-1	-1
2	4	-2.35851	4.44305	4608	4653.62	-1
2	4	-2.20851	4.44305	4039	4079.44	-1
2	4	-2.05851	4.44305	-1	-1	-1
2	4	-1.90851	4.44305	-1	-1	-1
2	4	-1.75851	4.44305	-1	-1	-1
2	4	-1.60851	4.44305	-1	-1	-1
2	4	-1.45851	4.44305	-1	-1	-1
2	4	-1.30851	4.44305	-1	-1	-1
3	4	-3.47861	-4.18983	-1	-1	-1
3	4	-3.32861	-4.18983	-1	-1	-1
3	4	-3.17861	-4.18983	-1	-1	-1
3	4	-3.02861	-4.18983	-1	-1	-1
3	4	-2.87861	-4.18983	-1	-1	-1
3	4	-2.72861	-4.18983	-1	-1	-1
3	4	-2.57861	-4.18983	-1	-1	-1
3	4	-2.42861	-4.18983	-1	-1	-1
3	4	-3.47861	-4.03983	-1	-1	-1
3	4	-3.32861	-4.03983	-1	-1	-1
3	4	-3.17861	-4.03983	-1	-1	-1
3	4	-3.02861	-4.03983	-1	-1	-1
3	4	-2.87861	-4.03983	-1	-1	-1
3	4	-2.72861	-4.03983	-1	-1	-1
3	4	-2.57861	-4.03983	-1	-1	-1
3	4	-2.42861	-4.03983	-1	-1	-1
3	4	-3.47861	-3.88983	-1	-1	-1
3	4	-3.32861	-3.88983	-1	-1	-1
3	4	-3.17861	-3.88983	-1	-1	-1
3	4	-3.02861	-3.88983	-1	-1	-1
3	4	-2.87861	-3.88983	-1	-1	-1
3	4	-2.72861	-3.88983	-1	-1	-1
3	4	-2.57861	-3.88983	-1	-1	-1
3	4	-2.42861	-3.88983	-1	-1	-1
3	4	-3.47861	-3.73983	-1	-1	-1
3	4	-3.32861	-3.73983	-1	-1	-1
3	4	-3.17861	-3.73983	-1	-1	-1
3	4	-3.02861	-3.73983	-1	-1	-1
3	4	-2.87861	-3.73983	-1	-1	-1
3	4	-2.72861	-3.73983	-1	-1	-1
3	4	-2.57861	-3.73983	-1	-1	-1
3	4	-2.42861	-3.73983	-1	-1	-1
3	4	-3.47861	-3.58983	1404	1451.38	-1
3	4	-3.32861	-3.58983	-1	-1	-1
3	4	-3.17861	-3.58983	-1	-1	-1
3	4	-3.02861	-3.58983	-1	-1	-1
3	4	-2.87861	-3.58983	-1	-1	-1
3	4	-2.72861	-3.58983	-1	-1	-1
3	4	-2.57861	-3.58983	-1	-1	-1
3	4	-2.42861	-3.58983	-1	-1	-1
3	4	-3.47861	-3.43983	1496	1546.5	-1
3	4	-3.32861	-3.43983	-1	-1	-1
3	4	-3.17861	-3.43983	-1	-1	-1
3	4	-3.02861	-3.43983	-1	-1	-1
3	4	-2.87861	-3.43983	-1	-1	-1
3	4	-2.72861	-3.43983	-1	-1	-1
3	4	-2.57861	-3.43983	-1	-1	-1
3	4	-2.42861	-3.43983	-1	-1	-1
3	4	-3.47861	-3.28983	-1	-1	-1
3	4	-3.32861	-3.28983	-1	-1	-1
3	4	-3.17861	-3.28983	-1	-1	-1
3	4	-3.02861	-3.28983	-1	-1	-1
3	4	-2.87861	-3.28983	-1	-1	-1
3	4	-2.72861	-3.28983	4310	4352.41	-1
3	4	-2.57861	-3.28983	4248	4290.97	-1
3	4	-2.42861	-3.28983	4046	4198	-1
3	4	-3.47861	-3.13983	-1	-1	-1
3	4	-3.32861	-3.13983	-1	-1	-1
3	4	-3.17861	-3.13983	-1	-1	-1
3	4	-3.02861	-3.13983	-1	-1	-1
3	4	-2.87861	-3.13983	4471	4509.75	-1
3	4	-2.72861	-3.13983	4388	4429.53	-1
3	4	-2.57861	-3.13983	4232	4267	-1
3	4	-2.42861	-3.13983	1529	1561.97	-1
4	4	-1.47553	-1.88021	901	932.844	-1
4	4	-1.32553	-1.88021	5019	5040.09	-1
4	4	-1.17553	-1.88021	1605	1625.94	-1
4	4	-1.02553	-1.88021	-1	-1	-1
4	4	-0.875529	-1.88021	-1	-1	-1
4	4	-0.725529	-1.88021	-1	-1	-1
4	4	-0.575529	-1.88021	-1	-1	-1
4	4	-0.425529	-1.88021	-1	-1	-1
4	4	-1.47553	-1.73021	800	833.438	-1
4	4	-1.32553	-1.73021	1156	1197.25	-1
4	4	-1.17553	-1.73021	1498	1520.84	-1
4	4	-1.02553	-1.73021	-1	-1	-1
4	4	-0.875529	-1.73021	-1	-1	-1
4	4	-0.725529	-1.73021	-1	-1	-1
4	4	-0.575529	-1.73021	-1	-1	-1
4	4	-0.425529	-1.73021	-1	-1	-1
4	4	-1.47553	-1.58021	856	876.656	-1
4	4	-1.32553	-1.58021	1079	1130.53	-1
4	4	-1.17553	-1.58021	1466	1488.59	-1
4	4	-1.02553	-1.58021	-1	-1	-1
4	4	-0.875529	-1.58021	-1	-1	-1
4	4	-0.725529	-1.58021	-1	-1	-1
4	4	-0.575529	-1.58021	-1	-1	-1
4	4	-0.425529	-1.58021	-1	-1	-1
4	4	-1.47553	-1.43021	1033	1055.28	-1
4	4	-1.32553	-1.43021	1428	1497.41	-1
4	4	-1.17553	-1.43021	5398	-1	-1
4	4	-1.02553	-1.43021	5330	5366.84	-1
4	4	-0.875529	-1.43021	-1	-1	-1
4	4	-0.725529	-1.43021	-1	-1	-1
4	4	-0.575529	-1.43021	-1	-1	-1
4	4	-0.425529	-1.43021	-1	-1	-1
4	4	-1.47553	-1.28021	1349	1372.09	-1
4	4	-1.32553	-1.28021	1393	1411.12	-1
4	4	-1.17553	-1.28021	5341	5383.31	-1
4	4	-1.02553	-1.28021	5294	5311.88	-1
4	4	-0.875529	-1.28021	5386	-1	-1
4	4	-0.725529	-1.28021	-1	-1	-1
4	4	-0.575529	-1.28021	-1	-1	-1
4	4	-0.425529	-1.28021	-1	-1	-1
4	4	-1.47553	-1.13021	1447	1473.25	-1
4	4	-1.32553	-1.13021	1880	1902.22	-1
4	4	-1.17553	-1.13021	363	389.062	-1
4	4	-1.02553	-1.13021	5274	-1	-1
4	4	-0.875529	-1.13021	3315	3331.66	-1
4	4	-0.725529	-1.13021	547	574.656	-1
4	4	-0.575529	-1.13021	490	519.844	-1
4	4	-0.425529	-1.13021	456	469.562	-1
4	4	-1.47553	-0.980206	357	379.188	-1
4	4	-1.32553	-0.980206	325	357.281	-1
4	4	-1.17553	-0.980206	264	283.531	-1
4	4	-1.02553	-0.980206	299	335.25	-1
4	4	-0.875529	-0.980206	572	590.906	-1
4	4	-0.725529	-0.980206	227	242.531	-1
4	4	-0.575529	-0.980206	82	128.531	-1
4	4	-0.425529	-0.980206	19	40.7812	-1
4	4	-1.47553	-0.830206	383	403.469	-1
4	4	-1.32553	-0.830206	14	37.0312	-1
4	4	-1.17553	-0.830206	115	190.844	-1
4	4	-1.02553	-0.830206	228	249.688	-1
4	4	-0.875529	-0.830206	422	435.469	-1
4	4	-0.725529	-0.830206	197	215.062	-1
4	4	-0.575529	-0.830206	167	181.125	-1
4	4	-0.425529	-0.830206	54	69.0625	-1
5	4	1.24318	5.03288	1433	1480.44	-1
5	4	1.39318	5.03288	1518	1565.28	-1
5	4	1.54318	5.03288	-1	-1	-1
5	4	1.69318	5.03288	-1	-1	-1
5	4	1.84318	5.03288	-1	-1	-1
5	4	1.99318	5.03288	2564	2605.53	-1
5	4	2.14318	5.03288	2356	2400.03	-1
5	4	2.29318	5.03288	2442	2489.28	-1
5	4	1.24318	5.18288	3164	3205.62	-1
5	4	1.39318	5.18288	-1	-1	-1
5	4	1.54318	5.18288	-1	-1	-1
5	4	1.69318	5.18288	-1	-1	-1
5	4	1.84318	5.18288	-1	-1	-1
5	4	1.99318	5.18288	-1	-1	-1
5	4	2.14318	5.18288	-1	-1	-1
5	4	2.29318	5.18288	-1	-1	-1
5	4	1.24318	5.33288	-1	-1	-1
5	4	1.39318	5.33288	-1	-1	-1
5	4	1.54318	5.33288	-1	-1	-1
5	4	1.69318	5.33288	-1	-1	-1
5	4	1.84318	5.33288	-1	-1	-1
5	4	1.99318	5.33288	-1	-1	-1
5	4	2.14318	5.33288	-1	-1	-1
5	4	2.29318	5.33288	-1	-1	-1
5	4	1.24318	5.48288	-1	-1	-1
5	4	1.39318	5.48288	-1	-1	-1
5	4	1.54318	5.48288	-1	-1	-1
5	4	1.69318	5.48288	-1	-1	-1
5	4	1.84318	5.48288	-1	-1	-1
5	4	1.99318	5.48288	-1	-1	-1
5	4	2.14318	5.48288	-1	-1	-1
5	4	2.29318	5.48288	-1	-1	-1
5	4	1.24318	5.63288	813	875.469	-1
5	4	1.39318	5.63288	-1	-1	-1
5	4	1.54318	5.63288	-1	-1	-1
5	4	1.69318	5.63288	-1	-1	-1
5	4	1.84318	5.63288	-1	-1	-1
5	4	1.99318	5.63288	-1	-1	-1
5	4	2.14318	5.63288	-1	-1	-1
5	4	2.29318	5.63288	-1	-1	-1
5	4	1.24318	5.78288	924	969.156	-1
5	4	1.39318	5.78288	-1	-1	-1
5	4	1.54318	5.78288	-1	-1	-1
5	4	1.69318	5.78288	-1	-1	-1
5	4	1.84318	5.78288	-1	-1	-1
5	4	1.99318	5.78288	-1	-1	-1
5	4	2.14318	5.78288	-1	-1	-1
5	4	2.29318	5.78288	-1	-1	-1
5	4	1.24318	5.93288	-1	-1	-1
5	4	1.39318	5.93288	-1	-1	-1
5	4	1.54318	5.93288	-1	-1	-1
5	4	1.69318	5.93288	-1	-1	-1
5	4	1.84318	5.93288	-1	-1	-1
5	4	1.99318	5.93288	-1	-1	-1
5	4	2.14318	5.93288	-1	-1	-1
5	4	2.29318	5.93288	-1	-1	-1
5	4	1.24318	6.08288	-1	-1	-1
5	4	1.39318	6.08288	-1	-1	-1
5	4	1.54318	6.08288	-1	-1	-1
5	4	1.69318	6.08288	-1	-1	-1
5	4	1.84318	6.08288	-1	-1	-1
5	4	1.99318	6.08288	-1	-1	-1
5	4	2.14318	6.08288	-1	-1	-1
5	4	2.29318	6.08288	-1	-1	-1
6	16	5.12878	-4.72761	-1	-1	-1
6	16	5.27878	-4.72761	-1	-1	-1
6	16	5.42878	-4.72761	-1	-1	-1
6	16	5.57878	-4.72761	-1	-1	-1
6	16	5.12878	-4.57761	-1	-1	-1
6	16	5.27878	-4.57761	-1	-1	-1
6	16	5.42878	-4.57761	-1	-1	-1
6	16	5.57878	-4.57761	-1	-1	-1
6	16	5.12878	-4.42761	-1	-1	-1
6	16	5.27878	-4.42761	-1	-1	-1
6	16	5.42878	-4.42761	-1	-1	-1
6	16	5.57878	-4.42761	-1	-1	-1
6	16	5.12878	-4.27761	1962	2088.25	-1
6	16	5.27878	-4.27761	-1	-1	-1
6	16	5.42878	-4.27761	-1	-1	-1
6	16	5.57878	-4.27761	-1	-1	-1
7	16	5.28889	-5.49531	-1	-1	-1
7	16	5.43889	-5.49531	-1	-1	-1
7	16	5.58889	-5.49531	-1	-1	-1
7	16	5.73889	-5.49531	-1	-1	-1
7	16	5.28889	-5.34531	-1	-1	-1
7	16	5.43889	-5.34531	-1	-1	-1
7	16	5.58889	-5.34531	-1	-1	-1
7	16	5.73889	-5.34531	-1	-1	-1
7	16	5.28889	-5.19531	-1	-1	-1
7	16	5.43889	-5.19531	-1	-1	-1
7	16	5.58889	-5.19531	-1	-1	-1
7	16	5.73889	-5.19531	-1	-1	-1
7	16	5.28889	-5.04531	-1	-1	-1
7	16	5.43889	-5.04531	-1	-1	-1
7	16	5.58889	-5.04531	-1	-1	-1
7	16	5.73889	-5.04531	-1	-1	-1
8	16	2.9281	1.95791	2833	2870.75	-1
8	16	3.0781	1.95791	3272	3303.16	-1
8	16	3.2281	1.95791	5199	5231.78	-1
8	16	3.3781	1.95791	-1	-1	-1
8	16	2.9281	2.10791	2738	2785.91	-1
8	16	3.0781	2.10791	3335	3373.38	-1
8	16	3.2281	2.10791	5263	5298.56	-1
8	16	3.3781	2.10791	-1	-1	-1
8	16	2.9281	2.25791	2674	2707.28	-1
8	16	3.0781	2.25791	5095	5138.22	-1
8	16	3.2281	2.25791	-1	-1	-1
8	16	3.3781	2.25791	-1	-1	-1
8	16	2.9281	2.40791	2746	2783.19	-1
8	16	3.0781	2.40791	-1	-1	-1
8	16	3.2281	2.40791	-1	-1	-1
8	16	3.3781	2.40791	-1	-1	-1
9	16	5.35311	-3.23793	-1	-1	-1
9	16	5.50311	-3.23793	-1	-1	-1
9	16	5.65311	-3.23793	-1	-1	-1
9	16	5.80311	-3.23793	-1	-1	-1
9	16	5.35311	-3.08793	-1	-1	-1
9	16	5.50311	-3.08793	-1	-1	-1
9	16	5.65311	-3.08793	-1	-1	-1
9	16	5.80311	-3.08793	-1	-1	-1
9	16	5.35311	-2.93793	-1	-1	-1
9	16	5.50311	-2.93793	-1	-1	-1
9	16	5.65311	-2.93793	-1	-1	-1
9	16	5.80311	-2.93793	-1	-1	-1
9	16	5.35311	-2.78793	1134	1183.94	-1
9	16	5.50311	-2.78793	-1	-1	-1
9	16	5.65311	-2.78793	-1	-1	-1
9	16	5.80311	-2.78793	-1	-1	-1
10	16	-1.10807	8.83001	2453	2519.47	-1
10	16	-0.958072	8.83001	2604	2675.75	-1
10	16	-0.808072	8.83001	2745	2816.12	-1
10	16	-0.658072	8.83001	2887	2956	-1
10	16	-1.10807	8.98001	2542	2614.41	-1
10	16	-0.958072	8.98001	2689	2757.88	-1
10	16	-0.808072	8.98001	2835	2900.59	-1
10	16	-0.658072	8.98001	3156	3228.66	-1
10	16	-1.10807	9.13001	-1	-1	-1
10	16	-0.958072	9.13001	-1	-1	-1
10	16	-0.808072	9.13001	3021	3090.59	-1
10	16	-0.658072	9.13001	-1	-1	-1
10	16	-1.10807	9.28001	-1	-1	-1
10	16	-0.958072	9.28001	644	713.312	-1
10	16	-0.808072	9.28001	784	858.375	-1
10	16	-0.658072	9.28001	1438	1506.12	-1
11	16	6.74059	-2.8745	-1	-1	-1
11	16	6.89059	-2.8745	-1	-1	-1
11	16	7.04059	-2.8745	-1	-1	-1
11	16	7.19059	-2.8745	-1	-1	-1
11	16	6.74059	-2.7245	2153	2210	-1
11	16	6.89059	-2.7245	-1	-1	-1
11	16	7.04059	-2.7245	-1	-1	-1
11	16	7.19059	-2.7245	-1	-1	-1
11	16	6.74059	-2.5745	-1	-1	-1
11	16	6.89059	-2.5745	-1	-1	-1
11	16	7.04059	-2.5745	-1	-1	-1
11	16	7.19059	-2.5745	-1	-1	-1
11	16	6.74059	-2.4245	-1	-1	-1
11	16	6.89059	-2.4245	-1	-1	-1
11	16	7.04059	-2.4245	-1	-1	-1
11	16	7.19059	-2.4245	-1	-1	-1
12	16	1.02878	8.73278	1691	1760.38	-1
12	16	1.17878	8.73278	1731	1817.94	-1
12	16	1.32878	8.73278	2018	2095.22	-1
12	16	1.47878	8.73278	2163	2226.5	-1
12	16	1.02878	8.88278	1571	1644.19	-1
12	16	1.17878	8.88278	1441	1513.25	-1
12	16	1.32878	8.88278	1592	1667.59	-1
12	16	1.47878	8.88278	1739	1812.41	-1
12	16	1.02878	9.03278	1107	1173.41	-1
12	16	1.17878	9.03278	1256	1364.09	-1
12	16	1.32878	9.03278	1287	1358.09	-1
12	16	1.47878	9.03278	1884	1951.78	-1
12	16	1.02878	9.18278	956	1036.88	-1
12	16	1.17878	9.18278	1238	1308.91	-1
12	16	1.32878	9.18278	1899	1968.97	-1
12	16	1.47878	9.18278	2294	2378.62	-1
13	16	2.96652	-4.45762	-1	-1	-1
13	16	3.11652	-4.45762	-1	-1	-1
13	16	3.26652	-4.45762	-1	-1	-1
13	16	3.41652	-4.45762	-1	-1	-1
13	16	2.96652	-4.30762	-1	-1	-1
13	16	3.11652	-4.30762	-1	-1	-1
13	16	3.26652	-4.30762	-1	-1	-1
13	16	3.41652	-4.30762	-1	-1	-1
13	16	2.96652	-4.15762	-1	-1	-1
13	16	3.11652	-4.15762	-1	-1	-1
13	16	3.26652	-4.15762	-1	-1	-1
13	16	3.41652	-4.15762	-1	-1	-1
13	16	2.96652	-4.00762	-1	-1	-1
13	16	3.11652	-4.00762	-1	-1	-1
13	16	3.26652	-4.00762	-1	-1	-1
13	16	3.41652	-4.00762	-1	-1	-1
14	16	4.87667	-8.25335	-1	-1	-1
14	16	5.02667	-8.25335	-1	-1	-1
14	16	5.17667	-8.25335	-1	-1	-1
14	16	5.32667	-8.25335	-1	-1	-1
14	16	4.87667	-8.10335	-1	-1	-1
14	16	5.02667	-8.10335	-1	-1	-1
14	16	5.17667	-8.10335	-1	-1	-1
14	16	5.32667	-8.10335	-1	-1	-1
14	16	4.87667	-7.95335	-1	-1	-1
14	16	5.02667	-7.95335	-1	-1	-1
14	16	5.17667	-7.95335	-1	-1	-1
14	16	5.32667	-7.95335	-1	-1	-1
14	16	4.87667	-7.80335	-1	-1	-1
14	16	5.02667	-7.80335	-1	-1	-1
14	16	5.17667	-7.80335	-1	-1	-1
14	16	5.32667	-7.80335	-1	-1	-1
15	16	-0.683624	-8.52569	-1	-1	-1
15	16	-0.533624	-8.52569	-1	-1	-1
15	16	-0.383624	-8.52569	-1	-1	-1
15	16	-0.233624	-8.52569	2815	2879.94	-1
15	16	-0.683624	-8.37569	-1	-1	-1
15	16	-0.533624	-8.37569	-1	-1	-1
15	16	-0.383624	-8.37569	3063	3127.97	-1
15	16	-0.233624	-8.37569	2689	2753.31	-1
15	16	-0.683624	-8.22569	-1	-1	-1
15	16	-0.533624	-8.22569	-1	-1	-1
15	16	-0.383624	-8.22569	5318	5398.72	-1
15	16	-0.233624	-8.22569	2943	3004.06	-1
15	16	-0.683624	-8.07569	2384	2446.06	-1
15	16	-0.533624	-8.07569	-1	-1	-1
15	16	-0.383624	-8.07569	-1	-1	-1
15	16	-0.233624	-8.07569	-1	-1	-1
16	16	-1.20383	-4.43511	-1	-1	-1
16	16	-1.05383	-4.43511	-1	-1	-1
16	16	-0.903831	-4.43511	-1	-1	-1
16	16	-0.753831	-4.43511	-1	-1	-1
16	16	-1.20383	-4.28511	-1	-1	-1
16	16	-1.05383	-4.28511	-1	-1	-1
16	16	-0.903831	-4.28511	-1	-1	-1
16	16	-0.753831	-4.28511	-1	-1	-1
16	16	-1.20383	-4.13511	-1	-1	-1
16	16	-1.05383	-4.13511	-1	-1	-1
16	16	-0.903831	-4.13511	-1	-1	-1
16	16	-0.753831	-4.13511	-1	-1	-1
16	16	-1.20383	-3.98511	4340	4382.28	-1
16	16	-1.05383	-3.98511	4416	4447.72	-1
16	16	-0.903831	-3.98511	-1	-1	-1
16	16	-0.753831	-3.98511	-1	-1	-1
17	16	-4.1194	-2.34346	2251	2287.44	-1
17	16	-3.9694	-2.34346	4852	4990.94	-1
17	16	-3.8194	-2.34346	-1	-1	-1
17	16	-3.6694	-2.34346	4022	4059.34	-1
17	16	-4.1194	-2.19346	1287	1329.34	-1
17	16	-3.9694	-2.19346	1085	1141.25	-1
17	16	-3.8194	-2.19346	1183	1232.72	-1
17	16	-3.6694	-2.19346	3845	3988.47	-1
17	16	-4.1194	-2.04346	1202	1245.47	-1
17	16	-3.9694	-2.04346	967	1005.12	-1
17	16	-3.8194	-2.04346	1042	1092.59	-1
17	16	-3.6694	-2.04346	1003	1045.25	-1
17	16	-4.1194	-1.89346	1274	1321.88	-1
17	16	-3.9694	-1.89346	944	1012.94	-1
17	16	-3.8194	-1.89346	857	890.594	-1
17	16	-3.6694	-1.89346	921	962.156	-1
18	16	-1.54152	-6.22248	-1	-1	-1
18	16	-1.39152	-6.22248	-1	-1	-1
18	16	-1.24152	-6.22248	2518	2571.34	-1
18	16	-1.09152	-6.22248	2617	2671.75	-1
18	16	-1.54152	-6.07248	-1	-1	-1
18	16	-1.39152	-6.07248	-1	-1	-1
18	16	-1.24152	-6.07248	-1	-1	-1
18	16	-1.09152	-6.07248	-1	-1	-1
18	16	-1.54152	-5.92248	-1	-1	-1
18	16	-1.39152	-5.92248	-1	-1	-1
18	16	-1.24152	-5.92248	-1	-1	-1
18	16	-1.09152	-5.92248	-1	-1	-1
18	16	-1.54152	-5.77248	1169	1213.97	-1
18	16	-1.39152	-5.77248	-1	-1	-1
18	16	-1.24152	-5.77248	-1	-1	-1
18	16	-1.09152	-5.77248	-1	-1	-1
19	16	-8.49624	2.24823	-1	-1	-1
19	16	-8.34624	2.24823	-1	-1	-1
19	16	-8.19624	2.24823	-1	-1	-1
19	16	-8.04624	2.24823	-1	-1	-1
19	16	-8.49624	2.39823	-1	-1	-1
19	16	-8.34624	2.39823	-1	-1	-1
19	16	-8.19624	2.39823	-1	-1	-1
19	16	-8.04624	2.39823	219	282.094	-1
19	16	-8.49624	2.54823	-1	-1	-1
19	16	-8.34624	2.54823	-1	-1	-1
19	16	-8.19624	2.54823	-1	-1	-1
19	16	-8.04624	2.54823	347	410.844	-1
19	16	-8.49624	2.69823	-1	-1	-1
19	16	-8.34624	2.69823	-1	-1	-1
19	16	-8.19624	2.69823	-1	-1	-1
19	16	-8.04624	2.69823	-1	-1	-1
20	16	8.49401	-4.09034	-1	-1	-1
20	16	8.64401	-4.09034	-1	-1	-1
20	16	8.79401	-4.09034	-1	-1	-1
20	16	8.94401	-4.09034	-1	-1	-1
20	16	8.49401	-3.94034	-1	-1	-1
20	16	8.64401	-3.94034	-1	-1	-1
20	16	8.79401	-3.94034	-1	-1	-1
20	16	8.94401	-3.94034	-1	-1	-1
20	16	8.49401	-3.79034	-1	-1	-1
20	16	8.64401	-3.79034	-1	-1	-1
20	16	8.79401	-3.79034	-1	-1	-1
20	16	8.94401	-3.79034	-1	-1	-1
20	16	8.49401	-3.64034	-1	-1	-1
20	16	8.64401	-3.64034	-1	-1	-1
20	16	8.79401	-3.64034	-1	-1	-1
20	16	8.94401	-3.64034	-1	-1	-1
21	16	-0.136426	4.05737	454	488	-1
21	16	0.0135744	4.05737	-1	-1	-1
21	16	0.163574	4.05737	-1	-1	-1
21	16	0.313574	4.05737	-1	-1	-1
21	16	-0.136426	4.20737	2416	2453.16	-1
21	16	0.0135744	4.20737	-1	-1	-1
21	16	0.163574	4.20737	3053	3101.22	-1
21	16	0.313574	4.20737	2969	3012.47	-1
21	16	-0.136426	4.35737	2453	2490.59	-1
21	16	0.0135744	4.35737	2525	2569.59	-1
21	16	0.163574	4.35737	2826	2862.19	-1
21	16	0.313574	4.35737	2899	2934.5	-1
21	16	-0.136426	4.50737	2410	2490.75	-1
21	16	0.0135744	4.50737	2645	2697.94	-1
21	16	0.163574	4.50737	2750	2793.69	-1
21	16	0.313574	4.50737	-1	-1	-1
0	256	3.86284	0.332485	3756	3787.53	-1
0	256	-5.3633	2.62777	1274	1318.88	-1
0	256	-3.45017	9.52811	-1	-1	-1
0	256	-8.27251	4.85121	-1	-1	-1
0	256	-9.80432	0.836616	3686	3763.34	-1
0	256	-5.55409	4.99605	449	509.781	-1
0	256	5.23798	-5.85751	-1	-1	-1
0	256	9.41499	1.27151	3979	4051.28	-1
0	256	7.39772	-2.42675	-1	-1	-1
0	256	4.27093	-4.28039	-1	-1	-1
0	256	0.563388	-5.98507	2523	2625.47	-1
0	256	0.777301	3.14387	-1	-1	-1
0	256	6.10321	-0.428692	-1	-1	-1
0	256	-4.28805	7.16954	-1	-1	-1
0	256	-4.09471	6.72344	-1	-1	-1
0	256	-7.39486	1.96185	-1	-1	-1
0	256	-2.96172	-1.52916	4057	4203.94	-1
0	256	-5.43225	3.43006	1174	1222.16	-1
0	256	7.9971	4.39909	-1	-1	-1
0	256	-4.34525	5.71853	692	750.438	-1
0	256	-3.70067	5.18391	583	632.375	-1
0	256	0.272101	4.8916	-1	-1	-1
0	256	1.72572	-8.42548	-1	-1	-1
0	256	3.65478	-0.322211	1960	-1	-1
0	256	5.7243	5.25035	-1	-1	-1
0	256	-3.9949	-3.684	877	917.812	-1
0	256	-2.27479	-7.24774	-1	-1	-1
0	256	3.30263	3.81509	-1	-1	-1
0	256	-7.39274	2.72656	626	682.344	-1
0	256	-4.833	-4.90988	-1	-1	-1
0	256	1.63621	3.0783	3013	3147.88	-1
0	256	5.78669	2.31028	1985	2031.31	-1
0	256	4.10098	-8.43847	-1	-1	-1
0	256	-5.10099	0.442186	592	631.688	-1
0	256	4.02954	-6.24781	-1	-1	-1
0	256	-3.91677	-5.69484	-1	-1	-1
0	256	5.74729	7.48828	4970	5039.19	-1
0	256	3.10547	-2.79809	5206	5240.44	-1
0	256	-1.12277	-7.01706	2158	2215.91	-1
0	256	-5.36433	0.204654	1930	1985.09	-1
0	256	-4.57848	5.92654	-1	-1	-1
0	256	6.27093	-2.32339	-1	-1	-1
0	256	3.61469	-2.0745	-1	-1	-1
0	256	0.525542	-3.20692	24	52.4375	-1
0	256	6.46165	-5.36739	-1	-1	-1
0	256	7.84098	-0.859692	-1	-1	-1
0	256	-3.73226	0.306002	123	160.719	-1
0	256	7.70271	3.75873	90	184.781	-1
0	256	-7.55739	-2.49244	-1	-1	-1
0	256	-8.3409	-3.4023	2220	2283.78	-1
0	256	0.243185	4.768	-1	-1	-1
0	256	0.78652	-5.01522	2701	2810	-1
0	256	9.49362	0.563021	-1	-1	-1
0	256	1.85999	-2.86727	1905	2037.19	-1
0	256	4.10779	-4.0157	-1	-1	-1
0	256	1.471	-4.12803	4940	4975.19	-1
0	256	-6.00886	3.4899	-1	-1	-1
0	256	3.25721	-8.61723	853	928.094	-1
0	256	-5.41085	7.67611	-1	-1	-1
0	256	-6.00239	-3.30314	-1	-1	-1
0	256	6.17205	7.82657	5211	5281.94	-1
0	256	-3.08905	-2.25553	161	202.688	-1
0	256	-4.22303	-3.03089	1233	1274	-1
0	256	-3.41358	8.70489	-1	-1	-1
0	256	-3.52417	-0.0301594	212	244.438	-1
0	256	-6.90385	4.99267	322	394.656	-1
0	256	3.59152	7.26742	-1	-1	-1
0	256	9.41193	3.14267	-1	-1	-1
0	256	-5.77105	0.0103462	2030	2081.25	-1
0	256	-1.79838	4.7747	-1	-1	-1
0	256	-5.09682	-2.32774	1244	1287.16	-1
0	256	2.76919	-3.8066	-1	-1	-1
0	256	-3.57182	-4.57079	-1	-1	-1
0	256	-7.64836	-2.15067	2850	2909.34	-1
0	256	0.765312	-6.22749	-1	-1	-1
0	256	-6.57794	3.80415	3412	3467.03	-1
0	256	-5.97445	5.45091	466	527	-1
0	256	-4.83354	-4.36531	-1	-1	-1
0	256	-5.01041	-4.83994	-1	-1	-1
0	256	-2.0866	5.98417	3339	3440.97	-1
0	256	-2.4957	7.30614	1040	1124.03	-1
0	256	-1.6856	8.15135	-1	-1	-1
0	256	2.62814	-7.6895	-1	-1	-1
0	256	5.28191	-7.28058	-1	-1	-1
0	256	-3.57245	-1.14865	1535	1581.59	-1
0	256	3.03771	0.675269	-1	-1	-1
0	256	-3.08393	-8.88784	-1	-1	-1
0	256	-4.36843	-2.75846	-1	-1	-1
0	256	-6.78843	1.38737	4587	4638.81	-1
0	256	6.68408	0.673441	-1	-1	-1
0	256	0.766407	7.14135	-1	-1	-1
0	256	-8.11313	-4.32841	-1	-1	-1
0	256	1.41261	-7.34904	-1	-1	-1
0	256	-7.31901	0.32893	3547	3608.25	-1
0	256	-0.687919	-7.0746	2274	2324.78	-1
0	256	-8.9358	-3.32812	-1	-1	-1
0	256	6.36766	-0.379382	-1	-1	-1
0	256	2.38971	1.89066	4711	4867.28	-1
0	256	-4.30426	-5.67425	3246	3302.34	-1
0	256	-6.0574	6.60539	-1	-1	-1
0	256	8.88659	2.3239	-1	-1	-1
0	256	5.39804	4.19971	535	593.312	-1
0	256	-8.67661	3.61511	704	782.125	-1
0	256	-0.436742	3.54812	298	327.938	-1
0	256	1.68767	-4.03448	1612	1744.47	-1
0	256	9.22017	1.1364	-1	-1	-1
0	256	2.39297	-2.99931	-1	-1	-1
0	256	-7.98927	1.24881	-1	-1	-1
0	256	-5.88087	5.29005	-1	-1	-1
0	256	-4.39381	-6.27313	-1	-1	-1
0	256	-3.27044	5.05089	1688	1739.19	-1
0	256	-8.75231	-3.13232	2357	2427.25	-1
0	256	-9.23079	-3.03168	-1	-1	-1
0	256	-8.49068	1.5386	752	813.969	-1
0	256	-0.918427	-5.3775	-1	-1	-1
0	256	0.980865	4.11889	1772	1818.91	-1
0	256	-1.2696	6.48999	3874	3973.91	-1
0	256	3.47782	2.14262	-1	-1	-1
0	256	-5.63768	-3.32924	1602	1650.41	-1
0	256	2.73072	-8.44785	-1	-1	-1
0	256	2.12887	-5.15208	-1	-1	-1
0	256	0.841207	7.83665	-1	-1	-1
0	256	-4.97174	8.63587	-1	-1	-1
0	256	3.99506	5.2959	-1	-1	-1
0	256	-4.75958	6.98222	-1	-1	-1
0	256	3.40933	6.70684	-1	-1	-1
0	256	0.264327	8.86651	-1	-1	-1
0	256	-1.51914	7.85641	-1	-1	-1
0	256	-1.26165	9.18151	-1	-1	-1
0	256	0.266921	-4.24087	-1	-1	-1
0	256	-5.56671	6.04448	319	382.938	-1
0	256	0.473839	-7.80963	-1	-1	-1
0	256	-7.60006	4.44713	-1	-1	-1
0	256	-9.14851	2.73006	310	379.031	-1
0	256	-5.61572	9.4021	-1	-1	-1
0	256	3.38046	-0.443359	1959	-1	-1
0	256	8.75183	-3.53414	-1	-1	-1
0	256	3.83279	5.31321	-1	-1	-1
0	256	0.834836	7.95609	-1	-1	-1
0	256	-6.20136	-3.18967	-1	-1	-1
0	256	-5.64606	0.626129	2138	2183.81	-1
0	256	5.94133	-4.7133	-1	-1	-1
0	256	-3.48632	-8.67034	-1	-1	-1
0	256	-6.55431	7.43344	-1	-1	-1
0	256	-3.41594	4.13452	-1	-1	-1
0	256	2.57662	3.23151	2083	2235.34	-1
0	256	-7.48484	1.28464	3434	3523.66	-1
0	256	2.09556	-9.18991	688	775.094	-1
0	256	5.7515	-6.49459	-1	-1	-1
0	256	1.93323	-5.71343	-1	-1	-1
0	256	-7.99823	-2.94637	1435	1526.25	-1
0	256	6.67968	1.86738	-1	-1	-1
0	256	4.73005	-2.87112	1238	1282.09	-1
0	256	1.14771	3.87181	-1	-1	-1
0	256	-3.58701	-5.67095	2350	2407.84	-1
0	256	5.79787	-4.08505	-1	-1	-1
0	256	-5.25656	-5.72258	-1	-1	-1
0	256	-7.44142	-3.15752	3593	3704.69	-1
0	256	-4.1801	-5.6541	-1	-1	-1
0	256	-0.151105	7.33287	-1	-1	-1
0	256	8.78417	-0.664159	-1	-1	-1
0	256	0.203992	-3.13201	-1	-1	-1
0	256	-1.83027	9.15381	-1	-1	-1
0	256	8.59629	3.63549	5081	5162.31	-1
0	256	7.10084	-5.1361	-1	-1	-1
0	256	-7.30049	-1.63683	2973	3028.97	-1
0	256	-5.82759	0.71178	3590	3639.34	-1
0	256	-1.58628	-8.70881	-1	-1	-1
0	256	0.023068	5.8753	-1	-1	-1
0	256	-5.99052	2.58176	-1	-1	-1
0	256	-8.74978	4.99638	4157	4230.53	-1
0	256	-3.93356	-5.44725	-1	-1	-1
0	256	3.46778	6.48326	-1	-1	-1
0	256	1.06533	6.54503	2874	2926.22	-1
0	256	3.83347	-2.17763	-1	-1	-1
0	256	0.330897	3.28541	108	142.5	-1
0	256	-7.41865	-4.60357	-1	-1	-1
0	256	-2.80392	-8.31002	2005	2076.41	-1
0	256	-0.389585	-6.8625	-1	-1	-1
0	256	6.54273	-7.56095	-1	-1	-1
0	256	2.38631	-7.74414	-1	-1	-1
0	256	2.34092	9.42598	1449	1535.34	-1
0	256	-8.01368	-3.47397	-1	-1	-1
0	256	6.22826	5.86108	-1	-1	-1
0	256	-5.29177	-6.08999	3118	3179.34	-1
0	256	-4.41035	4.12116	-1	-1	-1
0	256	-3.65161	6.69859	1808	1870.34	-1
0	256	-7.50256	4.50598	-1	-1	-1
0	256	-5.06449	1.61005	1372	1411.34	-1
0	256	-0.661951	4.36344	1837	1881.38	-1
0	256	-5.01999	-6.94185	-1	-1	-1
0	256	7.99246	-3.34044	-1	-1	-1
0	256	2.04256	-3.27625	-1	-1	-1
0	256	0.66608	6.37	-1	-1	-1
0	256	2.46543	-2.8249	-1	-1	-1
0	256	4.20153	-4.81326	-1	-1	-1
0	256	-7.12921	-6.38202	-1	-1	-1
0	256	7.1115	-0.315948	-1	-1	-1
0	256	-4.07697	0.359326	211	255.656	-1
0	256	-3.74761	-3.2946	773	825.25	-1
0	256	-0.1592	3.84789	376	420.781	-1
0	256	3.72761	5.56599	-1	-1	-1
0	256	4.0866	-1.81247	-1	-1	-1
0	256	-0.587649	3.53645	1761	1796.47	-1
0	256	-4.08019	1.1082	137	219.688	-1
0	256	-2.35184	-9.43087	-1	-1	-1
0	256	0.905244	8.82877	1396	1469.56	-1
0	256	-2.13901	-9.53884	912	987.5	-1
0	256	-5.63219	-7.26477	3250	3321.78	-1
0	256	2.67964	-4.30795	2861	2899.94	-1
0	256	2.21151	1.31406	955	1095.62	-1
0	256	-3.75691	7.73776	2049	2113.47	-1
0	256	-1.63349	7.34515	-1	-1	-1
0	256	0.0683076	-9.73149	1826	1908.53	-1
0	256	9.26888	1.81256	3826	3900.78	-1
0	256	-1.75974	-6.41216	-1	-1	-1
0	256	-3.50216	0.782823	38	90.3125	-1
0	256	2.68232	2.48503	2454	2484.53	-1
0	256	9.18053	2.62932	-1	-1	-1
0	256	-6.97584	-5.76737	711	787.25	-1
0	256	-3.67661	2.67929	264	300.438	-1
0	256	4.04879	-5.80702	-1	-1	-1
0	256	3.27727	3.11152	-1	-1	-1
0	256	3.73343	1.09973	3544	3658.69	-1
0	256	-3.40764	2.97499	167	210.594	-1
0	256	-4.08887	4.70776	205	256.094	-1
0	256	6.59651	-0.905041	-1	-1	-1
0	256	6.17297	-5.48395	-1	-1	-1
0	256	-9.24126	3.30046	5190	5258.53	-1
0	256	-7.71851	1.92913	-1	-1	-1
0	256	8.64633	-2.57931	-1	-1	-1
0	256	-4.02247	-2.75856	1310	1358.56	-1
0	256	-4.84398	6.33544	-1	-1	-1
0	256	3.94675	0.775758	4006	4041.78	-1
0	256	6.91958	4.00013	-1	-1	-1
0	256	-2.68447	5.04084	-1	-1	-1
0	256	-0.240558	-7.32119	-1	-1	-1
0	256	7.26431	-3.78556	-1	-1	-1
0	256	0.473719	8.83508	1543	1615.09	-1
0	256	9.46206	0.857328	758	835.656	-1
0	256	8.72715	3.96569	3472	3541.62	-1
0	256	5.0389	-5.52639	-1	-1	-1
0	256	-3.29946	-9.08285	1077	1150.78	-1
0	256	2.31506	-6.33457	-1	-1	-1
0	256	-0.432686	-3.7934	5241	5372.66	-1
0	256	4.78743	7.85871	-1	-1	-1
0	256	-4.62784	2.28049	1579	1624.62	-1
0	256	6.52576	-3.8946	-1	-1	-1
0	256	-2.16989	-2.57152	1658	1689.94	-1
0	256	2.26112	8.08563	2646	2709.31	-1
0	256	-7.86721	-3.94351	-1	-1	-1
0	256	0.617051	4.48049	3081	3122.69	-1
0	256	-1.20674	3.52013	1053	1098.09	-1
0	256	-7.90322	0.766135	-1	-1	-1
0	256	3.54878	-0.869745	640	670.344	-1
0	256	6.62801	4.33468	3531	3596.19	-1
