Pile ID	Distribution Type	X-Position	Y-Position	Pickup Time	Drop Off Time	Ant ID
1	1	2.47897	-4.07113	4489	4531.66	-1
1	1	2.62897	-4.07113	4049	4136.47	-1
1	1	2.77897	-4.07113	3955	3998.09	-1
1	1	2.92897	-4.07113	3390	3434.53	-1
1	1	3.07897	-4.07113	3477	3534.28	-1
1	1	3.22897	-4.07113	2089	2161.97	-1
1	1	3.37897	-4.07113	3411	3517.34	-1
1	1	3.52897	-4.07113	-1	-1	-1
1	1	3.67897	-4.07113	4702	4760.22	-1
1	1	3.82897	-4.07113	4810	4892.72	-1
1	1	3.97897	-4.07113	-1	-1	-1
1	1	4.12897	-4.07113	-1	-1	-1
1	1	4.27897	-4.07113	-1	-1	-1
1	1	4.42897	-4.07113	-1	-1	-1
1	1	4.57897	-4.07113	-1	-1	-1
1	1	4.72897	-4.07113	-1	-1	-1
1	1	2.47897	-3.92113	3444	3491.72	-1
1	1	2.62897	-3.92113	2902	2940.53	-1
1	1	2.77897	-3.92113	2977	3017.44	-1
1	1	2.92897	-3.92113	3300	3359.72	-1
1	1	3.07897	-3.92113	3270	3342.66	-1
1	1	3.22897	-3.92113	3114	3215.69	-1
1	1	3.37897	-3.92113	3240	3318.34	-1
1	1	3.52897	-3.92113	4877	4932.41	-1
1	1	3.67897	-3.92113	5390	-1	-1
1	1	3.82897	-3.92113	4165	4256.03	-1
1	1	3.97897	-3.92113	4575	4687.03	-1
1	1	4.12897	-3.92113	4742	4833.47	-1
1	1	4.27897	-3.92113	-1	-1	-1
1	1	4.42897	-3.92113	-1	-1	-1
1	1	4.57897	-3.92113	-1	-1	-1
1	1	4.72897	-3.92113	-1	-1	-1
1	1	2.47897	-3.77113	2422	2482.62	-1
1	1	2.62897	-3.77113	2741	2784.94	-1
1	1	2.77897	-3.77113	2828	2867.75	-1
1	1	2.92897	-3.77113	3058	3095.78	-1
1	1	3.07897	-3.77113	2948	3041.97	-1
1	1	3.22897	-3.77113	3046	3087.84	-1
1	1	3.37897	-3.77113	3092	3168.72	-1
1	1	3.52897	-3.77113	3438	3488.59	-1
1	1	3.67897	-3.77113	3880	3948.38	-1
1	1	3.82897	-3.77113	4045	4104.78	-1
1	1	3.97897	-3.77113	4392	4470	-1
1	1	4.12897	-3.77113	4500	4584.31	-1
1	1	4.27897	-3.77113	4866	4957.94	-1
1	1	4.42897	-3.77113	5174	5254.91	-1
1	1	4.57897	-3.77113	5313	5373.97	-1
1	1	4.72897	-3.77113	-1	-1	-1
1	1	2.47897	-3.62113	2201	2275.19	-1
1	1	2.62897	-3.62113	2336	2396.78	-1
1	1	2.77897	-3.62113	2460	2510.19	-1
1	1	2.92897	-3.62113	2761	2805.34	-1
1	1	3.07897	-3.62113	2839	2878.53	-1
1	1	3.22897	-3.62113	2857	2904	-1
1	1	3.37897	-3.62113	3176	3282.84	-1
1	1	3.52897	-3.62113	3404	3457.91	-1
1	1	3.67897	-3.62113	3573	3648.75	-1
1	1	3.82897	-3.62113	3994	4056.69	-1
1	1	3.97897	-3.62113	4116	4170.94	-1
1	1	4.12897	-3.62113	4248	4318	-1
1	1	4.27897	-3.62113	4644	4743.31	-1
1	1	4.42897	-3.62113	5135	5228.16	-1
1	1	4.57897	-3.62113	5297	5386.91	-1
1	1	4.72897	-3.62113	-1	-1	-1
1	1	2.47897	-3.47113	1997	2037.09	-1
1	1	2.62897	-3.47113	2350	2439.69	-1
1	1	2.77897	-3.47113	2386	2458.84	-1
1	1	2.92897	-3.47113	2566	2614.53	-1
1	1	3.07897	-3.47113	2687	2726.59	-1
1	1	3.22897	-3.47113	2879	2920.94	-1
1	1	3.37897	-3.47113	2968	3005.53	-1
1	1	3.52897	-3.47113	3236	3331.09	-1
1	1	3.67897	-3.47113	3697	3751.72	-1
1	1	3.82897	-3.47113	3719	3813.34	-1
1	1	3.97897	-3.47113	4086	4145.59	-1
1	1	4.12897	-3.47113	4373	4451.94	-1
1	1	4.27897	-3.47113	4433	4517	-1
1	1	4.42897	-3.47113	5063	5127.62	-1
1	1	4.57897	-3.47113	5186	5245.47	-1
1	1	4.72897	-3.47113	-1	-1	-1
1	1	2.47897	-3.32113	1850	1934.38	-1
1	1	2.62897	-3.32113	2081	2136.5	-1
1	1	2.77897	-3.32113	2307	2356.47	-1
1	1	2.92897	-3.32113	2492	2532.19	-1
1	1	3.07897	-3.32113	2658	2696.38	-1
1	1	3.22897	-3.32113	2983	3035.25	-1
1	1	3.37897	-3.32113	3046	3098.28	-1
1	1	3.52897	-3.32113	3270	3349.03	-1
1	1	3.67897	-3.32113	3581	3673.88	-1
1	1	3.82897	-3.32113	3801	3885.16	-1
1	1	3.97897	-3.32113	4303	4370.09	-1
1	1	4.12897	-3.32113	4593	4653.75	-1
1	1	4.27897	-3.32113	4614	4670.94	-1
1	1	4.42897	-3.32113	4730	4782.47	-1
1	1	4.57897	-3.32113	5122	5171.75	-1
1	1	4.72897	-3.32113	-1	-1	-1
1	1	2.47897	-3.17113	1779	1812.62	-1
1	1	2.62897	-3.17113	1966	2016.56	-1
1	1	2.77897	-3.17113	2189	2238.78	-1
1	1	2.92897	-3.17113	2582	2626.16	-1
1	1	3.07897	-3.17113	2940	3000.19	-1
1	1	3.22897	-3.17113	3278	3382.81	-1
1	1	3.37897	-3.17113	3141	3207.66	-1
1	1	3.52897	-3.17113	3531	3576.88	-1
1	1	3.67897	-3.17113	3676	3730.78	-1
1	1	3.82897	-3.17113	3778	3860.81	-1
1	1	3.97897	-3.17113	3821	3891.47	-1
1	1	4.12897	-3.17113	4753	4840.12	-1
1	1	4.27897	-3.17113	5003	5059.84	-1
1	1	4.42897	-3.17113	5146	5200.62	-1
1	1	4.57897	-3.17113	5235	5290.5	-1
1	1	4.72897	-3.17113	5369	-1	-1
1	1	2.47897	-3.02113	1858	1900.84	-1
1	1	2.62897	-3.02113	2062	2106.25	-1
1	1	2.77897	-3.02113	2244	2282.72	-1
1	1	2.92897	-3.02113	3617	3692.09	-1
1	1	3.07897	-3.02113	3404	3518.06	-1
1	1	3.22897	-3.02113	3508	3561.81	-1
1	1	3.37897	-3.02113	3368	3412.59	-1
1	1	3.52897	-3.02113	3831	3926.28	-1
1	1	3.67897	-3.02113	3868	3919.31	-1
1	1	3.82897	-3.02113	3908	3969.75	-1
1	1	3.97897	-3.02113	4034	4094.94	-1
1	1	4.12897	-3.02113	5108	5181.31	-1
1	1	4.27897	-3.02113	5242	5315.62	-1
1	1	4.42897	-3.02113	5346	-1	-1
1	1	4.57897	-3.02113	5278	5340.09	-1
1	1	4.72897	-3.02113	-1	-1	-1
1	1	2.47897	-2.87113	2148	2197.03	-1
1	1	2.62897	-2.87113	2313	2364.97	-1
1	1	2.77897	-2.87113	3054	3114.88	-1
1	1	2.92897	-2.87113	3545	3615.91	-1
1	1	3.07897	-2.87113	3732	3812.69	-1
1	1	3.22897	-2.87113	3967	4020	-1
1	1	3.37897	-2.87113	3585	3661.56	-1
1	1	3.52897	-2.87113	3716	3771.47	-1
1	1	3.67897	-2.87113	4097	4152.81	-1
1	1	3.82897	-2.87113	3964	4034.19	-1
1	1	3.97897	-2.87113	4478	4538.19	-1
1	1	4.12897	-2.87113	4593	4692.03	-1
1	1	4.27897	-2.87113	4874	4922.75	-1
1	1	4.42897	-2.87113	-1	-1	-1
1	1	4.57897	-2.87113	-1	-1	-1
1	1	4.72897	-2.87113	-1	-1	-1
1	1	2.47897	-2.72113	3089	3156.19	-1
1	1	2.62897	-2.72113	2950	2985.19	-1
1	1	2.77897	-2.72113	3149	3222.03	-1
1	1	2.92897	-2.72113	3387	3470.28	-1
1	1	3.07897	-2.72113	4817	4871.31	-1
1	1	3.22897	-2.72113	4778	4865.69	-1
1	1	3.37897	-2.72113	3881	3941.91	-1
1	1	3.52897	-2.72113	4897	4934.31	-1
1	1	3.67897	-2.72113	4145	4200.69	-1
1	1	3.82897	-2.72113	4193	4241.44	-1
1	1	3.97897	-2.72113	4744	4807.5	-1
1	1	4.12897	-2.72113	4749	4820.62	-1
1	1	4.27897	-2.72113	4988	5042.5	-1
1	1	4.42897	-2.72113	-1	-1	-1
1	1	4.57897	-2.72113	-1	-1	-1
1	1	4.72897	-2.72113	-1	-1	-1
1	1	2.47897	-2.57113	3200	3256.94	-1
1	1	2.62897	-2.57113	4377	4439.34	-1
1	1	2.77897	-2.57113	3283	3339.03	-1
1	1	2.92897	-2.57113	3900	3956.59	-1
1	1	3.07897	-2.57113	4148	4192.41	-1
1	1	3.22897	-2.57113	4425	4487.62	-1
1	1	3.37897	-2.57113	-1	-1	-1
1	1	3.52897	-2.57113	4971	5011.19	-1
1	1	3.67897	-2.57113	4357	4416.47	-1
1	1	3.82897	-2.57113	4245	4292.06	-1
1	1	3.97897	-2.57113	4291	4358.41	-1
1	1	4.12897	-2.57113	4467	4557.03	-1
1	1	4.27897	-2.57113	5397	-1	-1
1	1	4.42897	-2.57113	-1	-1	-1
1	1	4.57897	-2.57113	-1	-1	-1
1	1	4.72897	-2.57113	-1	-1	-1
1	1	2.47897	-2.42113	1556	1735.34	-1
1	1	2.62897	-2.42113	4279	4328.5	-1
1	1	2.77897	-2.42113	4256	4307.53	-1
1	1	2.92897	-2.42113	4012	4052.88	-1
1	1	3.07897	-2.42113	4163	4217.03	-1
1	1	3.22897	-2.42113	4565	4655.44	-1
1	1	3.37897	-2.42113	-1	-1	-1
1	1	3.52897	-2.42113	-1	-1	-1
1	1	3.67897	-2.42113	4601	4670.31	-1
1	1	3.82897	-2.42113	4412	4462.34	-1
1	1	3.97897	-2.42113	4431	4492.28	-1
1	1	4.12897	-2.42113	4645	4715.03	-1
1	1	4.27897	-2.42113	5187	5247.41	-1
1	1	4.42897	-2.42113	5292	5347.09	-1
1	1	4.57897	-2.42113	-1	-1	-1
1	1	4.72897	-2.42113	-1	-1	-1
1	1	2.47897	-2.27113	-1	-1	-1
1	1	2.62897	-2.27113	4683	4769.41	-1
1	1	2.77897	-2.27113	4560	4626.56	-1
1	1	2.92897	-2.27113	4437	4505.22	-1
1	1	3.07897	-2.27113	4309	4388.81	-1
1	1	3.22897	-2.27113	4801	4854.78	-1
1	1	3.37897	-2.27113	3581	3696.03	-1
1	1	3.52897	-2.27113	1499	1543.47	-1
1	1	3.67897	-2.27113	4959	5020.34	-1
1	1	3.82897	-2.27113	4867	4911.38	-1
1	1	3.97897	-2.27113	5091	5131.78	-1
1	1	4.12897	-2.27113	-1	-1	-1
1	1	4.27897	-2.27113	-1	-1	-1
1	1	4.42897	-2.27113	-1	-1	-1
1	1	4.57897	-2.27113	-1	-1	-1
1	1	4.72897	-2.27113	-1	-1	-1
1	1	2.47897	-2.12113	-1	-1	-1
1	1	2.62897	-2.12113	-1	-1	-1
1	1	2.77897	-2.12113	-1	-1	-1
1	1	2.92897	-2.12113	-1	-1	-1
1	1	3.07897	-2.12113	-1	-1	-1
1	1	3.22897	-2.12113	-1	-1	-1
1	1	3.37897	-2.12113	1452	1493.94	-1
1	1	3.52897	-2.12113	1381	1415.56	-1
1	1	3.67897	-2.12113	1607	1640.75	-1
1	1	3.82897	-2.12113	1681	1722.12	-1
1	1	3.97897	-2.12113	-1	-1	-1
1	1	4.12897	-2.12113	-1	-1	-1
1	1	4.27897	-2.12113	-1	-1	-1
1	1	4.42897	-2.12113	-1	-1	-1
1	1	4.57897	-2.12113	-1	-1	-1
1	1	4.72897	-2.12113	-1	-1	-1
1	1	2.47897	-1.97113	-1	-1	-1
1	1	2.62897	-1.97113	-1	-1	-1
1	1	2.77897	-1.97113	-1	-1	-1
1	1	2.92897	-1.97113	-1	-1	-1
1	1	3.07897	-1.97113	1217	1273.31	-1
1	1	3.22897	-1.97113	1081	1113.84	-1
1	1	3.37897	-1.97113	1162	1203.41	-1
1	1	3.52897	-1.97113	1238	1304.69	-1
1	1	3.67897	-1.97113	1332	1382.75	-1
1	1	3.82897	-1.97113	3454	3541.78	-1
1	1	3.97897	-1.97113	-1	-1	-1
1	1	4.12897	-1.97113	-1	-1	-1
1	1	4.27897	-1.97113	-1	-1	-1
1	1	4.42897	-1.97113	-1	-1	-1
1	1	4.57897	-1.97113	-1	-1	-1
1	1	4.72897	-1.97113	-1	-1	-1
1	1	2.47897	-1.82113	2473	2631.94	-1
1	1	2.62897	-1.82113	-1	-1	-1
1	1	2.77897	-1.82113	-1	-1	-1
1	1	2.92897	-1.82113	1265	1312.84	-1
1	1	3.07897	-1.82113	1141	1180.5	-1
1	1	3.22897	-1.82113	992	1032.47	-1
1	1	3.37897	-1.82113	763	892.688	-1
1	1	3.52897	-1.82113	925	957	-1
1	1	3.67897	-1.82113	1418	1459.84	-1
1	1	3.82897	-1.82113	2706	2835.22	-1
1	1	3.97897	-1.82113	3303	3424.84	-1
1	1	4.12897	-1.82113	1056	1168.53	-1
1	1	4.27897	-1.82113	-1	-1	-1
1	1	4.42897	-1.82113	-1	-1	-1
1	1	4.57897	-1.82113	-1	-1	-1
1	1	4.72897	-1.82113	-1	-1	-1
2	4	8.60419	2.09016	-1	-1	-1
2	4	8.75419	2.09016	-1	-1	-1
2	4	8.90419	2.09016	-1	-1	-1
2	4	9.05419	2.09016	-1	-1	-1
2	4	9.20419	2.09016	-1	-1	-1
2	4	9.35419	2.09016	-1	-1	-1
2	4	9.50419	2.09016	-1	-1	-1
2	4	9.65419	2.09016	-1	-1	-1
2	4	8.60419	2.24016	-1	-1	-1
2	4	8.75419	2.24016	-1	-1	-1
2	4	8.90419	2.24016	-1	-1	-1
2	4	9.05419	2.24016	-1	-1	-1
2	4	9.20419	2.24016	-1	-1	-1
2	4	9.35419	2.24016	-1	-1	-1
2	4	9.50419	2.24016	-1	-1	-1
2	4	9.65419	2.24016	-1	-1	-1
2	4	8.60419	2.39016	-1	-1	-1
2	4	8.75419	2.39016	-1	-1	-1
2	4	8.90419	2.39016	-1	-1	-1
2	4	9.05419	2.39016	-1	-1	-1
2	4	9.20419	2.39016	-1	-1	-1
2	4	9.35419	2.39016	-1	-1	-1
2	4	9.50419	2.39016	-1	-1	-1
2	4	9.65419	2.39016	-1	-1	-1
2	4	8.60419	2.54016	-1	-1	-1
2	4	8.75419	2.54016	-1	-1	-1
2	4	8.90419	2.54016	-1	-1	-1
2	4	9.05419	2.54016	-1	-1	-1
2	4	9.20419	2.54016	-1	-1	-1
2	4	9.35419	2.54016	-1	-1	-1
2	4	9.50419	2.54016	-1	-1	-1
2	4	9.65419	2.54016	-1	-1	-1
2	4	8.60419	2.69016	-1	-1	-1
2	4	8.75419	2.69016	-1	-1	-1
2	4	8.90419	2.69016	-1	-1	-1
2	4	9.05419	2.69016	-1	-1	-1
2	4	9.20419	2.69016	-1	-1	-1
2	4	9.35419	2.69016	-1	-1	-1
2	4	9.50419	2.69016	-1	-1	-1
2	4	9.65419	2.69016	-1	-1	-1
2	4	8.60419	2.84016	-1	-1	-1
2	4	8.75419	2.84016	-1	-1	-1
2	4	8.90419	2.84016	-1	-1	-1
2	4	9.05419	2.84016	-1	-1	-1
2	4	9.20419	2.84016	-1	-1	-1
2	4	9.35419	2.84016	-1	-1	-1
2	4	9.50419	2.84016	-1	-1	-1
2	4	9.65419	2.84016	-1	-1	-1
2	4	8.60419	2.99016	-1	-1	-1
2	4	8.75419	2.99016	-1	-1	-1
2	4	8.90419	2.99016	-1	-1	-1
2	4	9.05419	2.99016	-1	-1	-1
2	4	9.20419	2.99016	-1	-1	-1
2	4	9.35419	2.99016	-1	-1	-1
2	4	9.50419	2.99016	-1	-1	-1
2	4	9.65419	2.99016	-1	-1	-1
2	4	8.60419	3.14016	-1	-1	-1
2	4	8.75419	3.14016	-1	-1	-1
2	4	8.90419	3.14016	-1	-1	-1
2	4	9.05419	3.14016	-1	-1	-1
2	4	9.20419	3.14016	-1	-1	-1
2	4	9.35419	3.14016	-1	-1	-1
2	4	9.50419	3.14016	-1	-1	-1
2	4	9.65419	3.14016	2962	3044.28	-1
3	4	1.57022	7.99497	1351	1410.94	-1
3	4	1.72022	7.99497	1054	1150.44	-1
3	4	1.87022	7.99497	1217	1285.47	-1
3	4	2.02022	7.99497	-1	-1	-1
3	4	2.17022	7.99497	-1	-1	-1
3	4	2.32022	7.99497	-1	-1	-1
3	4	2.47022	7.99497	-1	-1	-1
3	4	2.62022	7.99497	2436	2504.06	-1
3	4	1.57022	8.14497	1477	1558.56	-1
3	4	1.72022	8.14497	1370	1453.66	-1
3	4	1.87022	8.14497	1513	1589.09	-1
3	4	2.02022	8.14497	1653	1715.91	-1
3	4	2.17022	8.14497	-1	-1	-1
3	4	2.32022	8.14497	-1	-1	-1
3	4	2.47022	8.14497	-1	-1	-1
3	4	2.62022	8.14497	-1	-1	-1
3	4	1.57022	8.29497	-1	-1	-1
3	4	1.72022	8.29497	-1	-1	-1
3	4	1.87022	8.29497	-1	-1	-1
3	4	2.02022	8.29497	-1	-1	-1
3	4	2.17022	8.29497	-1	-1	-1
3	4	2.32022	8.29497	-1	-1	-1
3	4	2.47022	8.29497	-1	-1	-1
3	4	2.62022	8.29497	-1	-1	-1
3	4	1.57022	8.44497	-1	-1	-1
3	4	1.72022	8.44497	-1	-1	-1
3	4	1.87022	8.44497	-1	-1	-1
3	4	2.02022	8.44497	-1	-1	-1
3	4	2.17022	8.44497	-1	-1	-1
3	4	2.32022	8.44497	-1	-1	-1
3	4	2.47022	8.44497	-1	-1	-1
3	4	2.62022	8.44497	-1	-1	-1
3	4	1.57022	8.59497	-1	-1	-1
3	4	1.72022	8.59497	-1	-1	-1
3	4	1.87022	8.59497	-1	-1	-1
3	4	2.02022	8.59497	-1	-1	-1
3	4	2.17022	8.59497	-1	-1	-1
3	4	2.32022	8.59497	-1	-1	-1
3	4	2.47022	8.59497	-1	-1	-1
3	4	2.62022	8.59497	-1	-1	-1
3	4	1.57022	8.74497	-1	-1	-1
3	4	1.72022	8.74497	-1	-1	-1
3	4	1.87022	8.74497	-1	-1	-1
3	4	2.02022	8.74497	-1	-1	-1
3	4	2.17022	8.74497	-1	-1	-1
3	4	2.32022	8.74497	-1	-1	-1
3	4	2.47022	8.74497	-1	-1	-1
3	4	2.62022	8.74497	-1	-1	-1
3	4	1.57022	8.89497	-1	-1	-1
3	4	1.72022	8.89497	-1	-1	-1
3	4	1.87022	8.89497	-1	-1	-1
3	4	2.02022	8.89497	-1	-1	-1
3	4	2.17022	8.89497	-1	-1	-1
3	4	2.32022	8.89497	-1	-1	-1
3	4	2.47022	8.89497	-1	-1	-1
3	4	2.62022	8.89497	-1	-1	-1
3	4	1.57022	9.04497	-1	-1	-1
3	4	1.72022	9.04497	-1	-1	-1
3	4	1.87022	9.04497	-1	-1	-1
3	4	2.02022	9.04497	-1	-1	-1
3	4	2.17022	9.04497	-1	-1	-1
3	4	2.32022	9.04497	-1	-1	-1
3	4	2.47022	9.04497	-1	-1	-1
3	4	2.62022	9.04497	-1	-1	-1
4	4	-8.41571	7.02604	-1	-1	-1
4	4	-8.26571	7.02604	-1	-1	-1
4	4	-8.11571	7.02604	-1	-1	-1
4	4	-7.96571	7.02604	-1	-1	-1
4	4	-7.81571	7.02604	-1	-1	-1
4	4	-7.66571	7.02604	-1	-1	-1
4	4	-7.51571	7.02604	-1	-1	-1
4	4	-7.36571	7.02604	-1	-1	-1
4	4	-8.41571	7.17604	-1	-1	-1
4	4	-8.26571	7.17604	-1	-1	-1
4	4	-8.11571	7.17604	-1	-1	-1
4	4	-7.96571	7.17604	-1	-1	-1
4	4	-7.81571	7.17604	-1	-1	-1
4	4	-7.66571	7.17604	-1	-1	-1
4	4	-7.51571	7.17604	-1	-1	-1
4	4	-7.36571	7.17604	-1	-1	-1
4	4	-8.41571	7.32604	-1	-1	-1
4	4	-8.26571	7.32604	-1	-1	-1
4	4	-8.11571	7.32604	-1	-1	-1
4	4	-7.96571	7.32604	-1	-1	-1
4	4	-7.81571	7.32604	-1	-1	-1
4	4	-7.66571	7.32604	-1	-1	-1
4	4	-7.51571	7.32604	-1	-1	-1
4	4	-7.36571	7.32604	-1	-1	-1
4	4	-8.41571	7.47604	-1	-1	-1
4	4	-8.26571	7.47604	-1	-1	-1
4	4	-8.11571	7.47604	-1	-1	-1
4	4	-7.96571	7.47604	-1	-1	-1
4	4	-7.81571	7.47604	-1	-1	-1
4	4	-7.66571	7.47604	-1	-1	-1
4	4	-7.51571	7.47604	-1	-1	-1
4	4	-7.36571	7.47604	-1	-1	-1
4	4	-8.41571	7.62604	-1	-1	-1
4	4	-8.26571	7.62604	-1	-1	-1
4	4	-8.11571	7.62604	-1	-1	-1
4	4	-7.96571	7.62604	-1	-1	-1
4	4	-7.81571	7.62604	-1	-1	-1
4	4	-7.66571	7.62604	-1	-1	-1
4	4	-7.51571	7.62604	-1	-1	-1
4	4	-7.36571	7.62604	-1	-1	-1
4	4	-8.41571	7.77604	-1	-1	-1
4	4	-8.26571	7.77604	-1	-1	-1
4	4	-8.11571	7.77604	-1	-1	-1
4	4	-7.96571	7.77604	-1	-1	-1
4	4	-7.81571	7.77604	-1	-1	-1
4	4	-7.66571	7.77604	-1	-1	-1
4	4	-7.51571	7.77604	-1	-1	-1
4	4	-7.36571	7.77604	-1	-1	-1
4	4	-8.41571	7.92604	-1	-1	-1
4	4	-8.26571	7.92604	-1	-1	-1
4	4	-8.11571	7.92604	-1	-1	-1
4	4	-7.96571	7.92604	-1	-1	-1
4	4	-7.81571	7.92604	-1	-1	-1
4	4	-7.66571	7.92604	-1	-1	-1
4	4	-7.51571	7.92604	-1	-1	-1
4	4	-7.36571	7.92604	-1	-1	-1
4	4	-8.41571	8.07604	-1	-1	-1
4	4	-8.26571	8.07604	-1	-1	-1
4	4	-8.11571	8.07604	-1	-1	-1
4	4	-7.96571	8.07604	-1	-1	-1
4	4	-7.81571	8.07604	-1	-1	-1
4	4	-7.66571	8.07604	-1	-1	-1
4	4	-7.51571	8.07604	-1	-1	-1
4	4	-7.36571	8.07604	-1	-1	-1
5	4	4.81847	0.509163	114	152.656	-1
5	4	4.96847	0.509163	1625	1669.94	-1
5	4	5.11847	0.509163	-1	-1	-1
5	4	5.26847	0.509163	-1	-1	-1
5	4	5.41847	0.509163	-1	-1	-1
5	4	5.56847	0.509163	-1	-1	-1
5	4	5.71847	0.509163	-1	-1	-1
5	4	5.86847	0.509163	-1	-1	-1
5	4	4.81847	0.659163	1706	1746.12	-1
5	4	4.96847	0.659163	-1	-1	-1
5	4	5.11847	0.659163	-1	-1	-1
5	4	5.26847	0.659163	-1	-1	-1
5	4	5.41847	0.659163	-1	-1	-1
5	4	5.56847	0.659163	-1	-1	-1
5	4	5.71847	0.659163	-1	-1	-1
5	4	5.86847	0.659163	-1	-1	-1
5	4	4.81847	0.809163	-1	-1	-1
5	4	4.96847	0.809163	-1	-1	-1
5	4	5.11847	0.809163	-1	-1	-1
5	4	5.26847	0.809163	-1	-1	-1
5	4	5.41847	0.809163	-1	-1	-1
5	4	5.56847	0.809163	-1	-1	-1
5	4	5.71847	0.809163	-1	-1	-1
5	4	5.86847	0.809163	-1	-1	-1
5	4	4.81847	0.959163	-1	-1	-1
5	4	4.96847	0.959163	-1	-1	-1
5	4	5.11847	0.959163	-1	-1	-1
5	4	5.26847	0.959163	-1	-1	-1
5	4	5.41847	0.959163	-1	-1	-1
5	4	5.56847	0.959163	-1	-1	-1
5	4	5.71847	0.959163	-1	-1	-1
5	4	5.86847	0.959163	-1	-1	-1
5	4	4.81847	1.10916	4158	4268.88	-1
5	4	4.96847	1.10916	-1	-1	-1
5	4	5.11847	1.10916	-1	-1	-1
5	4	5.26847	1.10916	-1	-1	-1
5	4	5.41847	1.10916	-1	-1	-1
5	4	5.56847	1.10916	-1	-1	-1
5	4	5.71847	1.10916	-1	-1	-1
5	4	5.86847	1.10916	-1	-1	-1
5	4	4.81847	1.25916	-1	-1	-1
5	4	4.96847	1.25916	-1	-1	-1
5	4	5.11847	1.25916	-1	-1	-1
5	4	5.26847	1.25916	-1	-1	-1
5	4	5.41847	1.25916	-1	-1	-1
5	4	5.56847	1.25916	-1	-1	-1
5	4	5.71847	1.25916	-1	-1	-1
5	4	5.86847	1.25916	-1	-1	-1
5	4	4.81847	1.40916	-1	-1	-1
5	4	4.96847	1.40916	-1	-1	-1
5	4	5.11847	1.40916	-1	-1	-1
5	4	5.26847	1.40916	-1	-1	-1
5	4	5.41847	1.40916	-1	-1	-1
5	4	5.56847	1.40916	-1	-1	-1
5	4	5.71847	1.40916	-1	-1	-1
5	4	5.86847	1.40916	-1	-1	-1
5	4	4.81847	1.55916	-1	-1	-1
5	4	4.96847	1.55916	-1	-1	-1
5	4	5.11847	1.55916	-1	-1	-1
5	4	5.26847	1.55916	-1	-1	-1
5	4	5.41847	1.55916	-1	-1	-1
5	4	5.56847	1.55916	-1	-1	-1
5	4	5.71847	1.55916	-1	-1	-1
5	4	5.86847	1.55916	-1	-1	-1
6	16	-8.9574	-4.96132	-1	-1	-1
6	16	-8.8074	-4.96132	-1	-1	-1
6	16	-8.6574	-4.96132	-1	-1	-1
6	16	-8.5074	-4.96132	-1	-1	-1
6	16	-8.9574	-4.81132	-1	-1	-1
6	16	-8.8074	-4.81132	-1	-1	-1
6	16	-8.6574	-4.81132	-1	-1	-1
6	16	-8.5074	-4.81132	-1	-1	-1
6	16	-8.9574	-4.66132	-1	-1	-1
6	16	-8.8074	-4.66132	-1	-1	-1
6	16	-8.6574	-4.66132	-1	-1	-1
6	16	-8.5074	-4.66132	-1	-1	-1
6	16	-8.9574	-4.51132	-1	-1	-1
6	16	-8.8074	-4.51132	-1	-1	-1
6	16	-8.6574	-4.51132	-1	-1	-1
6	16	-8.5074	-4.51132	-1	-1	-1
7	16	3.12422	7.36714	1085	1169.69	-1
7	16	3.27422	7.36714	967	1026.22	-1
7	16	3.42422	7.36714	-1	-1	-1
7	16	3.57422	7.36714	-1	-1	-1
7	16	3.12422	7.51714	2177	2234.44	-1
7	16	3.27422	7.51714	2303	2370.69	-1
7	16	3.42422	7.51714	-1	-1	-1
7	16	3.57422	7.51714	-1	-1	-1
7	16	3.12422	7.66714	-1	-1	-1
7	16	3.27422	7.66714	-1	-1	-1
7	16	3.42422	7.66714	-1	-1	-1
7	16	3.57422	7.66714	-1	-1	-1
7	16	3.12422	7.81714	-1	-1	-1
7	16	3.27422	7.81714	-1	-1	-1
7	16	3.42422	7.81714	-1	-1	-1
7	16	3.57422	7.81714	-1	-1	-1
8	16	2.03567	-6.69156	-1	-1	-1
8	16	2.18567	-6.69156	-1	-1	-1
8	16	2.33567	-6.69156	-1	-1	-1
8	16	2.48567	-6.69156	-1	-1	-1
8	16	2.03567	-6.54156	-1	-1	-1
8	16	2.18567	-6.54156	-1	-1	-1
8	16	2.33567	-6.54156	-1	-1	-1
8	16	2.48567	-6.54156	-1	-1	-1
8	16	2.03567	-6.39156	-1	-1	-1
8	16	2.18567	-6.39156	-1	-1	-1
8	16	2.33567	-6.39156	-1	-1	-1
8	16	2.48567	-6.39156	-1	-1	-1
8	16	2.03567	-6.24156	-1	-1	-1
8	16	2.18567	-6.24156	-1	-1	-1
8	16	2.33567	-6.24156	-1	-1	-1
8	16	2.48567	-6.24156	-1	-1	-1
9	16	3.41039	-8.86062	-1	-1	-1
9	16	3.56039	-8.86062	-1	-1	-1
9	16	3.71039	-8.86062	-1	-1	-1
9	16	3.86039	-8.86062	-1	-1	-1
9	16	3.41039	-8.71062	-1	-1	-1
9	16	3.56039	-8.71062	-1	-1	-1
9	16	3.71039	-8.71062	-1	-1	-1
9	16	3.86039	-8.71062	-1	-1	-1
9	16	3.41039	-8.56062	-1	-1	-1
9	16	3.56039	-8.56062	-1	-1	-1
9	16	3.71039	-8.56062	-1	-1	-1
9	16	3.86039	-8.56062	-1	-1	-1
9	16	3.41039	-8.41062	-1	-1	-1
9	16	3.56039	-8.41062	-1	-1	-1
9	16	3.71039	-8.41062	-1	-1	-1
9	16	3.86039	-8.41062	-1	-1	-1
10	16	-2.62735	8.45666	-1	-1	-1
10	16	-2.47735	8.45666	-1	-1	-1
10	16	-2.32735	8.45666	-1	-1	-1
10	16	-2.17735	8.45666	-1	-1	-1
10	16	-2.62735	8.60666	-1	-1	-1
10	16	-2.47735	8.60666	-1	-1	-1
10	16	-2.32735	8.60666	-1	-1	-1
10	16	-2.17735	8.60666	-1	-1	-1
10	16	-2.62735	8.75666	-1	-1	-1
10	16	-2.47735	8.75666	-1	-1	-1
10	16	-2.32735	8.75666	-1	-1	-1
10	16	-2.17735	8.75666	-1	-1	-1
10	16	-2.62735	8.90666	-1	-1	-1
10	16	-2.47735	8.90666	-1	-1	-1
10	16	-2.32735	8.90666	-1	-1	-1
10	16	-2.17735	8.90666	-1	-1	-1
11	16	-2.38944	3.83408	457	506.75	-1
11	16	-2.23944	3.83408	401	455.75	-1
11	16	-2.08944	3.83408	77	201.219	-1
11	16	-1.93944	3.83408	569	613.562	-1
11	16	-2.38944	3.98408	503	548.125	-1
11	16	-2.23944	3.98408	308	352.188	-1
11	16	-2.08944	3.98408	235	269.562	-1
11	16	-1.93944	3.98408	468	520.875	-1
11	16	-2.38944	4.13408	611	694.156	-1
11	16	-2.23944	4.13408	432	481.875	-1
11	16	-2.08944	4.13408	385	426.344	-1
11	16	-1.93944	4.13408	611	677.938	-1
11	16	-2.38944	4.28408	746	786.031	-1
11	16	-2.23944	4.28408	541	597.594	-1
11	16	-2.08944	4.28408	522	565.875	-1
11	16	-1.93944	4.28408	-1	-1	-1
12	16	4.43346	-7.31012	-1	-1	-1
12	16	4.58346	-7.31012	-1	-1	-1
12	16	4.73346	-7.31012	-1	-1	-1
12	16	4.88346	-7.31012	-1	-1	-1
12	16	4.43346	-7.16012	-1	-1	-1
12	16	4.58346	-7.16012	-1	-1	-1
12	16	4.73346	-7.16012	-1	-1	-1
12	16	4.88346	-7.16012	-1	-1	-1
12	16	4.43346	-7.01012	-1	-1	-1
12	16	4.58346	-7.01012	-1	-1	-1
12	16	4.73346	-7.01012	-1	-1	-1
12	16	4.88346	-7.01012	-1	-1	-1
12	16	4.43346	-6.86012	-1	-1	-1
12	16	4.58346	-6.86012	-1	-1	-1
12	16	4.73346	-6.86012	-1	-1	-1
12	16	4.88346	-6.86012	-1	-1	-1
13	16	6.96041	5.10138	-1	-1	-1
13	16	7.11041	5.10138	-1	-1	-1
13	16	7.26041	5.10138	-1	-1	-1
13	16	7.41041	5.10138	-1	-1	-1
13	16	6.96041	5.25138	-1	-1	-1
13	16	7.11041	5.25138	-1	-1	-1
13	16	7.26041	5.25138	-1	-1	-1
13	16	7.41041	5.25138	-1	-1	-1
13	16	6.96041	5.40138	-1	-1	-1
13	16	7.11041	5.40138	-1	-1	-1
13	16	7.26041	5.40138	-1	-1	-1
13	16	7.41041	5.40138	-1	-1	-1
13	16	6.96041	5.55138	-1	-1	-1
13	16	7.11041	5.55138	-1	-1	-1
13	16	7.26041	5.55138	-1	-1	-1
13	16	7.41041	5.55138	-1	-1	-1
14	16	4.80826	-9.63483	-1	-1	-1
14	16	4.95826	-9.63483	-1	-1	-1
14	16	5.10826	-9.63483	-1	-1	-1
14	16	5.25826	-9.63483	-1	-1	-1
14	16	4.80826	-9.48483	-1	-1	-1
14	16	4.95826	-9.48483	-1	-1	-1
14	16	5.10826	-9.48483	-1	-1	-1
14	16	5.25826	-9.48483	-1	-1	-1
14	16	4.80826	-9.33483	-1	-1	-1
14	16	4.95826	-9.33483	-1	-1	-1
14	16	5.10826	-9.33483	-1	-1	-1
14	16	5.25826	-9.33483	-1	-1	-1
14	16	4.80826	-9.18483	-1	-1	-1
14	16	4.95826	-9.18483	-1	-1	-1
14	16	5.10826	-9.18483	-1	-1	-1
14	16	5.25826	-9.18483	-1	-1	-1
15	16	-1.1922	6.88812	744	797.094	-1
15	16	-1.0422	6.88812	983	1053.69	-1
15	16	-0.892201	6.88812	520	572.906	-1
15	16	-0.742201	6.88812	1635	1694.06	-1
15	16	-1.1922	7.03812	1222	1297.38	-1
15	16	-1.0422	7.03812	1114	1168.34	-1
15	16	-0.892201	7.03812	1353	1404.09	-1
15	16	-0.742201	7.03812	1600	1656.25	-1
15	16	-1.1922	7.18812	-1	-1	-1
15	16	-1.0422	7.18812	1718	1778.69	-1
15	16	-0.892201	7.18812	1454	1507.84	-1
15	16	-0.742201	7.18812	2072	2128.53	-1
15	16	-1.1922	7.33812	-1	-1	-1
15	16	-1.0422	7.33812	1845	1904.62	-1
15	16	-0.892201	7.33812	1958	2013.88	-1
15	16	-0.742201	7.33812	2180	2241.31	-1
16	16	-0.0124364	-3.11154	626	653.531	-1
16	16	0.137564	-3.11154	2627	2654.78	-1
16	16	0.287564	-3.11154	2566	2595.12	-1
16	16	0.437564	-3.11154	2383	2414.28	-1
16	16	-0.0124364	-2.96154	4189	4225.41	-1
16	16	0.137564	-2.96154	-1	-1	-1
16	16	0.287564	-2.96154	2678	2705.72	-1
16	16	0.437564	-2.96154	2471	2499.34	-1
16	16	-0.0124364	-2.81154	2502	2527.38	-1
16	16	0.137564	-2.81154	4248	4275.66	-1
16	16	0.287564	-2.81154	1684	1818.91	-1
16	16	0.437564	-2.81154	2735	2760.41	-1
16	16	-0.0124364	-2.66154	2450	2477.25	-1
16	16	0.137564	-2.66154	20	48.0938	-1
16	16	0.287564	-2.66154	69	101.125	-1
16	16	0.437564	-2.66154	2391	2417.34	-1
17	16	-5.3006	3.41383	-1	-1	-1
17	16	-5.1506	3.41383	-1	-1	-1
17	16	-5.0006	3.41383	5232	5369.44	-1
17	16	-4.8506	3.41383	-1	-1	-1
17	16	-5.3006	3.56383	-1	-1	-1
17	16	-5.1506	3.56383	-1	-1	-1
17	16	-5.0006	3.56383	-1	-1	-1
17	16	-4.8506	3.56383	-1	-1	-1
17	16	-5.3006	3.71383	-1	-1	-1
17	16	-5.1506	3.71383	-1	-1	-1
17	16	-5.0006	3.71383	-1	-1	-1
17	16	-4.8506	3.71383	-1	-1	-1
17	16	-5.3006	3.86383	-1	-1	-1
17	16	-5.1506	3.86383	-1	-1	-1
17	16	-5.0006	3.86383	-1	-1	-1
17	16	-4.8506	3.86383	-1	-1	-1
18	16	-3.82355	6.20174	-1	-1	-1
18	16	-3.67355	6.20174	-1	-1	-1
18	16	-3.52355	6.20174	-1	-1	-1
18	16	-3.37355	6.20174	-1	-1	-1
18	16	-3.82355	6.35174	-1	-1	-1
18	16	-3.67355	6.35174	-1	-1	-1
18	16	-3.52355	6.35174	-1	-1	-1
18	16	-3.37355	6.35174	-1	-1	-1
18	16	-3.82355	6.50174	-1	-1	-1
18	16	-3.67355	6.50174	-1	-1	-1
18	16	-3.52355	6.50174	-1	-1	-1
18	16	-3.37355	6.50174	-1	-1	-1
18	16	-3.82355	6.65174	-1	-1	-1
18	16	-3.67355	6.65174	-1	-1	-1
18	16	-3.52355	6.65174	-1	-1	-1
18	16	-3.37355	6.65174	-1	-1	-1
19	16	5.31278	1.69929	-1	-1	-1
19	16	5.46278	1.69929	-1	-1	-1
19	16	5.61278	1.69929	-1	-1	-1
19	16	5.76278	1.69929	-1	-1	-1
19	16	5.31278	1.84929	-1	-1	-1
19	16	5.46278	1.84929	-1	-1	-1
19	16	5.61278	1.84929	-1	-1	-1
19	16	5.76278	1.84929	-1	-1	-1
19	16	5.31278	1.99929	2689	2732.28	-1
19	16	5.46278	1.99929	-1	-1	-1
19	16	5.61278	1.99929	-1	-1	-1
19	16	5.76278	1.99929	-1	-1	-1
19	16	5.31278	2.14929	2359	2402.25	-1
19	16	5.46278	2.14929	-1	-1	-1
19	16	5.61278	2.14929	-1	-1	-1
19	16	5.76278	2.14929	-1	-1	-1
20	16	-5.37641	-1.17503	-1	-1	-1
20	16	-5.22641	-1.17503	-1	-1	-1
20	16	-5.07641	-1.17503	-1	-1	-1
20	16	-4.92641	-1.17503	192	242.5	-1
20	16	-5.37641	-1.02503	-1	-1	-1
20	16	-5.22641	-1.02503	-1	-1	-1
20	16	-5.07641	-1.02503	306	410.344	-1
20	16	-4.92641	-1.02503	78	120.594	-1
20	16	-5.37641	-0.875029	-1	-1	-1
20	16	-5.22641	-0.875029	-1	-1	-1
20	16	-5.07641	-0.875029	228	270.781	-1
20	16	-4.92641	-0.875029	137	184.625	-1
20	16	-5.37641	-0.725029	871	927.844	-1
20	16	-5.22641	-0.725029	-1	-1	-1
20	16	-5.07641	-0.725029	323	365.031	-1
20	16	-4.92641	-0.725029	44	94.2188	-1
21	16	1.70244	3.58853	-1	-1	-1
21	16	1.85244	3.58853	1204	1242.94	-1
21	16	2.00244	3.58853	903	1066.31	-1
21	16	2.15244	3.58853	1098	1134.25	-1
21	16	1.70244	3.73853	516	557.219	-1
21	16	1.85244	3.73853	1491	1549.62	-1
21	16	2.00244	3.73853	1236	1279.28	-1
21	16	2.15244	3.73853	1128	1187.72	-1
21	16	1.70244	3.88853	436	477.156	-1
21	16	1.85244	3.88853	702	739.594	-1
21	16	2.00244	3.88853	1290	1337.28	-1
21	16	2.15244	3.88853	1394	1445.78	-1
21	16	1.70244	4.03853	593	665.438	-1
21	16	1.85244	4.03853	788	822	-1
21	16	2.00244	4.03853	866	901.469	-1
21	16	2.15244	4.03853	1601	1637.59	-1
0	256	4.38793	6.0982	-1	-1	-1
0	256	2.08272	5.00624	1051	1107.34	-1
0	256	8.45413	1.22695	-1	-1	-1
0	256	-1.17948	4.04707	1875	1912.25	-1
0	256	-5.23545	-7.62049	-1	-1	-1
0	256	-4.3495	-5.84815	-1	-1	-1
0	256	-8.30996	-2.85209	3225	3287.75	-1
0	256	-1.07792	-4.70175	-1	-1	-1
0	256	4.83251	4.00422	-1	-1	-1
0	256	5.78491	7.02132	-1	-1	-1
0	256	-0.904043	-5.93355	44	92.5938	-1
0	256	-8.16439	-2.48148	-1	-1	-1
0	256	-6.68699	3.91417	-1	-1	-1
0	256	-9.053	-3.36155	-1	-1	-1
0	256	2.85176	1.65954	1133	1163.19	-1
0	256	-0.494418	5.50858	-1	-1	-1
0	256	4.83787	8.34337	-1	-1	-1
0	256	3.80652	4.6769	2668	2714.5	-1
0	256	-5.57456	-3.37821	2572	2664.31	-1
0	256	8.14297	-3.11925	-1	-1	-1
0	256	0.554332	6.40386	-1	-1	-1
0	256	0.95767	8.81065	-1	-1	-1
0	256	-0.120165	-3.45434	440	471.188	-1
0	256	3.62198	6.29069	1239	1300.31	-1
0	256	2.11736	5.33651	955	1001.03	-1
0	256	4.49638	-6.23008	-1	-1	-1
0	256	3.1825	-4.59443	4547	4614.88	-1
0	256	6.33308	-5.55848	-1	-1	-1
0	256	8.40476	1.41527	-1	-1	-1
0	256	6.80503	-0.512109	-1	-1	-1
0	256	6.92895	-5.69992	-1	-1	-1
0	256	8.93328	-0.321018	-1	-1	-1
0	256	-4.50112	3.83171	486	545.938	-1
0	256	1.1138	5.03306	417	458.25	-1
0	256	-6.51571	7.35514	-1	-1	-1
0	256	-5.29437	4.27152	-1	-1	-1
0	256	4.40627	2.7351	1308	1356.25	-1
0	256	-5.48545	7.446	-1	-1	-1
0	256	-4.9186	-3.96696	-1	-1	-1
0	256	7.73249	-1.75517	-1	-1	-1
0	256	-2.27157	-2.32884	768	932.438	-1
0	256	-4.44059	-6.91175	1931	1995.19	-1
0	256	2.34236	2.5144	56	89.125	-1
0	256	3.52894	1.18089	-1	-1	-1
0	256	6.53014	0.974379	-1	-1	-1
0	256	-9.7868	-6.34386	3828	3915.25	-1
0	256	-0.583653	-8.05238	5103	5200.44	-1
0	256	-1.04627	-6.99424	2793	2857.38	-1
0	256	5.55385	-0.813766	-1	-1	-1
0	256	2.4015	-5.94114	816	950.469	-1
0	256	-2.13212	-9.69643	4071	4164.19	-1
0	256	8.10981	-2.208	-1	-1	-1
0	256	0.820371	3.55236	357	387.375	-1
0	256	-9.7489	0.120049	-1	-1	-1
0	256	8.05564	5.37827	-1	-1	-1
0	256	-6.25914	2.04071	-1	-1	-1
0	256	5.40517	7.69489	-1	-1	-1
0	256	-5.55704	-7.76016	-1	-1	-1
0	256	-3.91103	-1.8857	175	246.906	-1
0	256	2.85084	-8.71124	4942	5027.31	-1
0	256	4.09651	-5.12305	-1	-1	-1
0	256	6.59376	-1.71964	-1	-1	-1
0	256	6.23766	4.36156	2827	2900.38	-1
0	256	-9.7365	-1.47152	-1	-1	-1
0	256	3.95097	4.63559	2761	2808.66	-1
0	256	-9.6164	6.05357	-1	-1	-1
0	256	2.59731	-8.51377	-1	-1	-1
0	256	7.51148	1.03682	-1	-1	-1
0	256	-3.80083	4.63906	-1	-1	-1
0	256	-5.00243	-2.77781	-1	-1	-1
0	256	6.69065	5.7021	-1	-1	-1
0	256	-4.87692	8.06754	1677	1772.28	-1
0	256	-3.23365	2.23714	2039	2071.28	-1
0	256	-2.86876	-6.65768	3818	3872.28	-1
0	256	-7.918	-4.04021	-1	-1	-1
0	256	5.78236	-5.1252	-1	-1	-1
0	256	-7.68675	2.22323	2708	2773.88	-1
0	256	2.86235	-6.95719	-1	-1	-1
0	256	7.18194	-0.608233	-1	-1	-1
0	256	3.87989	8.06914	-1	-1	-1
0	256	4.85513	-2.76942	-1	-1	-1
0	256	-0.226552	-3.97934	1400	1518.16	-1
0	256	5.4382	-6.65566	-1	-1	-1
0	256	-7.17214	4.94022	-1	-1	-1
0	256	4.31656	0.445722	-1	-1	-1
0	256	-5.55513	-3.76591	-1	-1	-1
0	256	-7.44067	-1.27442	-1	-1	-1
0	256	-6.56766	5.94839	-1	-1	-1
0	256	-5.44483	2.70492	2846	2895.53	-1
0	256	5.96898	-3.40186	1630	1684.59	-1
0	256	-4.19542	-2.96369	-1	-1	-1
0	256	-0.121243	8.29634	-1	-1	-1
0	256	9.51903	-0.600425	-1	-1	-1
0	256	4.34236	0.0606581	39	73.5938	-1
0	256	-7.6911	4.26755	-1	-1	-1
0	256	4.54978	1.70471	2597	2642.84	-1
0	256	-7.46331	-3.37915	-1	-1	-1
0	256	2.19725	-0.771029	258	279.25	-1
0	256	4.01373	5.50731	787	938.594	-1
0	256	7.59909	0.719516	-1	-1	-1
0	256	7.0126	9.46067	-1	-1	-1
0	256	-5.39288	-2.47887	4950	4995	-1
0	256	-3.71644	8.59195	-1	-1	-1
0	256	-0.241183	-7.79197	-1	-1	-1
0	256	-7.05493	1.04566	-1	-1	-1
0	256	5.82985	2.29343	2891	3011.12	-1
0	256	-7.25488	-4.21041	3361	3427.72	-1
0	256	-4.67305	-1.71088	42	81.5625	-1
0	256	-8.30735	-0.846209	-1	-1	-1
0	256	-8.77898	-3.81322	-1	-1	-1
0	256	-8.14772	0.949438	-1	-1	-1
0	256	-4.23673	-7.60877	3632	3698.16	-1
0	256	-1.12149	3.0125	1674	1702.03	-1
0	256	0.272247	3.94075	-1	-1	-1
0	256	-1.82905	6.55406	631	682.625	-1
0	256	-3.75075	-1.22692	-1	-1	-1
0	256	-5.13138	7.11738	-1	-1	-1
0	256	-2.56311	-8.4901	2251	2315.69	-1
0	256	5.57888	5.09945	-1	-1	-1
0	256	3.37534	2.98149	1343	1378.59	-1
0	256	-1.24383	-6.47039	3935	3987.47	-1
0	256	3.21303	0.619345	156	185.188	-1
0	256	3.62986	-4.59063	-1	-1	-1
0	256	3.76269	-6.67433	3914	3970.53	-1
0	256	0.673056	3.82197	4343	4376.03	-1
0	256	3.71377	0.250036	199	232.5	-1
0	256	-2.51919	-5.98184	3716	3765.69	-1
0	256	2.5806	1.75311	1315	1349.5	-1
0	256	-4.20727	4.23585	-1	-1	-1
0	256	0.829049	-5.77641	1973	2023.72	-1
0	256	4.17549	6.96776	1370	1459.28	-1
0	256	0.721058	-5.01342	2593	2650	-1
0	256	-2.38976	2.78911	593	634.406	-1
0	256	-4.49428	2.88229	1673	1793.88	-1
0	256	-2.97151	-8.51318	-1	-1	-1
0	256	-6.06301	0.334007	-1	-1	-1
0	256	-3.38704	-1.72828	286	315.25	-1
0	256	-1.21385	6.27758	2160	2211.12	-1
0	256	-6.08109	2.85335	-1	-1	-1
0	256	1.84268	5.17496	865	910.031	-1
0	256	4.0955	6.01742	-1	-1	-1
0	256	1.51037	-2.92299	247	275.875	-1
0	256	1.38676	-6.19582	1910	1957.5	-1
0	256	-4.93078	-7.69271	-1	-1	-1
0	256	-7.57801	-4.28662	-1	-1	-1
0	256	-3.86855	8.52392	-1	-1	-1
0	256	-9.64729	2.03659	-1	-1	-1
0	256	-4.83166	-4.65229	4819	4969.38	-1
0	256	8.06696	0.13907	-1	-1	-1
0	256	-7.98178	1.55146	-1	-1	-1
0	256	-4.57079	-8.43228	-1	-1	-1
0	256	-2.92854	-2.26512	1402	1555.84	-1
0	256	-5.0338	1.2077	424	463.688	-1
0	256	-8.61084	-3.29494	-1	-1	-1
0	256	-6.11414	-3.87711	-1	-1	-1
0	256	4.81901	4.4939	-1	-1	-1
0	256	-0.110219	8.52354	-1	-1	-1
0	256	0.810329	-7.62615	-1	-1	-1
0	256	2.80544	-8.10125	-1	-1	-1
0	256	-1.29843	-2.88537	2792	2923.5	-1
0	256	-2.16175	-0.138703	548	568.75	-1
0	256	0.242261	6.13654	5042	5147.78	-1
0	256	0.39184	6.59727	1844	1895.91	-1
0	256	3.05527	-5.80283	4377	4427.28	-1
0	256	4.88177	1.86554	1219	1260.66	-1
0	256	-7.15353	3.55174	-1	-1	-1
0	256	0.728064	-6.95788	-1	-1	-1
0	256	-5.77003	6.74158	-1	-1	-1
0	256	-2.42565	-5.11281	-1	-1	-1
0	256	6.10046	7.27087	-1	-1	-1
0	256	-8.13432	-4.49922	-1	-1	-1
0	256	-3.80369	-5.48922	5030	5089.19	-1
0	256	-6.90348	3.69012	-1	-1	-1
0	256	-2.02663	-2.44426	5164	5191.06	-1
0	256	5.46107	-2.50517	-1	-1	-1
0	256	-1.83942	-2.78651	2689	2835.72	-1
0	256	-4.42416	4.97352	-1	-1	-1
0	256	-1.27935	7.11848	2020	2079	-1
0	256	3.95092	3.53552	-1	-1	-1
0	256	-7.28333	-3.558	3530	3623.47	-1
0	256	-1.42398	-3.50716	269	401.656	-1
0	256	5.76723	-5.39225	-1	-1	-1
0	256	1.61796	3.5178	1382	1420.44	-1
0	256	-2.19546	-7.40002	-1	-1	-1
0	256	-6.25114	3.94407	-1	-1	-1
0	256	6.62446	6.312	-1	-1	-1
0	256	4.91391	8.14996	-1	-1	-1
0	256	5.4831	-4.66006	-1	-1	-1
0	256	-2.2009	-7.74185	4960	5032.78	-1
0	256	2.75816	8.97712	-1	-1	-1
0	256	-1.6006	-4.26021	-1	-1	-1
0	256	4.47887	8.13737	-1	-1	-1
0	256	-7.46144	-6.49903	-1	-1	-1
0	256	3.9169	-7.47761	4945	5006.94	-1
0	256	7.64057	3.3633	-1	-1	-1
0	256	-4.02865	7.69542	-1	-1	-1
0	256	0.635813	-4.77082	2426	2466.38	-1
0	256	7.08523	6.05081	-1	-1	-1
0	256	-0.925161	-6.06162	2696	2742.47	-1
0	256	-5.15244	5.38777	1784	1843.84	-1
0	256	-3.10569	2.14729	2019	2165.81	-1
0	256	-4.8302	-6.8691	-1	-1	-1
0	256	4.77029	-5.26004	-1	-1	-1
0	256	-5.89471	-3.06624	303	368.562	-1
0	256	-6.20112	1.17631	514	565.562	-1
0	256	6.84163	-5.45705	308	378.281	-1
0	256	-4.0542	7.992	-1	-1	-1
0	256	0.816374	5.91725	44	96.8438	-1
0	256	-2.78677	2.66906	1844	1879.5	-1
0	256	-5.35162	3.12093	2944	2992.72	-1
0	256	1.15722	-1.1142	747	905.312	-1
0	256	-6.22726	2.25113	-1	-1	-1
0	256	-0.828996	-4.25137	2024	2060.12	-1
0	256	5.11958	-4.97139	-1	-1	-1
0	256	-7.60084	3.24518	-1	-1	-1
0	256	8.4939	4.13925	-1	-1	-1
0	256	0.124251	9.05019	-1	-1	-1
0	256	2.58381	-9.36597	5099	5171.97	-1
0	256	0.732736	-4.3977	2316	2352.47	-1
0	256	-6.53514	-3.91964	-1	-1	-1
0	256	-0.686988	-8.82976	5268	5334.5	-1
0	256	5.002	-6.9955	-1	-1	-1
0	256	6.65201	2.91306	-1	-1	-1
0	256	1.81975	-3.56281	816	946.219	-1
0	256	0.69424	-6.79626	156	205.969	-1
0	256	3.32912	5.31005	991	1058.69	-1
0	256	-7.21838	-5.64873	-1	-1	-1
0	256	-4.64544	4.81265	-1	-1	-1
0	256	8.00902	-4.71281	-1	-1	-1
0	256	-1.91862	-8.64787	2075	2141.22	-1
0	256	-6.80955	2.29104	-1	-1	-1
0	256	-9.5937	-1.74838	500	576.094	-1
0	256	2.81002	1.32692	23	49.7188	-1
0	256	-0.309257	-5.8541	300	344.594	-1
0	256	8.28921	2.81491	-1	-1	-1
0	256	0.978197	-3.69435	1992	2029.31	-1
0	256	5.34987	0.372715	-1	-1	-1
0	256	-8.61929	2.61347	-1	-1	-1
0	256	-7.43044	-5.49663	-1	-1	-1
0	256	-3.59007	5.1285	-1	-1	-1
0	256	-2.05865	-9.36119	-1	-1	-1
0	256	-4.2119	-5.53231	-1	-1	-1
0	256	-2.68994	-1.41704	1371	1527.16	-1
0	256	-6.89203	-5.19789	-1	-1	-1
0	256	-2.74248	7.41167	-1	-1	-1
0	256	7.43869	3.93905	5389	-1	-1
0	256	-0.842654	9.60036	-1	-1	-1
0	256	4.63945	3.61473	-1	-1	-1
0	256	-3.98724	-0.224896	-1	-1	-1
0	256	-3.20312	4.58063	1820	1866.97	-1
0	256	-3.83603	8.18189	-1	-1	-1
0	256	1.33478	-8.77175	-1	-1	-1
0	256	2.34596	-5.24934	407	450.375	-1
0	256	-6.70564	-3.79565	-1	-1	-1
0	256	-6.99829	-0.643951	-1	-1	-1
0	256	6.92576	2.24094	5268	5324.19	-1
