Pile ID	Distribution Type	X-Position	Y-Position	Pickup Time	Drop Off Time	Ant ID
1	1	-7.09277	-1.07188	-1	-1	-1
1	1	-6.94277	-1.07188	-1	-1	-1
1	1	-6.79277	-1.07188	-1	-1	-1
1	1	-6.64277	-1.07188	-1	-1	-1
1	1	-6.49277	-1.07188	-1	-1	-1
1	1	-6.34277	-1.07188	-1	-1	-1
1	1	-6.19277	-1.07188	-1	-1	-1
1	1	-6.04277	-1.07188	-1	-1	-1
1	1	-5.89277	-1.07188	3957	4012.78	-1
1	1	-5.74277	-1.07188	470	517.156	-1
1	1	-5.59277	-1.07188	3856	3914.31	-1
1	1	-5.44277	-1.07188	-1	-1	-1
1	1	-5.29277	-1.07188	3582	3633.75	-1
1	1	-5.14277	-1.07188	3537	3584.25	-1
1	1	-4.99277	-1.07188	3373	3418.12	-1
1	1	-4.84277	-1.07188	3478	3533.03	-1
1	1	-7.09277	-0.921885	-1	-1	-1
1	1	-6.94277	-0.921885	-1	-1	-1
1	1	-6.79277	-0.921885	-1	-1	-1
1	1	-6.64277	-0.921885	-1	-1	-1
1	1	-6.49277	-0.921885	-1	-1	-1
1	1	-6.34277	-0.921885	-1	-1	-1
1	1	-6.19277	-0.921885	-1	-1	-1
1	1	-6.04277	-0.921885	-1	-1	-1
1	1	-5.89277	-0.921885	4250	4293.97	-1
1	1	-5.74277	-0.921885	4060	4110.09	-1
1	1	-5.59277	-0.921885	3761	3808.31	-1
1	1	-5.44277	-0.921885	3338	3398.81	-1
1	1	-5.29277	-0.921885	3263	3308.41	-1
1	1	-5.14277	-0.921885	3068	3108.28	-1
1	1	-4.99277	-0.921885	3183	3243.16	-1
1	1	-4.84277	-0.921885	3244	3298.12	-1
1	1	-7.09277	-0.771885	-1	-1	-1
1	1	-6.94277	-0.771885	-1	-1	-1
1	1	-6.79277	-0.771885	-1	-1	-1
1	1	-6.64277	-0.771885	-1	-1	-1
1	1	-6.49277	-0.771885	-1	-1	-1
1	1	-6.34277	-0.771885	-1	-1	-1
1	1	-6.19277	-0.771885	-1	-1	-1
1	1	-6.04277	-0.771885	-1	-1	-1
1	1	-5.89277	-0.771885	-1	-1	-1
1	1	-5.74277	-0.771885	4157	4203.22	-1
1	1	-5.59277	-0.771885	3592	3651.47	-1
1	1	-5.44277	-0.771885	3465	3526.97	-1
1	1	-5.29277	-0.771885	3155	3198.47	-1
1	1	-5.14277	-0.771885	3051	3094.22	-1
1	1	-4.99277	-0.771885	2949	3003.66	-1
1	1	-4.84277	-0.771885	3136	3197.97	-1
1	1	-7.09277	-0.621885	-1	-1	-1
1	1	-6.94277	-0.621885	-1	-1	-1
1	1	-6.79277	-0.621885	-1	-1	-1
1	1	-6.64277	-0.621885	-1	-1	-1
1	1	-6.49277	-0.621885	-1	-1	-1
1	1	-6.34277	-0.621885	-1	-1	-1
1	1	-6.19277	-0.621885	-1	-1	-1
1	1	-6.04277	-0.621885	5288	5355.94	-1
1	1	-5.89277	-0.621885	5311	5361.59	-1
1	1	-5.74277	-0.621885	3099	3153.97	-1
1	1	-5.59277	-0.621885	3692	3739.53	-1
1	1	-5.44277	-0.621885	3781	3845.81	-1
1	1	-5.29277	-0.621885	3858	3906.25	-1
1	1	-5.14277	-0.621885	2848	2902.69	-1
1	1	-4.99277	-0.621885	2749	2792.03	-1
1	1	-4.84277	-0.621885	2660	2700.56	-1
1	1	-7.09277	-0.471885	-1	-1	-1
1	1	-6.94277	-0.471885	-1	-1	-1
1	1	-6.79277	-0.471885	-1	-1	-1
1	1	-6.64277	-0.471885	-1	-1	-1
1	1	-6.49277	-0.471885	-1	-1	-1
1	1	-6.34277	-0.471885	-1	-1	-1
1	1	-6.19277	-0.471885	5182	5230.62	-1
1	1	-6.04277	-0.471885	2664	2731.06	-1
1	1	-5.89277	-0.471885	2551	2608.84	-1
1	1	-5.74277	-0.471885	2788	2846.97	-1
1	1	-5.59277	-0.471885	2997	3048.66	-1
1	1	-5.44277	-0.471885	1663	1706.94	-1
1	1	-5.29277	-0.471885	3398	3495.03	-1
1	1	-5.14277	-0.471885	3374	3443.97	-1
1	1	-4.99277	-0.471885	1632	1678.5	-1
1	1	-4.84277	-0.471885	2183	2223.72	-1
1	1	-7.09277	-0.321885	-1	-1	-1
1	1	-6.94277	-0.321885	-1	-1	-1
1	1	-6.79277	-0.321885	-1	-1	-1
1	1	-6.64277	-0.321885	-1	-1	-1
1	1	-6.49277	-0.321885	5215	5283.22	-1
1	1	-6.34277	-0.321885	-1	-1	-1
1	1	-6.19277	-0.321885	3125	3182.91	-1
1	1	-6.04277	-0.321885	2532	2614.88	-1
1	1	-5.89277	-0.321885	2402	2472.38	-1
1	1	-5.74277	-0.321885	2509	2581.03	-1
1	1	-5.59277	-0.321885	2375	2450.34	-1
1	1	-5.44277	-0.321885	1523	1573.28	-1
1	1	-5.29277	-0.321885	1373	1424.72	-1
1	1	-5.14277	-0.321885	1469	1508.44	-1
1	1	-4.99277	-0.321885	1253	1299.47	-1
1	1	-4.84277	-0.321885	1138	1209.62	-1
1	1	-7.09277	-0.171885	-1	-1	-1
1	1	-6.94277	-0.171885	5061	5124.78	-1
1	1	-6.79277	-0.171885	4712	4761.19	-1
1	1	-6.64277	-0.171885	4923	4973.94	-1
1	1	-6.49277	-0.171885	5001	5066.38	-1
1	1	-6.34277	-0.171885	2604	2649.25	-1
1	1	-6.19277	-0.171885	2743	2817.75	-1
1	1	-6.04277	-0.171885	2474	2533.62	-1
1	1	-5.89277	-0.171885	2255	2314.03	-1
1	1	-5.74277	-0.171885	1891	1956.5	-1
1	1	-5.59277	-0.171885	2266	2322.78	-1
1	1	-5.44277	-0.171885	1556	1609.38	-1
1	1	-5.29277	-0.171885	1233	1277.25	-1
1	1	-5.14277	-0.171885	1325	1398.22	-1
1	1	-4.99277	-0.171885	652	696.844	-1
1	1	-4.84277	-0.171885	732	782.25	-1
1	1	-7.09277	-0.0218849	4593	4658.5	-1
1	1	-6.94277	-0.0218849	4470	4530.94	-1
1	1	-6.79277	-0.0218849	4494	4558.16	-1
1	1	-6.64277	-0.0218849	4811	4866.88	-1
1	1	-6.49277	-0.0218849	2494	2546.22	-1
1	1	-6.34277	-0.0218849	2361	2426.31	-1
1	1	-6.19277	-0.0218849	2872	2928.56	-1
1	1	-6.04277	-0.0218849	2133	2192.22	-1
1	1	-5.89277	-0.0218849	1784	1842.28	-1
1	1	-5.74277	-0.0218849	1605	1666.53	-1
1	1	-5.59277	-0.0218849	1474	1530.06	-1
1	1	-5.44277	-0.0218849	1526	1597.16	-1
1	1	-5.29277	-0.0218849	842	895.844	-1
1	1	-5.14277	-0.0218849	747	797	-1
1	1	-4.99277	-0.0218849	605	663.594	-1
1	1	-4.84277	-0.0218849	645	691.812	-1
1	1	-7.09277	0.128115	4502	4587.88	-1
1	1	-6.94277	0.128115	4231	4286.34	-1
1	1	-6.79277	0.128115	4099	4151.06	-1
1	1	-6.64277	0.128115	3730	3783.34	-1
1	1	-6.49277	0.128115	3622	3673.22	-1
1	1	-6.34277	0.128115	2203	2256.34	-1
1	1	-6.19277	0.128115	2113	2164.62	-1
1	1	-6.04277	0.128115	1865	1914.44	-1
1	1	-5.89277	0.128115	1731	1784.94	-1
1	1	-5.74277	0.128115	1657	1716.91	-1
1	1	-5.59277	0.128115	1374	1430.38	-1
1	1	-5.44277	0.128115	1264	1308.94	-1
1	1	-5.29277	0.128115	941	988.156	-1
1	1	-5.14277	0.128115	658	707.938	-1
1	1	-4.99277	0.128115	503	564.969	-1
1	1	-4.84277	0.128115	418	458.688	-1
1	1	-7.09277	0.278115	4616	4691.22	-1
1	1	-6.94277	0.278115	4342	4397.34	-1
1	1	-6.79277	0.278115	3978	4034.53	-1
1	1	-6.64277	0.278115	3834	3886.06	-1
1	1	-6.49277	0.278115	2336	2390.47	-1
1	1	-6.34277	0.278115	2224	2279.41	-1
1	1	-6.19277	0.278115	1995	2050.09	-1
1	1	-6.04277	0.278115	1964	2029.97	-1
1	1	-5.89277	0.278115	1706	1758.06	-1
1	1	-5.74277	0.278115	1591	1649.84	-1
1	1	-5.59277	0.278115	1383	1437.56	-1
1	1	-5.44277	0.278115	1002	1058.41	-1
1	1	-5.29277	0.278115	779	865.625	-1
1	1	-5.14277	0.278115	757	835.25	-1
1	1	-4.99277	0.278115	522	575.906	-1
1	1	-4.84277	0.278115	332	379.594	-1
1	1	-7.09277	0.428115	-1	-1	-1
1	1	-6.94277	0.428115	4450	4509.75	-1
1	1	-6.79277	0.428115	4086	4139.84	-1
1	1	-6.64277	0.428115	3939	3989.78	-1
1	1	-6.49277	0.428115	3141	3193.44	-1
1	1	-6.34277	0.428115	3018	3070.38	-1
1	1	-6.19277	0.428115	2137	2203.16	-1
1	1	-6.04277	0.428115	2084	2146.56	-1
1	1	-5.89277	0.428115	1834	1896.41	-1
1	1	-5.74277	0.428115	1483	1542.56	-1
1	1	-5.59277	0.428115	1243	1323.06	-1
1	1	-5.44277	0.428115	1103	1149.09	-1
1	1	-5.29277	0.428115	895	938.344	-1
1	1	-5.14277	0.428115	859	906.781	-1
1	1	-4.99277	0.428115	915	956.375	-1
1	1	-4.84277	0.428115	246	289.781	-1
1	1	-7.09277	0.578115	4872	4937.69	-1
1	1	-6.94277	0.578115	4571	4630.34	-1
1	1	-6.79277	0.578115	4594	4650.47	-1
1	1	-6.64277	0.578115	3739	3792	-1
1	1	-6.49277	0.578115	3260	3335.72	-1
1	1	-6.34277	0.578115	3038	3090.34	-1
1	1	-6.19277	0.578115	2902	2981.88	-1
1	1	-6.04277	0.578115	2498	2557	-1
1	1	-5.89277	0.578115	1786	1832.47	-1
1	1	-5.74277	0.578115	1694	1741.38	-1
1	1	-5.59277	0.578115	1367	1486.22	-1
1	1	-5.44277	0.578115	1537	1632.5	-1
1	1	-5.29277	0.578115	1361	1405.19	-1
1	1	-5.14277	0.578115	1238	1308.12	-1
1	1	-4.99277	0.578115	219	270.562	-1
1	1	-4.84277	0.578115	38	80.0938	-1
1	1	-7.09277	0.728115	4820	4900.06	-1
1	1	-6.94277	0.728115	4684	4747.78	-1
1	1	-6.79277	0.728115	4702	4775.91	-1
1	1	-6.64277	0.728115	4772	4836.44	-1
1	1	-6.49277	0.728115	3388	3452.16	-1
1	1	-6.34277	0.728115	3507	3569.28	-1
1	1	-6.19277	0.728115	2652	2711.59	-1
1	1	-6.04277	0.728115	2614	2666.03	-1
1	1	-5.89277	0.728115	1958	2005.97	-1
1	1	-5.74277	0.728115	1873	1926.84	-1
1	1	-5.59277	0.728115	1571	1618.72	-1
1	1	-5.44277	0.728115	1987	2041.31	-1
1	1	-5.29277	0.728115	1664	1733.12	-1
1	1	-5.14277	0.728115	2008	2099.97	-1
1	1	-4.99277	0.728115	2072	2119.19	-1
1	1	-4.84277	0.728115	133	179.188	-1
1	1	-7.09277	0.878115	4964	5050.03	-1
1	1	-6.94277	0.878115	4719	4797.91	-1
1	1	-6.79277	0.878115	4859	4919.78	-1
1	1	-6.64277	0.878115	-1	-1	-1
1	1	-6.49277	0.878115	3642	3696.69	-1
1	1	-6.34277	0.878115	4654	4709.75	-1
1	1	-6.19277	0.878115	4196	4241.44	-1
1	1	-6.04277	0.878115	3638	3685.06	-1
1	1	-5.89277	0.878115	2798	2859.47	-1
1	1	-5.74277	0.878115	2152	2209.03	-1
1	1	-5.59277	0.878115	2237	2296.03	-1
1	1	-5.44277	0.878115	2371	2410.69	-1
1	1	-5.29277	0.878115	2880	2926.28	-1
1	1	-5.14277	0.878115	2132	2185.06	-1
1	1	-4.99277	0.878115	2234	2331.34	-1
1	1	-4.84277	0.878115	266	321.156	-1
1	1	-7.09277	1.02812	5286	5344.91	-1
1	1	-6.94277	1.02812	5118	5184.5	-1
1	1	-6.79277	1.02812	4985	5045.56	-1
1	1	-6.64277	1.02812	5271	5329	-1
1	1	-6.49277	1.02812	-1	-1	-1
1	1	-6.34277	1.02812	5016	5077.66	-1
1	1	-6.19277	1.02812	4852	4908.16	-1
1	1	-6.04277	1.02812	4899	4960.09	-1
1	1	-5.89277	1.02812	2697	2746.78	-1
1	1	-5.74277	1.02812	2531	2593.34	-1
1	1	-5.59277	1.02812	2424	2496.69	-1
1	1	-5.44277	1.02812	5322	5379.94	-1
1	1	-5.29277	1.02812	3218	3264.28	-1
1	1	-5.14277	1.02812	3302	3348.5	-1
1	1	-4.99277	1.02812	2281	2350.34	-1
1	1	-4.84277	1.02812	2413	2485.31	-1
1	1	-7.09277	1.17812	5393	-1	-1
1	1	-6.94277	1.17812	5254	5318.75	-1
1	1	-6.79277	1.17812	-1	-1	-1
1	1	-6.64277	1.17812	-1	-1	-1
1	1	-6.49277	1.17812	3106	3176.03	-1
1	1	-6.34277	1.17812	5128	5202.56	-1
1	1	-6.19277	1.17812	5038	5111.59	-1
1	1	-6.04277	1.17812	5107	5167.41	-1
1	1	-5.89277	1.17812	4975	5034.31	-1
1	1	-5.74277	1.17812	2601	2649.25	-1
1	1	-5.59277	1.17812	5096	5164.34	-1
1	1	-5.44277	1.17812	5222	5271.03	-1
1	1	-5.29277	1.17812	1432	1494.25	-1
1	1	-5.14277	1.17812	1342	1382.28	-1
1	1	-4.99277	1.17812	1541	1583.31	-1
1	1	-4.84277	1.17812	2526	2566.97	-1
2	4	5.27916	-0.413538	1810	1863.81	-1
2	4	5.42916	-0.413538	2072	2125.5	-1
2	4	5.57916	-0.413538	1975	2025.12	-1
2	4	5.72916	-0.413538	4113	4170.75	-1
2	4	5.87916	-0.413538	1802	1855.5	-1
2	4	6.02916	-0.413538	1513	1561	-1
2	4	6.17916	-0.413538	1608	1655.34	-1
2	4	6.32916	-0.413538	2274	2329.72	-1
2	4	5.27916	-0.263538	1903	1965.38	-1
2	4	5.42916	-0.263538	2016	2071.94	-1
2	4	5.57916	-0.263538	4224	4269.25	-1
2	4	5.72916	-0.263538	3125	3169.91	-1
2	4	5.87916	-0.263538	1904	1953.12	-1
2	4	6.02916	-0.263538	1701	1754.22	-1
2	4	6.17916	-0.263538	2004	2088.34	-1
2	4	6.32916	-0.263538	2830	2878.66	-1
2	4	5.27916	-0.113538	3742	3799.56	-1
2	4	5.42916	-0.113538	3409	3456.12	-1
2	4	5.57916	-0.113538	2553	2601.38	-1
2	4	5.72916	-0.113538	2359	2405.75	-1
2	4	5.87916	-0.113538	2053	2104.38	-1
2	4	6.02916	-0.113538	1931	1988.12	-1
2	4	6.17916	-0.113538	2143	2212.44	-1
2	4	6.32916	-0.113538	2927	2975.66	-1
2	4	5.27916	0.036462	-1	-1	-1
2	4	5.42916	0.036462	3305	3361.16	-1
2	4	5.57916	0.036462	2450	2495.91	-1
2	4	5.72916	0.036462	2263	2309.19	-1
2	4	5.87916	0.036462	2155	2205.41	-1
2	4	6.02916	0.036462	2543	2594.59	-1
2	4	6.17916	0.036462	2641	2687.47	-1
2	4	6.32916	0.036462	3992	4046.19	-1
2	4	5.27916	0.186462	3703	3752.56	-1
2	4	5.42916	0.186462	3508	3552.16	-1
2	4	5.57916	0.186462	3216	3264.31	-1
2	4	5.72916	0.186462	3027	3078.12	-1
2	4	5.87916	0.186462	2735	2781.75	-1
2	4	6.02916	0.186462	3342	3391.34	-1
2	4	6.17916	0.186462	4017	4067.22	-1
2	4	6.32916	0.186462	5349	-1	-1
2	4	5.27916	0.336462	-1	-1	-1
2	4	5.42916	0.336462	3615	3661.22	-1
2	4	5.57916	0.336462	-1	-1	-1
2	4	5.72916	0.336462	3504	3551.72	-1
2	4	5.87916	0.336462	3605	3660.62	-1
2	4	6.02916	0.336462	3726	3778.28	-1
2	4	6.17916	0.336462	4110	4157.78	-1
2	4	6.32916	0.336462	-1	-1	-1
2	4	5.27916	0.486462	-1	-1	-1
2	4	5.42916	0.486462	-1	-1	-1
2	4	5.57916	0.486462	4487	4532.91	-1
2	4	5.72916	0.486462	4212	4258.69	-1
2	4	5.87916	0.486462	3828	3876.84	-1
2	4	6.02916	0.486462	3923	3972.59	-1
2	4	6.17916	0.486462	-1	-1	-1
2	4	6.32916	0.486462	-1	-1	-1
2	4	5.27916	0.636462	-1	-1	-1
2	4	5.42916	0.636462	-1	-1	-1
2	4	5.57916	0.636462	-1	-1	-1
2	4	5.72916	0.636462	4305	4350.94	-1
2	4	5.87916	0.636462	4397	4442.75	-1
2	4	6.02916	0.636462	-1	-1	-1
2	4	6.17916	0.636462	-1	-1	-1
2	4	6.32916	0.636462	-1	-1	-1
3	4	7.88647	-1.89629	-1	-1	-1
3	4	8.03647	-1.89629	-1	-1	-1
3	4	8.18647	-1.89629	-1	-1	-1
3	4	8.33647	-1.89629	-1	-1	-1
3	4	8.48647	-1.89629	-1	-1	-1
3	4	8.63647	-1.89629	-1	-1	-1
3	4	8.78647	-1.89629	-1	-1	-1
3	4	8.93647	-1.89629	-1	-1	-1
3	4	7.88647	-1.74629	3818	3876	-1
3	4	8.03647	-1.74629	-1	-1	-1
3	4	8.18647	-1.74629	-1	-1	-1
3	4	8.33647	-1.74629	-1	-1	-1
3	4	8.48647	-1.74629	-1	-1	-1
3	4	8.63647	-1.74629	-1	-1	-1
3	4	8.78647	-1.74629	-1	-1	-1
3	4	8.93647	-1.74629	-1	-1	-1
3	4	7.88647	-1.59629	3940	3998.97	-1
3	4	8.03647	-1.59629	4064	4133.38	-1
3	4	8.18647	-1.59629	-1	-1	-1
3	4	8.33647	-1.59629	-1	-1	-1
3	4	8.48647	-1.59629	-1	-1	-1
3	4	8.63647	-1.59629	-1	-1	-1
3	4	8.78647	-1.59629	-1	-1	-1
3	4	8.93647	-1.59629	-1	-1	-1
3	4	7.88647	-1.44629	-1	-1	-1
3	4	8.03647	-1.44629	-1	-1	-1
3	4	8.18647	-1.44629	-1	-1	-1
3	4	8.33647	-1.44629	-1	-1	-1
3	4	8.48647	-1.44629	-1	-1	-1
3	4	8.63647	-1.44629	-1	-1	-1
3	4	8.78647	-1.44629	-1	-1	-1
3	4	8.93647	-1.44629	-1	-1	-1
3	4	7.88647	-1.29629	3837	3897.59	-1
3	4	8.03647	-1.29629	-1	-1	-1
3	4	8.18647	-1.29629	-1	-1	-1
3	4	8.33647	-1.29629	-1	-1	-1
3	4	8.48647	-1.29629	-1	-1	-1
3	4	8.63647	-1.29629	-1	-1	-1
3	4	8.78647	-1.29629	-1	-1	-1
3	4	8.93647	-1.29629	-1	-1	-1
3	4	7.88647	-1.14629	-1	-1	-1
3	4	8.03647	-1.14629	-1	-1	-1
3	4	8.18647	-1.14629	-1	-1	-1
3	4	8.33647	-1.14629	-1	-1	-1
3	4	8.48647	-1.14629	-1	-1	-1
3	4	8.63647	-1.14629	-1	-1	-1
3	4	8.78647	-1.14629	-1	-1	-1
3	4	8.93647	-1.14629	-1	-1	-1
3	4	7.88647	-0.996291	-1	-1	-1
3	4	8.03647	-0.996291	-1	-1	-1
3	4	8.18647	-0.996291	-1	-1	-1
3	4	8.33647	-0.996291	-1	-1	-1
3	4	8.48647	-0.996291	-1	-1	-1
3	4	8.63647	-0.996291	-1	-1	-1
3	4	8.78647	-0.996291	-1	-1	-1
3	4	8.93647	-0.996291	2607	2673.25	-1
3	4	7.88647	-0.846291	-1	-1	-1
3	4	8.03647	-0.846291	-1	-1	-1
3	4	8.18647	-0.846291	-1	-1	-1
3	4	8.33647	-0.846291	-1	-1	-1
3	4	8.48647	-0.846291	4117	4181.44	-1
3	4	8.63647	-0.846291	-1	-1	-1
3	4	8.78647	-0.846291	-1	-1	-1
3	4	8.93647	-0.846291	2469	2535.28	-1
4	4	0.53253	-5.54435	-1	-1	-1
4	4	0.68253	-5.54435	-1	-1	-1
4	4	0.83253	-5.54435	-1	-1	-1
4	4	0.98253	-5.54435	-1	-1	-1
4	4	1.13253	-5.54435	-1	-1	-1
4	4	1.28253	-5.54435	-1	-1	-1
4	4	1.43253	-5.54435	-1	-1	-1
4	4	1.58253	-5.54435	-1	-1	-1
4	4	0.53253	-5.39435	-1	-1	-1
4	4	0.68253	-5.39435	3733	3799.78	-1
4	4	0.83253	-5.39435	-1	-1	-1
4	4	0.98253	-5.39435	-1	-1	-1
4	4	1.13253	-5.39435	-1	-1	-1
4	4	1.28253	-5.39435	-1	-1	-1
4	4	1.43253	-5.39435	-1	-1	-1
4	4	1.58253	-5.39435	-1	-1	-1
4	4	0.53253	-5.24435	3559	3600.75	-1
4	4	0.68253	-5.24435	3640	3683.31	-1
4	4	0.83253	-5.24435	3764	3819.28	-1
4	4	0.98253	-5.24435	3848	3891.84	-1
4	4	1.13253	-5.24435	-1	-1	-1
4	4	1.28253	-5.24435	-1	-1	-1
4	4	1.43253	-5.24435	-1	-1	-1
4	4	1.58253	-5.24435	-1	-1	-1
4	4	0.53253	-5.09435	3396	3436.28	-1
4	4	0.68253	-5.09435	3475	3516.16	-1
4	4	0.83253	-5.09435	3682	3723.88	-1
4	4	0.98253	-5.09435	3939	3979.66	-1
4	4	1.13253	-5.09435	-1	-1	-1
4	4	1.28253	-5.09435	-1	-1	-1
4	4	1.43253	-5.09435	-1	-1	-1
4	4	1.58253	-5.09435	-1	-1	-1
4	4	0.53253	-4.94435	3310	3350.56	-1
4	4	0.68253	-4.94435	3149	3189.66	-1
4	4	0.83253	-4.94435	2987	3032.56	-1
4	4	0.98253	-4.94435	3070	3110.28	-1
4	4	1.13253	-4.94435	-1	-1	-1
4	4	1.28253	-4.94435	-1	-1	-1
4	4	1.43253	-4.94435	-1	-1	-1
4	4	1.58253	-4.94435	-1	-1	-1
4	4	0.53253	-4.79435	3229	3268.81	-1
4	4	0.68253	-4.79435	2723	2763.75	-1
4	4	0.83253	-4.79435	2803	2843.59	-1
4	4	0.98253	-4.79435	2889	2941.75	-1
4	4	1.13253	-4.79435	-1	-1	-1
4	4	1.28253	-4.79435	-1	-1	-1
4	4	1.43253	-4.79435	-1	-1	-1
4	4	1.58253	-4.79435	-1	-1	-1
4	4	0.53253	-4.64435	268	306.281	-1
4	4	0.68253	-4.64435	355	415.156	-1
4	4	0.83253	-4.64435	344	385.469	-1
4	4	0.98253	-4.64435	455	529.062	-1
4	4	1.13253	-4.64435	5378	-1	-1
4	4	1.28253	-4.64435	-1	-1	-1
4	4	1.43253	-4.64435	-1	-1	-1
4	4	1.58253	-4.64435	-1	-1	-1
4	4	0.53253	-4.49435	37	82.5938	-1
4	4	0.68253	-4.49435	116	179.812	-1
4	4	0.83253	-4.49435	263	301.281	-1
4	4	0.98253	-4.49435	562	609.562	-1
4	4	1.13253	-4.49435	4028	4064.56	-1
4	4	1.28253	-4.49435	5209	5338.16	-1
4	4	1.43253	-4.49435	-1	-1	-1
4	4	1.58253	-4.49435	-1	-1	-1
5	4	6.50037	6.23547	-1	-1	-1
5	4	6.65037	6.23547	-1	-1	-1
5	4	6.80037	6.23547	-1	-1	-1
5	4	6.95037	6.23547	-1	-1	-1
5	4	7.10037	6.23547	-1	-1	-1
5	4	7.25037	6.23547	-1	-1	-1
5	4	7.40037	6.23547	-1	-1	-1
5	4	7.55037	6.23547	4158	4226.78	-1
5	4	6.50037	6.38547	-1	-1	-1
5	4	6.65037	6.38547	-1	-1	-1
5	4	6.80037	6.38547	-1	-1	-1
5	4	6.95037	6.38547	-1	-1	-1
5	4	7.10037	6.38547	-1	-1	-1
5	4	7.25037	6.38547	-1	-1	-1
5	4	7.40037	6.38547	-1	-1	-1
5	4	7.55037	6.38547	-1	-1	-1
5	4	6.50037	6.53547	-1	-1	-1
5	4	6.65037	6.53547	-1	-1	-1
5	4	6.80037	6.53547	-1	-1	-1
5	4	6.95037	6.53547	-1	-1	-1
5	4	7.10037	6.53547	-1	-1	-1
5	4	7.25037	6.53547	-1	-1	-1
5	4	7.40037	6.53547	-1	-1	-1
5	4	7.55037	6.53547	-1	-1	-1
5	4	6.50037	6.68547	-1	-1	-1
5	4	6.65037	6.68547	-1	-1	-1
5	4	6.80037	6.68547	-1	-1	-1
5	4	6.95037	6.68547	-1	-1	-1
5	4	7.10037	6.68547	-1	-1	-1
5	4	7.25037	6.68547	-1	-1	-1
5	4	7.40037	6.68547	-1	-1	-1
5	4	7.55037	6.68547	-1	-1	-1
5	4	6.50037	6.83547	-1	-1	-1
5	4	6.65037	6.83547	-1	-1	-1
5	4	6.80037	6.83547	-1	-1	-1
5	4	6.95037	6.83547	-1	-1	-1
5	4	7.10037	6.83547	-1	-1	-1
5	4	7.25037	6.83547	-1	-1	-1
5	4	7.40037	6.83547	-1	-1	-1
5	4	7.55037	6.83547	-1	-1	-1
5	4	6.50037	6.98547	-1	-1	-1
5	4	6.65037	6.98547	-1	-1	-1
5	4	6.80037	6.98547	-1	-1	-1
5	4	6.95037	6.98547	-1	-1	-1
5	4	7.10037	6.98547	-1	-1	-1
5	4	7.25037	6.98547	-1	-1	-1
5	4	7.40037	6.98547	-1	-1	-1
5	4	7.55037	6.98547	-1	-1	-1
5	4	6.50037	7.13547	-1	-1	-1
5	4	6.65037	7.13547	-1	-1	-1
5	4	6.80037	7.13547	-1	-1	-1
5	4	6.95037	7.13547	-1	-1	-1
5	4	7.10037	7.13547	-1	-1	-1
5	4	7.25037	7.13547	-1	-1	-1
5	4	7.40037	7.13547	-1	-1	-1
5	4	7.55037	7.13547	-1	-1	-1
5	4	6.50037	7.28547	-1	-1	-1
5	4	6.65037	7.28547	-1	-1	-1
5	4	6.80037	7.28547	-1	-1	-1
5	4	6.95037	7.28547	-1	-1	-1
5	4	7.10037	7.28547	-1	-1	-1
5	4	7.25037	7.28547	-1	-1	-1
5	4	7.40037	7.28547	-1	-1	-1
5	4	7.55037	7.28547	-1	-1	-1
6	16	2.46491	8.39048	-1	-1	-1
6	16	2.61491	8.39048	-1	-1	-1
6	16	2.76491	8.39048	-1	-1	-1
6	16	2.91491	8.39048	-1	-1	-1
6	16	2.46491	8.54048	-1	-1	-1
6	16	2.61491	8.54048	-1	-1	-1
6	16	2.76491	8.54048	-1	-1	-1
6	16	2.91491	8.54048	-1	-1	-1
6	16	2.46491	8.69048	857	930.719	-1
6	16	2.61491	8.69048	1273	1338.5	-1
6	16	2.76491	8.69048	-1	-1	-1
6	16	2.91491	8.69048	-1	-1	-1
6	16	2.46491	8.84048	995	1067.31	-1
6	16	2.61491	8.84048	1134	1203.97	-1
6	16	2.76491	8.84048	-1	-1	-1
6	16	2.91491	8.84048	-1	-1	-1
7	16	-0.139729	3.92199	3726	3759.12	-1
7	16	0.0102705	3.92199	41	73.75	-1
7	16	0.160271	3.92199	4718	4844.62	-1
7	16	0.310271	3.92199	-1	-1	-1
7	16	-0.139729	4.07199	4879	4912.59	-1
7	16	0.0102705	4.07199	-1	-1	-1
7	16	0.160271	4.07199	-1	-1	-1
7	16	0.310271	4.07199	-1	-1	-1
7	16	-0.139729	4.22199	4949	4982.56	-1
7	16	0.0102705	4.22199	-1	-1	-1
7	16	0.160271	4.22199	-1	-1	-1
7	16	0.310271	4.22199	-1	-1	-1
7	16	-0.139729	4.37199	-1	-1	-1
7	16	0.0102705	4.37199	-1	-1	-1
7	16	0.160271	4.37199	-1	-1	-1
7	16	0.310271	4.37199	-1	-1	-1
8	16	-9.26999	-5.03273	-1	-1	-1
8	16	-9.11999	-5.03273	-1	-1	-1
8	16	-8.96999	-5.03273	-1	-1	-1
8	16	-8.81999	-5.03273	-1	-1	-1
8	16	-9.26999	-4.88273	-1	-1	-1
8	16	-9.11999	-4.88273	-1	-1	-1
8	16	-8.96999	-4.88273	-1	-1	-1
8	16	-8.81999	-4.88273	-1	-1	-1
8	16	-9.26999	-4.73273	-1	-1	-1
8	16	-9.11999	-4.73273	-1	-1	-1
8	16	-8.96999	-4.73273	-1	-1	-1
8	16	-8.81999	-4.73273	-1	-1	-1
8	16	-9.26999	-4.58273	-1	-1	-1
8	16	-9.11999	-4.58273	-1	-1	-1
8	16	-8.96999	-4.58273	-1	-1	-1
8	16	-8.81999	-4.58273	-1	-1	-1
9	16	-2.67151	4.09887	955	1028	-1
9	16	-2.52151	4.09887	390	427.344	-1
9	16	-2.37151	4.09887	864	914.656	-1
9	16	-2.22151	4.09887	2991	3027.66	-1
9	16	-2.67151	4.24887	-1	-1	-1
9	16	-2.52151	4.24887	-1	-1	-1
9	16	-2.37151	4.24887	-1	-1	-1
9	16	-2.22151	4.24887	-1	-1	-1
9	16	-2.67151	4.39887	-1	-1	-1
9	16	-2.52151	4.39887	-1	-1	-1
9	16	-2.37151	4.39887	-1	-1	-1
9	16	-2.22151	4.39887	-1	-1	-1
9	16	-2.67151	4.54887	-1	-1	-1
9	16	-2.52151	4.54887	-1	-1	-1
9	16	-2.37151	4.54887	-1	-1	-1
9	16	-2.22151	4.54887	-1	-1	-1
10	16	-0.890575	-5.03384	-1	-1	-1
10	16	-0.740575	-5.03384	-1	-1	-1
10	16	-0.590575	-5.03384	-1	-1	-1
10	16	-0.440575	-5.03384	-1	-1	-1
10	16	-0.890575	-4.88384	444	505.562	-1
10	16	-0.740575	-4.88384	-1	-1	-1
10	16	-0.590575	-4.88384	-1	-1	-1
10	16	-0.440575	-4.88384	540	588.469	-1
10	16	-0.890575	-4.73384	-1	-1	-1
10	16	-0.740575	-4.73384	-1	-1	-1
10	16	-0.590575	-4.73384	-1	-1	-1
10	16	-0.440575	-4.73384	448	492.75	-1
10	16	-0.890575	-4.58384	359	404.094	-1
10	16	-0.740575	-4.58384	-1	-1	-1
10	16	-0.590575	-4.58384	-1	-1	-1
10	16	-0.440575	-4.58384	352	395.781	-1
11	16	-1.22233	6.06743	4363	4473.12	-1
11	16	-1.07233	6.06743	-1	-1	-1
11	16	-0.922334	6.06743	-1	-1	-1
11	16	-0.772334	6.06743	5320	5366.47	-1
11	16	-1.22233	6.21743	-1	-1	-1
11	16	-1.07233	6.21743	5205	5253.47	-1
11	16	-0.922334	6.21743	5299	5391.41	-1
11	16	-0.772334	6.21743	4771	4821.25	-1
11	16	-1.22233	6.36743	4971	5022.44	-1
11	16	-1.07233	6.36743	4857	4921.06	-1
11	16	-0.922334	6.36743	4649	4699.22	-1
11	16	-0.772334	6.36743	4420	4473.5	-1
11	16	-1.22233	6.51743	-1	-1	-1
11	16	-1.07233	6.51743	5108	5155.88	-1
11	16	-0.922334	6.51743	4743	4807.09	-1
11	16	-0.772334	6.51743	4522	4596.53	-1
12	16	1.94473	-8.08177	-1	-1	-1
12	16	2.09473	-8.08177	-1	-1	-1
12	16	2.24473	-8.08177	-1	-1	-1
12	16	2.39473	-8.08177	-1	-1	-1
12	16	1.94473	-7.93177	-1	-1	-1
12	16	2.09473	-7.93177	-1	-1	-1
12	16	2.24473	-7.93177	-1	-1	-1
12	16	2.39473	-7.93177	-1	-1	-1
12	16	1.94473	-7.78177	-1	-1	-1
12	16	2.09473	-7.78177	-1	-1	-1
12	16	2.24473	-7.78177	-1	-1	-1
12	16	2.39473	-7.78177	-1	-1	-1
12	16	1.94473	-7.63177	-1	-1	-1
12	16	2.09473	-7.63177	-1	-1	-1
12	16	2.24473	-7.63177	-1	-1	-1
12	16	2.39473	-7.63177	-1	-1	-1
13	16	-6.66568	3.35561	956	1016.59	-1
13	16	-6.51568	3.35561	833	893.031	-1
13	16	-6.36568	3.35561	877	946.281	-1
13	16	-6.21568	3.35561	716	772.531	-1
13	16	-6.66568	3.50561	978	1047.69	-1
13	16	-6.51568	3.50561	708	778.688	-1
13	16	-6.36568	3.50561	591	652.75	-1
13	16	-6.21568	3.50561	414	534.219	-1
13	16	-6.66568	3.65561	1112	1178.19	-1
13	16	-6.51568	3.65561	1138	1218.5	-1
13	16	-6.36568	3.65561	1003	1082.16	-1
13	16	-6.21568	3.65561	747	816.312	-1
13	16	-6.66568	3.80561	-1	-1	-1
13	16	-6.51568	3.80561	-1	-1	-1
13	16	-6.36568	3.80561	-1	-1	-1
13	16	-6.21568	3.80561	2817	2874.41	-1
14	16	-3.01415	-3.842	-1	-1	-1
14	16	-2.86415	-3.842	-1	-1	-1
14	16	-2.71415	-3.842	-1	-1	-1
14	16	-2.56415	-3.842	-1	-1	-1
14	16	-3.01415	-3.692	-1	-1	-1
14	16	-2.86415	-3.692	-1	-1	-1
14	16	-2.71415	-3.692	-1	-1	-1
14	16	-2.56415	-3.692	-1	-1	-1
14	16	-3.01415	-3.542	-1	-1	-1
14	16	-2.86415	-3.542	-1	-1	-1
14	16	-2.71415	-3.542	-1	-1	-1
14	16	-2.56415	-3.542	-1	-1	-1
14	16	-3.01415	-3.392	-1	-1	-1
14	16	-2.86415	-3.392	-1	-1	-1
14	16	-2.71415	-3.392	-1	-1	-1
14	16	-2.56415	-3.392	-1	-1	-1
15	16	6.2722	2.62658	-1	-1	-1
15	16	6.4222	2.62658	-1	-1	-1
15	16	6.5722	2.62658	-1	-1	-1
15	16	6.7222	2.62658	-1	-1	-1
15	16	6.2722	2.77658	-1	-1	-1
15	16	6.4222	2.77658	-1	-1	-1
15	16	6.5722	2.77658	-1	-1	-1
15	16	6.7222	2.77658	-1	-1	-1
15	16	6.2722	2.92658	-1	-1	-1
15	16	6.4222	2.92658	-1	-1	-1
15	16	6.5722	2.92658	-1	-1	-1
15	16	6.7222	2.92658	-1	-1	-1
15	16	6.2722	3.07658	-1	-1	-1
15	16	6.4222	3.07658	-1	-1	-1
15	16	6.5722	3.07658	-1	-1	-1
15	16	6.7222	3.07658	-1	-1	-1
16	16	-3.69251	9.14049	-1	-1	-1
16	16	-3.54251	9.14049	-1	-1	-1
16	16	-3.39251	9.14049	-1	-1	-1
16	16	-3.24251	9.14049	-1	-1	-1
16	16	-3.69251	9.29049	-1	-1	-1
16	16	-3.54251	9.29049	-1	-1	-1
16	16	-3.39251	9.29049	-1	-1	-1
16	16	-3.24251	9.29049	-1	-1	-1
16	16	-3.69251	9.44049	-1	-1	-1
16	16	-3.54251	9.44049	-1	-1	-1
16	16	-3.39251	9.44049	-1	-1	-1
16	16	-3.24251	9.44049	-1	-1	-1
16	16	-3.69251	9.59049	-1	-1	-1
16	16	-3.54251	9.59049	-1	-1	-1
16	16	-3.39251	9.59049	-1	-1	-1
16	16	-3.24251	9.59049	-1	-1	-1
17	16	2.12632	3.29952	-1	-1	-1
17	16	2.27632	3.29952	-1	-1	-1
17	16	2.42632	3.29952	-1	-1	-1
17	16	2.57632	3.29952	-1	-1	-1
17	16	2.12632	3.44952	-1	-1	-1
17	16	2.27632	3.44952	-1	-1	-1
17	16	2.42632	3.44952	-1	-1	-1
17	16	2.57632	3.44952	-1	-1	-1
17	16	2.12632	3.59952	-1	-1	-1
17	16	2.27632	3.59952	-1	-1	-1
17	16	2.42632	3.59952	-1	-1	-1
17	16	2.57632	3.59952	-1	-1	-1
17	16	2.12632	3.74952	-1	-1	-1
17	16	2.27632	3.74952	-1	-1	-1
17	16	2.42632	3.74952	-1	-1	-1
17	16	2.57632	3.74952	-1	-1	-1
18	16	6.16199	-5.65359	4480	4543.91	-1
18	16	6.31199	-5.65359	4607	4668.72	-1
18	16	6.46199	-5.65359	-1	-1	-1
18	16	6.61199	-5.65359	-1	-1	-1
18	16	6.16199	-5.50359	4362	4420.97	-1
18	16	6.31199	-5.50359	-1	-1	-1
18	16	6.46199	-5.50359	-1	-1	-1
18	16	6.61199	-5.50359	-1	-1	-1
18	16	6.16199	-5.35359	-1	-1	-1
18	16	6.31199	-5.35359	-1	-1	-1
18	16	6.46199	-5.35359	-1	-1	-1
18	16	6.61199	-5.35359	-1	-1	-1
18	16	6.16199	-5.20359	-1	-1	-1
18	16	6.31199	-5.20359	-1	-1	-1
18	16	6.46199	-5.20359	-1	-1	-1
18	16	6.61199	-5.20359	-1	-1	-1
19	16	6.12737	-2.66657	1849	1903.41	-1
19	16	6.27737	-2.66657	-1	-1	-1
19	16	6.42737	-2.66657	-1	-1	-1
19	16	6.57737	-2.66657	-1	-1	-1
19	16	6.12737	-2.51657	-1	-1	-1
19	16	6.27737	-2.51657	-1	-1	-1
19	16	6.42737	-2.51657	-1	-1	-1
19	16	6.57737	-2.51657	-1	-1	-1
19	16	6.12737	-2.36657	-1	-1	-1
19	16	6.27737	-2.36657	-1	-1	-1
19	16	6.42737	-2.36657	-1	-1	-1
19	16	6.57737	-2.36657	-1	-1	-1
19	16	6.12737	-2.21657	-1	-1	-1
19	16	6.27737	-2.21657	-1	-1	-1
19	16	6.42737	-2.21657	-1	-1	-1
19	16	6.57737	-2.21657	-1	-1	-1
20	16	-2.56358	2.58767	563	594.688	-1
20	16	-2.41358	2.58767	4397	4562.06	-1
20	16	-2.26358	2.58767	1051	1082.41	-1
20	16	-2.11358	2.58767	3807	3839.69	-1
20	16	-2.56358	2.73767	1650	1681.28	-1
20	16	-2.41358	2.73767	3522	3558.56	-1
20	16	-2.26358	2.73767	3994	4024.69	-1
20	16	-2.11358	2.73767	3871	3900.47	-1
20	16	-2.56358	2.88767	3684	3719.03	-1
20	16	-2.41358	2.88767	3606	3641.88	-1
20	16	-2.26358	2.88767	4057	4091.12	-1
20	16	-2.11358	2.88767	3935	3966.12	-1
20	16	-2.56358	3.03767	3752	3788	-1
20	16	-2.41358	3.03767	3824	3859.78	-1
20	16	-2.26358	3.03767	4123	4183.56	-1
20	16	-2.11358	3.03767	4213	4250.09	-1
21	16	5.75329	7.71952	-1	-1	-1
21	16	5.90329	7.71952	-1	-1	-1
21	16	6.05329	7.71952	-1	-1	-1
21	16	6.20329	7.71952	-1	-1	-1
21	16	5.75329	7.86952	-1	-1	-1
21	16	5.90329	7.86952	-1	-1	-1
21	16	6.05329	7.86952	-1	-1	-1
21	16	6.20329	7.86952	-1	-1	-1
21	16	5.75329	8.01952	-1	-1	-1
21	16	5.90329	8.01952	-1	-1	-1
21	16	6.05329	8.01952	-1	-1	-1
21	16	6.20329	8.01952	-1	-1	-1
21	16	5.75329	8.16952	-1	-1	-1
21	16	5.90329	8.16952	-1	-1	-1
21	16	6.05329	8.16952	-1	-1	-1
21	16	6.20329	8.16952	-1	-1	-1
0	256	-8.99386	3.1556	-1	-1	-1
0	256	-5.00033	-3.49837	-1	-1	-1
0	256	8.28663	3.66164	4313	4378.53	-1
0	256	-7.11623	4.32673	-1	-1	-1
0	256	3.80478	-1.85075	1832	1960.09	-1
0	256	8.14589	-5.42947	3410	3479.16	-1
0	256	3.0469	-2.69524	-1	-1	-1
0	256	0.845444	4.77882	-1	-1	-1
0	256	6.16006	5.69834	-1	-1	-1
0	256	-4.58422	-8.13652	-1	-1	-1
0	256	3.18844	7.94241	-1	-1	-1
0	256	4.67255	-1.62108	1883	1925.97	-1
0	256	-5.72916	-4.16775	-1	-1	-1
0	256	4.38052	7.25643	-1	-1	-1
0	256	0.38716	-9.34734	-1	-1	-1
0	256	5.71293	2.55603	-1	-1	-1
0	256	4.55507	1.65488	48	172.094	-1
0	256	6.2007	7.08672	-1	-1	-1
0	256	-4.52097	7.91487	-1	-1	-1
0	256	9.47657	0.452074	-1	-1	-1
0	256	-4.1231	7.72238	-1	-1	-1
0	256	6.42885	5.27472	-1	-1	-1
0	256	7.44232	-2.71784	4602	4663.28	-1
0	256	-5.11962	1.85591	1242	1286.38	-1
0	256	-0.303335	7.32783	-1	-1	-1
0	256	5.90817	-5.74665	4238	4297.66	-1
0	256	-6.80276	5.17417	-1	-1	-1
0	256	-3.01624	1.38598	1728	1757.16	-1
0	256	-8.31458	3.99074	-1	-1	-1
0	256	5.07437	-2.90844	4736	4783.41	-1
0	256	-6.66959	4.02545	-1	-1	-1
0	256	7.82056	1.16418	-1	-1	-1
0	256	-7.22569	-5.31012	-1	-1	-1
0	256	5.19353	-2.07068	1754	1798.47	-1
0	256	-1.49208	9.11665	3184	3257.19	-1
0	256	3.7327	-4.74616	171	216.688	-1
0	256	-2.36558	9.60404	-1	-1	-1
0	256	3.38578	-4.5677	-1	-1	-1
0	256	-4.53918	1.73107	3970	4013.31	-1
0	256	-5.40546	-4.31142	580	634.531	-1
0	256	-4.45428	-1.10846	367	401.25	-1
0	256	-4.80756	4.20471	-1	-1	-1
0	256	8.00899	0.812706	-1	-1	-1
0	256	-1.88734	-3.49216	123	159.125	-1
0	256	0.222382	-9.35801	-1	-1	-1
0	256	-2.3882	-5.62619	-1	-1	-1
0	256	1.29354	-0.580365	23	43.2188	-1
0	256	4.5521	3.79216	-1	-1	-1
0	256	3.08761	-4.06362	4413	4559.69	-1
0	256	-5.74008	-2.07284	3029	3148.34	-1
0	256	-4.21583	2.77219	645	701.812	-1
0	256	0.0123154	-9.00537	-1	-1	-1
0	256	1.17411	-7.8527	-1	-1	-1
0	256	-0.366294	-5.63359	-1	-1	-1
0	256	-8.52726	2.35363	-1	-1	-1
0	256	9.27403	-0.846509	-1	-1	-1
0	256	5.6212	-5.37062	4119	4179.16	-1
0	256	-4.17486	-3.37619	1864	2019.5	-1
0	256	-1.7117	8.31592	-1	-1	-1
0	256	4.81712	3.29636	-1	-1	-1
0	256	1.03987	-8.57225	-1	-1	-1
0	256	9.18345	-2.72959	-1	-1	-1
0	256	6.64636	-5.99108	-1	-1	-1
0	256	1.95175	-4.27659	-1	-1	-1
0	256	3.77349	-3.89972	80	120.719	-1
0	256	3.27352	9.42925	-1	-1	-1
0	256	8.87185	4.11937	-1	-1	-1
0	256	-4.4635	2.4068	1145	1196.75	-1
0	256	1.59958	5.43362	392	438.188	-1
0	256	4.45556	4.60117	-1	-1	-1
0	256	-1.69545	-4.8339	-1	-1	-1
0	256	-6.02136	-5.54456	-1	-1	-1
0	256	-4.4986	-8.64199	-1	-1	-1
0	256	-1.57072	8.8372	-1	-1	-1
0	256	4.99522	6.04457	973	1033.78	-1
0	256	1.8253	-3.7492	30	63.9062	-1
0	256	0.902515	4.9051	-1	-1	-1
0	256	1.7194	3.15731	-1	-1	-1
0	256	-6.12244	-3.23548	-1	-1	-1
0	256	6.26921	-3.90595	-1	-1	-1
0	256	-7.66665	-1.23648	3226	3328.03	-1
0	256	-7.40115	6.67146	-1	-1	-1
0	256	2.11046	2.53387	1111	1139.5	-1
0	256	1.71333	-7.54724	-1	-1	-1
0	256	-0.562271	-9.0408	-1	-1	-1
0	256	2.71813	-8.98119	-1	-1	-1
0	256	7.97085	-3.58426	-1	-1	-1
0	256	1.29222	4.9853	-1	-1	-1
0	256	-0.268867	4.43273	-1	-1	-1
0	256	2.96438	4.99447	-1	-1	-1
0	256	-2.21174	5.66923	-1	-1	-1
0	256	3.71885	-8.57888	-1	-1	-1
0	256	5.76735	-4.01441	-1	-1	-1
0	256	0.0808946	-5.26873	635	675.469	-1
0	256	-5.66577	2.25016	4972	5019.81	-1
0	256	1.02839	4.70354	-1	-1	-1
0	256	-4.97752	-7.95592	-1	-1	-1
0	256	-8.12569	1.13768	-1	-1	-1
0	256	-7.07688	3.78589	-1	-1	-1
0	256	2.63586	6.09644	-1	-1	-1
0	256	4.45875	-6.58594	-1	-1	-1
0	256	-6.43853	-6.70933	-1	-1	-1
0	256	7.58123	0.35177	-1	-1	-1
0	256	0.508079	6.54202	4313	4361.75	-1
0	256	-1.21633	-6.1336	-1	-1	-1
0	256	-7.49708	-4.87507	-1	-1	-1
0	256	5.69053	-6.30349	-1	-1	-1
0	256	-5.07996	4.86153	-1	-1	-1
0	256	2.06881	-8.3968	-1	-1	-1
0	256	-4.35952	-3.8328	-1	-1	-1
0	256	-9.16218	-3.95777	-1	-1	-1
0	256	-9.38044	2.44481	-1	-1	-1
0	256	-0.414896	-6.53696	-1	-1	-1
0	256	4.30853	1.87061	214	252.781	-1
0	256	1.67175	-6.90726	-1	-1	-1
0	256	-1.79667	-3.63463	267	302.219	-1
0	256	4.37224	-1.60552	530	567.156	-1
0	256	-7.27496	-0.666834	-1	-1	-1
0	256	4.53001	4.29573	-1	-1	-1
0	256	-3.70251	-7.96722	-1	-1	-1
0	256	-0.317088	6.63362	-1	-1	-1
0	256	-0.895966	9.06923	-1	-1	-1
0	256	-1.47772	9.57749	3036	3107.59	-1
0	256	4.99849	2.90096	-1	-1	-1
0	256	3.43731	-7.44852	-1	-1	-1
0	256	0.753365	-6.25518	-1	-1	-1
0	256	-0.867827	7.27417	-1	-1	-1
0	256	-3.36652	-3.97383	-1	-1	-1
0	256	-4.00929	0.840623	132	163.594	-1
0	256	4.52744	6.31462	-1	-1	-1
0	256	-1.866	8.80556	-1	-1	-1
0	256	-2.33375	-6.73117	-1	-1	-1
0	256	7.99756	1.27982	-1	-1	-1
0	256	-5.30735	-2.05668	303	416.25	-1
0	256	-2.6808	-2.23701	137	193.312	-1
0	256	-2.61144	-9.08985	-1	-1	-1
0	256	7.21193	-6.27661	-1	-1	-1
0	256	5.60197	4.38204	-1	-1	-1
0	256	-4.98275	-8.35109	-1	-1	-1
0	256	-7.53876	-5.74875	-1	-1	-1
0	256	-4.51799	-5.70403	-1	-1	-1
0	256	-8.07213	-5.37836	-1	-1	-1
0	256	0.930228	6.82283	-1	-1	-1
0	256	4.7082	-7.32193	-1	-1	-1
0	256	7.45721	-1.23815	3863	3922.97	-1
0	256	-3.96165	-1.9956	51	93.125	-1
0	256	-0.866151	3.95907	948	979.188	-1
0	256	-4.71469	-9.20389	-1	-1	-1
0	256	-4.83445	-1.41774	-1	-1	-1
0	256	7.95693	2.17067	-1	-1	-1
0	256	-0.561031	-9.39832	-1	-1	-1
0	256	-0.673042	7.81804	-1	-1	-1
0	256	7.85037	-5.21184	-1	-1	-1
0	256	3.05408	-1.56948	26	66.3438	-1
0	256	-8.74276	1.42313	-1	-1	-1
0	256	-0.0379731	5.07429	-1	-1	-1
0	256	5.61318	4.88465	-1	-1	-1
0	256	-0.000183938	8.64168	-1	-1	-1
0	256	7.4793	3.59706	-1	-1	-1
0	256	7.98316	5.68192	-1	-1	-1
0	256	-4.68959	1.30094	3914	3950.94	-1
0	256	-2.99822	8.00492	-1	-1	-1
0	256	4.65915	6.66954	-1	-1	-1
0	256	-7.35345	2.82077	-1	-1	-1
0	256	1.13613	-3.83195	4149	4189	-1
0	256	-2.1528	-6.55466	-1	-1	-1
0	256	5.42658	-2.41986	4606	4650.19	-1
0	256	4.47787	-2.94891	1410	1451.66	-1
0	256	1.99062	3.44636	3515	3547.25	-1
0	256	-1.81202	4.15486	-1	-1	-1
0	256	0.687451	-4.14968	4224	4258.56	-1
0	256	-8.05935	-1.34167	-1	-1	-1
0	256	-7.80254	-3.13196	1535	1644	-1
0	256	6.22122	-1.55887	2845	2894.19	-1
0	256	5.92672	4.14618	-1	-1	-1
0	256	4.67648	-1.38671	1798	1836.31	-1
0	256	8.25573	-3.84702	-1	-1	-1
0	256	-5.7238	-5.23754	-1	-1	-1
0	256	-3.39649	-3.10107	3017	3165.16	-1
0	256	2.12899	-3.9498	2329	2364.16	-1
0	256	-7.8782	-2.39392	-1	-1	-1
0	256	-1.55286	8.03864	-1	-1	-1
0	256	-1.11312	-7.54054	-1	-1	-1
0	256	0.632083	-6.02102	-1	-1	-1
0	256	2.93199	1.45487	773	906.094	-1
0	256	3.63623	4.98176	-1	-1	-1
0	256	2.53887	2.89275	2692	2723.19	-1
0	256	1.50788	-3.522	86	121.031	-1
0	256	4.64741	-4.44298	4743	4796.38	-1
0	256	1.24581	-5.64596	-1	-1	-1
0	256	7.58874	3.12172	-1	-1	-1
0	256	-6.42557	-2.52624	-1	-1	-1
0	256	9.50633	1.30525	-1	-1	-1
0	256	4.22435	-7.20658	-1	-1	-1
0	256	3.90552	5.90383	-1	-1	-1
0	256	-0.733048	-6.28161	-1	-1	-1
0	256	-6.21989	-1.57536	-1	-1	-1
0	256	-6.80616	-3.00335	1320	1375.66	-1
0	256	6.97352	-0.9335	2179	2243.38	-1
0	256	-0.538089	-3.13643	2595	2624.59	-1
0	256	-9.49803	3.09194	-1	-1	-1
0	256	7.55131	-3.53604	-1	-1	-1
0	256	4.74025	-4.68647	4849	4899.41	-1
0	256	-2.58103	7.66376	-1	-1	-1
0	256	-3.55385	-2.34991	-1	-1	-1
0	256	-2.84918	2.00868	969	1003.06	-1
0	256	9.16379	3.79453	-1	-1	-1
0	256	-2.662	-5.51203	-1	-1	-1
0	256	3.17227	-4.97726	-1	-1	-1
0	256	-0.297359	-5.20416	-1	-1	-1
0	256	5.93164	-3.39514	2014	2064.78	-1
0	256	8.14085	0.641857	-1	-1	-1
0	256	2.38666	2.34329	-1	-1	-1
0	256	-2.67861	-4.7497	-1	-1	-1
0	256	0.706949	-9.17905	109	196.594	-1
0	256	-6.1329	-3.97024	-1	-1	-1
0	256	-5.72496	7.82548	-1	-1	-1
0	256	-3.82356	8.9766	-1	-1	-1
0	256	4.94221	-7.66374	-1	-1	-1
0	256	-1.16267	7.1767	-1	-1	-1
0	256	5.62686	-3.75473	4856	4913.12	-1
0	256	-5.53887	-8.21362	-1	-1	-1
0	256	3.39886	-3.50592	-1	-1	-1
0	256	-2.53405	5.3361	-1	-1	-1
0	256	-5.00161	5.92417	-1	-1	-1
0	256	-5.51565	0.357936	1196	1264.16	-1
0	256	3.73157	5.2149	-1	-1	-1
0	256	3.26081	5.26577	-1	-1	-1
0	256	-9.01488	2.86043	1122	1192.56	-1
0	256	0.940941	-6.66268	-1	-1	-1
0	256	4.24531	-1.10831	-1	-1	-1
0	256	1.96248	8.18151	728	791.156	-1
0	256	5.89191	3.51335	-1	-1	-1
0	256	3.9417	-6.5953	-1	-1	-1
0	256	-3.06182	-5.12311	-1	-1	-1
0	256	-6.05212	-5.22648	697	758.094	-1
0	256	4.87805	7.70329	-1	-1	-1
0	256	2.21112	1.86699	1477	1502.03	-1
0	256	-1.76424	-8.46779	-1	-1	-1
0	256	-3.90766	5.30332	-1	-1	-1
0	256	-3.77294	-7.167	-1	-1	-1
0	256	-2.1072	6.35418	4375	4429.84	-1
0	256	4.0577	-4.95189	310	454.812	-1
0	256	-3.40374	-5.24145	-1	-1	-1
0	256	-4.88141	-5.09871	-1	-1	-1
0	256	-2.04889	-8.32158	581	645.875	-1
0	256	3.43965	-2.41559	-1	-1	-1
0	256	4.02383	8.01951	-1	-1	-1
0	256	3.91809	9.08868	-1	-1	-1
0	256	8.70692	-4.34108	-1	-1	-1
0	256	1.01291	-7.79289	-1	-1	-1
0	256	4.97089	-7.22344	-1	-1	-1
0	256	0.77782	-9.3002	286	357.25	-1
0	256	2.10196	-9.40501	-1	-1	-1
0	256	-6.64377	-3.67432	4300	4402.47	-1
0	256	6.36719	-1.10336	5338	-1	-1
