Pile ID	Distribution Type	X-Position	Y-Position	Pickup Time	Drop Off Time	Ant ID
1	1	-0.0406183	-5.12839	-1	-1	-1
1	1	0.109382	-5.12839	-1	-1	-1
1	1	0.259382	-5.12839	-1	-1	-1
1	1	0.409382	-5.12839	-1	-1	-1
1	1	0.559382	-5.12839	-1	-1	-1
1	1	0.709382	-5.12839	-1	-1	-1
1	1	0.859382	-5.12839	-1	-1	-1
1	1	1.00938	-5.12839	-1	-1	-1
1	1	1.15938	-5.12839	-1	-1	-1
1	1	1.30938	-5.12839	-1	-1	-1
1	1	1.45938	-5.12839	-1	-1	-1
1	1	1.60938	-5.12839	-1	-1	-1
1	1	1.75938	-5.12839	-1	-1	-1
1	1	1.90938	-5.12839	-1	-1	-1
1	1	2.05938	-5.12839	-1	-1	-1
1	1	2.20938	-5.12839	-1	-1	-1
1	1	-0.0406183	-4.97839	-1	-1	-1
1	1	0.109382	-4.97839	-1	-1	-1
1	1	0.259382	-4.97839	-1	-1	-1
1	1	0.409382	-4.97839	-1	-1	-1
1	1	0.559382	-4.97839	-1	-1	-1
1	1	0.709382	-4.97839	-1	-1	-1
1	1	0.859382	-4.97839	-1	-1	-1
1	1	1.00938	-4.97839	-1	-1	-1
1	1	1.15938	-4.97839	-1	-1	-1
1	1	1.30938	-4.97839	-1	-1	-1
1	1	1.45938	-4.97839	-1	-1	-1
1	1	1.60938	-4.97839	-1	-1	-1
1	1	1.75938	-4.97839	-1	-1	-1
1	1	1.90938	-4.97839	-1	-1	-1
1	1	2.05938	-4.97839	-1	-1	-1
1	1	2.20938	-4.97839	-1	-1	-1
1	1	-0.0406183	-4.82839	-1	-1	-1
1	1	0.109382	-4.82839	-1	-1	-1
1	1	0.259382	-4.82839	-1	-1	-1
1	1	0.409382	-4.82839	-1	-1	-1
1	1	0.559382	-4.82839	-1	-1	-1
1	1	0.709382	-4.82839	-1	-1	-1
1	1	0.859382	-4.82839	-1	-1	-1
1	1	1.00938	-4.82839	-1	-1	-1
1	1	1.15938	-4.82839	-1	-1	-1
1	1	1.30938	-4.82839	-1	-1	-1
1	1	1.45938	-4.82839	-1	-1	-1
1	1	1.60938	-4.82839	-1	-1	-1
1	1	1.75938	-4.82839	-1	-1	-1
1	1	1.90938	-4.82839	-1	-1	-1
1	1	2.05938	-4.82839	-1	-1	-1
1	1	2.20938	-4.82839	-1	-1	-1
1	1	-0.0406183	-4.67839	528	568.094	-1
1	1	0.109382	-4.67839	5297	5390.09	-1
1	1	0.259382	-4.67839	-1	-1	-1
1	1	0.409382	-4.67839	-1	-1	-1
1	1	0.559382	-4.67839	-1	-1	-1
1	1	0.709382	-4.67839	-1	-1	-1
1	1	0.859382	-4.67839	-1	-1	-1
1	1	1.00938	-4.67839	-1	-1	-1
1	1	1.15938	-4.67839	-1	-1	-1
1	1	1.30938	-4.67839	-1	-1	-1
1	1	1.45938	-4.67839	-1	-1	-1
1	1	1.60938	-4.67839	-1	-1	-1
1	1	1.75938	-4.67839	-1	-1	-1
1	1	1.90938	-4.67839	-1	-1	-1
1	1	2.05938	-4.67839	-1	-1	-1
1	1	2.20938	-4.67839	-1	-1	-1
1	1	-0.0406183	-4.52839	598	641.688	-1
1	1	0.109382	-4.52839	5103	5139.91	-1
1	1	0.259382	-4.52839	5172	5213.09	-1
1	1	0.409382	-4.52839	5195	5239.31	-1
1	1	0.559382	-4.52839	-1	-1	-1
1	1	0.709382	-4.52839	-1	-1	-1
1	1	0.859382	-4.52839	-1	-1	-1
1	1	1.00938	-4.52839	-1	-1	-1
1	1	1.15938	-4.52839	-1	-1	-1
1	1	1.30938	-4.52839	-1	-1	-1
1	1	1.45938	-4.52839	-1	-1	-1
1	1	1.60938	-4.52839	-1	-1	-1
1	1	1.75938	-4.52839	-1	-1	-1
1	1	1.90938	-4.52839	-1	-1	-1
1	1	2.05938	-4.52839	-1	-1	-1
1	1	2.20938	-4.52839	-1	-1	-1
1	1	-0.0406183	-4.37839	-1	-1	-1
1	1	0.109382	-4.37839	4709	4745.09	-1
1	1	0.259382	-4.37839	4983	5030.69	-1
1	1	0.409382	-4.37839	5084	5138.44	-1
1	1	0.559382	-4.37839	5346	-1	-1
1	1	0.709382	-4.37839	-1	-1	-1
1	1	0.859382	-4.37839	-1	-1	-1
1	1	1.00938	-4.37839	-1	-1	-1
1	1	1.15938	-4.37839	-1	-1	-1
1	1	1.30938	-4.37839	-1	-1	-1
1	1	1.45938	-4.37839	-1	-1	-1
1	1	1.60938	-4.37839	-1	-1	-1
1	1	1.75938	-4.37839	-1	-1	-1
1	1	1.90938	-4.37839	-1	-1	-1
1	1	2.05938	-4.37839	-1	-1	-1
1	1	2.20938	-4.37839	-1	-1	-1
1	1	-0.0406183	-4.22839	4903	4938.38	-1
1	1	0.109382	-4.22839	4628	4668.69	-1
1	1	0.259382	-4.22839	4475	4527.97	-1
1	1	0.409382	-4.22839	4370	4427.88	-1
1	1	0.559382	-4.22839	5249	5327	-1
1	1	0.709382	-4.22839	5043	5082.44	-1
1	1	0.859382	-4.22839	4967	5008.22	-1
1	1	1.00938	-4.22839	-1	-1	-1
1	1	1.15938	-4.22839	5222	5274.97	-1
1	1	1.30938	-4.22839	-1	-1	-1
1	1	1.45938	-4.22839	-1	-1	-1
1	1	1.60938	-4.22839	-1	-1	-1
1	1	1.75938	-4.22839	-1	-1	-1
1	1	1.90938	-4.22839	-1	-1	-1
1	1	2.05938	-4.22839	-1	-1	-1
1	1	2.20938	-4.22839	-1	-1	-1
1	1	-0.0406183	-4.07839	4808	4868.5	-1
1	1	0.109382	-4.07839	4494	4557.94	-1
1	1	0.259382	-4.07839	4329	4368.53	-1
1	1	0.409382	-4.07839	4347	4439.5	-1
1	1	0.559382	-4.07839	4254	4330.28	-1
1	1	0.709382	-4.07839	4370	4423.88	-1
1	1	0.859382	-4.07839	4224	4311.84	-1
1	1	1.00938	-4.07839	4714	4771.94	-1
1	1	1.15938	-4.07839	4808	4840.28	-1
1	1	1.30938	-4.07839	5123	5163.31	-1
1	1	1.45938	-4.07839	-1	-1	-1
1	1	1.60938	-4.07839	-1	-1	-1
1	1	1.75938	-4.07839	-1	-1	-1
1	1	1.90938	-4.07839	-1	-1	-1
1	1	2.05938	-4.07839	-1	-1	-1
1	1	2.20938	-4.07839	-1	-1	-1
1	1	-0.0406183	-3.92839	4538	4593.38	-1
1	1	0.109382	-3.92839	4379	4459.38	-1
1	1	0.259382	-3.92839	4214	4253.31	-1
1	1	0.409382	-3.92839	4126	4174.38	-1
1	1	0.559382	-3.92839	4143	4177.38	-1
1	1	0.709382	-3.92839	3734	3781.28	-1
1	1	0.859382	-3.92839	3554	3587.91	-1
1	1	1.00938	-3.92839	3617	3652.75	-1
1	1	1.15938	-3.92839	4645	4685.44	-1
1	1	1.30938	-3.92839	5203	5242.53	-1
1	1	1.45938	-3.92839	-1	-1	-1
1	1	1.60938	-3.92839	-1	-1	-1
1	1	1.75938	-3.92839	-1	-1	-1
1	1	1.90938	-3.92839	-1	-1	-1
1	1	2.05938	-3.92839	-1	-1	-1
1	1	2.20938	-3.92839	-1	-1	-1
1	1	-0.0406183	-3.77839	5268	5305.97	-1
1	1	0.109382	-3.77839	5244	5288.81	-1
1	1	0.259382	-3.77839	4235	4283	-1
1	1	0.409382	-3.77839	4051	4093	-1
1	1	0.559382	-3.77839	3945	3978.03	-1
1	1	0.709382	-3.77839	3810	3842.69	-1
1	1	0.859382	-3.77839	3656	3698.97	-1
1	1	1.00938	-3.77839	3417	3456.59	-1
1	1	1.15938	-3.77839	4268	4326.84	-1
1	1	1.30938	-3.77839	4931	4964.81	-1
1	1	1.45938	-3.77839	4962	4999.06	-1
1	1	1.60938	-3.77839	4465	4506.47	-1
1	1	1.75938	-3.77839	4536	4581.56	-1
1	1	1.90938	-3.77839	-1	-1	-1
1	1	2.05938	-3.77839	-1	-1	-1
1	1	2.20938	-3.77839	-1	-1	-1
1	1	-0.0406183	-3.62839	5381	-1	-1
1	1	0.109382	-3.62839	-1	-1	-1
1	1	0.259382	-3.62839	5321	5377.94	-1
1	1	0.409382	-3.62839	4134	4184.75	-1
1	1	0.559382	-3.62839	4019	4079.91	-1
1	1	0.709382	-3.62839	3880	3912.28	-1
1	1	0.859382	-3.62839	1203	1242.38	-1
1	1	1.00938	-3.62839	1270	1315.22	-1
1	1	1.15938	-3.62839	3483	3521.34	-1
1	1	1.30938	-3.62839	4377	4444.72	-1
1	1	1.45938	-3.62839	4854	4895.06	-1
1	1	1.60938	-3.62839	4356	4427.97	-1
1	1	1.75938	-3.62839	4222	4292.31	-1
1	1	1.90938	-3.62839	5069	5101.78	-1
1	1	2.05938	-3.62839	-1	-1	-1
1	1	2.20938	-3.62839	-1	-1	-1
1	1	-0.0406183	-3.47839	-1	-1	-1
1	1	0.109382	-3.47839	-1	-1	-1
1	1	0.259382	-3.47839	-1	-1	-1
1	1	0.409382	-3.47839	4891	4930.91	-1
1	1	0.559382	-3.47839	1300	1357.53	-1
1	1	0.709382	-3.47839	1060	1100.84	-1
1	1	0.859382	-3.47839	993	1029.19	-1
1	1	1.00938	-3.47839	970	1007.66	-1
1	1	1.15938	-3.47839	1045	1124.75	-1
1	1	1.30938	-3.47839	1743	1808.84	-1
1	1	1.45938	-3.47839	1835	1870.41	-1
1	1	1.60938	-3.47839	4017	4047.66	-1
1	1	1.75938	-3.47839	4086	4116.78	-1
1	1	1.90938	-3.47839	4246	4290.03	-1
1	1	2.05938	-3.47839	5368	-1	-1
1	1	2.20938	-3.47839	-1	-1	-1
1	1	-0.0406183	-3.32839	-1	-1	-1
1	1	0.109382	-3.32839	-1	-1	-1
1	1	0.259382	-3.32839	-1	-1	-1
1	1	0.409382	-3.32839	5288	5354.66	-1
1	1	0.559382	-3.32839	1388	1422.03	-1
1	1	0.709382	-3.32839	919	955.625	-1
1	1	0.859382	-3.32839	782	816.344	-1
1	1	1.00938	-3.32839	699	748.5	-1
1	1	1.15938	-3.32839	896	936.812	-1
1	1	1.30938	-3.32839	1621	1652.5	-1
1	1	1.45938	-3.32839	1569	1705.44	-1
1	1	1.60938	-3.32839	1136	1176.25	-1
1	1	1.75938	-3.32839	4145	4180.78	-1
1	1	1.90938	-3.32839	4362	4393.5	-1
1	1	2.05938	-3.32839	-1	-1	-1
1	1	2.20938	-3.32839	-1	-1	-1
1	1	-0.0406183	-3.17839	-1	-1	-1
1	1	0.109382	-3.17839	-1	-1	-1
1	1	0.259382	-3.17839	5380	-1	-1
1	1	0.409382	-3.17839	1346	1381	-1
1	1	0.559382	-3.17839	1251	1285.25	-1
1	1	0.709382	-3.17839	952	1017	-1
1	1	0.859382	-3.17839	856	913.656	-1
1	1	1.00938	-3.17839	513	631.062	-1
1	1	1.15938	-3.17839	662	694.875	-1
1	1	1.30938	-3.17839	720	757.438	-1
1	1	1.45938	-3.17839	1025	1057.38	-1
1	1	1.60938	-3.17839	958	992.281	-1
1	1	1.75938	-3.17839	4512	4548.06	-1
1	1	1.90938	-3.17839	4579	4621.62	-1
1	1	2.05938	-3.17839	3292	3324.28	-1
1	1	2.20938	-3.17839	2014	2054.31	-1
1	1	-0.0406183	-3.02839	-1	-1	-1
1	1	0.109382	-3.02839	3080	3107.75	-1
1	1	0.259382	-3.02839	1438	1476.59	-1
1	1	0.409382	-3.02839	1312	1343.34	-1
1	1	0.559382	-3.02839	1141	1186.47	-1
1	1	0.709382	-3.02839	1100	1138.31	-1
1	1	0.859382	-3.02839	835	880.469	-1
1	1	1.00938	-3.02839	792	845.562	-1
1	1	1.15938	-3.02839	764	798.781	-1
1	1	1.30938	-3.02839	173	201.719	-1
1	1	1.45938	-3.02839	226	254.75	-1
1	1	1.60938	-3.02839	283	311.531	-1
1	1	1.75938	-3.02839	1115	1157.81	-1
1	1	1.90938	-3.02839	1514	1552.19	-1
1	1	2.05938	-3.02839	3218	3257.75	-1
1	1	2.20938	-3.02839	3159	3189.19	-1
1	1	-0.0406183	-2.87839	1544	1674.41	-1
1	1	0.109382	-2.87839	3028	3055	-1
1	1	0.259382	-2.87839	2924	2949.19	-1
1	1	0.409382	-2.87839	2976	3002.5	-1
1	1	0.559382	-2.87839	1226	1273.81	-1
1	1	0.709382	-2.87839	1173	1212.69	-1
1	1	0.859382	-2.87839	24	50.5312	-1
1	1	1.00938	-2.87839	95	130.812	-1
1	1	1.15938	-2.87839	1035	1062.97	-1
1	1	1.30938	-2.87839	35	86.5938	-1
1	1	1.45938	-2.87839	115	144.906	-1
1	1	1.60938	-2.87839	337	365.438	-1
1	1	1.75938	-2.87839	891	922.938	-1
1	1	1.90938	-2.87839	1459	1488.16	-1
1	1	2.05938	-2.87839	1588	1626.66	-1
1	1	2.20938	-2.87839	1451	1610.56	-1
2	4	-2.913	-5.29444	-1	-1	-1
2	4	-2.763	-5.29444	-1	-1	-1
2	4	-2.613	-5.29444	-1	-1	-1
2	4	-2.463	-5.29444	-1	-1	-1
2	4	-2.313	-5.29444	-1	-1	-1
2	4	-2.163	-5.29444	-1	-1	-1
2	4	-2.013	-5.29444	970	1013.72	-1
2	4	-1.863	-5.29444	692	739.281	-1
2	4	-2.913	-5.14444	-1	-1	-1
2	4	-2.763	-5.14444	-1	-1	-1
2	4	-2.613	-5.14444	-1	-1	-1
2	4	-2.463	-5.14444	-1	-1	-1
2	4	-2.313	-5.14444	-1	-1	-1
2	4	-2.163	-5.14444	1056	1100.12	-1
2	4	-2.013	-5.14444	887	931.719	-1
2	4	-1.863	-5.14444	781	839.156	-1
2	4	-2.913	-4.99444	-1	-1	-1
2	4	-2.763	-4.99444	-1	-1	-1
2	4	-2.613	-4.99444	-1	-1	-1
2	4	-2.463	-4.99444	-1	-1	-1
2	4	-2.313	-4.99444	-1	-1	-1
2	4	-2.163	-4.99444	-1	-1	-1
2	4	-2.013	-4.99444	-1	-1	-1
2	4	-1.863	-4.99444	-1	-1	-1
2	4	-2.913	-4.84444	-1	-1	-1
2	4	-2.763	-4.84444	-1	-1	-1
2	4	-2.613	-4.84444	-1	-1	-1
2	4	-2.463	-4.84444	-1	-1	-1
2	4	-2.313	-4.84444	-1	-1	-1
2	4	-2.163	-4.84444	-1	-1	-1
2	4	-2.013	-4.84444	-1	-1	-1
2	4	-1.863	-4.84444	-1	-1	-1
2	4	-2.913	-4.69444	-1	-1	-1
2	4	-2.763	-4.69444	-1	-1	-1
2	4	-2.613	-4.69444	-1	-1	-1
2	4	-2.463	-4.69444	-1	-1	-1
2	4	-2.313	-4.69444	-1	-1	-1
2	4	-2.163	-4.69444	-1	-1	-1
2	4	-2.013	-4.69444	-1	-1	-1
2	4	-1.863	-4.69444	-1	-1	-1
2	4	-2.913	-4.54444	-1	-1	-1
2	4	-2.763	-4.54444	-1	-1	-1
2	4	-2.613	-4.54444	-1	-1	-1
2	4	-2.463	-4.54444	-1	-1	-1
2	4	-2.313	-4.54444	-1	-1	-1
2	4	-2.163	-4.54444	-1	-1	-1
2	4	-2.013	-4.54444	-1	-1	-1
2	4	-1.863	-4.54444	-1	-1	-1
2	4	-2.913	-4.39444	857	901.812	-1
2	4	-2.763	-4.39444	765	808.312	-1
2	4	-2.613	-4.39444	-1	-1	-1
2	4	-2.463	-4.39444	-1	-1	-1
2	4	-2.313	-4.39444	-1	-1	-1
2	4	-2.163	-4.39444	-1	-1	-1
2	4	-2.013	-4.39444	-1	-1	-1
2	4	-1.863	-4.39444	-1	-1	-1
2	4	-2.913	-4.24444	664	718.688	-1
2	4	-2.763	-4.24444	581	623.312	-1
2	4	-2.613	-4.24444	-1	-1	-1
2	4	-2.463	-4.24444	-1	-1	-1
2	4	-2.313	-4.24444	-1	-1	-1
2	4	-2.163	-4.24444	-1	-1	-1
2	4	-2.013	-4.24444	-1	-1	-1
2	4	-1.863	-4.24444	434	474.156	-1
3	4	-0.709308	5.35629	-1	-1	-1
3	4	-0.559308	5.35629	-1	-1	-1
3	4	-0.409308	5.35629	-1	-1	-1
3	4	-0.259308	5.35629	4539	4654.56	-1
3	4	-0.109308	5.35629	786	829.875	-1
3	4	0.0406922	5.35629	734	785.031	-1
3	4	0.190692	5.35629	538	596.188	-1
3	4	0.340692	5.35629	688	736.438	-1
3	4	-0.709308	5.50629	-1	-1	-1
3	4	-0.559308	5.50629	-1	-1	-1
3	4	-0.409308	5.50629	-1	-1	-1
3	4	-0.259308	5.50629	-1	-1	-1
3	4	-0.109308	5.50629	872	927	-1
3	4	0.0406922	5.50629	641	687.531	-1
3	4	0.190692	5.50629	459	505.156	-1
3	4	0.340692	5.50629	313	375.75	-1
3	4	-0.709308	5.65629	-1	-1	-1
3	4	-0.559308	5.65629	-1	-1	-1
3	4	-0.409308	5.65629	-1	-1	-1
3	4	-0.259308	5.65629	-1	-1	-1
3	4	-0.109308	5.65629	921	967.219	-1
3	4	0.0406922	5.65629	572	635.812	-1
3	4	0.190692	5.65629	417	472.156	-1
3	4	0.340692	5.65629	128	172.25	-1
3	4	-0.709308	5.80629	-1	-1	-1
3	4	-0.559308	5.80629	-1	-1	-1
3	4	-0.409308	5.80629	-1	-1	-1
3	4	-0.259308	5.80629	-1	-1	-1
3	4	-0.109308	5.80629	-1	-1	-1
3	4	0.0406922	5.80629	459	525.062	-1
3	4	0.190692	5.80629	322	381.219	-1
3	4	0.340692	5.80629	216	260.875	-1
3	4	-0.709308	5.95629	-1	-1	-1
3	4	-0.559308	5.95629	-1	-1	-1
3	4	-0.409308	5.95629	-1	-1	-1
3	4	-0.259308	5.95629	-1	-1	-1
3	4	-0.109308	5.95629	-1	-1	-1
3	4	0.0406922	5.95629	-1	-1	-1
3	4	0.190692	5.95629	344	404	-1
3	4	0.340692	5.95629	430	479.25	-1
3	4	-0.709308	6.10629	-1	-1	-1
3	4	-0.559308	6.10629	-1	-1	-1
3	4	-0.409308	6.10629	-1	-1	-1
3	4	-0.259308	6.10629	-1	-1	-1
3	4	-0.109308	6.10629	-1	-1	-1
3	4	0.0406922	6.10629	1250	1296.75	-1
3	4	0.190692	6.10629	1378	1430.75	-1
3	4	0.340692	6.10629	3868	3918.47	-1
3	4	-0.709308	6.25629	-1	-1	-1
3	4	-0.559308	6.25629	-1	-1	-1
3	4	-0.409308	6.25629	-1	-1	-1
3	4	-0.259308	6.25629	-1	-1	-1
3	4	-0.109308	6.25629	1589	1636.25	-1
3	4	0.0406922	6.25629	1147	1198.94	-1
3	4	0.190692	6.25629	931	994.25	-1
3	4	0.340692	6.25629	3973	4039.06	-1
3	4	-0.709308	6.40629	-1	-1	-1
3	4	-0.559308	6.40629	-1	-1	-1
3	4	-0.409308	6.40629	1180	1230.12	-1
3	4	-0.259308	6.40629	-1	-1	-1
3	4	-0.109308	6.40629	1479	1527.75	-1
3	4	0.0406922	6.40629	1036	1090.91	-1
3	4	0.190692	6.40629	823	882.625	-1
3	4	0.340692	6.40629	722	774.25	-1
4	4	0.374597	-9.08524	-1	-1	-1
4	4	0.524597	-9.08524	-1	-1	-1
4	4	0.674597	-9.08524	-1	-1	-1
4	4	0.824597	-9.08524	-1	-1	-1
4	4	0.974597	-9.08524	-1	-1	-1
4	4	1.1246	-9.08524	-1	-1	-1
4	4	1.2746	-9.08524	-1	-1	-1
4	4	1.4246	-9.08524	-1	-1	-1
4	4	0.374597	-8.93524	-1	-1	-1
4	4	0.524597	-8.93524	-1	-1	-1
4	4	0.674597	-8.93524	-1	-1	-1
4	4	0.824597	-8.93524	-1	-1	-1
4	4	0.974597	-8.93524	-1	-1	-1
4	4	1.1246	-8.93524	-1	-1	-1
4	4	1.2746	-8.93524	-1	-1	-1
4	4	1.4246	-8.93524	-1	-1	-1
4	4	0.374597	-8.78524	-1	-1	-1
4	4	0.524597	-8.78524	-1	-1	-1
4	4	0.674597	-8.78524	-1	-1	-1
4	4	0.824597	-8.78524	-1	-1	-1
4	4	0.974597	-8.78524	-1	-1	-1
4	4	1.1246	-8.78524	-1	-1	-1
4	4	1.2746	-8.78524	-1	-1	-1
4	4	1.4246	-8.78524	-1	-1	-1
4	4	0.374597	-8.63524	-1	-1	-1
4	4	0.524597	-8.63524	-1	-1	-1
4	4	0.674597	-8.63524	-1	-1	-1
4	4	0.824597	-8.63524	-1	-1	-1
4	4	0.974597	-8.63524	-1	-1	-1
4	4	1.1246	-8.63524	-1	-1	-1
4	4	1.2746	-8.63524	-1	-1	-1
4	4	1.4246	-8.63524	-1	-1	-1
4	4	0.374597	-8.48524	-1	-1	-1
4	4	0.524597	-8.48524	-1	-1	-1
4	4	0.674597	-8.48524	-1	-1	-1
4	4	0.824597	-8.48524	-1	-1	-1
4	4	0.974597	-8.48524	-1	-1	-1
4	4	1.1246	-8.48524	-1	-1	-1
4	4	1.2746	-8.48524	-1	-1	-1
4	4	1.4246	-8.48524	-1	-1	-1
4	4	0.374597	-8.33524	-1	-1	-1
4	4	0.524597	-8.33524	-1	-1	-1
4	4	0.674597	-8.33524	-1	-1	-1
4	4	0.824597	-8.33524	-1	-1	-1
4	4	0.974597	-8.33524	-1	-1	-1
4	4	1.1246	-8.33524	-1	-1	-1
4	4	1.2746	-8.33524	-1	-1	-1
4	4	1.4246	-8.33524	3447	3510.72	-1
4	4	0.374597	-8.18524	-1	-1	-1
4	4	0.524597	-8.18524	-1	-1	-1
4	4	0.674597	-8.18524	-1	-1	-1
4	4	0.824597	-8.18524	-1	-1	-1
4	4	0.974597	-8.18524	-1	-1	-1
4	4	1.1246	-8.18524	-1	-1	-1
4	4	1.2746	-8.18524	-1	-1	-1
4	4	1.4246	-8.18524	3325	3386.12	-1
4	4	0.374597	-8.03524	-1	-1	-1
4	4	0.524597	-8.03524	-1	-1	-1
4	4	0.674597	-8.03524	-1	-1	-1
4	4	0.824597	-8.03524	-1	-1	-1
4	4	0.974597	-8.03524	-1	-1	-1
4	4	1.1246	-8.03524	-1	-1	-1
4	4	1.2746	-8.03524	-1	-1	-1
4	4	1.4246	-8.03524	3205	3264.75	-1
5	4	5.20041	6.17801	2279	2337.97	-1
5	4	5.35041	6.17801	2450	2516.34	-1
5	4	5.50041	6.17801	2587	2667.16	-1
5	4	5.65041	6.17801	3012	3073.22	-1
5	4	5.80041	6.17801	-1	-1	-1
5	4	5.95041	6.17801	-1	-1	-1
5	4	6.10041	6.17801	-1	-1	-1
5	4	6.25041	6.17801	5084	5168.19	-1
5	4	5.20041	6.32801	2405	2465.81	-1
5	4	5.35041	6.32801	2543	2604.75	-1
5	4	5.50041	6.32801	2738	2807.16	-1
5	4	5.65041	6.32801	-1	-1	-1
5	4	5.80041	6.32801	-1	-1	-1
5	4	5.95041	6.32801	-1	-1	-1
5	4	6.10041	6.32801	-1	-1	-1
5	4	6.25041	6.32801	-1	-1	-1
5	4	5.20041	6.47801	2561	2627.56	-1
5	4	5.35041	6.47801	2676	2739.91	-1
5	4	5.50041	6.47801	2834	2905.78	-1
5	4	5.65041	6.47801	-1	-1	-1
5	4	5.80041	6.47801	-1	-1	-1
5	4	5.95041	6.47801	-1	-1	-1
5	4	6.10041	6.47801	-1	-1	-1
5	4	6.25041	6.47801	-1	-1	-1
5	4	5.20041	6.62801	2700	2767.53	-1
5	4	5.35041	6.62801	2709	2790.5	-1
5	4	5.50041	6.62801	2857	2927.16	-1
5	4	5.65041	6.62801	-1	-1	-1
5	4	5.80041	6.62801	-1	-1	-1
5	4	5.95041	6.62801	-1	-1	-1
5	4	6.10041	6.62801	-1	-1	-1
5	4	6.25041	6.62801	-1	-1	-1
5	4	5.20041	6.77801	-1	-1	-1
5	4	5.35041	6.77801	-1	-1	-1
5	4	5.50041	6.77801	-1	-1	-1
5	4	5.65041	6.77801	-1	-1	-1
5	4	5.80041	6.77801	-1	-1	-1
5	4	5.95041	6.77801	-1	-1	-1
5	4	6.10041	6.77801	-1	-1	-1
5	4	6.25041	6.77801	-1	-1	-1
5	4	5.20041	6.92801	-1	-1	-1
5	4	5.35041	6.92801	-1	-1	-1
5	4	5.50041	6.92801	-1	-1	-1
5	4	5.65041	6.92801	-1	-1	-1
5	4	5.80041	6.92801	-1	-1	-1
5	4	5.95041	6.92801	-1	-1	-1
5	4	6.10041	6.92801	-1	-1	-1
5	4	6.25041	6.92801	-1	-1	-1
5	4	5.20041	7.07801	-1	-1	-1
5	4	5.35041	7.07801	-1	-1	-1
5	4	5.50041	7.07801	-1	-1	-1
5	4	5.65041	7.07801	-1	-1	-1
5	4	5.80041	7.07801	-1	-1	-1
5	4	5.95041	7.07801	-1	-1	-1
5	4	6.10041	7.07801	-1	-1	-1
5	4	6.25041	7.07801	-1	-1	-1
5	4	5.20041	7.22801	-1	-1	-1
5	4	5.35041	7.22801	-1	-1	-1
5	4	5.50041	7.22801	-1	-1	-1
5	4	5.65041	7.22801	-1	-1	-1
5	4	5.80041	7.22801	-1	-1	-1
5	4	5.95041	7.22801	-1	-1	-1
5	4	6.10041	7.22801	-1	-1	-1
5	4	6.25041	7.22801	-1	-1	-1
6	16	5.90627	7.78604	-1	-1	-1
6	16	6.05627	7.78604	-1	-1	-1
6	16	6.20627	7.78604	-1	-1	-1
6	16	6.35627	7.78604	-1	-1	-1
6	16	5.90627	7.93604	-1	-1	-1
6	16	6.05627	7.93604	-1	-1	-1
6	16	6.20627	7.93604	-1	-1	-1
6	16	6.35627	7.93604	-1	-1	-1
6	16	5.90627	8.08604	-1	-1	-1
6	16	6.05627	8.08604	-1	-1	-1
6	16	6.20627	8.08604	-1	-1	-1
6	16	6.35627	8.08604	-1	-1	-1
6	16	5.90627	8.23604	5059	5136.81	-1
6	16	6.05627	8.23604	-1	-1	-1
6	16	6.20627	8.23604	-1	-1	-1
6	16	6.35627	8.23604	-1	-1	-1
7	16	-2.80461	6.64362	-1	-1	-1
7	16	-2.65461	6.64362	-1	-1	-1
7	16	-2.50461	6.64362	-1	-1	-1
7	16	-2.35461	6.64362	-1	-1	-1
7	16	-2.80461	6.79362	-1	-1	-1
7	16	-2.65461	6.79362	-1	-1	-1
7	16	-2.50461	6.79362	-1	-1	-1
7	16	-2.35461	6.79362	-1	-1	-1
7	16	-2.80461	6.94362	-1	-1	-1
7	16	-2.65461	6.94362	-1	-1	-1
7	16	-2.50461	6.94362	-1	-1	-1
7	16	-2.35461	6.94362	-1	-1	-1
7	16	-2.80461	7.09362	-1	-1	-1
7	16	-2.65461	7.09362	-1	-1	-1
7	16	-2.50461	7.09362	-1	-1	-1
7	16	-2.35461	7.09362	-1	-1	-1
8	16	-7.06834	8.11099	-1	-1	-1
8	16	-6.91834	8.11099	-1	-1	-1
8	16	-6.76834	8.11099	-1	-1	-1
8	16	-6.61834	8.11099	-1	-1	-1
8	16	-7.06834	8.26099	-1	-1	-1
8	16	-6.91834	8.26099	-1	-1	-1
8	16	-6.76834	8.26099	-1	-1	-1
8	16	-6.61834	8.26099	-1	-1	-1
8	16	-7.06834	8.41099	-1	-1	-1
8	16	-6.91834	8.41099	-1	-1	-1
8	16	-6.76834	8.41099	-1	-1	-1
8	16	-6.61834	8.41099	-1	-1	-1
8	16	-7.06834	8.56099	-1	-1	-1
8	16	-6.91834	8.56099	-1	-1	-1
8	16	-6.76834	8.56099	-1	-1	-1
8	16	-6.61834	8.56099	3211	3289.62	-1
9	16	4.99751	-1.52127	3979	4105.31	-1
9	16	5.14751	-1.52127	4403	4467.16	-1
9	16	5.29751	-1.52127	-1	-1	-1
9	16	5.44751	-1.52127	-1	-1	-1
9	16	4.99751	-1.37127	4617	4660.53	-1
9	16	5.14751	-1.37127	-1	-1	-1
9	16	5.29751	-1.37127	-1	-1	-1
9	16	5.44751	-1.37127	-1	-1	-1
9	16	4.99751	-1.22127	-1	-1	-1
9	16	5.14751	-1.22127	-1	-1	-1
9	16	5.29751	-1.22127	-1	-1	-1
9	16	5.44751	-1.22127	-1	-1	-1
9	16	4.99751	-1.07127	-1	-1	-1
9	16	5.14751	-1.07127	-1	-1	-1
9	16	5.29751	-1.07127	-1	-1	-1
9	16	5.44751	-1.07127	2205	2249.44	-1
10	16	7.88212	-2.88755	3230	3296.25	-1
10	16	8.03212	-2.88755	2945	3041.34	-1
10	16	8.18212	-2.88755	3102	3165.38	-1
10	16	8.33212	-2.88755	3545	3629.78	-1
10	16	7.88212	-2.73755	-1	-1	-1
10	16	8.03212	-2.73755	3673	3738.5	-1
10	16	8.18212	-2.73755	3252	3324.97	-1
10	16	8.33212	-2.73755	3388	3453.28	-1
10	16	7.88212	-2.58755	-1	-1	-1
10	16	8.03212	-2.58755	3538	3606.62	-1
10	16	8.18212	-2.58755	3517	3580.22	-1
10	16	8.33212	-2.58755	2492	2576.75	-1
10	16	7.88212	-2.43755	-1	-1	-1
10	16	8.03212	-2.43755	-1	-1	-1
10	16	8.18212	-2.43755	-1	-1	-1
10	16	8.33212	-2.43755	2365	2429.25	-1
11	16	-2.42359	3.37542	-1	-1	-1
11	16	-2.27359	3.37542	-1	-1	-1
11	16	-2.12359	3.37542	1073	1110.31	-1
11	16	-1.97359	3.37542	177	208.438	-1
11	16	-2.42359	3.52542	-1	-1	-1
11	16	-2.27359	3.52542	-1	-1	-1
11	16	-2.12359	3.52542	-1	-1	-1
11	16	-1.97359	3.52542	-1	-1	-1
11	16	-2.42359	3.67542	3645	3687	-1
11	16	-2.27359	3.67542	3724	3761.88	-1
11	16	-2.12359	3.67542	-1	-1	-1
11	16	-1.97359	3.67542	-1	-1	-1
11	16	-2.42359	3.82542	3558	3597.97	-1
11	16	-2.27359	3.82542	3480	3519.81	-1
11	16	-2.12359	3.82542	-1	-1	-1
11	16	-1.97359	3.82542	-1	-1	-1
12	16	1.41046	3.18858	2303	2356.97	-1
12	16	1.56046	3.18858	2117	2161.06	-1
12	16	1.71046	3.18858	2063	2112.59	-1
12	16	1.86046	3.18858	1848	1880.66	-1
12	16	1.41046	3.33858	2275	2312.22	-1
12	16	1.56046	3.33858	2193	2242.25	-1
12	16	1.71046	3.33858	2005	2063.59	-1
12	16	1.86046	3.33858	1932	1970.53	-1
12	16	1.41046	3.48858	3637	3670.75	-1
12	16	1.56046	3.48858	3808	3851.31	-1
12	16	1.71046	3.48858	2089	2131.44	-1
12	16	1.86046	3.48858	1969	2005.38	-1
12	16	1.41046	3.63858	3705	3767.94	-1
12	16	1.56046	3.63858	3674	3712.91	-1
12	16	1.71046	3.63858	3755	3793.38	-1
12	16	1.86046	3.63858	2402	2434.69	-1
13	16	3.38825	3.4718	4725	4763.09	-1
13	16	3.53825	3.4718	1794	1843.44	-1
13	16	3.68825	3.4718	1082	1292.34	-1
13	16	3.83825	3.4718	1422	1471.34	-1
13	16	3.38825	3.6218	2050	2101.03	-1
13	16	3.53825	3.6218	-1	-1	-1
13	16	3.68825	3.6218	1333	1380.88	-1
13	16	3.83825	3.6218	1513	1561.78	-1
13	16	3.38825	3.7718	1965	2012.28	-1
13	16	3.53825	3.7718	1989	2046.09	-1
13	16	3.68825	3.7718	1636	1689.19	-1
13	16	3.83825	3.7718	1732	1802.81	-1
13	16	3.38825	3.9218	2160	2219.5	-1
13	16	3.53825	3.9218	1969	2038.84	-1
13	16	3.68825	3.9218	1881	1927.19	-1
13	16	3.83825	3.9218	1766	1818.72	-1
14	16	4.79138	-4.20252	1694	1745	-1
14	16	4.94138	-4.20252	1845	1906.19	-1
14	16	5.09138	-4.20252	-1	-1	-1
14	16	5.24138	-4.20252	-1	-1	-1
14	16	4.79138	-4.05252	-1	-1	-1
14	16	4.94138	-4.05252	-1	-1	-1
14	16	5.09138	-4.05252	-1	-1	-1
14	16	5.24138	-4.05252	-1	-1	-1
14	16	4.79138	-3.90252	-1	-1	-1
14	16	4.94138	-3.90252	-1	-1	-1
14	16	5.09138	-3.90252	-1	-1	-1
14	16	5.24138	-3.90252	-1	-1	-1
14	16	4.79138	-3.75252	2210	2255.16	-1
14	16	4.94138	-3.75252	-1	-1	-1
14	16	5.09138	-3.75252	-1	-1	-1
14	16	5.24138	-3.75252	-1	-1	-1
15	16	-6.74826	-4.83368	-1	-1	-1
15	16	-6.59826	-4.83368	-1	-1	-1
15	16	-6.44826	-4.83368	-1	-1	-1
15	16	-6.29826	-4.83368	-1	-1	-1
15	16	-6.74826	-4.68368	-1	-1	-1
15	16	-6.59826	-4.68368	-1	-1	-1
15	16	-6.44826	-4.68368	-1	-1	-1
15	16	-6.29826	-4.68368	-1	-1	-1
15	16	-6.74826	-4.53368	-1	-1	-1
15	16	-6.59826	-4.53368	-1	-1	-1
15	16	-6.44826	-4.53368	-1	-1	-1
15	16	-6.29826	-4.53368	-1	-1	-1
15	16	-6.74826	-4.38368	-1	-1	-1
15	16	-6.59826	-4.38368	-1	-1	-1
15	16	-6.44826	-4.38368	-1	-1	-1
15	16	-6.29826	-4.38368	-1	-1	-1
16	16	2.08786	4.80307	-1	-1	-1
16	16	2.23786	4.80307	-1	-1	-1
16	16	2.38786	4.80307	-1	-1	-1
16	16	2.53786	4.80307	4937	4980.81	-1
16	16	2.08786	4.95307	-1	-1	-1
16	16	2.23786	4.95307	-1	-1	-1
16	16	2.38786	4.95307	-1	-1	-1
16	16	2.53786	4.95307	5020	5068.06	-1
16	16	2.08786	5.10307	-1	-1	-1
16	16	2.23786	5.10307	-1	-1	-1
16	16	2.38786	5.10307	5174	5218.31	-1
16	16	2.53786	5.10307	5071	5118.16	-1
16	16	2.08786	5.25307	1173	1220.19	-1
16	16	2.23786	5.25307	1279	1322.03	-1
16	16	2.38786	5.25307	1367	1413.66	-1
16	16	2.53786	5.25307	416	461.625	-1
17	16	1.19939	4.46108	263	301.75	-1
17	16	1.34939	4.46108	3130	3248.56	-1
17	16	1.49939	4.46108	3364	3416.03	-1
17	16	1.64939	4.46108	3548	3610.47	-1
17	16	1.19939	4.61108	3396	3445	-1
17	16	1.34939	4.61108	3286	3324.16	-1
17	16	1.49939	4.61108	3461	3498.12	-1
17	16	1.64939	4.61108	4076	4114.22	-1
17	16	1.19939	4.76108	3577	3619.22	-1
17	16	1.34939	4.76108	3477	3536.75	-1
17	16	1.49939	4.76108	3887	3932.28	-1
17	16	1.64939	4.76108	-1	-1	-1
17	16	1.19939	4.91108	3778	3818.06	-1
17	16	1.34939	4.91108	3684	3729.72	-1
17	16	1.49939	4.91108	3974	4021.19	-1
17	16	1.64939	4.91108	-1	-1	-1
18	16	-0.155131	7.30379	1288	1347	-1
18	16	-0.00513147	7.30379	1690	1758.44	-1
18	16	0.144869	7.30379	1810	1865.41	-1
18	16	0.294869	7.30379	2144	2199.62	-1
18	16	-0.155131	7.45379	-1	-1	-1
18	16	-0.00513147	7.45379	1920	1978.91	-1
18	16	0.144869	7.45379	2032	2085.22	-1
18	16	0.294869	7.45379	-1	-1	-1
18	16	-0.155131	7.60379	-1	-1	-1
18	16	-0.00513147	7.60379	-1	-1	-1
18	16	0.144869	7.60379	-1	-1	-1
18	16	0.294869	7.60379	-1	-1	-1
18	16	-0.155131	7.75379	-1	-1	-1
18	16	-0.00513147	7.75379	-1	-1	-1
18	16	0.144869	7.75379	-1	-1	-1
18	16	0.294869	7.75379	-1	-1	-1
19	16	-4.98803	-6.24336	-1	-1	-1
19	16	-4.83803	-6.24336	-1	-1	-1
19	16	-4.68803	-6.24336	-1	-1	-1
19	16	-4.53803	-6.24336	-1	-1	-1
19	16	-4.98803	-6.09336	-1	-1	-1
19	16	-4.83803	-6.09336	-1	-1	-1
19	16	-4.68803	-6.09336	-1	-1	-1
19	16	-4.53803	-6.09336	-1	-1	-1
19	16	-4.98803	-5.94336	-1	-1	-1
19	16	-4.83803	-5.94336	-1	-1	-1
19	16	-4.68803	-5.94336	-1	-1	-1
19	16	-4.53803	-5.94336	-1	-1	-1
19	16	-4.98803	-5.79336	-1	-1	-1
19	16	-4.83803	-5.79336	-1	-1	-1
19	16	-4.68803	-5.79336	-1	-1	-1
19	16	-4.53803	-5.79336	-1	-1	-1
20	16	-0.976902	9.09357	-1	-1	-1
20	16	-0.826902	9.09357	-1	-1	-1
20	16	-0.676902	9.09357	-1	-1	-1
20	16	-0.526902	9.09357	-1	-1	-1
20	16	-0.976902	9.24357	-1	-1	-1
20	16	-0.826902	9.24357	-1	-1	-1
20	16	-0.676902	9.24357	-1	-1	-1
20	16	-0.526902	9.24357	-1	-1	-1
20	16	-0.976902	9.39357	-1	-1	-1
20	16	-0.826902	9.39357	-1	-1	-1
20	16	-0.676902	9.39357	-1	-1	-1
20	16	-0.526902	9.39357	-1	-1	-1
20	16	-0.976902	9.54357	-1	-1	-1
20	16	-0.826902	9.54357	-1	-1	-1
20	16	-0.676902	9.54357	-1	-1	-1
20	16	-0.526902	9.54357	-1	-1	-1
21	16	-7.61456	3.32076	-1	-1	-1
21	16	-7.46456	3.32076	-1	-1	-1
21	16	-7.31456	3.32076	-1	-1	-1
21	16	-7.16456	3.32076	-1	-1	-1
21	16	-7.61456	3.47076	-1	-1	-1
21	16	-7.46456	3.47076	-1	-1	-1
21	16	-7.31456	3.47076	-1	-1	-1
21	16	-7.16456	3.47076	-1	-1	-1
21	16	-7.61456	3.62076	-1	-1	-1
21	16	-7.46456	3.62076	-1	-1	-1
21	16	-7.31456	3.62076	-1	-1	-1
21	16	-7.16456	3.62076	3566	3623.91	-1
21	16	-7.61456	3.77076	-1	-1	-1
21	16	-7.46456	3.77076	3805	3867.69	-1
21	16	-7.31456	3.77076	3687	3746.25	-1
21	16	-7.16456	3.77076	183	295.656	-1
0	256	-5.52758	2.4985	-1	-1	-1
0	256	-7.65748	0.615793	-1	-1	-1
0	256	-6.84929	-5.06126	-1	-1	-1
0	256	-4.75877	3.054	2823	2868.72	-1
0	256	-3.92585	6.29861	-1	-1	-1
0	256	-2.55829	-3.65846	418	464.156	-1
0	256	5.0137	7.16984	-1	-1	-1
0	256	6.81359	3.28982	-1	-1	-1
0	256	-2.34947	7.95521	-1	-1	-1
0	256	6.56685	-5.12668	-1	-1	-1
0	256	7.76192	1.91109	-1	-1	-1
0	256	6.17995	-0.126553	-1	-1	-1
0	256	5.56365	-7.97268	-1	-1	-1
0	256	1.31091	-0.448667	2684	2826.78	-1
0	256	4.16278	-3.4301	-1	-1	-1
0	256	7.90758	0.118079	-1	-1	-1
0	256	-9.31019	-0.788478	-1	-1	-1
0	256	5.28735	1.10489	-1	-1	-1
0	256	-3.92963	-4.75044	2325	2375.94	-1
0	256	6.808	-6.85008	1819	1888.69	-1
0	256	-3.47552	5.96675	2609	2662.88	-1
0	256	-2.96009	-5.77488	-1	-1	-1
0	256	-8.11223	3.06395	-1	-1	-1
0	256	9.59017	-1.15731	3997	4066.91	-1
0	256	4.18387	8.13594	-1	-1	-1
0	256	-1.41107	3.27971	1007	1038.16	-1
0	256	-3.78012	0.146936	-1	-1	-1
0	256	7.21479	3.32412	-1	-1	-1
0	256	7.09173	-3.49062	-1	-1	-1
0	256	6.44621	-3.96692	-1	-1	-1
0	256	-2.43984	-4.06545	1013	1057.38	-1
0	256	-1.78125	9.64099	-1	-1	-1
0	256	6.02877	5.31092	-1	-1	-1
0	256	-0.228295	-3.24414	302	331.125	-1
0	256	2.83322	-1.59789	4682	4712.88	-1
0	256	-4.15206	5.53275	-1	-1	-1
0	256	-0.190262	3.72275	27	59.4688	-1
0	256	-5.82248	1.03259	-1	-1	-1
0	256	-2.79272	7.27287	3177	3242.62	-1
0	256	5.44609	-2.85839	2378	2490.31	-1
0	256	2.63341	-7.04823	-1	-1	-1
0	256	8.43306	0.220461	-1	-1	-1
0	256	-1.10955	-9.47666	-1	-1	-1
0	256	9.51455	-6.53874	-1	-1	-1
0	256	5.61737	-3.18646	2733	2780.81	-1
0	256	-5.03553	5.76283	-1	-1	-1
0	256	4.38959	6.77667	2496	2558.81	-1
0	256	2.93495	-1.38086	1886	1929.66	-1
0	256	-4.31837	-3.87937	-1	-1	-1
0	256	-0.391693	-3.15185	361	391.812	-1
0	256	6.37215	6.6663	-1	-1	-1
0	256	1.8402	-2.57706	96	128.781	-1
0	256	-2.35457	-3.64941	500	540.5	-1
0	256	1.63865	3.95472	2161	2201.09	-1
0	256	-1.46909	3.08627	3818	3851.31	-1
0	256	7.13343	-1.12933	-1	-1	-1
0	256	-5.41414	-2.80234	-1	-1	-1
0	256	4.39055	5.46673	-1	-1	-1
0	256	3.2117	7.31761	626	687.656	-1
0	256	-4.1283	-5.2068	-1	-1	-1
0	256	-5.38387	-4.70432	-1	-1	-1
0	256	1.61986	-7.37943	-1	-1	-1
0	256	9.21172	-2.02492	-1	-1	-1
0	256	7.75917	-2.16274	-1	-1	-1
0	256	-0.406514	6.97252	2262	2327.03	-1
0	256	5.83369	5.42686	5080	5153.62	-1
0	256	-7.14634	1.90889	-1	-1	-1
0	256	6.93845	-4.50249	-1	-1	-1
0	256	3.31783	2.36761	1230	1263.94	-1
0	256	-5.26564	7.44203	2675	2747.31	-1
0	256	-6.61444	0.0041287	-1	-1	-1
0	256	5.23884	2.74201	1409	1467.19	-1
0	256	8.83311	3.9231	5299	5373.06	-1
0	256	-5.32987	6.23885	4134	4197.19	-1
0	256	-5.51047	-4.84647	-1	-1	-1
0	256	4.5127	-3.47406	2545	2590	-1
0	256	7.75489	-3.97586	-1	-1	-1
0	256	-7.08456	2.18824	-1	-1	-1
0	256	3.79045	5.50824	4789	4839.62	-1
0	256	-4.96014	1.05596	-1	-1	-1
0	256	-7.6518	2.88843	-1	-1	-1
0	256	-6.93614	-4.52099	-1	-1	-1
0	256	2.74824	-2.86593	2362	2526.28	-1
0	256	-8.88814	-2.92586	-1	-1	-1
0	256	-5.18254	-6.61782	-1	-1	-1
0	256	-3.60597	-0.0544386	1533	1662.94	-1
0	256	7.47301	-3.90826	-1	-1	-1
0	256	-6.72347	7.36392	-1	-1	-1
0	256	-0.740626	8.77453	-1	-1	-1
0	256	-4.61578	-1.27439	2986	3022.59	-1
0	256	6.51041	4.99528	4900	5016.81	-1
0	256	-7.47022	5.08159	-1	-1	-1
0	256	8.90589	-3.55511	-1	-1	-1
0	256	-2.9435	6.8648	-1	-1	-1
0	256	-3.65793	-2.04117	3108	3142.09	-1
0	256	2.4669	5.92554	520	569	-1
0	256	-4.79015	-1.54716	3062	3101.03	-1
0	256	-3.51331	-4.19872	2032	2182.84	-1
0	256	-7.33317	-2.06535	524	578.094	-1
0	256	9.00609	-0.742041	-1	-1	-1
0	256	0.495717	1.80476	47	67.3125	-1
0	256	3.70241	7.01492	1045	1103.19	-1
0	256	0.539338	-7.69228	-1	-1	-1
0	256	2.96423	2.5866	192	226.156	-1
0	256	-8.64659	-0.870962	-1	-1	-1
0	256	-3.77495	-2.79856	3351	3393.91	-1
0	256	-7.38169	-6.33008	-1	-1	-1
0	256	-4.10862	-4.08634	4451	4614.62	-1
0	256	-2.81219	1.17486	96	131.656	-1
0	256	-4.85378	3.02274	1782	1916.84	-1
0	256	2.99489	4.35375	4748	4888.59	-1
0	256	-1.39781	4.38241	304	341.312	-1
0	256	-4.41282	-2.70347	3178	3308.75	-1
0	256	4.74571	1.91228	1526	1573.12	-1
0	256	-5.00391	-6.82963	-1	-1	-1
0	256	-6.22401	5.09285	2462	2598.16	-1
0	256	4.33612	-2.73017	4182	4352.09	-1
0	256	9.24471	-1.14308	4710	4786.06	-1
0	256	8.27132	-4.59396	-1	-1	-1
0	256	-2.93797	2.6844	40	77.125	-1
0	256	-2.35965	-2.44374	1196	1228.91	-1
0	256	3.72121	4.08659	2016	2076.44	-1
0	256	-8.0961	3.97704	398	487.531	-1
0	256	-5.05819	0.186382	-1	-1	-1
0	256	4.88554	-8.66601	-1	-1	-1
0	256	6.74201	3.39664	-1	-1	-1
0	256	-4.03791	-1.86913	4679	4792.72	-1
0	256	3.32533	6.0261	-1	-1	-1
0	256	6.58104	1.64755	1946	1996.44	-1
0	256	4.57241	8.54845	-1	-1	-1
0	256	1.93654	5.3949	-1	-1	-1
0	256	5.76764	2.18358	3296	3342.94	-1
0	256	-6.13843	7.74271	4615	4690	-1
0	256	6.17854	-0.797617	-1	-1	-1
0	256	7.65497	1.21185	-1	-1	-1
0	256	6.20309	-2.13683	4959	5008.59	-1
0	256	-0.272058	8.38278	-1	-1	-1
0	256	-3.06228	-0.187481	29	62.5	-1
0	256	-4.86134	4.91475	722	875.969	-1
0	256	7.78327	0.702149	-1	-1	-1
0	256	-6.20641	7.29682	3980	4054.56	-1
0	256	-3.66573	-4.64914	2229	2276.66	-1
0	256	1.60638	8.78129	1519	1603	-1
0	256	4.41456	8.00431	-1	-1	-1
0	256	7.71211	5.78711	3874	3953.66	-1
0	256	1.91203	7.91738	608	670.906	-1
0	256	4.63051	-1.24795	1734	1771.62	-1
0	256	5.1839	-3.5837	-1	-1	-1
0	256	-8.38927	4.16556	-1	-1	-1
0	256	-7.29518	2.58975	-1	-1	-1
0	256	6.92777	1.77683	2284	2342.31	-1
0	256	8.1862	-4.82026	-1	-1	-1
0	256	-4.81605	-3.7441	754	800.031	-1
0	256	-6.69908	6.14336	3837	3905.16	-1
0	256	-8.38516	3.7765	-1	-1	-1
0	256	5.91578	4.90613	-1	-1	-1
0	256	-4.192	7.20552	3323	3388.34	-1
0	256	2.55265	5.6346	318	364.094	-1
0	256	-8.38729	-2.71962	-1	-1	-1
0	256	3.0159	-6.95482	3072	3128.69	-1
0	256	-7.27995	-0.236101	4388	4485.03	-1
0	256	3.88078	8.38288	-1	-1	-1
0	256	-5.94515	7.81202	-1	-1	-1
0	256	6.4103	-7.23427	3021	3152.97	-1
0	256	6.96353	7.72335	-1	-1	-1
0	256	-3.78919	-5.47836	-1	-1	-1
0	256	8.28573	0.609236	-1	-1	-1
0	256	5.82911	-5.73578	-1	-1	-1
0	256	5.99024	1.40444	132	177.75	-1
0	256	4.64057	2.97846	4900	5019.5	-1
0	256	7.07572	2.41739	3049	3107	-1
0	256	-4.9838	-8.14914	-1	-1	-1
0	256	5.20972	3.9951	673	723.625	-1
0	256	3.34895	-5.09607	2103	2150.06	-1
0	256	-2.5145	-3.26701	3992	4140.72	-1
0	256	-9.59412	0.886068	-1	-1	-1
0	256	5.38852	5.82597	2877	2949.91	-1
0	256	2.75799	4.26797	844	967.156	-1
0	256	-6.12042	1.68527	-1	-1	-1
0	256	-9.03761	-6.21162	-1	-1	-1
0	256	-0.0356136	8.67128	-1	-1	-1
0	256	-0.00381674	-7.13362	-1	-1	-1
0	256	2.79585	3.04896	2184	2226.81	-1
0	256	0.916587	-9.36656	-1	-1	-1
0	256	6.93653	1.22976	-1	-1	-1
0	256	-5.43269	-5.438	-1	-1	-1
0	256	2.98159	-4.07069	3038	3080.34	-1
0	256	6.59492	1.30524	2082	2134.91	-1
0	256	-4.94192	-3.90018	654	706.75	-1
0	256	-6.3408	-7.19324	-1	-1	-1
0	256	-4.38114	4.55458	-1	-1	-1
0	256	-7.3511	4.70943	258	324.219	-1
0	256	-4.93201	2.26174	2734	2776.44	-1
0	256	-6.97418	0.7618	4019	4075.03	-1
0	256	-4.54248	8.87775	3379	3450.31	-1
0	256	9.15638	-0.755982	-1	-1	-1
0	256	7.4971	6.98667	-1	-1	-1
0	256	-4.57929	1.49582	2893	2930.59	-1
0	256	0.277528	-6.05638	4983	5059.44	-1
0	256	-3.74555	5.70698	2501	2556.38	-1
0	256	4.46093	7.66115	-1	-1	-1
0	256	0.202602	7.18968	1057	1119.81	-1
0	256	3.13557	-4.40062	-1	-1	-1
0	256	6.80105	4.93106	-1	-1	-1
0	256	5.68053	3.59859	498	618.812	-1
0	256	-5.9249	-3.41695	3782	3836.22	-1
0	256	-8.03004	-5.84211	-1	-1	-1
0	256	4.50232	6.42298	-1	-1	-1
0	256	7.14493	2.93012	-1	-1	-1
0	256	-4.08443	2.10432	122	161.469	-1
0	256	-1.8325	7.05633	-1	-1	-1
0	256	8.77211	-4.0613	2444	2536.25	-1
0	256	-1.16996	9.39488	-1	-1	-1
0	256	4.47496	-8.3978	-1	-1	-1
0	256	4.64602	-7.98189	444	512.375	-1
0	256	-2.11227	6.91076	-1	-1	-1
0	256	7.18759	-1.93696	-1	-1	-1
0	256	1.76559	5.32522	612	654.312	-1
0	256	-7.37003	6.36688	-1	-1	-1
0	256	7.56989	-3.7835	3370	3433.84	-1
0	256	-8.4772	4.8488	3695	3774.94	-1
0	256	-3.20234	-5.08604	-1	-1	-1
0	256	6.3582	-4.32629	-1	-1	-1
0	256	-0.311139	-4.00604	234	266.281	-1
0	256	-7.62461	5.82301	-1	-1	-1
0	256	5.36563	7.80038	-1	-1	-1
0	256	-1.97956	8.75899	-1	-1	-1
0	256	-2.43597	4.49594	2404	2447.81	-1
0	256	-7.17748	-0.555657	4541	4606.44	-1
0	256	-3.29917	-8.04544	-1	-1	-1
0	256	-7.06961	-2.75175	-1	-1	-1
0	256	-2.88666	-5.52968	-1	-1	-1
0	256	5.83532	-5.24141	-1	-1	-1
0	256	-4.35557	5.2441	-1	-1	-1
0	256	-3.87434	-4.05432	4174	4346.56	-1
0	256	3.19409	-7.19611	-1	-1	-1
0	256	3.41639	-9.23111	-1	-1	-1
0	256	5.54741	5.44736	-1	-1	-1
0	256	8.46686	1.26878	4085	4147	-1
0	256	-2.57384	8.58582	-1	-1	-1
0	256	-4.77457	-4.5116	-1	-1	-1
0	256	7.70504	-2.44714	-1	-1	-1
0	256	-8.12916	5.0365	-1	-1	-1
0	256	-9.17745	2.38817	-1	-1	-1
0	256	-3.57138	-0.254009	142	171.938	-1
0	256	4.34474	-3.63711	2633	2677.44	-1
0	256	3.54785	-6.63891	-1	-1	-1
0	256	3.25325	0.314472	422	452.438	-1
0	256	-4.10241	3.81927	2921	2966.16	-1
0	256	0.587859	3.98445	30	71.875	-1
0	256	3.26609	-8.79168	-1	-1	-1
0	256	7.6569	-1.31685	4541	4601.78	-1
0	256	5.15833	8.16155	-1	-1	-1
0	256	-5.32823	2.49702	-1	-1	-1
0	256	4.19074	8.71815	2217	2285.78	-1
0	256	-5.68053	1.77541	210	255.188	-1
