Pile ID	Distribution Type	X-Position	Y-Position	Pickup Time	Drop Off Time	Ant ID
1	1	-5.53743	-5.73688	-1	-1	-1
1	1	-5.38743	-5.73688	-1	-1	-1
1	1	-5.23743	-5.73688	-1	-1	-1
1	1	-5.08743	-5.73688	-1	-1	-1
1	1	-4.93743	-5.73688	-1	-1	-1
1	1	-4.78743	-5.73688	-1	-1	-1
1	1	-4.63743	-5.73688	-1	-1	-1
1	1	-4.48743	-5.73688	-1	-1	-1
1	1	-4.33743	-5.73688	-1	-1	-1
1	1	-4.18743	-5.73688	-1	-1	-1
1	1	-4.03743	-5.73688	-1	-1	-1
1	1	-3.88743	-5.73688	-1	-1	-1
1	1	-3.73743	-5.73688	-1	-1	-1
1	1	-3.58743	-5.73688	-1	-1	-1
1	1	-3.43743	-5.73688	4865	4919.56	-1
1	1	-3.28743	-5.73688	-1	-1	-1
1	1	-5.53743	-5.58688	-1	-1	-1
1	1	-5.38743	-5.58688	-1	-1	-1
1	1	-5.23743	-5.58688	-1	-1	-1
1	1	-5.08743	-5.58688	-1	-1	-1
1	1	-4.93743	-5.58688	-1	-1	-1
1	1	-4.78743	-5.58688	-1	-1	-1
1	1	-4.63743	-5.58688	-1	-1	-1
1	1	-4.48743	-5.58688	-1	-1	-1
1	1	-4.33743	-5.58688	-1	-1	-1
1	1	-4.18743	-5.58688	-1	-1	-1
1	1	-4.03743	-5.58688	-1	-1	-1
1	1	-3.88743	-5.58688	-1	-1	-1
1	1	-3.73743	-5.58688	-1	-1	-1
1	1	-3.58743	-5.58688	-1	-1	-1
1	1	-3.43743	-5.58688	-1	-1	-1
1	1	-3.28743	-5.58688	-1	-1	-1
1	1	-5.53743	-5.43688	-1	-1	-1
1	1	-5.38743	-5.43688	-1	-1	-1
1	1	-5.23743	-5.43688	-1	-1	-1
1	1	-5.08743	-5.43688	-1	-1	-1
1	1	-4.93743	-5.43688	-1	-1	-1
1	1	-4.78743	-5.43688	-1	-1	-1
1	1	-4.63743	-5.43688	-1	-1	-1
1	1	-4.48743	-5.43688	-1	-1	-1
1	1	-4.33743	-5.43688	-1	-1	-1
1	1	-4.18743	-5.43688	-1	-1	-1
1	1	-4.03743	-5.43688	-1	-1	-1
1	1	-3.88743	-5.43688	-1	-1	-1
1	1	-3.73743	-5.43688	-1	-1	-1
1	1	-3.58743	-5.43688	-1	-1	-1
1	1	-3.43743	-5.43688	-1	-1	-1
1	1	-3.28743	-5.43688	-1	-1	-1
1	1	-5.53743	-5.28688	-1	-1	-1
1	1	-5.38743	-5.28688	-1	-1	-1
1	1	-5.23743	-5.28688	-1	-1	-1
1	1	-5.08743	-5.28688	-1	-1	-1
1	1	-4.93743	-5.28688	-1	-1	-1
1	1	-4.78743	-5.28688	-1	-1	-1
1	1	-4.63743	-5.28688	-1	-1	-1
1	1	-4.48743	-5.28688	-1	-1	-1
1	1	-4.33743	-5.28688	-1	-1	-1
1	1	-4.18743	-5.28688	-1	-1	-1
1	1	-4.03743	-5.28688	-1	-1	-1
1	1	-3.88743	-5.28688	-1	-1	-1
1	1	-3.73743	-5.28688	-1	-1	-1
1	1	-3.58743	-5.28688	-1	-1	-1
1	1	-3.43743	-5.28688	-1	-1	-1
1	1	-3.28743	-5.28688	2374	2425.84	-1
1	1	-5.53743	-5.13688	-1	-1	-1
1	1	-5.38743	-5.13688	-1	-1	-1
1	1	-5.23743	-5.13688	-1	-1	-1
1	1	-5.08743	-5.13688	-1	-1	-1
1	1	-4.93743	-5.13688	-1	-1	-1
1	1	-4.78743	-5.13688	-1	-1	-1
1	1	-4.63743	-5.13688	-1	-1	-1
1	1	-4.48743	-5.13688	-1	-1	-1
1	1	-4.33743	-5.13688	-1	-1	-1
1	1	-4.18743	-5.13688	-1	-1	-1
1	1	-4.03743	-5.13688	-1	-1	-1
1	1	-3.88743	-5.13688	-1	-1	-1
1	1	-3.73743	-5.13688	-1	-1	-1
1	1	-3.58743	-5.13688	-1	-1	-1
1	1	-3.43743	-5.13688	-1	-1	-1
1	1	-3.28743	-5.13688	-1	-1	-1
1	1	-5.53743	-4.98688	-1	-1	-1
1	1	-5.38743	-4.98688	-1	-1	-1
1	1	-5.23743	-4.98688	-1	-1	-1
1	1	-5.08743	-4.98688	-1	-1	-1
1	1	-4.93743	-4.98688	-1	-1	-1
1	1	-4.78743	-4.98688	-1	-1	-1
1	1	-4.63743	-4.98688	-1	-1	-1
1	1	-4.48743	-4.98688	-1	-1	-1
1	1	-4.33743	-4.98688	-1	-1	-1
1	1	-4.18743	-4.98688	-1	-1	-1
1	1	-4.03743	-4.98688	-1	-1	-1
1	1	-3.88743	-4.98688	-1	-1	-1
1	1	-3.73743	-4.98688	-1	-1	-1
1	1	-3.58743	-4.98688	-1	-1	-1
1	1	-3.43743	-4.98688	-1	-1	-1
1	1	-3.28743	-4.98688	-1	-1	-1
1	1	-5.53743	-4.83688	-1	-1	-1
1	1	-5.38743	-4.83688	-1	-1	-1
1	1	-5.23743	-4.83688	-1	-1	-1
1	1	-5.08743	-4.83688	-1	-1	-1
1	1	-4.93743	-4.83688	-1	-1	-1
1	1	-4.78743	-4.83688	-1	-1	-1
1	1	-4.63743	-4.83688	-1	-1	-1
1	1	-4.48743	-4.83688	-1	-1	-1
1	1	-4.33743	-4.83688	-1	-1	-1
1	1	-4.18743	-4.83688	-1	-1	-1
1	1	-4.03743	-4.83688	-1	-1	-1
1	1	-3.88743	-4.83688	-1	-1	-1
1	1	-3.73743	-4.83688	-1	-1	-1
1	1	-3.58743	-4.83688	-1	-1	-1
1	1	-3.43743	-4.83688	-1	-1	-1
1	1	-3.28743	-4.83688	-1	-1	-1
1	1	-5.53743	-4.68688	-1	-1	-1
1	1	-5.38743	-4.68688	-1	-1	-1
1	1	-5.23743	-4.68688	-1	-1	-1
1	1	-5.08743	-4.68688	-1	-1	-1
1	1	-4.93743	-4.68688	-1	-1	-1
1	1	-4.78743	-4.68688	-1	-1	-1
1	1	-4.63743	-4.68688	-1	-1	-1
1	1	-4.48743	-4.68688	-1	-1	-1
1	1	-4.33743	-4.68688	-1	-1	-1
1	1	-4.18743	-4.68688	-1	-1	-1
1	1	-4.03743	-4.68688	-1	-1	-1
1	1	-3.88743	-4.68688	-1	-1	-1
1	1	-3.73743	-4.68688	-1	-1	-1
1	1	-3.58743	-4.68688	-1	-1	-1
1	1	-3.43743	-4.68688	-1	-1	-1
1	1	-3.28743	-4.68688	1984	2122.75	-1
1	1	-5.53743	-4.53688	-1	-1	-1
1	1	-5.38743	-4.53688	-1	-1	-1
1	1	-5.23743	-4.53688	-1	-1	-1
1	1	-5.08743	-4.53688	-1	-1	-1
1	1	-4.93743	-4.53688	-1	-1	-1
1	1	-4.78743	-4.53688	-1	-1	-1
1	1	-4.63743	-4.53688	-1	-1	-1
1	1	-4.48743	-4.53688	-1	-1	-1
1	1	-4.33743	-4.53688	-1	-1	-1
1	1	-4.18743	-4.53688	-1	-1	-1
1	1	-4.03743	-4.53688	-1	-1	-1
1	1	-3.88743	-4.53688	-1	-1	-1
1	1	-3.73743	-4.53688	-1	-1	-1
1	1	-3.58743	-4.53688	-1	-1	-1
1	1	-3.43743	-4.53688	-1	-1	-1
1	1	-3.28743	-4.53688	2167	2220.06	-1
1	1	-5.53743	-4.38688	-1	-1	-1
1	1	-5.38743	-4.38688	-1	-1	-1
1	1	-5.23743	-4.38688	-1	-1	-1
1	1	-5.08743	-4.38688	-1	-1	-1
1	1	-4.93743	-4.38688	-1	-1	-1
1	1	-4.78743	-4.38688	-1	-1	-1
1	1	-4.63743	-4.38688	-1	-1	-1
1	1	-4.48743	-4.38688	-1	-1	-1
1	1	-4.33743	-4.38688	-1	-1	-1
1	1	-4.18743	-4.38688	-1	-1	-1
1	1	-4.03743	-4.38688	-1	-1	-1
1	1	-3.88743	-4.38688	-1	-1	-1
1	1	-3.73743	-4.38688	-1	-1	-1
1	1	-3.58743	-4.38688	-1	-1	-1
1	1	-3.43743	-4.38688	-1	-1	-1
1	1	-3.28743	-4.38688	-1	-1	-1
1	1	-5.53743	-4.23688	-1	-1	-1
1	1	-5.38743	-4.23688	-1	-1	-1
1	1	-5.23743	-4.23688	-1	-1	-1
1	1	-5.08743	-4.23688	-1	-1	-1
1	1	-4.93743	-4.23688	-1	-1	-1
1	1	-4.78743	-4.23688	-1	-1	-1
1	1	-4.63743	-4.23688	-1	-1	-1
1	1	-4.48743	-4.23688	-1	-1	-1
1	1	-4.33743	-4.23688	-1	-1	-1
1	1	-4.18743	-4.23688	-1	-1	-1
1	1	-4.03743	-4.23688	-1	-1	-1
1	1	-3.88743	-4.23688	-1	-1	-1
1	1	-3.73743	-4.23688	-1	-1	-1
1	1	-3.58743	-4.23688	-1	-1	-1
1	1	-3.43743	-4.23688	-1	-1	-1
1	1	-3.28743	-4.23688	-1	-1	-1
1	1	-5.53743	-4.08688	-1	-1	-1
1	1	-5.38743	-4.08688	-1	-1	-1
1	1	-5.23743	-4.08688	-1	-1	-1
1	1	-5.08743	-4.08688	-1	-1	-1
1	1	-4.93743	-4.08688	-1	-1	-1
1	1	-4.78743	-4.08688	-1	-1	-1
1	1	-4.63743	-4.08688	-1	-1	-1
1	1	-4.48743	-4.08688	-1	-1	-1
1	1	-4.33743	-4.08688	-1	-1	-1
1	1	-4.18743	-4.08688	-1	-1	-1
1	1	-4.03743	-4.08688	-1	-1	-1
1	1	-3.88743	-4.08688	-1	-1	-1
1	1	-3.73743	-4.08688	-1	-1	-1
1	1	-3.58743	-4.08688	-1	-1	-1
1	1	-3.43743	-4.08688	-1	-1	-1
1	1	-3.28743	-4.08688	-1	-1	-1
1	1	-5.53743	-3.93688	-1	-1	-1
1	1	-5.38743	-3.93688	-1	-1	-1
1	1	-5.23743	-3.93688	-1	-1	-1
1	1	-5.08743	-3.93688	-1	-1	-1
1	1	-4.93743	-3.93688	-1	-1	-1
1	1	-4.78743	-3.93688	-1	-1	-1
1	1	-4.63743	-3.93688	-1	-1	-1
1	1	-4.48743	-3.93688	-1	-1	-1
1	1	-4.33743	-3.93688	-1	-1	-1
1	1	-4.18743	-3.93688	-1	-1	-1
1	1	-4.03743	-3.93688	-1	-1	-1
1	1	-3.88743	-3.93688	-1	-1	-1
1	1	-3.73743	-3.93688	-1	-1	-1
1	1	-3.58743	-3.93688	-1	-1	-1
1	1	-3.43743	-3.93688	-1	-1	-1
1	1	-3.28743	-3.93688	-1	-1	-1
1	1	-5.53743	-3.78688	-1	-1	-1
1	1	-5.38743	-3.78688	-1	-1	-1
1	1	-5.23743	-3.78688	-1	-1	-1
1	1	-5.08743	-3.78688	-1	-1	-1
1	1	-4.93743	-3.78688	-1	-1	-1
1	1	-4.78743	-3.78688	-1	-1	-1
1	1	-4.63743	-3.78688	-1	-1	-1
1	1	-4.48743	-3.78688	-1	-1	-1
1	1	-4.33743	-3.78688	-1	-1	-1
1	1	-4.18743	-3.78688	-1	-1	-1
1	1	-4.03743	-3.78688	-1	-1	-1
1	1	-3.88743	-3.78688	-1	-1	-1
1	1	-3.73743	-3.78688	-1	-1	-1
1	1	-3.58743	-3.78688	-1	-1	-1
1	1	-3.43743	-3.78688	-1	-1	-1
1	1	-3.28743	-3.78688	699	741.562	-1
1	1	-5.53743	-3.63688	-1	-1	-1
1	1	-5.38743	-3.63688	-1	-1	-1
1	1	-5.23743	-3.63688	-1	-1	-1
1	1	-5.08743	-3.63688	-1	-1	-1
1	1	-4.93743	-3.63688	-1	-1	-1
1	1	-4.78743	-3.63688	-1	-1	-1
1	1	-4.63743	-3.63688	-1	-1	-1
1	1	-4.48743	-3.63688	-1	-1	-1
1	1	-4.33743	-3.63688	-1	-1	-1
1	1	-4.18743	-3.63688	-1	-1	-1
1	1	-4.03743	-3.63688	-1	-1	-1
1	1	-3.88743	-3.63688	-1	-1	-1
1	1	-3.73743	-3.63688	-1	-1	-1
1	1	-3.58743	-3.63688	-1	-1	-1
1	1	-3.43743	-3.63688	-1	-1	-1
1	1	-3.28743	-3.63688	777	818.812	-1
1	1	-5.53743	-3.48688	-1	-1	-1
1	1	-5.38743	-3.48688	-1	-1	-1
1	1	-5.23743	-3.48688	-1	-1	-1
1	1	-5.08743	-3.48688	-1	-1	-1
1	1	-4.93743	-3.48688	-1	-1	-1
1	1	-4.78743	-3.48688	-1	-1	-1
1	1	-4.63743	-3.48688	-1	-1	-1
1	1	-4.48743	-3.48688	-1	-1	-1
1	1	-4.33743	-3.48688	-1	-1	-1
1	1	-4.18743	-3.48688	-1	-1	-1
1	1	-4.03743	-3.48688	-1	-1	-1
1	1	-3.88743	-3.48688	-1	-1	-1
1	1	-3.73743	-3.48688	-1	-1	-1
1	1	-3.58743	-3.48688	-1	-1	-1
1	1	-3.43743	-3.48688	-1	-1	-1
1	1	-3.28743	-3.48688	4849	4893.69	-1
2	4	-4.01531	-7.51397	-1	-1	-1
2	4	-3.86531	-7.51397	-1	-1	-1
2	4	-3.71531	-7.51397	-1	-1	-1
2	4	-3.56531	-7.51397	-1	-1	-1
2	4	-3.41531	-7.51397	-1	-1	-1
2	4	-3.26531	-7.51397	-1	-1	-1
2	4	-3.11531	-7.51397	-1	-1	-1
2	4	-2.96531	-7.51397	-1	-1	-1
2	4	-4.01531	-7.36397	-1	-1	-1
2	4	-3.86531	-7.36397	-1	-1	-1
2	4	-3.71531	-7.36397	-1	-1	-1
2	4	-3.56531	-7.36397	-1	-1	-1
2	4	-3.41531	-7.36397	-1	-1	-1
2	4	-3.26531	-7.36397	-1	-1	-1
2	4	-3.11531	-7.36397	-1	-1	-1
2	4	-2.96531	-7.36397	-1	-1	-1
2	4	-4.01531	-7.21397	-1	-1	-1
2	4	-3.86531	-7.21397	-1	-1	-1
2	4	-3.71531	-7.21397	-1	-1	-1
2	4	-3.56531	-7.21397	-1	-1	-1
2	4	-3.41531	-7.21397	-1	-1	-1
2	4	-3.26531	-7.21397	-1	-1	-1
2	4	-3.11531	-7.21397	-1	-1	-1
2	4	-2.96531	-7.21397	-1	-1	-1
2	4	-4.01531	-7.06397	-1	-1	-1
2	4	-3.86531	-7.06397	-1	-1	-1
2	4	-3.71531	-7.06397	-1	-1	-1
2	4	-3.56531	-7.06397	-1	-1	-1
2	4	-3.41531	-7.06397	-1	-1	-1
2	4	-3.26531	-7.06397	-1	-1	-1
2	4	-3.11531	-7.06397	-1	-1	-1
2	4	-2.96531	-7.06397	-1	-1	-1
2	4	-4.01531	-6.91397	-1	-1	-1
2	4	-3.86531	-6.91397	-1	-1	-1
2	4	-3.71531	-6.91397	-1	-1	-1
2	4	-3.56531	-6.91397	-1	-1	-1
2	4	-3.41531	-6.91397	-1	-1	-1
2	4	-3.26531	-6.91397	-1	-1	-1
2	4	-3.11531	-6.91397	-1	-1	-1
2	4	-2.96531	-6.91397	-1	-1	-1
2	4	-4.01531	-6.76397	4398	4458.5	-1
2	4	-3.86531	-6.76397	-1	-1	-1
2	4	-3.71531	-6.76397	-1	-1	-1
2	4	-3.56531	-6.76397	-1	-1	-1
2	4	-3.41531	-6.76397	-1	-1	-1
2	4	-3.26531	-6.76397	-1	-1	-1
2	4	-3.11531	-6.76397	-1	-1	-1
2	4	-2.96531	-6.76397	-1	-1	-1
2	4	-4.01531	-6.61397	-1	-1	-1
2	4	-3.86531	-6.61397	-1	-1	-1
2	4	-3.71531	-6.61397	-1	-1	-1
2	4	-3.56531	-6.61397	-1	-1	-1
2	4	-3.41531	-6.61397	-1	-1	-1
2	4	-3.26531	-6.61397	-1	-1	-1
2	4	-3.11531	-6.61397	-1	-1	-1
2	4	-2.96531	-6.61397	-1	-1	-1
2	4	-4.01531	-6.46397	-1	-1	-1
2	4	-3.86531	-6.46397	5095	5154.09	-1
2	4	-3.71531	-6.46397	4978	5037.84	-1
2	4	-3.56531	-6.46397	-1	-1	-1
2	4	-3.41531	-6.46397	-1	-1	-1
2	4	-3.26531	-6.46397	-1	-1	-1
2	4	-3.11531	-6.46397	-1	-1	-1
2	4	-2.96531	-6.46397	5337	5395.03	-1
3	4	-6.32964	-3.20221	3330	3381.34	-1
3	4	-6.17964	-3.20221	-1	-1	-1
3	4	-6.02964	-3.20221	-1	-1	-1
3	4	-5.87964	-3.20221	-1	-1	-1
3	4	-5.72964	-3.20221	-1	-1	-1
3	4	-5.57964	-3.20221	-1	-1	-1
3	4	-5.42964	-3.20221	-1	-1	-1
3	4	-5.27964	-3.20221	-1	-1	-1
3	4	-6.32964	-3.05221	3437	3491.22	-1
3	4	-6.17964	-3.05221	-1	-1	-1
3	4	-6.02964	-3.05221	-1	-1	-1
3	4	-5.87964	-3.05221	-1	-1	-1
3	4	-5.72964	-3.05221	-1	-1	-1
3	4	-5.57964	-3.05221	-1	-1	-1
3	4	-5.42964	-3.05221	-1	-1	-1
3	4	-5.27964	-3.05221	-1	-1	-1
3	4	-6.32964	-2.90221	1714	1773.75	-1
3	4	-6.17964	-2.90221	1696	1752.16	-1
3	4	-6.02964	-2.90221	-1	-1	-1
3	4	-5.87964	-2.90221	-1	-1	-1
3	4	-5.72964	-2.90221	-1	-1	-1
3	4	-5.57964	-2.90221	-1	-1	-1
3	4	-5.42964	-2.90221	-1	-1	-1
3	4	-5.27964	-2.90221	-1	-1	-1
3	4	-6.32964	-2.75221	1457	1523	-1
3	4	-6.17964	-2.75221	1597	1644.97	-1
3	4	-6.02964	-2.75221	1171	1255.25	-1
3	4	-5.87964	-2.75221	1332	1435.56	-1
3	4	-5.72964	-2.75221	-1	-1	-1
3	4	-5.57964	-2.75221	-1	-1	-1
3	4	-5.42964	-2.75221	-1	-1	-1
3	4	-5.27964	-2.75221	-1	-1	-1
3	4	-6.32964	-2.60221	1275	1343.5	-1
3	4	-6.17964	-2.60221	1149	1206.47	-1
3	4	-6.02964	-2.60221	926	985.344	-1
3	4	-5.87964	-2.60221	1022	1090.06	-1
3	4	-5.72964	-2.60221	1349	1403.81	-1
3	4	-5.57964	-2.60221	-1	-1	-1
3	4	-5.42964	-2.60221	-1	-1	-1
3	4	-5.27964	-2.60221	-1	-1	-1
3	4	-6.32964	-2.45221	1314	1392.19	-1
3	4	-6.17964	-2.45221	949	1052.59	-1
3	4	-6.02964	-2.45221	702	754.344	-1
3	4	-5.87964	-2.45221	803	850.031	-1
3	4	-5.72964	-2.45221	1084	1152.31	-1
3	4	-5.57964	-2.45221	-1	-1	-1
3	4	-5.42964	-2.45221	-1	-1	-1
3	4	-5.27964	-2.45221	2896	3019.09	-1
3	4	-6.32964	-2.30221	577	630.031	-1
3	4	-6.17964	-2.30221	672	730.594	-1
3	4	-6.02964	-2.30221	567	616.562	-1
3	4	-5.87964	-2.30221	900	960.844	-1
3	4	-5.72964	-2.30221	1225	1301.88	-1
3	4	-5.57964	-2.30221	1281	1363.22	-1
3	4	-5.42964	-2.30221	1282	1331.69	-1
3	4	-5.27964	-2.30221	1387	1453.12	-1
3	4	-6.32964	-2.15221	367	419.469	-1
3	4	-6.17964	-2.15221	466	514.844	-1
3	4	-6.02964	-2.15221	244	292	-1
3	4	-5.87964	-2.15221	342	397	-1
3	4	-5.72964	-2.15221	850	915.688	-1
3	4	-5.57964	-2.15221	960	1030.34	-1
3	4	-5.42964	-2.15221	1026	1120.03	-1
3	4	-5.27964	-2.15221	1171	1220.31	-1
4	4	-8.75205	-9.03541	3768	3860.78	-1
4	4	-8.60205	-9.03541	3954	4048.31	-1
4	4	-8.45205	-9.03541	-1	-1	-1
4	4	-8.30205	-9.03541	-1	-1	-1
4	4	-8.15205	-9.03541	4867	4960.53	-1
4	4	-8.00205	-9.03541	4858	4951.66	-1
4	4	-7.85205	-9.03541	5046	5134.06	-1
4	4	-7.70205	-9.03541	4039	4127.31	-1
4	4	-8.75205	-8.88541	-1	-1	-1
4	4	-8.60205	-8.88541	-1	-1	-1
4	4	-8.45205	-8.88541	5133	5230	-1
4	4	-8.30205	-8.88541	-1	-1	-1
4	4	-8.15205	-8.88541	4581	4688.31	-1
4	4	-8.00205	-8.88541	4428	4527	-1
4	4	-7.85205	-8.88541	4787	4901.78	-1
4	4	-7.70205	-8.88541	4627	4720.34	-1
4	4	-8.75205	-8.73541	-1	-1	-1
4	4	-8.60205	-8.73541	5315	-1	-1
4	4	-8.45205	-8.73541	4863	4975.66	-1
4	4	-8.30205	-8.73541	4622	4715.12	-1
4	4	-8.15205	-8.73541	4608	4748.75	-1
4	4	-8.00205	-8.73541	4382	4488.69	-1
4	4	-7.85205	-8.73541	4163	4271.88	-1
4	4	-7.70205	-8.73541	4243	4328.78	-1
4	4	-8.75205	-8.58541	-1	-1	-1
4	4	-8.60205	-8.58541	-1	-1	-1
4	4	-8.45205	-8.58541	4698	4839.69	-1
4	4	-8.30205	-8.58541	4635	4729.03	-1
4	4	-8.15205	-8.58541	4455	4543.53	-1
4	4	-8.00205	-8.58541	4208	4313.53	-1
4	4	-7.85205	-8.58541	3985	4080.38	-1
4	4	-7.70205	-8.58541	3612	3699.12	-1
4	4	-8.75205	-8.43541	-1	-1	-1
4	4	-8.60205	-8.43541	-1	-1	-1
4	4	-8.45205	-8.43541	-1	-1	-1
4	4	-8.30205	-8.43541	4658	4757.28	-1
4	4	-8.15205	-8.43541	4413	4524.78	-1
4	4	-8.00205	-8.43541	3813	3898.47	-1
4	4	-7.85205	-8.43541	3635	3720.88	-1
4	4	-7.70205	-8.43541	3416	3501.03	-1
4	4	-8.75205	-8.28541	-1	-1	-1
4	4	-8.60205	-8.28541	-1	-1	-1
4	4	-8.45205	-8.28541	-1	-1	-1
4	4	-8.30205	-8.28541	5093	5184.5	-1
4	4	-8.15205	-8.28541	4688	4790.62	-1
4	4	-8.00205	-8.28541	4359	4447.34	-1
4	4	-7.85205	-8.28541	4232	4342.97	-1
4	4	-7.70205	-8.28541	3578	3660.06	-1
4	4	-8.75205	-8.13541	-1	-1	-1
4	4	-8.60205	-8.13541	-1	-1	-1
4	4	-8.45205	-8.13541	-1	-1	-1
4	4	-8.30205	-8.13541	4878	4975.09	-1
4	4	-8.15205	-8.13541	4705	4810.56	-1
4	4	-8.00205	-8.13541	4925	5009.41	-1
4	4	-7.85205	-8.13541	4424	4511.34	-1
4	4	-7.70205	-8.13541	4834	4929.31	-1
4	4	-8.75205	-7.98541	-1	-1	-1
4	4	-8.60205	-7.98541	-1	-1	-1
4	4	-8.45205	-7.98541	-1	-1	-1
4	4	-8.30205	-7.98541	-1	-1	-1
4	4	-8.15205	-7.98541	-1	-1	-1
4	4	-8.00205	-7.98541	5115	5213.47	-1
4	4	-7.85205	-7.98541	5246	5372.41	-1
4	4	-7.70205	-7.98541	-1	-1	-1
5	4	4.44766	4.21943	-1	-1	-1
5	4	4.59766	4.21943	-1	-1	-1
5	4	4.74766	4.21943	-1	-1	-1
5	4	4.89766	4.21943	-1	-1	-1
5	4	5.04766	4.21943	3269	3319.34	-1
5	4	5.19766	4.21943	2710	2799.47	-1
5	4	5.34766	4.21943	2599	2661.19	-1
5	4	5.49766	4.21943	2729	2780.06	-1
5	4	4.44766	4.36943	-1	-1	-1
5	4	4.59766	4.36943	-1	-1	-1
5	4	4.74766	4.36943	-1	-1	-1
5	4	4.89766	4.36943	2936	2993.62	-1
5	4	5.04766	4.36943	3047	3106.16	-1
5	4	5.19766	4.36943	2837	2900.81	-1
5	4	5.34766	4.36943	2954	3013.69	-1
5	4	5.49766	4.36943	2848	2924.59	-1
5	4	4.44766	4.51943	-1	-1	-1
5	4	4.59766	4.51943	-1	-1	-1
5	4	4.74766	4.51943	-1	-1	-1
5	4	4.89766	4.51943	2826	2878.47	-1
5	4	5.04766	4.51943	2712	2774.62	-1
5	4	5.19766	4.51943	2595	2650.19	-1
5	4	5.34766	4.51943	2481	2546.81	-1
5	4	5.49766	4.51943	1699	1761.09	-1
5	4	4.44766	4.66943	-1	-1	-1
5	4	4.59766	4.66943	-1	-1	-1
5	4	4.74766	4.66943	3163	3213.78	-1
5	4	4.89766	4.66943	2949	3003.53	-1
5	4	5.04766	4.66943	2966	3027.28	-1
5	4	5.19766	4.66943	2232	2312.78	-1
5	4	5.34766	4.66943	1665	1747.06	-1
5	4	5.49766	4.66943	1497	1561.06	-1
5	4	4.44766	4.81943	-1	-1	-1
5	4	4.59766	4.81943	-1	-1	-1
5	4	4.74766	4.81943	-1	-1	-1
5	4	4.89766	4.81943	-1	-1	-1
5	4	5.04766	4.81943	2355	2409.09	-1
5	4	5.19766	4.81943	1940	2003.31	-1
5	4	5.34766	4.81943	1384	1443.88	-1
5	4	5.49766	4.81943	1118	1174	-1
5	4	4.44766	4.96943	-1	-1	-1
5	4	4.59766	4.96943	-1	-1	-1
5	4	4.74766	4.96943	-1	-1	-1
5	4	4.89766	4.96943	-1	-1	-1
5	4	5.04766	4.96943	1896	1976.75	-1
5	4	5.19766	4.96943	1532	1586.75	-1
5	4	5.34766	4.96943	1253	1312.75	-1
5	4	5.49766	4.96943	1225	1295.75	-1
5	4	4.44766	5.11943	-1	-1	-1
5	4	4.59766	5.11943	-1	-1	-1
5	4	4.74766	5.11943	-1	-1	-1
5	4	4.89766	5.11943	2077	2140.12	-1
5	4	5.04766	5.11943	1927	1988.81	-1
5	4	5.19766	5.11943	1788	1843.25	-1
5	4	5.34766	5.11943	1670	1733.47	-1
5	4	5.49766	5.11943	1358	1424	-1
5	4	4.44766	5.26943	-1	-1	-1
5	4	4.59766	5.26943	-1	-1	-1
5	4	4.74766	5.26943	-1	-1	-1
5	4	4.89766	5.26943	2176	2234.47	-1
5	4	5.04766	5.26943	2052	2114.62	-1
5	4	5.19766	5.26943	2099	2170.72	-1
5	4	5.34766	5.26943	1810	1899.19	-1
5	4	5.49766	5.26943	1962	2039.94	-1
6	16	-4.1206	6.09083	-1	-1	-1
6	16	-3.9706	6.09083	-1	-1	-1
6	16	-3.8206	6.09083	-1	-1	-1
6	16	-3.6706	6.09083	2151	2270.09	-1
6	16	-4.1206	6.24083	-1	-1	-1
6	16	-3.9706	6.24083	-1	-1	-1
6	16	-3.8206	6.24083	-1	-1	-1
6	16	-3.6706	6.24083	-1	-1	-1
6	16	-4.1206	6.39083	-1	-1	-1
6	16	-3.9706	6.39083	-1	-1	-1
6	16	-3.8206	6.39083	-1	-1	-1
6	16	-3.6706	6.39083	-1	-1	-1
6	16	-4.1206	6.54083	-1	-1	-1
6	16	-3.9706	6.54083	-1	-1	-1
6	16	-3.8206	6.54083	-1	-1	-1
6	16	-3.6706	6.54083	-1	-1	-1
7	16	-4.6831	5.99205	-1	-1	-1
7	16	-4.5331	5.99205	-1	-1	-1
7	16	-4.3831	5.99205	-1	-1	-1
7	16	-4.2331	5.99205	-1	-1	-1
7	16	-4.6831	6.14205	-1	-1	-1
7	16	-4.5331	6.14205	-1	-1	-1
7	16	-4.3831	6.14205	-1	-1	-1
7	16	-4.2331	6.14205	-1	-1	-1
7	16	-4.6831	6.29205	-1	-1	-1
7	16	-4.5331	6.29205	-1	-1	-1
7	16	-4.3831	6.29205	-1	-1	-1
7	16	-4.2331	6.29205	-1	-1	-1
7	16	-4.6831	6.44205	-1	-1	-1
7	16	-4.5331	6.44205	-1	-1	-1
7	16	-4.3831	6.44205	-1	-1	-1
7	16	-4.2331	6.44205	-1	-1	-1
8	16	4.62693	-3.53628	2803	2850.88	-1
8	16	4.77693	-3.53628	-1	-1	-1
8	16	4.92693	-3.53628	3920	3982.34	-1
8	16	5.07693	-3.53628	-1	-1	-1
8	16	4.62693	-3.38628	3924	3986.44	-1
8	16	4.77693	-3.38628	3669	3745.53	-1
8	16	4.92693	-3.38628	3783	3866.72	-1
8	16	5.07693	-3.38628	4820	4867.69	-1
8	16	4.62693	-3.23628	3826	3875.09	-1
8	16	4.77693	-3.23628	3549	3595.69	-1
8	16	4.92693	-3.23628	3640	3702.03	-1
8	16	5.07693	-3.23628	4659	4774.66	-1
8	16	4.62693	-3.08628	1803	1926.53	-1
8	16	4.77693	-3.08628	1971	2020.72	-1
8	16	4.92693	-3.08628	3670	3724.66	-1
8	16	5.07693	-3.08628	3751	3801.97	-1
9	16	1.14809	-8.67298	-1	-1	-1
9	16	1.29809	-8.67298	-1	-1	-1
9	16	1.44809	-8.67298	-1	-1	-1
9	16	1.59809	-8.67298	3525	3589.16	-1
9	16	1.14809	-8.52298	-1	-1	-1
9	16	1.29809	-8.52298	-1	-1	-1
9	16	1.44809	-8.52298	-1	-1	-1
9	16	1.59809	-8.52298	3664	3732.75	-1
9	16	1.14809	-8.37298	-1	-1	-1
9	16	1.29809	-8.37298	-1	-1	-1
9	16	1.44809	-8.37298	-1	-1	-1
9	16	1.59809	-8.37298	-1	-1	-1
9	16	1.14809	-8.22298	995	1055.59	-1
9	16	1.29809	-8.22298	3198	3259.28	-1
9	16	1.44809	-8.22298	2936	2997.44	-1
9	16	1.59809	-8.22298	3072	3134.88	-1
10	16	-7.37569	-2.76735	-1	-1	-1
10	16	-7.22569	-2.76735	-1	-1	-1
10	16	-7.07569	-2.76735	-1	-1	-1
10	16	-6.92569	-2.76735	3156	3271.34	-1
10	16	-7.37569	-2.61735	-1	-1	-1
10	16	-7.22569	-2.61735	-1	-1	-1
10	16	-7.07569	-2.61735	1909	1966.72	-1
10	16	-6.92569	-2.61735	1799	1851.97	-1
10	16	-7.37569	-2.46735	-1	-1	-1
10	16	-7.22569	-2.46735	-1	-1	-1
10	16	-7.07569	-2.46735	-1	-1	-1
10	16	-6.92569	-2.46735	1567	1628.38	-1
10	16	-7.37569	-2.31735	-1	-1	-1
10	16	-7.22569	-2.31735	-1	-1	-1
10	16	-7.07569	-2.31735	4123	4237.88	-1
10	16	-6.92569	-2.31735	1676	1737.38	-1
11	16	-6.43089	3.80468	-1	-1	-1
11	16	-6.28089	3.80468	-1	-1	-1
11	16	-6.13089	3.80468	-1	-1	-1
11	16	-5.98089	3.80468	4633	4741.84	-1
11	16	-6.43089	3.95468	-1	-1	-1
11	16	-6.28089	3.95468	-1	-1	-1
11	16	-6.13089	3.95468	-1	-1	-1
11	16	-5.98089	3.95468	-1	-1	-1
11	16	-6.43089	4.10468	-1	-1	-1
11	16	-6.28089	4.10468	-1	-1	-1
11	16	-6.13089	4.10468	-1	-1	-1
11	16	-5.98089	4.10468	-1	-1	-1
11	16	-6.43089	4.25468	-1	-1	-1
11	16	-6.28089	4.25468	-1	-1	-1
11	16	-6.13089	4.25468	-1	-1	-1
11	16	-5.98089	4.25468	-1	-1	-1
12	16	1.86427	4.25093	307	350.344	-1
12	16	2.01427	4.25093	131	172.156	-1
12	16	2.16427	4.25093	207	244.188	-1
12	16	2.31427	4.25093	623	665.938	-1
12	16	1.86427	4.40093	491	543.219	-1
12	16	2.01427	4.40093	405	455.031	-1
12	16	2.16427	4.40093	531	578.031	-1
12	16	2.31427	4.40093	-1	-1	-1
12	16	1.86427	4.55093	526	590.5	-1
12	16	2.01427	4.55093	643	696.75	-1
12	16	2.16427	4.55093	-1	-1	-1
12	16	2.31427	4.55093	-1	-1	-1
12	16	1.86427	4.70093	-1	-1	-1
12	16	2.01427	4.70093	-1	-1	-1
12	16	2.16427	4.70093	-1	-1	-1
12	16	2.31427	4.70093	-1	-1	-1
13	16	-2.76472	-4.83726	-1	-1	-1
13	16	-2.61472	-4.83726	-1	-1	-1
13	16	-2.46472	-4.83726	-1	-1	-1
13	16	-2.31472	-4.83726	-1	-1	-1
13	16	-2.76472	-4.68726	-1	-1	-1
13	16	-2.61472	-4.68726	-1	-1	-1
13	16	-2.46472	-4.68726	5379	-1	-1
13	16	-2.31472	-4.68726	-1	-1	-1
13	16	-2.76472	-4.53726	865	910.438	-1
13	16	-2.61472	-4.53726	5170	5220.75	-1
13	16	-2.46472	-4.53726	5267	5315.88	-1
13	16	-2.31472	-4.53726	-1	-1	-1
13	16	-2.76472	-4.38726	-1	-1	-1
13	16	-2.61472	-4.38726	601	645.875	-1
13	16	-2.46472	-4.38726	428	558.094	-1
13	16	-2.31472	-4.38726	194	328.844	-1
14	16	-0.71391	5.84146	4027	4127.31	-1
14	16	-0.56391	5.84146	-1	-1	-1
14	16	-0.41391	5.84146	-1	-1	-1
14	16	-0.26391	5.84146	-1	-1	-1
14	16	-0.71391	5.99146	-1	-1	-1
14	16	-0.56391	5.99146	-1	-1	-1
14	16	-0.41391	5.99146	-1	-1	-1
14	16	-0.26391	5.99146	-1	-1	-1
14	16	-0.71391	6.14146	-1	-1	-1
14	16	-0.56391	6.14146	-1	-1	-1
14	16	-0.41391	6.14146	-1	-1	-1
14	16	-0.26391	6.14146	-1	-1	-1
14	16	-0.71391	6.29146	-1	-1	-1
14	16	-0.56391	6.29146	-1	-1	-1
14	16	-0.41391	6.29146	-1	-1	-1
14	16	-0.26391	6.29146	-1	-1	-1
15	16	-9.65893	0.386769	-1	-1	-1
15	16	-9.50893	0.386769	-1	-1	-1
15	16	-9.35893	0.386769	-1	-1	-1
15	16	-9.20893	0.386769	813	883.906	-1
15	16	-9.65893	0.536769	-1	-1	-1
15	16	-9.50893	0.536769	-1	-1	-1
15	16	-9.35893	0.536769	-1	-1	-1
15	16	-9.20893	0.536769	953	1024.66	-1
15	16	-9.65893	0.686769	-1	-1	-1
15	16	-9.50893	0.686769	-1	-1	-1
15	16	-9.35893	0.686769	-1	-1	-1
15	16	-9.20893	0.686769	-1	-1	-1
15	16	-9.65893	0.836769	-1	-1	-1
15	16	-9.50893	0.836769	-1	-1	-1
15	16	-9.35893	0.836769	-1	-1	-1
15	16	-9.20893	0.836769	-1	-1	-1
16	16	5.99829	6.87101	-1	-1	-1
16	16	6.14829	6.87101	-1	-1	-1
16	16	6.29829	6.87101	-1	-1	-1
16	16	6.44829	6.87101	-1	-1	-1
16	16	5.99829	7.02101	-1	-1	-1
16	16	6.14829	7.02101	-1	-1	-1
16	16	6.29829	7.02101	-1	-1	-1
16	16	6.44829	7.02101	-1	-1	-1
16	16	5.99829	7.17101	-1	-1	-1
16	16	6.14829	7.17101	-1	-1	-1
16	16	6.29829	7.17101	-1	-1	-1
16	16	6.44829	7.17101	-1	-1	-1
16	16	5.99829	7.32101	5218	5284.94	-1
16	16	6.14829	7.32101	-1	-1	-1
16	16	6.29829	7.32101	-1	-1	-1
16	16	6.44829	7.32101	-1	-1	-1
17	16	-0.168116	4.55252	33	69.4688	-1
17	16	-0.0181161	4.55252	105	145.719	-1
17	16	0.131884	4.55252	2782	2816.91	-1
17	16	0.281884	4.55252	-1	-1	-1
17	16	-0.168116	4.70252	-1	-1	-1
17	16	-0.0181161	4.70252	-1	-1	-1
17	16	0.131884	4.70252	-1	-1	-1
17	16	0.281884	4.70252	-1	-1	-1
17	16	-0.168116	4.85252	-1	-1	-1
17	16	-0.0181161	4.85252	-1	-1	-1
17	16	0.131884	4.85252	-1	-1	-1
17	16	0.281884	4.85252	-1	-1	-1
17	16	-0.168116	5.00252	3167	3213.28	-1
17	16	-0.0181161	5.00252	-1	-1	-1
17	16	0.131884	5.00252	-1	-1	-1
17	16	0.281884	5.00252	-1	-1	-1
18	16	0.73341	6.87489	3047	3099.34	-1
18	16	0.88341	6.87489	-1	-1	-1
18	16	1.03341	6.87489	-1	-1	-1
18	16	1.18341	6.87489	-1	-1	-1
18	16	0.73341	7.02489	-1	-1	-1
18	16	0.88341	7.02489	-1	-1	-1
18	16	1.03341	7.02489	-1	-1	-1
18	16	1.18341	7.02489	-1	-1	-1
18	16	0.73341	7.17489	-1	-1	-1
18	16	0.88341	7.17489	-1	-1	-1
18	16	1.03341	7.17489	-1	-1	-1
18	16	1.18341	7.17489	-1	-1	-1
18	16	0.73341	7.32489	-1	-1	-1
18	16	0.88341	7.32489	-1	-1	-1
18	16	1.03341	7.32489	-1	-1	-1
18	16	1.18341	7.32489	-1	-1	-1
19	16	4.14998	3.48731	-1	-1	-1
19	16	4.29998	3.48731	-1	-1	-1
19	16	4.44998	3.48731	-1	-1	-1
19	16	4.59998	3.48731	5214	5256.91	-1
19	16	4.14998	3.63731	-1	-1	-1
19	16	4.29998	3.63731	-1	-1	-1
19	16	4.44998	3.63731	-1	-1	-1
19	16	4.59998	3.63731	-1	-1	-1
19	16	4.14998	3.78731	-1	-1	-1
19	16	4.29998	3.78731	-1	-1	-1
19	16	4.44998	3.78731	-1	-1	-1
19	16	4.59998	3.78731	-1	-1	-1
19	16	4.14998	3.93731	-1	-1	-1
19	16	4.29998	3.93731	-1	-1	-1
19	16	4.44998	3.93731	-1	-1	-1
19	16	4.59998	3.93731	-1	-1	-1
20	16	6.31757	-6.64164	-1	-1	-1
20	16	6.46757	-6.64164	-1	-1	-1
20	16	6.61757	-6.64164	-1	-1	-1
20	16	6.76757	-6.64164	-1	-1	-1
20	16	6.31757	-6.49164	-1	-1	-1
20	16	6.46757	-6.49164	-1	-1	-1
20	16	6.61757	-6.49164	-1	-1	-1
20	16	6.76757	-6.49164	-1	-1	-1
20	16	6.31757	-6.34164	4583	4647.41	-1
20	16	6.46757	-6.34164	-1	-1	-1
20	16	6.61757	-6.34164	-1	-1	-1
20	16	6.76757	-6.34164	-1	-1	-1
20	16	6.31757	-6.19164	4450	4517.59	-1
20	16	6.46757	-6.19164	4710	4775.59	-1
20	16	6.61757	-6.19164	-1	-1	-1
20	16	6.76757	-6.19164	-1	-1	-1
21	16	-0.855684	-7.79514	-1	-1	-1
21	16	-0.705684	-7.79514	-1	-1	-1
21	16	-0.555684	-7.79514	-1	-1	-1
21	16	-0.405684	-7.79514	-1	-1	-1
21	16	-0.855684	-7.64514	-1	-1	-1
21	16	-0.705684	-7.64514	-1	-1	-1
21	16	-0.555684	-7.64514	-1	-1	-1
21	16	-0.405684	-7.64514	-1	-1	-1
21	16	-0.855684	-7.49514	-1	-1	-1
21	16	-0.705684	-7.49514	-1	-1	-1
21	16	-0.555684	-7.49514	-1	-1	-1
21	16	-0.405684	-7.49514	-1	-1	-1
21	16	-0.855684	-7.34514	-1	-1	-1
21	16	-0.705684	-7.34514	-1	-1	-1
21	16	-0.555684	-7.34514	-1	-1	-1
21	16	-0.405684	-7.34514	-1	-1	-1
0	256	-3.31555	5.21171	504	553.562	-1
0	256	-6.38749	-1.51323	924	971.094	-1
0	256	5.13952	1.34335	-1	-1	-1
0	256	-6.40317	3.43375	-1	-1	-1
0	256	3.16598	-9.09675	3375	3445.56	-1
0	256	-1.25583	-8.13908	-1	-1	-1
0	256	4.09289	1.26541	1756	1882.59	-1
0	256	8.27929	4.53578	1500	1635.31	-1
0	256	7.91486	-5.4574	4000	4077.53	-1
0	256	0.165719	7.88841	-1	-1	-1
0	256	4.69174	-0.0832507	-1	-1	-1
0	256	-4.22133	8.08947	-1	-1	-1
0	256	-1.44128	3.06201	-1	-1	-1
0	256	4.49534	1.55142	1482	1617.25	-1
0	256	5.93821	-1.83198	3156	3205.22	-1
0	256	-1.36223	-6.85881	-1	-1	-1
0	256	-6.38411	0.810787	732	782.438	-1
0	256	-5.66079	-5.19471	-1	-1	-1
0	256	0.314549	-6.49145	-1	-1	-1
0	256	-6.34784	8.10462	-1	-1	-1
0	256	6.07914	-2.72897	4266	4376.62	-1
0	256	-1.62417	5.84201	-1	-1	-1
0	256	1.3041	2.88808	4095	4231.28	-1
0	256	-4.83998	-3.17899	-1	-1	-1
0	256	3.54346	-0.928955	2156	2194.78	-1
0	256	-5.21243	1.42548	-1	-1	-1
0	256	-2.34811	-8.18773	3835	3904.66	-1
0	256	7.00768	0.963156	-1	-1	-1
0	256	-5.10234	7.69719	-1	-1	-1
0	256	2.67398	2.2987	326	369.562	-1
0	256	-1.3328	-7.01234	-1	-1	-1
0	256	-5.3361	8.22785	-1	-1	-1
0	256	-0.251122	8.0726	-1	-1	-1
0	256	-8.9863	-3.92201	-1	-1	-1
0	256	-4.96549	0.0428272	1385	1422.38	-1
0	256	-6.03673	1.59117	-1	-1	-1
0	256	-3.76482	-2.61628	2550	2680.91	-1
0	256	1.92744	-3.00573	-1	-1	-1
0	256	0.781101	-7.73414	174	233.594	-1
0	256	0.914025	7.65589	-1	-1	-1
0	256	3.34862	-5.91196	-1	-1	-1
0	256	-6.96602	8.57795	-1	-1	-1
0	256	-6.14431	-4.15681	-1	-1	-1
0	256	-7.05051	4.4811	-1	-1	-1
0	256	8.24095	5.53286	3397	3465.97	-1
0	256	2.92874	-2.81441	3355	3526.31	-1
0	256	-0.558047	9.00926	2771	2837.56	-1
0	256	-8.29074	2.02221	-1	-1	-1
0	256	4.42317	-4.32503	-1	-1	-1
0	256	6.072	5.26898	2211	2274.84	-1
0	256	7.38316	7.56725	-1	-1	-1
0	256	-4.67772	-6.92765	4521	4588.16	-1
0	256	-6.89857	-5.54941	-1	-1	-1
0	256	7.01249	0.519936	-1	-1	-1
0	256	2.20552	4.13119	43	97.5625	-1
0	256	-0.410827	-6.68936	-1	-1	-1
0	256	8.5042	-3.79888	4862	4941.62	-1
0	256	-2.13121	6.543	-1	-1	-1
0	256	-0.820643	4.56791	131	168.438	-1
0	256	-5.68826	4.48877	-1	-1	-1
0	256	-4.19523	0.111967	-1	-1	-1
0	256	1.17627	4.60724	740	779.938	-1
0	256	0.477544	4.18217	140	189.094	-1
0	256	-0.879199	3.10527	529	558.438	-1
0	256	3.55277	8.3956	-1	-1	-1
0	256	-3.52046	3.27303	-1	-1	-1
0	256	0.689088	8.28261	-1	-1	-1
0	256	-8.62857	-4.8697	-1	-1	-1
0	256	7.30205	-2.76211	-1	-1	-1
0	256	-1.75056	5.47913	-1	-1	-1
0	256	8.57484	0.888641	3906	3969	-1
0	256	9.15139	-0.106039	2196	2263.34	-1
0	256	-0.825565	7.34172	-1	-1	-1
0	256	4.25436	-0.309173	3667	3781.38	-1
0	256	-5.27084	4.05131	-1	-1	-1
0	256	-4.94605	-7.50873	-1	-1	-1
0	256	3.76613	2.96196	5306	5347.88	-1
0	256	7.7405	-8.92181	3116	3220.34	-1
0	256	-1.99653	3.26845	1217	1251.47	-1
0	256	0.552885	4.32806	230	270.562	-1
0	256	9.24655	-1.49088	-1	-1	-1
0	256	7.95792	-2.90446	-1	-1	-1
0	256	-1.80443	-7.07602	2591	2647.25	-1
0	256	-2.08653	-7.27382	-1	-1	-1
0	256	8.26919	-2.63692	2909	2972.25	-1
0	256	-1.9677	2.00719	4205	4233.72	-1
0	256	-0.961947	8.39242	-1	-1	-1
0	256	1.03431	9.10514	611	683.469	-1
0	256	0.689211	-4.73659	814	931.719	-1
0	256	5.21264	-0.00652632	-1	-1	-1
0	256	-3.91176	-2.38724	-1	-1	-1
0	256	-2.97828	1.4365	2369	2397.47	-1
0	256	0.237585	3.2366	2456	2485.25	-1
0	256	2.89492	-4.98098	2170	2287.12	-1
0	256	3.9198	-5.53612	2687	2737.22	-1
0	256	7.02805	5.80994	3551	3618.59	-1
0	256	-7.51769	-2.49155	-1	-1	-1
0	256	-5.02673	8.55633	-1	-1	-1
0	256	9.39927	2.37592	1856	1929.53	-1
0	256	9.63052	1.35037	2015	2085.44	-1
0	256	1.7135	6.17952	-1	-1	-1
0	256	7.956	-1.58375	-1	-1	-1
0	256	-4.24887	-7.28248	-1	-1	-1
0	256	1.778	7.75962	-1	-1	-1
0	256	-8.26391	5.00003	-1	-1	-1
0	256	6.4653	6.76844	-1	-1	-1
0	256	6.74339	-2.75961	-1	-1	-1
0	256	-5.69535	4.00124	-1	-1	-1
0	256	-3.19299	-9.2778	-1	-1	-1
0	256	-3.88322	4.15233	5386	-1	-1
0	256	-4.41115	2.93546	-1	-1	-1
0	256	-1.30929	8.21159	-1	-1	-1
0	256	4.82199	-7.71111	-1	-1	-1
0	256	-5.00275	-1.44236	2254	2294.09	-1
0	256	-5.47014	2.13083	363	407.781	-1
0	256	0.420676	3.44791	1824	1953.09	-1
0	256	1.37698	3.46626	-1	-1	-1
0	256	-9.37203	-0.0770291	-1	-1	-1
0	256	-9.31946	4.22587	-1	-1	-1
0	256	-3.10199	0.656748	-1	-1	-1
0	256	1.07022	3.83464	4266	4298.53	-1
0	256	6.68632	-4.52587	-1	-1	-1
0	256	-8.47103	-2.07677	-1	-1	-1
0	256	-2.9608	6.88775	-1	-1	-1
0	256	-4.80541	-1.89806	1433	1484.75	-1
0	256	2.74821	8.40868	-1	-1	-1
0	256	4.64235	3.24539	5119	5166.34	-1
0	256	-7.24191	6.77617	-1	-1	-1
0	256	-9.1851	-2.90676	-1	-1	-1
0	256	1.24552	8.00402	-1	-1	-1
0	256	0.690987	4.18754	1989	2027.91	-1
0	256	4.90602	-1.28494	-1	-1	-1
0	256	5.69137	-2.76388	3269	3317.22	-1
0	256	3.10382	9.34873	-1	-1	-1
0	256	-0.641017	-3.04476	235	366.125	-1
0	256	8.71057	-1.64988	2804	2868.81	-1
0	256	2.51045	-7.09599	2383	2440.97	-1
0	256	4.07076	-6.93077	784	844.938	-1
0	256	4.85691	0.861245	2506	2615.88	-1
0	256	-3.40401	4.13421	2229	2377.94	-1
0	256	-0.429216	-5.12272	794	835.969	-1
0	256	7.16907	-1.52154	2665	2718.81	-1
0	256	7.21199	-3.35727	-1	-1	-1
0	256	-7.35981	-7.1888	5305	5380.31	-1
0	256	4.52621	-7.39848	-1	-1	-1
0	256	-7.80467	-2.88609	-1	-1	-1
0	256	4.69565	-8.59403	-1	-1	-1
0	256	-3.15889	-6.046	-1	-1	-1
0	256	-8.51794	-4.37704	-1	-1	-1
0	256	-1.58957	-6.90367	-1	-1	-1
0	256	2.82382	-1.23389	700	729.969	-1
0	256	-6.80447	0.692185	-1	-1	-1
0	256	-0.476786	-5.80672	-1	-1	-1
0	256	-8.42861	2.84518	-1	-1	-1
0	256	4.16467	5.80334	3212	3340.88	-1
0	256	-6.54362	-2.45076	1129	1200.75	-1
0	256	8.22128	-2.29751	-1	-1	-1
0	256	1.13676	-3.46604	559	588.062	-1
0	256	1.15901	-4.54351	2368	2404.97	-1
0	256	-4.40686	-2.05528	140	182.125	-1
0	256	6.41124	-4.79213	671	736.75	-1
0	256	-1.76616	5.89826	-1	-1	-1
0	256	8.69401	-0.376044	-1	-1	-1
0	256	-3.60005	9.18759	-1	-1	-1
0	256	-6.29155	6.40766	-1	-1	-1
0	256	-7.51375	-1.67041	4298	4357.16	-1
0	256	3.87796	-1.45574	2054	2110.97	-1
0	256	-4.87059	5.07902	2555	2693.91	-1
0	256	1.77036	-3.64887	106	282.5	-1
0	256	-2.36071	6.39962	-1	-1	-1
0	256	-8.7036	-1.48108	-1	-1	-1
0	256	4.23667	2.73358	480	608.062	-1
0	256	5.81191	4.28849	3294	3354.75	-1
0	256	-0.72138	-5.09279	877	922.844	-1
0	256	6.45443	1.30938	670	719.281	-1
0	256	0.600328	3.17973	465	492.75	-1
0	256	5.17921	6.48285	2226	2293.75	-1
0	256	3.19429	-5.22842	-1	-1	-1
0	256	7.49594	-5.76768	465	581.469	-1
0	256	-3.35022	-0.49885	1099	1178.47	-1
0	256	-6.20318	-6.22079	-1	-1	-1
0	256	-8.7569	5.77576	-1	-1	-1
0	256	8.45056	-2.32237	4085	4149.03	-1
0	256	6.55335	6.89034	3440	3521.19	-1
0	256	9.20108	3.6077	821	895.062	-1
0	256	7.499	-5.16723	-1	-1	-1
0	256	8.53973	3.2009	1938	2009.88	-1
0	256	-2.61972	5.25096	457	501.969	-1
0	256	7.94624	-2.36683	2780	2843.72	-1
0	256	-2.00677	6.21462	-1	-1	-1
0	256	-7.7515	2.71587	1594	1653.5	-1
0	256	7.95434	-2.80301	3908	4006.31	-1
0	256	-5.26887	5.16279	-1	-1	-1
0	256	5.62736	-3.75589	2479	2531.31	-1
0	256	0.2684	7.96709	-1	-1	-1
0	256	-5.25708	0.321423	-1	-1	-1
0	256	6.7229	-1.48328	3046	3099	-1
0	256	0.115034	-5.87632	-1	-1	-1
0	256	-1.53609	-4.38522	371	411.5	-1
0	256	-9.66787	-7.35145	-1	-1	-1
0	256	8.09654	-4.85968	-1	-1	-1
0	256	6.25975	6.50407	-1	-1	-1
0	256	2.01534	-3.28787	-1	-1	-1
0	256	-8.23362	-2.23708	5211	5271.78	-1
0	256	-7.1441	-6.19365	-1	-1	-1
0	256	-6.76821	-1.86471	1428	1479.75	-1
0	256	-5.34073	6.49699	-1	-1	-1
0	256	3.47941	-8.32116	-1	-1	-1
0	256	8.93718	-2.36112	-1	-1	-1
0	256	1.65807	-7.12122	-1	-1	-1
0	256	1.96566	-6.15444	2521	2625.12	-1
0	256	0.684422	-7.2809	-1	-1	-1
0	256	4.15823	4.05256	-1	-1	-1
0	256	7.27059	3.46989	-1	-1	-1
0	256	9.01468	-2.02765	2935	3001.16	-1
0	256	-8.85673	0.877357	-1	-1	-1
0	256	-6.54415	-4.24739	-1	-1	-1
0	256	-7.53602	2.01046	-1	-1	-1
0	256	1.46434	7.82203	-1	-1	-1
0	256	-1.03273	-3.64051	29	81	-1
0	256	-0.000355017	7.09979	-1	-1	-1
0	256	5.54191	-3.1904	3719	3785.59	-1
0	256	-6.83521	6.89243	-1	-1	-1
0	256	-5.54502	6.74139	-1	-1	-1
0	256	5.01048	-0.321817	-1	-1	-1
0	256	-4.87969	-1.62917	96	202.688	-1
0	256	-2.78758	-6.25464	2481	2531.84	-1
0	256	7.57555	-1.42755	-1	-1	-1
0	256	7.02911	-3.94759	3852	3915.5	-1
0	256	-6.05147	7.73036	-1	-1	-1
0	256	-3.01584	0.00799884	-1	-1	-1
0	256	-8.14161	3.39708	-1	-1	-1
0	256	4.87333	7.02006	-1	-1	-1
0	256	5.50652	-7.39382	3176	3275.16	-1
0	256	5.94615	-1.59987	3714	3762.69	-1
0	256	-9.52019	3.58392	-1	-1	-1
0	256	-8.32524	-0.0543366	-1	-1	-1
0	256	3.12972	-3.94203	39	86.3438	-1
0	256	4.24616	4.59197	-1	-1	-1
0	256	-4.19824	8.97503	-1	-1	-1
0	256	-3.46479	7.27867	-1	-1	-1
0	256	3.16485	-6.07327	5219	5335.78	-1
0	256	-1.04368	-6.16622	938	988.156	-1
0	256	2.93607	3.40013	335	384.531	-1
0	256	-5.96006	-4.49195	-1	-1	-1
0	256	6.69537	0.464053	2885	2935.56	-1
0	256	-7.49373	-0.700409	1067	1159.53	-1
0	256	3.96581	1.05682	1920	1960.53	-1
0	256	0.907725	-5.06217	1761	1800.62	-1
0	256	6.98106	4.38976	984	1045.66	-1
0	256	1.99059	2.35801	294	322.438	-1
0	256	9.21624	-1.07006	3529	3619.28	-1
0	256	-9.01506	8.80896	-1	-1	-1
0	256	-2.96825	-6.24202	5225	5279.62	-1
0	256	6.74706	-1.79778	3780	3833.66	-1
0	256	-0.103243	-3.53433	489	518.594	-1
