Pile ID	Distribution Type	X-Position	Y-Position	Pickup Time	Drop Off Time	Ant ID
1	1	4.65937	-4.07822	-1	-1	-1
1	1	4.80937	-4.07822	-1	-1	-1
1	1	4.95937	-4.07822	-1	-1	-1
1	1	5.10937	-4.07822	-1	-1	-1
1	1	5.25937	-4.07822	-1	-1	-1
1	1	5.40937	-4.07822	-1	-1	-1
1	1	5.55937	-4.07822	-1	-1	-1
1	1	5.70937	-4.07822	-1	-1	-1
1	1	5.85937	-4.07822	-1	-1	-1
1	1	6.00937	-4.07822	-1	-1	-1
1	1	6.15937	-4.07822	-1	-1	-1
1	1	6.30937	-4.07822	-1	-1	-1
1	1	6.45937	-4.07822	-1	-1	-1
1	1	6.60937	-4.07822	-1	-1	-1
1	1	6.75937	-4.07822	-1	-1	-1
1	1	6.90937	-4.07822	-1	-1	-1
1	1	4.65937	-3.92822	-1	-1	-1
1	1	4.80937	-3.92822	-1	-1	-1
1	1	4.95937	-3.92822	-1	-1	-1
1	1	5.10937	-3.92822	-1	-1	-1
1	1	5.25937	-3.92822	-1	-1	-1
1	1	5.40937	-3.92822	-1	-1	-1
1	1	5.55937	-3.92822	-1	-1	-1
1	1	5.70937	-3.92822	-1	-1	-1
1	1	5.85937	-3.92822	-1	-1	-1
1	1	6.00937	-3.92822	-1	-1	-1
1	1	6.15937	-3.92822	-1	-1	-1
1	1	6.30937	-3.92822	-1	-1	-1
1	1	6.45937	-3.92822	-1	-1	-1
1	1	6.60937	-3.92822	-1	-1	-1
1	1	6.75937	-3.92822	-1	-1	-1
1	1	6.90937	-3.92822	-1	-1	-1
1	1	4.65937	-3.77822	-1	-1	-1
1	1	4.80937	-3.77822	-1	-1	-1
1	1	4.95937	-3.77822	-1	-1	-1
1	1	5.10937	-3.77822	-1	-1	-1
1	1	5.25937	-3.77822	-1	-1	-1
1	1	5.40937	-3.77822	-1	-1	-1
1	1	5.55937	-3.77822	-1	-1	-1
1	1	5.70937	-3.77822	-1	-1	-1
1	1	5.85937	-3.77822	-1	-1	-1
1	1	6.00937	-3.77822	-1	-1	-1
1	1	6.15937	-3.77822	-1	-1	-1
1	1	6.30937	-3.77822	-1	-1	-1
1	1	6.45937	-3.77822	-1	-1	-1
1	1	6.60937	-3.77822	-1	-1	-1
1	1	6.75937	-3.77822	-1	-1	-1
1	1	6.90937	-3.77822	-1	-1	-1
1	1	4.65937	-3.62822	-1	-1	-1
1	1	4.80937	-3.62822	-1	-1	-1
1	1	4.95937	-3.62822	-1	-1	-1
1	1	5.10937	-3.62822	-1	-1	-1
1	1	5.25937	-3.62822	-1	-1	-1
1	1	5.40937	-3.62822	-1	-1	-1
1	1	5.55937	-3.62822	-1	-1	-1
1	1	5.70937	-3.62822	-1	-1	-1
1	1	5.85937	-3.62822	-1	-1	-1
1	1	6.00937	-3.62822	-1	-1	-1
1	1	6.15937	-3.62822	-1	-1	-1
1	1	6.30937	-3.62822	-1	-1	-1
1	1	6.45937	-3.62822	-1	-1	-1
1	1	6.60937	-3.62822	-1	-1	-1
1	1	6.75937	-3.62822	-1	-1	-1
1	1	6.90937	-3.62822	-1	-1	-1
1	1	4.65937	-3.47822	-1	-1	-1
1	1	4.80937	-3.47822	-1	-1	-1
1	1	4.95937	-3.47822	-1	-1	-1
1	1	5.10937	-3.47822	-1	-1	-1
1	1	5.25937	-3.47822	-1	-1	-1
1	1	5.40937	-3.47822	-1	-1	-1
1	1	5.55937	-3.47822	-1	-1	-1
1	1	5.70937	-3.47822	-1	-1	-1
1	1	5.85937	-3.47822	-1	-1	-1
1	1	6.00937	-3.47822	-1	-1	-1
1	1	6.15937	-3.47822	-1	-1	-1
1	1	6.30937	-3.47822	-1	-1	-1
1	1	6.45937	-3.47822	-1	-1	-1
1	1	6.60937	-3.47822	-1	-1	-1
1	1	6.75937	-3.47822	-1	-1	-1
1	1	6.90937	-3.47822	-1	-1	-1
1	1	4.65937	-3.32822	2608	2731.44	-1
1	1	4.80937	-3.32822	-1	-1	-1
1	1	4.95937	-3.32822	-1	-1	-1
1	1	5.10937	-3.32822	-1	-1	-1
1	1	5.25937	-3.32822	-1	-1	-1
1	1	5.40937	-3.32822	-1	-1	-1
1	1	5.55937	-3.32822	-1	-1	-1
1	1	5.70937	-3.32822	-1	-1	-1
1	1	5.85937	-3.32822	-1	-1	-1
1	1	6.00937	-3.32822	-1	-1	-1
1	1	6.15937	-3.32822	-1	-1	-1
1	1	6.30937	-3.32822	-1	-1	-1
1	1	6.45937	-3.32822	-1	-1	-1
1	1	6.60937	-3.32822	-1	-1	-1
1	1	6.75937	-3.32822	-1	-1	-1
1	1	6.90937	-3.32822	-1	-1	-1
1	1	4.65937	-3.17822	2773	2820	-1
1	1	4.80937	-3.17822	-1	-1	-1
1	1	4.95937	-3.17822	-1	-1	-1
1	1	5.10937	-3.17822	-1	-1	-1
1	1	5.25937	-3.17822	-1	-1	-1
1	1	5.40937	-3.17822	-1	-1	-1
1	1	5.55937	-3.17822	-1	-1	-1
1	1	5.70937	-3.17822	-1	-1	-1
1	1	5.85937	-3.17822	-1	-1	-1
1	1	6.00937	-3.17822	-1	-1	-1
1	1	6.15937	-3.17822	-1	-1	-1
1	1	6.30937	-3.17822	-1	-1	-1
1	1	6.45937	-3.17822	-1	-1	-1
1	1	6.60937	-3.17822	-1	-1	-1
1	1	6.75937	-3.17822	-1	-1	-1
1	1	6.90937	-3.17822	-1	-1	-1
1	1	4.65937	-3.02822	1768	1810.16	-1
1	1	4.80937	-3.02822	4075	4189.78	-1
1	1	4.95937	-3.02822	-1	-1	-1
1	1	5.10937	-3.02822	-1	-1	-1
1	1	5.25937	-3.02822	-1	-1	-1
1	1	5.40937	-3.02822	-1	-1	-1
1	1	5.55937	-3.02822	-1	-1	-1
1	1	5.70937	-3.02822	-1	-1	-1
1	1	5.85937	-3.02822	-1	-1	-1
1	1	6.00937	-3.02822	-1	-1	-1
1	1	6.15937	-3.02822	-1	-1	-1
1	1	6.30937	-3.02822	-1	-1	-1
1	1	6.45937	-3.02822	-1	-1	-1
1	1	6.60937	-3.02822	-1	-1	-1
1	1	6.75937	-3.02822	-1	-1	-1
1	1	6.90937	-3.02822	-1	-1	-1
1	1	4.65937	-2.87822	1859	1907.03	-1
1	1	4.80937	-2.87822	2865	2907.72	-1
1	1	4.95937	-2.87822	-1	-1	-1
1	1	5.10937	-2.87822	-1	-1	-1
1	1	5.25937	-2.87822	-1	-1	-1
1	1	5.40937	-2.87822	-1	-1	-1
1	1	5.55937	-2.87822	-1	-1	-1
1	1	5.70937	-2.87822	-1	-1	-1
1	1	5.85937	-2.87822	-1	-1	-1
1	1	6.00937	-2.87822	-1	-1	-1
1	1	6.15937	-2.87822	-1	-1	-1
1	1	6.30937	-2.87822	-1	-1	-1
1	1	6.45937	-2.87822	-1	-1	-1
1	1	6.60937	-2.87822	-1	-1	-1
1	1	6.75937	-2.87822	-1	-1	-1
1	1	6.90937	-2.87822	-1	-1	-1
1	1	4.65937	-2.72822	2946	2988.53	-1
1	1	4.80937	-2.72822	-1	-1	-1
1	1	4.95937	-2.72822	-1	-1	-1
1	1	5.10937	-2.72822	-1	-1	-1
1	1	5.25937	-2.72822	-1	-1	-1
1	1	5.40937	-2.72822	-1	-1	-1
1	1	5.55937	-2.72822	-1	-1	-1
1	1	5.70937	-2.72822	-1	-1	-1
1	1	5.85937	-2.72822	-1	-1	-1
1	1	6.00937	-2.72822	-1	-1	-1
1	1	6.15937	-2.72822	-1	-1	-1
1	1	6.30937	-2.72822	-1	-1	-1
1	1	6.45937	-2.72822	-1	-1	-1
1	1	6.60937	-2.72822	-1	-1	-1
1	1	6.75937	-2.72822	-1	-1	-1
1	1	6.90937	-2.72822	-1	-1	-1
1	1	4.65937	-2.57822	4234	4284.44	-1
1	1	4.80937	-2.57822	-1	-1	-1
1	1	4.95937	-2.57822	-1	-1	-1
1	1	5.10937	-2.57822	-1	-1	-1
1	1	5.25937	-2.57822	-1	-1	-1
1	1	5.40937	-2.57822	-1	-1	-1
1	1	5.55937	-2.57822	-1	-1	-1
1	1	5.70937	-2.57822	-1	-1	-1
1	1	5.85937	-2.57822	-1	-1	-1
1	1	6.00937	-2.57822	-1	-1	-1
1	1	6.15937	-2.57822	-1	-1	-1
1	1	6.30937	-2.57822	-1	-1	-1
1	1	6.45937	-2.57822	-1	-1	-1
1	1	6.60937	-2.57822	-1	-1	-1
1	1	6.75937	-2.57822	-1	-1	-1
1	1	6.90937	-2.57822	-1	-1	-1
1	1	4.65937	-2.42822	3396	3519.78	-1
1	1	4.80937	-2.42822	-1	-1	-1
1	1	4.95937	-2.42822	-1	-1	-1
1	1	5.10937	-2.42822	-1	-1	-1
1	1	5.25937	-2.42822	-1	-1	-1
1	1	5.40937	-2.42822	-1	-1	-1
1	1	5.55937	-2.42822	-1	-1	-1
1	1	5.70937	-2.42822	-1	-1	-1
1	1	5.85937	-2.42822	-1	-1	-1
1	1	6.00937	-2.42822	-1	-1	-1
1	1	6.15937	-2.42822	-1	-1	-1
1	1	6.30937	-2.42822	-1	-1	-1
1	1	6.45937	-2.42822	-1	-1	-1
1	1	6.60937	-2.42822	-1	-1	-1
1	1	6.75937	-2.42822	-1	-1	-1
1	1	6.90937	-2.42822	-1	-1	-1
1	1	4.65937	-2.27822	3556	3600.66	-1
1	1	4.80937	-2.27822	-1	-1	-1
1	1	4.95937	-2.27822	-1	-1	-1
1	1	5.10937	-2.27822	-1	-1	-1
1	1	5.25937	-2.27822	-1	-1	-1
1	1	5.40937	-2.27822	-1	-1	-1
1	1	5.55937	-2.27822	-1	-1	-1
1	1	5.70937	-2.27822	-1	-1	-1
1	1	5.85937	-2.27822	-1	-1	-1
1	1	6.00937	-2.27822	-1	-1	-1
1	1	6.15937	-2.27822	-1	-1	-1
1	1	6.30937	-2.27822	-1	-1	-1
1	1	6.45937	-2.27822	-1	-1	-1
1	1	6.60937	-2.27822	-1	-1	-1
1	1	6.75937	-2.27822	-1	-1	-1
1	1	6.90937	-2.27822	-1	-1	-1
1	1	4.65937	-2.12822	3651	3692	-1
1	1	4.80937	-2.12822	-1	-1	-1
1	1	4.95937	-2.12822	-1	-1	-1
1	1	5.10937	-2.12822	-1	-1	-1
1	1	5.25937	-2.12822	-1	-1	-1
1	1	5.40937	-2.12822	-1	-1	-1
1	1	5.55937	-2.12822	-1	-1	-1
1	1	5.70937	-2.12822	-1	-1	-1
1	1	5.85937	-2.12822	-1	-1	-1
1	1	6.00937	-2.12822	-1	-1	-1
1	1	6.15937	-2.12822	-1	-1	-1
1	1	6.30937	-2.12822	-1	-1	-1
1	1	6.45937	-2.12822	-1	-1	-1
1	1	6.60937	-2.12822	-1	-1	-1
1	1	6.75937	-2.12822	-1	-1	-1
1	1	6.90937	-2.12822	-1	-1	-1
1	1	4.65937	-1.97822	4027	4069.97	-1
1	1	4.80937	-1.97822	-1	-1	-1
1	1	4.95937	-1.97822	-1	-1	-1
1	1	5.10937	-1.97822	-1	-1	-1
1	1	5.25937	-1.97822	-1	-1	-1
1	1	5.40937	-1.97822	-1	-1	-1
1	1	5.55937	-1.97822	-1	-1	-1
1	1	5.70937	-1.97822	-1	-1	-1
1	1	5.85937	-1.97822	-1	-1	-1
1	1	6.00937	-1.97822	-1	-1	-1
1	1	6.15937	-1.97822	-1	-1	-1
1	1	6.30937	-1.97822	-1	-1	-1
1	1	6.45937	-1.97822	-1	-1	-1
1	1	6.60937	-1.97822	-1	-1	-1
1	1	6.75937	-1.97822	-1	-1	-1
1	1	6.90937	-1.97822	-1	-1	-1
1	1	4.65937	-1.82822	3734	3774	-1
1	1	4.80937	-1.82822	3875	3985.09	-1
1	1	4.95937	-1.82822	-1	-1	-1
1	1	5.10937	-1.82822	-1	-1	-1
1	1	5.25937	-1.82822	-1	-1	-1
1	1	5.40937	-1.82822	-1	-1	-1
1	1	5.55937	-1.82822	-1	-1	-1
1	1	5.70937	-1.82822	-1	-1	-1
1	1	5.85937	-1.82822	-1	-1	-1
1	1	6.00937	-1.82822	-1	-1	-1
1	1	6.15937	-1.82822	-1	-1	-1
1	1	6.30937	-1.82822	-1	-1	-1
1	1	6.45937	-1.82822	-1	-1	-1
1	1	6.60937	-1.82822	-1	-1	-1
1	1	6.75937	-1.82822	-1	-1	-1
1	1	6.90937	-1.82822	-1	-1	-1
2	4	4.88328	5.76038	-1	-1	-1
2	4	5.03328	5.76038	1894	1966.88	-1
2	4	5.18328	5.76038	2152	2216.03	-1
2	4	5.33328	5.76038	-1	-1	-1
2	4	5.48328	5.76038	-1	-1	-1
2	4	5.63328	5.76038	-1	-1	-1
2	4	5.78328	5.76038	-1	-1	-1
2	4	5.93328	5.76038	-1	-1	-1
2	4	4.88328	5.91038	1713	1771.12	-1
2	4	5.03328	5.91038	2025	2092.12	-1
2	4	5.18328	5.91038	-1	-1	-1
2	4	5.33328	5.91038	-1	-1	-1
2	4	5.48328	5.91038	-1	-1	-1
2	4	5.63328	5.91038	-1	-1	-1
2	4	5.78328	5.91038	-1	-1	-1
2	4	5.93328	5.91038	-1	-1	-1
2	4	4.88328	6.06038	-1	-1	-1
2	4	5.03328	6.06038	-1	-1	-1
2	4	5.18328	6.06038	-1	-1	-1
2	4	5.33328	6.06038	-1	-1	-1
2	4	5.48328	6.06038	-1	-1	-1
2	4	5.63328	6.06038	-1	-1	-1
2	4	5.78328	6.06038	-1	-1	-1
2	4	5.93328	6.06038	-1	-1	-1
2	4	4.88328	6.21038	-1	-1	-1
2	4	5.03328	6.21038	-1	-1	-1
2	4	5.18328	6.21038	-1	-1	-1
2	4	5.33328	6.21038	-1	-1	-1
2	4	5.48328	6.21038	-1	-1	-1
2	4	5.63328	6.21038	-1	-1	-1
2	4	5.78328	6.21038	-1	-1	-1
2	4	5.93328	6.21038	-1	-1	-1
2	4	4.88328	6.36038	-1	-1	-1
2	4	5.03328	6.36038	-1	-1	-1
2	4	5.18328	6.36038	-1	-1	-1
2	4	5.33328	6.36038	-1	-1	-1
2	4	5.48328	6.36038	-1	-1	-1
2	4	5.63328	6.36038	-1	-1	-1
2	4	5.78328	6.36038	-1	-1	-1
2	4	5.93328	6.36038	-1	-1	-1
2	4	4.88328	6.51038	1462	1523.59	-1
2	4	5.03328	6.51038	-1	-1	-1
2	4	5.18328	6.51038	-1	-1	-1
2	4	5.33328	6.51038	-1	-1	-1
2	4	5.48328	6.51038	-1	-1	-1
2	4	5.63328	6.51038	-1	-1	-1
2	4	5.78328	6.51038	-1	-1	-1
2	4	5.93328	6.51038	-1	-1	-1
2	4	4.88328	6.66038	-1	-1	-1
2	4	5.03328	6.66038	-1	-1	-1
2	4	5.18328	6.66038	-1	-1	-1
2	4	5.33328	6.66038	-1	-1	-1
2	4	5.48328	6.66038	-1	-1	-1
2	4	5.63328	6.66038	-1	-1	-1
2	4	5.78328	6.66038	-1	-1	-1
2	4	5.93328	6.66038	-1	-1	-1
2	4	4.88328	6.81038	-1	-1	-1
2	4	5.03328	6.81038	-1	-1	-1
2	4	5.18328	6.81038	-1	-1	-1
2	4	5.33328	6.81038	-1	-1	-1
2	4	5.48328	6.81038	-1	-1	-1
2	4	5.63328	6.81038	-1	-1	-1
2	4	5.78328	6.81038	-1	-1	-1
2	4	5.93328	6.81038	-1	-1	-1
3	4	-6.43813	-2.86665	-1	-1	-1
3	4	-6.28813	-2.86665	-1	-1	-1
3	4	-6.13813	-2.86665	-1	-1	-1
3	4	-5.98813	-2.86665	-1	-1	-1
3	4	-5.83813	-2.86665	-1	-1	-1
3	4	-5.68813	-2.86665	-1	-1	-1
3	4	-5.53813	-2.86665	-1	-1	-1
3	4	-5.38813	-2.86665	-1	-1	-1
3	4	-6.43813	-2.71665	-1	-1	-1
3	4	-6.28813	-2.71665	-1	-1	-1
3	4	-6.13813	-2.71665	-1	-1	-1
3	4	-5.98813	-2.71665	-1	-1	-1
3	4	-5.83813	-2.71665	-1	-1	-1
3	4	-5.68813	-2.71665	-1	-1	-1
3	4	-5.53813	-2.71665	-1	-1	-1
3	4	-5.38813	-2.71665	-1	-1	-1
3	4	-6.43813	-2.56665	-1	-1	-1
3	4	-6.28813	-2.56665	-1	-1	-1
3	4	-6.13813	-2.56665	-1	-1	-1
3	4	-5.98813	-2.56665	-1	-1	-1
3	4	-5.83813	-2.56665	-1	-1	-1
3	4	-5.68813	-2.56665	-1	-1	-1
3	4	-5.53813	-2.56665	-1	-1	-1
3	4	-5.38813	-2.56665	-1	-1	-1
3	4	-6.43813	-2.41665	-1	-1	-1
3	4	-6.28813	-2.41665	-1	-1	-1
3	4	-6.13813	-2.41665	-1	-1	-1
3	4	-5.98813	-2.41665	-1	-1	-1
3	4	-5.83813	-2.41665	-1	-1	-1
3	4	-5.68813	-2.41665	-1	-1	-1
3	4	-5.53813	-2.41665	-1	-1	-1
3	4	-5.38813	-2.41665	-1	-1	-1
3	4	-6.43813	-2.26665	-1	-1	-1
3	4	-6.28813	-2.26665	-1	-1	-1
3	4	-6.13813	-2.26665	-1	-1	-1
3	4	-5.98813	-2.26665	-1	-1	-1
3	4	-5.83813	-2.26665	-1	-1	-1
3	4	-5.68813	-2.26665	-1	-1	-1
3	4	-5.53813	-2.26665	-1	-1	-1
3	4	-5.38813	-2.26665	3591	3634.69	-1
3	4	-6.43813	-2.11665	-1	-1	-1
3	4	-6.28813	-2.11665	-1	-1	-1
3	4	-6.13813	-2.11665	-1	-1	-1
3	4	-5.98813	-2.11665	-1	-1	-1
3	4	-5.83813	-2.11665	-1	-1	-1
3	4	-5.68813	-2.11665	-1	-1	-1
3	4	-5.53813	-2.11665	-1	-1	-1
3	4	-5.38813	-2.11665	-1	-1	-1
3	4	-6.43813	-1.96665	-1	-1	-1
3	4	-6.28813	-1.96665	-1	-1	-1
3	4	-6.13813	-1.96665	-1	-1	-1
3	4	-5.98813	-1.96665	-1	-1	-1
3	4	-5.83813	-1.96665	-1	-1	-1
3	4	-5.68813	-1.96665	-1	-1	-1
3	4	-5.53813	-1.96665	-1	-1	-1
3	4	-5.38813	-1.96665	-1	-1	-1
3	4	-6.43813	-1.81665	-1	-1	-1
3	4	-6.28813	-1.81665	-1	-1	-1
3	4	-6.13813	-1.81665	-1	-1	-1
3	4	-5.98813	-1.81665	-1	-1	-1
3	4	-5.83813	-1.81665	-1	-1	-1
3	4	-5.68813	-1.81665	698	742.312	-1
3	4	-5.53813	-1.81665	498	542.469	-1
3	4	-5.38813	-1.81665	582	625.938	-1
4	4	-5.91698	2.23997	2369	2484.84	-1
4	4	-5.76698	2.23997	2047	2091.59	-1
4	4	-5.61698	2.23997	2138	2184.12	-1
4	4	-5.46698	2.23997	1092	1140	-1
4	4	-5.31698	2.23997	749	799.5	-1
4	4	-5.16698	2.23997	735	784.312	-1
4	4	-5.01698	2.23997	333	374.531	-1
4	4	-4.86698	2.23997	231	291.406	-1
4	4	-5.91698	2.38997	2272	2319.53	-1
4	4	-5.76698	2.38997	1944	1996.22	-1
4	4	-5.61698	2.38997	1208	1257.94	-1
4	4	-5.46698	2.38997	761	817.719	-1
4	4	-5.31698	2.38997	614	670.25	-1
4	4	-5.16698	2.38997	524	570.719	-1
4	4	-5.01698	2.38997	417	459.625	-1
4	4	-4.86698	2.38997	215	255.812	-1
4	4	-5.91698	2.53997	1853	1900.5	-1
4	4	-5.76698	2.53997	1606	1661.94	-1
4	4	-5.61698	2.53997	1111	1160.03	-1
4	4	-5.46698	2.53997	990	1036.47	-1
4	4	-5.31698	2.53997	857	909.844	-1
4	4	-5.16698	2.53997	768	862.625	-1
4	4	-5.01698	2.53997	636	711.5	-1
4	4	-4.86698	2.53997	42	87.9062	-1
4	4	-5.91698	2.68997	2670	2723.12	-1
4	4	-5.76698	2.68997	1715	1763.16	-1
4	4	-5.61698	2.68997	2847	2915.56	-1
4	4	-5.46698	2.68997	1304	1347.97	-1
4	4	-5.31698	2.68997	2969	3027	-1
4	4	-5.16698	2.68997	3406	3459.72	-1
4	4	-5.01698	2.68997	896	945.469	-1
4	4	-4.86698	2.68997	131	173.188	-1
4	4	-5.91698	2.83997	2637	2691.06	-1
4	4	-5.76698	2.83997	2538	2584.75	-1
4	4	-5.61698	2.83997	2748	2796.5	-1
4	4	-5.46698	2.83997	3040	3087.88	-1
4	4	-5.31698	2.83997	3153	3205.09	-1
4	4	-5.16698	2.83997	3270	3320.06	-1
4	4	-5.01698	2.83997	3529	3600.84	-1
4	4	-4.86698	2.83997	284	327.062	-1
4	4	-5.91698	2.98997	3514	3578.59	-1
4	4	-5.76698	2.98997	2775	2834.47	-1
4	4	-5.61698	2.98997	3011	3072.88	-1
4	4	-5.46698	2.98997	3616	3676.31	-1
4	4	-5.31698	2.98997	3492	3553.09	-1
4	4	-5.16698	2.98997	3371	3439.59	-1
4	4	-5.01698	2.98997	3665	3714.97	-1
4	4	-4.86698	2.98997	366	410.219	-1
4	4	-5.91698	3.13997	3185	3259.44	-1
4	4	-5.76698	3.13997	2887	2955.59	-1
4	4	-5.61698	3.13997	3038	3100.94	-1
4	4	-5.46698	3.13997	3566	3618.38	-1
4	4	-5.31698	3.13997	3733	3787.47	-1
4	4	-5.16698	3.13997	3811	3861	-1
4	4	-5.01698	3.13997	-1	-1	-1
4	4	-4.86698	3.13997	-1	-1	-1
4	4	-5.91698	3.28997	3229	3281.78	-1
4	4	-5.76698	3.28997	3068	3126.78	-1
4	4	-5.61698	3.28997	3340	3396.94	-1
4	4	-5.46698	3.28997	3454	3503.12	-1
4	4	-5.31698	3.28997	3679	3737.88	-1
4	4	-5.16698	3.28997	-1	-1	-1
4	4	-5.01698	3.28997	-1	-1	-1
4	4	-4.86698	3.28997	-1	-1	-1
5	4	-3.69399	-9.41551	-1	-1	-1
5	4	-3.54399	-9.41551	-1	-1	-1
5	4	-3.39399	-9.41551	-1	-1	-1
5	4	-3.24399	-9.41551	-1	-1	-1
5	4	-3.09399	-9.41551	-1	-1	-1
5	4	-2.94399	-9.41551	-1	-1	-1
5	4	-2.79399	-9.41551	-1	-1	-1
5	4	-2.64399	-9.41551	-1	-1	-1
5	4	-3.69399	-9.26551	-1	-1	-1
5	4	-3.54399	-9.26551	-1	-1	-1
5	4	-3.39399	-9.26551	-1	-1	-1
5	4	-3.24399	-9.26551	-1	-1	-1
5	4	-3.09399	-9.26551	-1	-1	-1
5	4	-2.94399	-9.26551	-1	-1	-1
5	4	-2.79399	-9.26551	-1	-1	-1
5	4	-2.64399	-9.26551	5352	-1	-1
5	4	-3.69399	-9.11551	-1	-1	-1
5	4	-3.54399	-9.11551	-1	-1	-1
5	4	-3.39399	-9.11551	-1	-1	-1
5	4	-3.24399	-9.11551	-1	-1	-1
5	4	-3.09399	-9.11551	-1	-1	-1
5	4	-2.94399	-9.11551	-1	-1	-1
5	4	-2.79399	-9.11551	-1	-1	-1
5	4	-2.64399	-9.11551	-1	-1	-1
5	4	-3.69399	-8.96551	-1	-1	-1
5	4	-3.54399	-8.96551	-1	-1	-1
5	4	-3.39399	-8.96551	-1	-1	-1
5	4	-3.24399	-8.96551	-1	-1	-1
5	4	-3.09399	-8.96551	-1	-1	-1
5	4	-2.94399	-8.96551	-1	-1	-1
5	4	-2.79399	-8.96551	-1	-1	-1
5	4	-2.64399	-8.96551	-1	-1	-1
5	4	-3.69399	-8.81551	-1	-1	-1
5	4	-3.54399	-8.81551	-1	-1	-1
5	4	-3.39399	-8.81551	-1	-1	-1
5	4	-3.24399	-8.81551	-1	-1	-1
5	4	-3.09399	-8.81551	-1	-1	-1
5	4	-2.94399	-8.81551	-1	-1	-1
5	4	-2.79399	-8.81551	-1	-1	-1
5	4	-2.64399	-8.81551	-1	-1	-1
5	4	-3.69399	-8.66551	-1	-1	-1
5	4	-3.54399	-8.66551	-1	-1	-1
5	4	-3.39399	-8.66551	-1	-1	-1
5	4	-3.24399	-8.66551	-1	-1	-1
5	4	-3.09399	-8.66551	-1	-1	-1
5	4	-2.94399	-8.66551	-1	-1	-1
5	4	-2.79399	-8.66551	-1	-1	-1
5	4	-2.64399	-8.66551	-1	-1	-1
5	4	-3.69399	-8.51551	1179	1252.03	-1
5	4	-3.54399	-8.51551	-1	-1	-1
5	4	-3.39399	-8.51551	-1	-1	-1
5	4	-3.24399	-8.51551	-1	-1	-1
5	4	-3.09399	-8.51551	-1	-1	-1
5	4	-2.94399	-8.51551	-1	-1	-1
5	4	-2.79399	-8.51551	-1	-1	-1
5	4	-2.64399	-8.51551	-1	-1	-1
5	4	-3.69399	-8.36551	1153	1229.25	-1
5	4	-3.54399	-8.36551	990	1060.56	-1
5	4	-3.39399	-8.36551	1294	1357.66	-1
5	4	-3.24399	-8.36551	-1	-1	-1
5	4	-3.09399	-8.36551	-1	-1	-1
5	4	-2.94399	-8.36551	4741	4805.53	-1
5	4	-2.79399	-8.36551	4534	4633.41	-1
5	4	-2.64399	-8.36551	4695	4763.81	-1
6	16	-5.4532	3.96424	3793	3845.41	-1
6	16	-5.3032	3.96424	3846	3896.84	-1
6	16	-5.1532	3.96424	3949	4002.31	-1
6	16	-5.0032	3.96424	4461	4521.38	-1
6	16	-5.4532	4.11424	3923	3997.22	-1
6	16	-5.3032	4.11424	4078	4127.28	-1
6	16	-5.1532	4.11424	4174	4254.69	-1
6	16	-5.0032	4.11424	4152	4299.09	-1
6	16	-5.4532	4.26424	4048	4102.34	-1
6	16	-5.3032	4.26424	4232	4290.12	-1
6	16	-5.1532	4.26424	4217	4279.28	-1
6	16	-5.0032	4.26424	4339	4397.53	-1
6	16	-5.4532	4.41424	-1	-1	-1
6	16	-5.3032	4.41424	-1	-1	-1
6	16	-5.1532	4.41424	4558	4612.22	-1
6	16	-5.0032	4.41424	4454	4507.84	-1
7	16	2.45406	8.65731	-1	-1	-1
7	16	2.60406	8.65731	-1	-1	-1
7	16	2.75406	8.65731	-1	-1	-1
7	16	2.90406	8.65731	-1	-1	-1
7	16	2.45406	8.80731	-1	-1	-1
7	16	2.60406	8.80731	-1	-1	-1
7	16	2.75406	8.80731	-1	-1	-1
7	16	2.90406	8.80731	-1	-1	-1
7	16	2.45406	8.95731	5076	5149.56	-1
7	16	2.60406	8.95731	-1	-1	-1
7	16	2.75406	8.95731	-1	-1	-1
7	16	2.90406	8.95731	-1	-1	-1
7	16	2.45406	9.10731	-1	-1	-1
7	16	2.60406	9.10731	-1	-1	-1
7	16	2.75406	9.10731	-1	-1	-1
7	16	2.90406	9.10731	-1	-1	-1
8	16	5.51633	4.26741	1621	1689.72	-1
8	16	5.66633	4.26741	1434	1495.78	-1
8	16	5.81633	4.26741	1209	1263.44	-1
8	16	5.96633	4.26741	1313	1373.22	-1
8	16	5.51633	4.41741	1678	1738.94	-1
8	16	5.66633	4.41741	1547	1604.03	-1
8	16	5.81633	4.41741	1580	1669.91	-1
8	16	5.96633	4.41741	1333	1401.44	-1
8	16	5.51633	4.56741	-1	-1	-1
8	16	5.66633	4.56741	1758	1823.25	-1
8	16	5.81633	4.56741	1639	1697.28	-1
8	16	5.96633	4.56741	1879	1947.94	-1
8	16	5.51633	4.71741	-1	-1	-1
8	16	5.66633	4.71741	2291	2346.5	-1
8	16	5.81633	4.71741	2145	2209.09	-1
8	16	5.96633	4.71741	2016	2080.56	-1
9	16	8.35094	-5.13868	-1	-1	-1
9	16	8.50094	-5.13868	-1	-1	-1
9	16	8.65094	-5.13868	-1	-1	-1
9	16	8.80094	-5.13868	-1	-1	-1
9	16	8.35094	-4.98868	-1	-1	-1
9	16	8.50094	-4.98868	-1	-1	-1
9	16	8.65094	-4.98868	-1	-1	-1
9	16	8.80094	-4.98868	-1	-1	-1
9	16	8.35094	-4.83868	-1	-1	-1
9	16	8.50094	-4.83868	-1	-1	-1
9	16	8.65094	-4.83868	-1	-1	-1
9	16	8.80094	-4.83868	-1	-1	-1
9	16	8.35094	-4.68868	-1	-1	-1
9	16	8.50094	-4.68868	-1	-1	-1
9	16	8.65094	-4.68868	-1	-1	-1
9	16	8.80094	-4.68868	2925	2999.75	-1
10	16	3.68172	-6.27495	-1	-1	-1
10	16	3.83172	-6.27495	-1	-1	-1
10	16	3.98172	-6.27495	-1	-1	-1
10	16	4.13172	-6.27495	-1	-1	-1
10	16	3.68172	-6.12495	4058	4113.88	-1
10	16	3.83172	-6.12495	4168	4221.34	-1
10	16	3.98172	-6.12495	-1	-1	-1
10	16	4.13172	-6.12495	-1	-1	-1
10	16	3.68172	-5.97495	3948	4000.81	-1
10	16	3.83172	-5.97495	3844	3896.91	-1
10	16	3.98172	-5.97495	-1	-1	-1
10	16	4.13172	-5.97495	194	255.562	-1
10	16	3.68172	-5.82495	3073	3125.72	-1
10	16	3.83172	-5.82495	3178	3230.41	-1
10	16	3.98172	-5.82495	3282	3335.38	-1
10	16	4.13172	-5.82495	75	128.781	-1
11	16	-4.14743	-1.32134	3384	3421.19	-1
11	16	-3.99743	-1.32134	-1	-1	-1
11	16	-3.84743	-1.32134	-1	-1	-1
11	16	-3.69743	-1.32134	5104	5136.25	-1
11	16	-4.14743	-1.17134	-1	-1	-1
11	16	-3.99743	-1.17134	-1	-1	-1
11	16	-3.84743	-1.17134	-1	-1	-1
11	16	-3.69743	-1.17134	5165	5203.62	-1
11	16	-4.14743	-1.02134	2883	2943.62	-1
11	16	-3.99743	-1.02134	598	633.375	-1
11	16	-3.84743	-1.02134	-1	-1	-1
11	16	-3.69743	-1.02134	-1	-1	-1
11	16	-4.14743	-0.871344	480	516.625	-1
11	16	-3.99743	-0.871344	551	587.156	-1
11	16	-3.84743	-0.871344	-1	-1	-1
11	16	-3.69743	-0.871344	-1	-1	-1
12	16	8.54817	-2.28881	-1	-1	-1
12	16	8.69817	-2.28881	-1	-1	-1
12	16	8.84817	-2.28881	-1	-1	-1
12	16	8.99817	-2.28881	-1	-1	-1
12	16	8.54817	-2.13881	-1	-1	-1
12	16	8.69817	-2.13881	-1	-1	-1
12	16	8.84817	-2.13881	-1	-1	-1
12	16	8.99817	-2.13881	-1	-1	-1
12	16	8.54817	-1.98881	-1	-1	-1
12	16	8.69817	-1.98881	-1	-1	-1
12	16	8.84817	-1.98881	-1	-1	-1
12	16	8.99817	-1.98881	-1	-1	-1
12	16	8.54817	-1.83881	-1	-1	-1
12	16	8.69817	-1.83881	-1	-1	-1
12	16	8.84817	-1.83881	-1	-1	-1
12	16	8.99817	-1.83881	-1	-1	-1
13	16	-8.701	0.653282	3026	3097.56	-1
13	16	-8.551	0.653282	3166	3231.31	-1
13	16	-8.401	0.653282	1773	1837.34	-1
13	16	-8.251	0.653282	351	410.625	-1
13	16	-8.701	0.803282	-1	-1	-1
13	16	-8.551	0.803282	-1	-1	-1
13	16	-8.401	0.803282	1896	1958.19	-1
13	16	-8.251	0.803282	1648	1711	-1
13	16	-8.701	0.953282	-1	-1	-1
13	16	-8.551	0.953282	-1	-1	-1
13	16	-8.401	0.953282	-1	-1	-1
13	16	-8.251	0.953282	-1	-1	-1
13	16	-8.701	1.10328	-1	-1	-1
13	16	-8.551	1.10328	-1	-1	-1
13	16	-8.401	1.10328	-1	-1	-1
13	16	-8.251	1.10328	-1	-1	-1
14	16	-9.59937	-5.42547	2315	2392.97	-1
14	16	-9.44937	-5.42547	1372	1449.47	-1
14	16	-9.29937	-5.42547	1205	1284.62	-1
14	16	-9.14937	-5.42547	2698	2771.81	-1
14	16	-9.59937	-5.27547	-1	-1	-1
14	16	-9.44937	-5.27547	2149	2237.5	-1
14	16	-9.29937	-5.27547	2356	2434.38	-1
14	16	-9.14937	-5.27547	2659	2741.03	-1
14	16	-9.59937	-5.12547	-1	-1	-1
14	16	-9.44937	-5.12547	-1	-1	-1
14	16	-9.29937	-5.12547	2513	2585.25	-1
14	16	-9.14937	-5.12547	2818	2897.44	-1
14	16	-9.59937	-4.97547	-1	-1	-1
14	16	-9.44937	-4.97547	-1	-1	-1
14	16	-9.29937	-4.97547	-1	-1	-1
14	16	-9.14937	-4.97547	4696	4804.47	-1
15	16	-3.44539	5.7251	-1	-1	-1
15	16	-3.29539	5.7251	-1	-1	-1
15	16	-3.14539	5.7251	5242	5352.34	-1
15	16	-2.99539	5.7251	4781	4839.31	-1
15	16	-3.44539	5.8751	-1	-1	-1
15	16	-3.29539	5.8751	-1	-1	-1
15	16	-3.14539	5.8751	-1	-1	-1
15	16	-2.99539	5.8751	4667	4721.22	-1
15	16	-3.44539	6.0251	-1	-1	-1
15	16	-3.29539	6.0251	-1	-1	-1
15	16	-3.14539	6.0251	-1	-1	-1
15	16	-2.99539	6.0251	4548	4607	-1
15	16	-3.44539	6.1751	-1	-1	-1
15	16	-3.29539	6.1751	-1	-1	-1
15	16	-3.14539	6.1751	4661	4746.25	-1
15	16	-2.99539	6.1751	1039	1148.75	-1
16	16	7.32131	0.19738	-1	-1	-1
16	16	7.47131	0.19738	-1	-1	-1
16	16	7.62131	0.19738	-1	-1	-1
16	16	7.77131	0.19738	-1	-1	-1
16	16	7.32131	0.34738	-1	-1	-1
16	16	7.47131	0.34738	-1	-1	-1
16	16	7.62131	0.34738	-1	-1	-1
16	16	7.77131	0.34738	-1	-1	-1
16	16	7.32131	0.49738	-1	-1	-1
16	16	7.47131	0.49738	-1	-1	-1
16	16	7.62131	0.49738	-1	-1	-1
16	16	7.77131	0.49738	-1	-1	-1
16	16	7.32131	0.64738	5138	5193.53	-1
16	16	7.47131	0.64738	5246	5305.28	-1
16	16	7.62131	0.64738	656	717.844	-1
16	16	7.77131	0.64738	-1	-1	-1
17	16	6.98775	4.18537	-1	-1	-1
17	16	7.13775	4.18537	-1	-1	-1
17	16	7.28775	4.18537	1780	1844.75	-1
17	16	7.43775	4.18537	1909	1989.19	-1
17	16	6.98775	4.33537	-1	-1	-1
17	16	7.13775	4.33537	-1	-1	-1
17	16	7.28775	4.33537	-1	-1	-1
17	16	7.43775	4.33537	-1	-1	-1
17	16	6.98775	4.48537	1741	1800.94	-1
17	16	7.13775	4.48537	-1	-1	-1
17	16	7.28775	4.48537	-1	-1	-1
17	16	7.43775	4.48537	-1	-1	-1
17	16	6.98775	4.63537	1814	1892.53	-1
17	16	7.13775	4.63537	-1	-1	-1
17	16	7.28775	4.63537	-1	-1	-1
17	16	7.43775	4.63537	-1	-1	-1
18	16	3.53955	8.32278	-1	-1	-1
18	16	3.68955	8.32278	-1	-1	-1
18	16	3.83955	8.32278	-1	-1	-1
18	16	3.98955	8.32278	-1	-1	-1
18	16	3.53955	8.47278	-1	-1	-1
18	16	3.68955	8.47278	-1	-1	-1
18	16	3.83955	8.47278	-1	-1	-1
18	16	3.98955	8.47278	-1	-1	-1
18	16	3.53955	8.62278	-1	-1	-1
18	16	3.68955	8.62278	-1	-1	-1
18	16	3.83955	8.62278	-1	-1	-1
18	16	3.98955	8.62278	-1	-1	-1
18	16	3.53955	8.77278	-1	-1	-1
18	16	3.68955	8.77278	-1	-1	-1
18	16	3.83955	8.77278	-1	-1	-1
18	16	3.98955	8.77278	-1	-1	-1
19	16	-0.170755	-3.60071	828	877.781	-1
19	16	-0.0207553	-3.60071	901	933.656	-1
19	16	0.129245	-3.60071	-1	-1	-1
19	16	0.279245	-3.60071	-1	-1	-1
19	16	-0.170755	-3.45071	794	835.219	-1
19	16	-0.0207553	-3.45071	864	902.781	-1
19	16	0.129245	-3.45071	-1	-1	-1
19	16	0.279245	-3.45071	4012	4136.19	-1
19	16	-0.170755	-3.30071	601	629.594	-1
19	16	-0.0207553	-3.30071	681	708.406	-1
19	16	0.129245	-3.30071	3731	3760.25	-1
19	16	0.279245	-3.30071	100	136.312	-1
19	16	-0.170755	-3.15071	536	570.844	-1
19	16	-0.0207553	-3.15071	731	759.562	-1
19	16	0.129245	-3.15071	1245	1272.03	-1
19	16	0.279245	-3.15071	3674	3703.03	-1
20	16	-1.74688	-8.51422	4866	4930.47	-1
20	16	-1.59688	-8.51422	-1	-1	-1
20	16	-1.44688	-8.51422	-1	-1	-1
20	16	-1.29688	-8.51422	2289	2356.12	-1
20	16	-1.74688	-8.36422	5052	5116.69	-1
20	16	-1.59688	-8.36422	-1	-1	-1
20	16	-1.44688	-8.36422	-1	-1	-1
20	16	-1.29688	-8.36422	2162	2233.03	-1
20	16	-1.74688	-8.21422	5181	5250.59	-1
20	16	-1.59688	-8.21422	-1	-1	-1
20	16	-1.44688	-8.21422	-1	-1	-1
20	16	-1.29688	-8.21422	-1	-1	-1
20	16	-1.74688	-8.06422	5314	5382.41	-1
20	16	-1.59688	-8.06422	-1	-1	-1
20	16	-1.44688	-8.06422	-1	-1	-1
20	16	-1.29688	-8.06422	-1	-1	-1
21	16	2.24059	3.89721	-1	-1	-1
21	16	2.39059	3.89721	-1	-1	-1
21	16	2.54059	3.89721	4306	4343.09	-1
21	16	2.69059	3.89721	4376	4413.81	-1
21	16	2.24059	4.04721	187	224.031	-1
21	16	2.39059	4.04721	-1	-1	-1
21	16	2.54059	4.04721	-1	-1	-1
21	16	2.69059	4.04721	-1	-1	-1
21	16	2.24059	4.19721	110	148.25	-1
21	16	2.39059	4.19721	-1	-1	-1
21	16	2.54059	4.19721	-1	-1	-1
21	16	2.69059	4.19721	-1	-1	-1
21	16	2.24059	4.34721	35	76.1562	-1
21	16	2.39059	4.34721	-1	-1	-1
21	16	2.54059	4.34721	-1	-1	-1
21	16	2.69059	4.34721	-1	-1	-1
0	256	9.5928	4.1672	2116	2192.06	-1
0	256	0.307889	-9.41884	5189	5259.34	-1
0	256	0.65804	-5.93727	-1	-1	-1
0	256	2.07493	-7.7471	-1	-1	-1
0	256	-0.136474	-5.34601	-1	-1	-1
0	256	-5.996	-0.86928	793	845.625	-1
0	256	-3.53204	-5.63	1097	1149.25	-1
0	256	5.92529	-5.19363	-1	-1	-1
0	256	0.957444	-6.74202	4294	4352.22	-1
0	256	-8.11404	1.16323	2710	2771.47	-1
0	256	1.98349	8.73591	5220	5289.56	-1
0	256	5.36855	3.79387	-1	-1	-1
0	256	-0.309488	-9.54142	281	353.656	-1
0	256	2.36056	9.06638	-1	-1	-1
0	256	-3.22149	6.47983	-1	-1	-1
0	256	-2.97052	-5.07999	-1	-1	-1
0	256	4.19228	3.46213	4464	4511.44	-1
0	256	6.55766	1.07329	1085	1133.81	-1
0	256	3.77754	-2.40712	208	246.344	-1
0	256	1.83781	3.40095	321	353.344	-1
0	256	-7.13147	-2.54575	-1	-1	-1
0	256	4.45704	-4.41262	2585	2734.66	-1
0	256	-4.22153	1.78068	641	684.438	-1
0	256	-8.30207	-3.30916	-1	-1	-1
0	256	-3.09204	-4.93542	5229	5362.62	-1
0	256	-9.652	-0.100682	-1	-1	-1
0	256	-5.09806	-7.47781	-1	-1	-1
0	256	0.249988	4.72876	2692	2729.59	-1
0	256	8.26478	-4.41401	2471	2542.59	-1
0	256	7.70789	3.8193	2053	2127.69	-1
0	256	-6.62723	1.44073	2346	2397.66	-1
0	256	-3.83907	0.352169	-1	-1	-1
0	256	-1.8329	3.41313	2786	2825.59	-1
0	256	-2.41835	3.89409	310	436.688	-1
0	256	-3.59429	-4.19147	4601	4745.88	-1
0	256	8.87254	0.119262	1490	1555.41	-1
0	256	2.28269	5.6319	4410	4462.41	-1
0	256	6.09799	-0.670012	-1	-1	-1
0	256	7.74627	-5.70237	-1	-1	-1
0	256	-2.86819	7.79907	-1	-1	-1
0	256	7.60844	-3.81316	-1	-1	-1
0	256	3.2632	-7.41459	2400	2494.03	-1
0	256	-5.18427	-2.43988	3431	3476.34	-1
0	256	-3.17195	8.3284	-1	-1	-1
0	256	-7.52757	-1.9712	-1	-1	-1
0	256	-7.48422	-1.12251	1519	1576.78	-1
0	256	1.29336	3.75481	74	193.406	-1
0	256	-5.25626	0.671211	3279	3324.25	-1
0	256	9.51889	-2.30615	-1	-1	-1
0	256	8.04458	-4.43819	1815	1882.34	-1
0	256	2.97582	2.61929	-1	-1	-1
0	256	3.44038	-2.1271	2331	2365.81	-1
0	256	-9.56968	-2.57429	5334	-1	-1
0	256	-4.7528	-2.24232	-1	-1	-1
0	256	-2.4022	-9.59106	4404	4479.12	-1
0	256	1.92573	-4.13174	184	219.562	-1
0	256	1.02339	9.41322	-1	-1	-1
0	256	-5.57554	3.65002	3947	4009.47	-1
0	256	-5.70062	-6.56471	-1	-1	-1
0	256	2.62552	-0.646186	1613	1745.41	-1
0	256	8.79638	-2.9412	-1	-1	-1
0	256	7.15266	6.35293	-1	-1	-1
0	256	0.402851	-9.13975	-1	-1	-1
0	256	-5.38643	-5.36263	962	1025.78	-1
0	256	-5.82264	-6.90599	-1	-1	-1
0	256	-2.1753	-0.707124	932	955.5	-1
0	256	-2.19092	-4.58795	-1	-1	-1
0	256	-2.07566	9.56223	761	849.312	-1
0	256	8.49196	5.10773	-1	-1	-1
0	256	-6.44641	-4.48893	-1	-1	-1
0	256	4.42613	-5.93204	312	365.094	-1
0	256	-6.43072	1.97461	2597	2644.72	-1
0	256	-2.70559	8.33525	854	937.281	-1
0	256	-7.27545	-3.12875	-1	-1	-1
0	256	-3.96913	-1.8644	1172	1207.16	-1
0	256	-2.8969	-2.9233	1044	1213.66	-1
0	256	1.84761	-3.25868	2098	2132.66	-1
0	256	-5.88108	5.73244	4674	4738.72	-1
0	256	9.06744	-0.568422	-1	-1	-1
0	256	4.59172	-5.19145	-1	-1	-1
0	256	5.94486	0.0169261	-1	-1	-1
0	256	-4.26693	-0.888579	2977	3014.75	-1
0	256	-6.30912	-7.18723	1341	1420.84	-1
0	256	-8.30837	5.99286	-1	-1	-1
0	256	-4.45346	7.60938	3179	3254.12	-1
0	256	0.503182	5.20775	3455	3567.16	-1
0	256	8.20192	-2.08888	-1	-1	-1
0	256	3.69845	-7.58025	-1	-1	-1
0	256	0.199822	-5.42597	-1	-1	-1
0	256	-4.51793	7.27491	-1	-1	-1
0	256	-7.98054	0.814349	3007	3067.16	-1
0	256	-3.11997	9.45267	4190	4268.94	-1
0	256	-7.0882	5.49373	-1	-1	-1
0	256	1.24964	9.37432	4869	4939.47	-1
0	256	-3.77762	1.6084	980	1018.53	-1
0	256	1.26828	-8.90472	-1	-1	-1
0	256	-3.97524	4.36673	322	369.188	-1
0	256	-1.83663	4.8481	1319	1362.66	-1
0	256	-6.09351	-4.56704	-1	-1	-1
0	256	-6.7113	-6.50946	-1	-1	-1
0	256	-8.53171	-2.38085	-1	-1	-1
0	256	-3.69973	2.47885	806	857.656	-1
0	256	-4.06579	2.78196	512	552.344	-1
0	256	-1.73874	-4.83136	-1	-1	-1
0	256	-1.77274	7.4748	723	784.625	-1
0	256	4.96078	7.79795	-1	-1	-1
0	256	6.9989	-2.05564	2788	2844	-1
0	256	0.04753	-8.68007	-1	-1	-1
0	256	3.83107	-2.29778	284	319.5	-1
0	256	-0.396949	6.7428	-1	-1	-1
0	256	-8.96505	-2.95404	-1	-1	-1
0	256	-0.337193	-7.68369	3925	3985.34	-1
0	256	-5.30232	-5.58049	-1	-1	-1
0	256	7.42303	0.898799	778	839.406	-1
0	256	-0.317916	5.0276	423	461.688	-1
0	256	-2.90778	7.03105	-1	-1	-1
0	256	-0.218471	7.5623	4704	4795.94	-1
0	256	-1.7118	3.16389	2782	2811.16	-1
0	256	-6.18401	8.74509	-1	-1	-1
0	256	-3.44868	9.0476	3413	3482.69	-1
0	256	6.36465	6.56362	-1	-1	-1
0	256	-3.05489	0.880487	615	657.719	-1
0	256	-9.41065	2.92962	-1	-1	-1
0	256	6.82101	5.1077	1868	1930.31	-1
0	256	3.42153	4.998	-1	-1	-1
0	256	7.09363	0.537221	-1	-1	-1
0	256	-1.10667	-9.70545	429	503.469	-1
0	256	-8.87174	1.75692	-1	-1	-1
0	256	-4.93393	-3.76281	-1	-1	-1
0	256	-6.87563	5.92007	-1	-1	-1
0	256	-3.25016	7.49237	-1	-1	-1
0	256	3.74336	-3.49909	363	403.469	-1
0	256	4.00281	-1.23655	1992	2028.28	-1
0	256	1.48449	3.7896	226	285.094	-1
0	256	4.10267	-5.16732	-1	-1	-1
0	256	-8.67021	-2.07442	-1	-1	-1
0	256	3.52274	6.61415	-1	-1	-1
0	256	-3.32354	7.58904	-1	-1	-1
0	256	5.35374	-6.99515	-1	-1	-1
0	256	-8.24147	4.06138	-1	-1	-1
0	256	-6.62425	-1.61327	-1	-1	-1
0	256	-6.84182	0.734812	3171	3224.41	-1
0	256	-8.88794	2.56659	-1	-1	-1
0	256	9.62792	1.3411	4017	4087.38	-1
0	256	8.75606	4.25857	-1	-1	-1
0	256	-3.07468	8.84954	1146	1221.81	-1
0	256	-5.03571	-7.56322	-1	-1	-1
0	256	-0.101376	-9.33179	5051	5121.62	-1
0	256	-3.02813	3.47681	3600	3643.03	-1
0	256	1.28324	-8.62794	-1	-1	-1
0	256	1.85176	7.66337	-1	-1	-1
0	256	-4.78961	4.81005	5312	-1	-1
0	256	9.052	-2.99057	1610	1678.31	-1
0	256	0.811661	-8.26114	3784	3855.56	-1
0	256	-1.41424	9.60586	5042	5131.66	-1
0	256	5.70241	7.86396	-1	-1	-1
0	256	4.39997	5.52376	1598	1652.53	-1
0	256	-3.4539	2.1604	2730	2760.97	-1
0	256	-5.53256	7.01875	110	236.344	-1
0	256	-9.47463	-0.720348	-1	-1	-1
0	256	-5.29801	-6.50925	-1	-1	-1
0	256	8.84813	-4.18176	-1	-1	-1
0	256	-3.19282	-0.74833	2562	2593.16	-1
0	256	0.708437	4.86239	-1	-1	-1
0	256	0.567935	-8.11734	2434	2493.88	-1
0	256	-1.8548	9.34762	4349	4420.66	-1
0	256	5.99696	-0.243551	-1	-1	-1
0	256	-1.07839	-4.19684	86	211.719	-1
0	256	-4.0962	-1.41728	3466	3503.47	-1
0	256	-9.64976	7.76355	4278	4367.88	-1
0	256	7.51169	-5.01467	-1	-1	-1
0	256	-6.99687	-6.78355	-1	-1	-1
0	256	9.13335	-2.02642	-1	-1	-1
0	256	-5.86694	-5.56295	4447	4590.84	-1
0	256	5.97532	-1.06237	-1	-1	-1
0	256	5.54319	2.00663	47	95.25	-1
0	256	1.75584	-5.85874	-1	-1	-1
0	256	-2.59773	8.84508	1289	1384.97	-1
0	256	-3.07954	-3.48488	-1	-1	-1
0	256	-1.82843	-3.10371	442	587.281	-1
0	256	-3.35004	8.16905	-1	-1	-1
0	256	4.15524	3.73215	4554	4597.81	-1
0	256	-8.84392	4.72158	3793	3885.62	-1
0	256	3.72221	-7.78865	-1	-1	-1
0	256	8.21777	-0.328421	4669	4730.69	-1
0	256	4.91575	-8.54547	-1	-1	-1
0	256	4.69645	-7.22054	1984	2046.84	-1
0	256	-2.79032	8.39604	1006	1076.03	-1
0	256	-1.42524	-4.94226	-1	-1	-1
0	256	-1.52274	-7.6671	-1	-1	-1
0	256	2.50531	-2.45126	1695	1724.66	-1
0	256	5.48759	-4.20525	-1	-1	-1
0	256	-0.603331	6.6113	-1	-1	-1
0	256	6.66377	-6.21877	3258	3326.19	-1
0	256	1.46017	-9.32925	101	192.156	-1
0	256	1.05749	-4.14256	-1	-1	-1
0	256	6.43286	-7.23705	-1	-1	-1
0	256	-4.70497	8.55259	4014	4085.84	-1
0	256	-7.34815	4.59677	-1	-1	-1
0	256	-6.06493	-5.453	1893	2034.41	-1
0	256	4.26311	6.72073	-1	-1	-1
0	256	7.67232	-0.732886	4684	4752.59	-1
0	256	1.0244	7.21427	-1	-1	-1
0	256	3.39756	7.24219	-1	-1	-1
0	256	7.10022	-4.54746	-1	-1	-1
0	256	6.96628	6.52861	-1	-1	-1
0	256	-3.11729	0.518803	988	1060.19	-1
0	256	-5.65903	-4.05645	-1	-1	-1
0	256	4.35023	0.033247	-1	-1	-1
0	256	-7.35581	-5.40517	-1	-1	-1
0	256	-6.2638	-6.45475	-1	-1	-1
0	256	-0.196365	8.92377	577	645.531	-1
0	256	8.61176	-3.41543	-1	-1	-1
0	256	5.05895	8.32874	-1	-1	-1
0	256	1.5062	6.5358	-1	-1	-1
0	256	1.13849	-3.18301	-1	-1	-1
0	256	1.21533	-9.01148	-1	-1	-1
0	256	-8.77602	-8.56231	338	427.438	-1
0	256	-8.16215	1.93163	2178	2262.66	-1
0	256	1.40967	-5.57357	-1	-1	-1
0	256	-3.3604	3.42356	3683	3724.78	-1
0	256	9.44201	1.67319	-1	-1	-1
0	256	3.87956	4.16196	-1	-1	-1
0	256	7.25906	3.99025	1647	1717.06	-1
0	256	-1.97705	-5.16191	-1	-1	-1
0	256	-1.36426	3.22907	42	78.5938	-1
0	256	-7.91251	2.20041	2457	2519.19	-1
0	256	-4.09349	-7.11089	-1	-1	-1
0	256	-6.41925	-3.32094	2052	2103.81	-1
0	256	-4.76291	0.733805	519	564.281	-1
0	256	-6.5176	-4.15038	347	463.625	-1
0	256	-2.82149	-3.08267	1251	1296.75	-1
0	256	2.19414	-8.62851	-1	-1	-1
0	256	-0.547924	-7.25873	2328	2384.47	-1
0	256	8.64136	4.18495	-1	-1	-1
0	256	5.32277	-1.22735	4384	4493.25	-1
0	256	-6.87167	-1.09405	1365	1462.28	-1
0	256	-8.90706	-0.874237	2566	2632.12	-1
0	256	0.900387	-2.88485	37	66.7812	-1
0	256	5.4345	3.44313	1452	1501.56	-1
0	256	-3.70426	-2.7887	4906	4945.59	-1
0	256	2.92057	4.09719	-1	-1	-1
0	256	1.92699	-7.47305	-1	-1	-1
0	256	5.39348	1.27984	3853	3902.56	-1
0	256	8.99392	0.0199628	4808	4875.47	-1
0	256	-5.588	1.17248	2655	2705.31	-1
0	256	7.90066	0.762204	-1	-1	-1
0	256	5.73884	7.2313	-1	-1	-1
0	256	-9.79943	1.61277	2215	2297.28	-1
0	256	-1.65627	6.28682	92	202.188	-1
0	256	-2.8073	6.28309	1198	1250.94	-1
0	256	-6.22705	6.42701	-1	-1	-1
0	256	8.81352	8.61058	-1	-1	-1
0	256	1.53213	9.63991	1195	1271.78	-1
0	256	-6.38168	-1.54763	-1	-1	-1
0	256	7.84929	-1.50242	2630	2722.69	-1
