Pile ID	Distribution Type	X-Position	Y-Position	Pickup Time	Drop Off Time	Ant ID
1	1	-2.18424	-7.90948	-1	-1	-1
1	1	-2.03424	-7.90948	-1	-1	-1
1	1	-1.88424	-7.90948	-1	-1	-1
1	1	-1.73424	-7.90948	-1	-1	-1
1	1	-1.58424	-7.90948	-1	-1	-1
1	1	-1.43424	-7.90948	-1	-1	-1
1	1	-1.28424	-7.90948	-1	-1	-1
1	1	-1.13424	-7.90948	-1	-1	-1
1	1	-0.984238	-7.90948	-1	-1	-1
1	1	-0.834238	-7.90948	-1	-1	-1
1	1	-0.684238	-7.90948	-1	-1	-1
1	1	-0.534238	-7.90948	-1	-1	-1
1	1	-0.384238	-7.90948	-1	-1	-1
1	1	-0.234238	-7.90948	-1	-1	-1
1	1	-0.0842379	-7.90948	-1	-1	-1
1	1	0.0657621	-7.90948	-1	-1	-1
1	1	-2.18424	-7.75948	-1	-1	-1
1	1	-2.03424	-7.75948	-1	-1	-1
1	1	-1.88424	-7.75948	-1	-1	-1
1	1	-1.73424	-7.75948	-1	-1	-1
1	1	-1.58424	-7.75948	-1	-1	-1
1	1	-1.43424	-7.75948	-1	-1	-1
1	1	-1.28424	-7.75948	-1	-1	-1
1	1	-1.13424	-7.75948	-1	-1	-1
1	1	-0.984238	-7.75948	-1	-1	-1
1	1	-0.834238	-7.75948	-1	-1	-1
1	1	-0.684238	-7.75948	-1	-1	-1
1	1	-0.534238	-7.75948	-1	-1	-1
1	1	-0.384238	-7.75948	-1	-1	-1
1	1	-0.234238	-7.75948	-1	-1	-1
1	1	-0.0842379	-7.75948	-1	-1	-1
1	1	0.0657621	-7.75948	-1	-1	-1
1	1	-2.18424	-7.60948	507	571.344	-1
1	1	-2.03424	-7.60948	-1	-1	-1
1	1	-1.88424	-7.60948	-1	-1	-1
1	1	-1.73424	-7.60948	-1	-1	-1
1	1	-1.58424	-7.60948	-1	-1	-1
1	1	-1.43424	-7.60948	-1	-1	-1
1	1	-1.28424	-7.60948	-1	-1	-1
1	1	-1.13424	-7.60948	-1	-1	-1
1	1	-0.984238	-7.60948	-1	-1	-1
1	1	-0.834238	-7.60948	-1	-1	-1
1	1	-0.684238	-7.60948	-1	-1	-1
1	1	-0.534238	-7.60948	-1	-1	-1
1	1	-0.384238	-7.60948	-1	-1	-1
1	1	-0.234238	-7.60948	-1	-1	-1
1	1	-0.0842379	-7.60948	-1	-1	-1
1	1	0.0657621	-7.60948	-1	-1	-1
1	1	-2.18424	-7.45948	-1	-1	-1
1	1	-2.03424	-7.45948	-1	-1	-1
1	1	-1.88424	-7.45948	-1	-1	-1
1	1	-1.73424	-7.45948	-1	-1	-1
1	1	-1.58424	-7.45948	-1	-1	-1
1	1	-1.43424	-7.45948	-1	-1	-1
1	1	-1.28424	-7.45948	-1	-1	-1
1	1	-1.13424	-7.45948	-1	-1	-1
1	1	-0.984238	-7.45948	-1	-1	-1
1	1	-0.834238	-7.45948	-1	-1	-1
1	1	-0.684238	-7.45948	-1	-1	-1
1	1	-0.534238	-7.45948	-1	-1	-1
1	1	-0.384238	-7.45948	-1	-1	-1
1	1	-0.234238	-7.45948	-1	-1	-1
1	1	-0.0842379	-7.45948	-1	-1	-1
1	1	0.0657621	-7.45948	-1	-1	-1
1	1	-2.18424	-7.30948	-1	-1	-1
1	1	-2.03424	-7.30948	-1	-1	-1
1	1	-1.88424	-7.30948	-1	-1	-1
1	1	-1.73424	-7.30948	-1	-1	-1
1	1	-1.58424	-7.30948	-1	-1	-1
1	1	-1.43424	-7.30948	-1	-1	-1
1	1	-1.28424	-7.30948	-1	-1	-1
1	1	-1.13424	-7.30948	-1	-1	-1
1	1	-0.984238	-7.30948	-1	-1	-1
1	1	-0.834238	-7.30948	-1	-1	-1
1	1	-0.684238	-7.30948	-1	-1	-1
1	1	-0.534238	-7.30948	-1	-1	-1
1	1	-0.384238	-7.30948	-1	-1	-1
1	1	-0.234238	-7.30948	-1	-1	-1
1	1	-0.0842379	-7.30948	-1	-1	-1
1	1	0.0657621	-7.30948	-1	-1	-1
1	1	-2.18424	-7.15948	1449	1509.97	-1
1	1	-2.03424	-7.15948	-1	-1	-1
1	1	-1.88424	-7.15948	-1	-1	-1
1	1	-1.73424	-7.15948	-1	-1	-1
1	1	-1.58424	-7.15948	-1	-1	-1
1	1	-1.43424	-7.15948	-1	-1	-1
1	1	-1.28424	-7.15948	-1	-1	-1
1	1	-1.13424	-7.15948	-1	-1	-1
1	1	-0.984238	-7.15948	-1	-1	-1
1	1	-0.834238	-7.15948	-1	-1	-1
1	1	-0.684238	-7.15948	-1	-1	-1
1	1	-0.534238	-7.15948	-1	-1	-1
1	1	-0.384238	-7.15948	-1	-1	-1
1	1	-0.234238	-7.15948	-1	-1	-1
1	1	-0.0842379	-7.15948	-1	-1	-1
1	1	0.0657621	-7.15948	-1	-1	-1
1	1	-2.18424	-7.00948	1337	1394.94	-1
1	1	-2.03424	-7.00948	-1	-1	-1
1	1	-1.88424	-7.00948	-1	-1	-1
1	1	-1.73424	-7.00948	-1	-1	-1
1	1	-1.58424	-7.00948	-1	-1	-1
1	1	-1.43424	-7.00948	-1	-1	-1
1	1	-1.28424	-7.00948	-1	-1	-1
1	1	-1.13424	-7.00948	-1	-1	-1
1	1	-0.984238	-7.00948	-1	-1	-1
1	1	-0.834238	-7.00948	-1	-1	-1
1	1	-0.684238	-7.00948	-1	-1	-1
1	1	-0.534238	-7.00948	-1	-1	-1
1	1	-0.384238	-7.00948	-1	-1	-1
1	1	-0.234238	-7.00948	-1	-1	-1
1	1	-0.0842379	-7.00948	-1	-1	-1
1	1	0.0657621	-7.00948	-1	-1	-1
1	1	-2.18424	-6.85948	1101	1181.81	-1
1	1	-2.03424	-6.85948	1132	1215.72	-1
1	1	-1.88424	-6.85948	-1	-1	-1
1	1	-1.73424	-6.85948	-1	-1	-1
1	1	-1.58424	-6.85948	-1	-1	-1
1	1	-1.43424	-6.85948	-1	-1	-1
1	1	-1.28424	-6.85948	-1	-1	-1
1	1	-1.13424	-6.85948	-1	-1	-1
1	1	-0.984238	-6.85948	-1	-1	-1
1	1	-0.834238	-6.85948	-1	-1	-1
1	1	-0.684238	-6.85948	-1	-1	-1
1	1	-0.534238	-6.85948	-1	-1	-1
1	1	-0.384238	-6.85948	-1	-1	-1
1	1	-0.234238	-6.85948	-1	-1	-1
1	1	-0.0842379	-6.85948	-1	-1	-1
1	1	0.0657621	-6.85948	-1	-1	-1
1	1	-2.18424	-6.70948	972	1027.16	-1
1	1	-2.03424	-6.70948	1210	1275.88	-1
1	1	-1.88424	-6.70948	1491	1545.62	-1
1	1	-1.73424	-6.70948	-1	-1	-1
1	1	-1.58424	-6.70948	-1	-1	-1
1	1	-1.43424	-6.70948	-1	-1	-1
1	1	-1.28424	-6.70948	-1	-1	-1
1	1	-1.13424	-6.70948	-1	-1	-1
1	1	-0.984238	-6.70948	-1	-1	-1
1	1	-0.834238	-6.70948	-1	-1	-1
1	1	-0.684238	-6.70948	-1	-1	-1
1	1	-0.534238	-6.70948	-1	-1	-1
1	1	-0.384238	-6.70948	-1	-1	-1
1	1	-0.234238	-6.70948	-1	-1	-1
1	1	-0.0842379	-6.70948	-1	-1	-1
1	1	0.0657621	-6.70948	-1	-1	-1
1	1	-2.18424	-6.55948	1081	1144.78	-1
1	1	-2.03424	-6.55948	1120	1205.38	-1
1	1	-1.88424	-6.55948	-1	-1	-1
1	1	-1.73424	-6.55948	-1	-1	-1
1	1	-1.58424	-6.55948	-1	-1	-1
1	1	-1.43424	-6.55948	-1	-1	-1
1	1	-1.28424	-6.55948	-1	-1	-1
1	1	-1.13424	-6.55948	-1	-1	-1
1	1	-0.984238	-6.55948	-1	-1	-1
1	1	-0.834238	-6.55948	-1	-1	-1
1	1	-0.684238	-6.55948	-1	-1	-1
1	1	-0.534238	-6.55948	-1	-1	-1
1	1	-0.384238	-6.55948	-1	-1	-1
1	1	-0.234238	-6.55948	-1	-1	-1
1	1	-0.0842379	-6.55948	-1	-1	-1
1	1	0.0657621	-6.55948	-1	-1	-1
1	1	-2.18424	-6.40948	1257	1320.62	-1
1	1	-2.03424	-6.40948	1373	1436.06	-1
1	1	-1.88424	-6.40948	-1	-1	-1
1	1	-1.73424	-6.40948	-1	-1	-1
1	1	-1.58424	-6.40948	-1	-1	-1
1	1	-1.43424	-6.40948	-1	-1	-1
1	1	-1.28424	-6.40948	-1	-1	-1
1	1	-1.13424	-6.40948	-1	-1	-1
1	1	-0.984238	-6.40948	-1	-1	-1
1	1	-0.834238	-6.40948	-1	-1	-1
1	1	-0.684238	-6.40948	-1	-1	-1
1	1	-0.534238	-6.40948	-1	-1	-1
1	1	-0.384238	-6.40948	-1	-1	-1
1	1	-0.234238	-6.40948	-1	-1	-1
1	1	-0.0842379	-6.40948	-1	-1	-1
1	1	0.0657621	-6.40948	-1	-1	-1
1	1	-2.18424	-6.25948	1404	1458.16	-1
1	1	-2.03424	-6.25948	-1	-1	-1
1	1	-1.88424	-6.25948	-1	-1	-1
1	1	-1.73424	-6.25948	-1	-1	-1
1	1	-1.58424	-6.25948	-1	-1	-1
1	1	-1.43424	-6.25948	-1	-1	-1
1	1	-1.28424	-6.25948	-1	-1	-1
1	1	-1.13424	-6.25948	-1	-1	-1
1	1	-0.984238	-6.25948	-1	-1	-1
1	1	-0.834238	-6.25948	-1	-1	-1
1	1	-0.684238	-6.25948	-1	-1	-1
1	1	-0.534238	-6.25948	-1	-1	-1
1	1	-0.384238	-6.25948	-1	-1	-1
1	1	-0.234238	-6.25948	-1	-1	-1
1	1	-0.0842379	-6.25948	-1	-1	-1
1	1	0.0657621	-6.25948	-1	-1	-1
1	1	-2.18424	-6.10948	2681	2735.06	-1
1	1	-2.03424	-6.10948	3745	3794.09	-1
1	1	-1.88424	-6.10948	-1	-1	-1
1	1	-1.73424	-6.10948	-1	-1	-1
1	1	-1.58424	-6.10948	-1	-1	-1
1	1	-1.43424	-6.10948	-1	-1	-1
1	1	-1.28424	-6.10948	-1	-1	-1
1	1	-1.13424	-6.10948	-1	-1	-1
1	1	-0.984238	-6.10948	-1	-1	-1
1	1	-0.834238	-6.10948	-1	-1	-1
1	1	-0.684238	-6.10948	-1	-1	-1
1	1	-0.534238	-6.10948	-1	-1	-1
1	1	-0.384238	-6.10948	-1	-1	-1
1	1	-0.234238	-6.10948	-1	-1	-1
1	1	-0.0842379	-6.10948	-1	-1	-1
1	1	0.0657621	-6.10948	-1	-1	-1
1	1	-2.18424	-5.95948	604	657.625	-1
1	1	-2.03424	-5.95948	3296	3357.91	-1
1	1	-1.88424	-5.95948	3086	3138.56	-1
1	1	-1.73424	-5.95948	3184	3241.47	-1
1	1	-1.58424	-5.95948	3334	3406.28	-1
1	1	-1.43424	-5.95948	3384	3465.97	-1
1	1	-1.28424	-5.95948	3643	3698	-1
1	1	-1.13424	-5.95948	-1	-1	-1
1	1	-0.984238	-5.95948	-1	-1	-1
1	1	-0.834238	-5.95948	-1	-1	-1
1	1	-0.684238	-5.95948	2639	2695.91	-1
1	1	-0.534238	-5.95948	-1	-1	-1
1	1	-0.384238	-5.95948	-1	-1	-1
1	1	-0.234238	-5.95948	-1	-1	-1
1	1	-0.0842379	-5.95948	-1	-1	-1
1	1	0.0657621	-5.95948	-1	-1	-1
1	1	-2.18424	-5.80948	708	758.875	-1
1	1	-2.03424	-5.80948	819	865.719	-1
1	1	-1.88424	-5.80948	2872	2919.97	-1
1	1	-1.73424	-5.80948	2979	3032.75	-1
1	1	-1.58424	-5.80948	3109	3157	-1
1	1	-1.43424	-5.80948	3319	3370.44	-1
1	1	-1.28424	-5.80948	3529	3582	-1
1	1	-1.13424	-5.80948	-1	-1	-1
1	1	-0.984238	-5.80948	2634	2686.5	-1
1	1	-0.834238	-5.80948	2416	2470	-1
1	1	-0.684238	-5.80948	2519	2571.5	-1
1	1	-0.534238	-5.80948	-1	-1	-1
1	1	-0.384238	-5.80948	-1	-1	-1
1	1	-0.234238	-5.80948	-1	-1	-1
1	1	-0.0842379	-5.80948	-1	-1	-1
1	1	0.0657621	-5.80948	-1	-1	-1
1	1	-2.18424	-5.65948	2532	2602.84	-1
1	1	-2.03424	-5.65948	2654	2723.16	-1
1	1	-1.88424	-5.65948	2776	2819.88	-1
1	1	-1.73424	-5.65948	2966	3017.62	-1
1	1	-1.58424	-5.65948	3206	3263.25	-1
1	1	-1.43424	-5.65948	3240	3294.16	-1
1	1	-1.28424	-5.65948	3428	3497.47	-1
1	1	-1.13424	-5.65948	3553	3610.28	-1
1	1	-0.984238	-5.65948	2545	2591.59	-1
1	1	-0.834238	-5.65948	2236	2289.22	-1
1	1	-0.684238	-5.65948	2330	2371.97	-1
1	1	-0.534238	-5.65948	2542	2587.38	-1
1	1	-0.384238	-5.65948	4665	4709.09	-1
1	1	-0.234238	-5.65948	-1	-1	-1
1	1	-0.0842379	-5.65948	-1	-1	-1
1	1	0.0657621	-5.65948	-1	-1	-1
2	4	-6.2631	1.10188	-1	-1	-1
2	4	-6.1131	1.10188	-1	-1	-1
2	4	-5.9631	1.10188	4556	4609.22	-1
2	4	-5.8131	1.10188	4254	4316.56	-1
2	4	-5.6631	1.10188	4050	4103.34	-1
2	4	-5.5131	1.10188	3838	3952	-1
2	4	-5.3631	1.10188	4007	4080.47	-1
2	4	-5.2131	1.10188	4072	4122.09	-1
2	4	-6.2631	1.25188	-1	-1	-1
2	4	-6.1131	1.25188	-1	-1	-1
2	4	-5.9631	1.25188	5364	-1	-1
2	4	-5.8131	1.25188	4372	4455.75	-1
2	4	-5.6631	1.25188	4445	4526.91	-1
2	4	-5.5131	1.25188	4140	4196.59	-1
2	4	-5.3631	1.25188	4168	4244.09	-1
2	4	-5.2131	1.25188	4281	4346.53	-1
2	4	-6.2631	1.40188	-1	-1	-1
2	4	-6.1131	1.40188	5168	5222.06	-1
2	4	-5.9631	1.40188	5270	5315.62	-1
2	4	-5.8131	1.40188	4764	4824.66	-1
2	4	-5.6631	1.40188	4576	4649.91	-1
2	4	-5.5131	1.40188	4300	4358.31	-1
2	4	-5.3631	1.40188	4429	4489.62	-1
2	4	-5.2131	1.40188	4393	4476.53	-1
2	4	-6.2631	1.55188	-1	-1	-1
2	4	-6.1131	1.55188	5065	5112.19	-1
2	4	-5.9631	1.55188	4808	4860.81	-1
2	4	-5.8131	1.55188	4706	4759.09	-1
2	4	-5.6631	1.55188	4677	4741.94	-1
2	4	-5.5131	1.55188	4552	4618.34	-1
2	4	-5.3631	1.55188	4535	4581.16	-1
2	4	-5.2131	1.55188	4509	4599.31	-1
2	4	-6.2631	1.70188	-1	-1	-1
2	4	-6.1131	1.70188	5176	5241.44	-1
2	4	-5.9631	1.70188	4910	4982.38	-1
2	4	-5.8131	1.70188	4881	4947.5	-1
2	4	-5.6631	1.70188	4817	4873.19	-1
2	4	-5.5131	1.70188	4635	4714.81	-1
2	4	-5.3631	1.70188	4603	4663.28	-1
2	4	-5.2131	1.70188	4489	4567.69	-1
2	4	-6.2631	1.85188	-1	-1	-1
2	4	-6.1131	1.85188	5307	5376.72	-1
2	4	-5.9631	1.85188	5130	5189.75	-1
2	4	-5.8131	1.85188	5010	5071.34	-1
2	4	-5.6631	1.85188	4936	4992.88	-1
2	4	-5.5131	1.85188	5122	5176	-1
2	4	-5.3631	1.85188	4387	4429.28	-1
2	4	-5.2131	1.85188	4189	4233.62	-1
2	4	-6.2631	2.00188	-1	-1	-1
2	4	-6.1131	2.00188	5379	-1	-1
2	4	-5.9631	2.00188	5246	5313.91	-1
2	4	-5.8131	2.00188	5045	5115.91	-1
2	4	-5.6631	2.00188	5238	5287.31	-1
2	4	-5.5131	2.00188	5339	5399.56	-1
2	4	-5.3631	2.00188	4919	4968.72	-1
2	4	-5.2131	2.00188	4281	4323.34	-1
2	4	-6.2631	2.15188	-1	-1	-1
2	4	-6.1131	2.15188	-1	-1	-1
2	4	-5.9631	2.15188	-1	-1	-1
2	4	-5.8131	2.15188	-1	-1	-1
2	4	-5.6631	2.15188	-1	-1	-1
2	4	-5.5131	2.15188	-1	-1	-1
2	4	-5.3631	2.15188	-1	-1	-1
2	4	-5.2131	2.15188	4380	4441.25	-1
3	4	-6.0993	4.47591	-1	-1	-1
3	4	-5.9493	4.47591	-1	-1	-1
3	4	-5.7993	4.47591	-1	-1	-1
3	4	-5.6493	4.47591	-1	-1	-1
3	4	-5.4993	4.47591	-1	-1	-1
3	4	-5.3493	4.47591	-1	-1	-1
3	4	-5.1993	4.47591	-1	-1	-1
3	4	-5.0493	4.47591	-1	-1	-1
3	4	-6.0993	4.62591	-1	-1	-1
3	4	-5.9493	4.62591	-1	-1	-1
3	4	-5.7993	4.62591	-1	-1	-1
3	4	-5.6493	4.62591	-1	-1	-1
3	4	-5.4993	4.62591	-1	-1	-1
3	4	-5.3493	4.62591	-1	-1	-1
3	4	-5.1993	4.62591	-1	-1	-1
3	4	-5.0493	4.62591	3088	3143.81	-1
3	4	-6.0993	4.77591	-1	-1	-1
3	4	-5.9493	4.77591	-1	-1	-1
3	4	-5.7993	4.77591	-1	-1	-1
3	4	-5.6493	4.77591	-1	-1	-1
3	4	-5.4993	4.77591	-1	-1	-1
3	4	-5.3493	4.77591	-1	-1	-1
3	4	-5.1993	4.77591	2960	3016.62	-1
3	4	-5.0493	4.77591	3070	3130.12	-1
3	4	-6.0993	4.92591	-1	-1	-1
3	4	-5.9493	4.92591	-1	-1	-1
3	4	-5.7993	4.92591	-1	-1	-1
3	4	-5.6493	4.92591	-1	-1	-1
3	4	-5.4993	4.92591	-1	-1	-1
3	4	-5.3493	4.92591	-1	-1	-1
3	4	-5.1993	4.92591	2848	2905.84	-1
3	4	-5.0493	4.92591	432	493.438	-1
3	4	-6.0993	5.07591	-1	-1	-1
3	4	-5.9493	5.07591	-1	-1	-1
3	4	-5.7993	5.07591	-1	-1	-1
3	4	-5.6493	5.07591	-1	-1	-1
3	4	-5.4993	5.07591	-1	-1	-1
3	4	-5.3493	5.07591	-1	-1	-1
3	4	-5.1993	5.07591	-1	-1	-1
3	4	-5.0493	5.07591	323	379.562	-1
3	4	-6.0993	5.22591	-1	-1	-1
3	4	-5.9493	5.22591	-1	-1	-1
3	4	-5.7993	5.22591	-1	-1	-1
3	4	-5.6493	5.22591	-1	-1	-1
3	4	-5.4993	5.22591	-1	-1	-1
3	4	-5.3493	5.22591	3875	3934.19	-1
3	4	-5.1993	5.22591	1597	1671.5	-1
3	4	-5.0493	5.22591	121	263.312	-1
3	4	-6.0993	5.37591	-1	-1	-1
3	4	-5.9493	5.37591	-1	-1	-1
3	4	-5.7993	5.37591	-1	-1	-1
3	4	-5.6493	5.37591	4128	4189.56	-1
3	4	-5.4993	5.37591	3808	3867.94	-1
3	4	-5.3493	5.37591	3744	3808.5	-1
3	4	-5.1993	5.37591	1696	1765.78	-1
3	4	-5.0493	5.37591	1354	1490.47	-1
3	4	-6.0993	5.52591	-1	-1	-1
3	4	-5.9493	5.52591	-1	-1	-1
3	4	-5.7993	5.52591	3997	4064.72	-1
3	4	-5.6493	5.52591	3892	3956.94	-1
3	4	-5.4993	5.52591	3754	3824.56	-1
3	4	-5.3493	5.52591	3594	3678.25	-1
3	4	-5.1993	5.52591	1573	1638.34	-1
3	4	-5.0493	5.52591	1548	1629	-1
4	4	2.30425	-4.49445	1010	1055.03	-1
4	4	2.45425	-4.49445	4204	4336.84	-1
4	4	2.60425	-4.49445	-1	-1	-1
4	4	2.75425	-4.49445	-1	-1	-1
4	4	2.90425	-4.49445	-1	-1	-1
4	4	3.05425	-4.49445	-1	-1	-1
4	4	3.20425	-4.49445	2506	2550.88	-1
4	4	3.35425	-4.49445	2408	2455.97	-1
4	4	2.30425	-4.34445	921	959.688	-1
4	4	2.45425	-4.34445	1117	1163.75	-1
4	4	2.60425	-4.34445	-1	-1	-1
4	4	2.75425	-4.34445	-1	-1	-1
4	4	2.90425	-4.34445	-1	-1	-1
4	4	3.05425	-4.34445	-1	-1	-1
4	4	3.20425	-4.34445	2685	2754.41	-1
4	4	3.35425	-4.34445	2591	2636.12	-1
4	4	2.30425	-4.19445	717	758.75	-1
4	4	2.45425	-4.19445	1014	1156.75	-1
4	4	2.60425	-4.19445	-1	-1	-1
4	4	2.75425	-4.19445	2391	2440.81	-1
4	4	2.90425	-4.19445	2125	2168.81	-1
4	4	3.05425	-4.19445	2793	2833.53	-1
4	4	3.20425	-4.19445	-1	-1	-1
4	4	3.35425	-4.19445	2802	2844.59	-1
4	4	2.30425	-4.04445	445	486.312	-1
4	4	2.45425	-4.04445	535	575.312	-1
4	4	2.60425	-4.04445	2038	2076.47	-1
4	4	2.75425	-4.04445	1912	1965.91	-1
4	4	2.90425	-4.04445	1951	2004.88	-1
4	4	3.05425	-4.04445	2205	2248.22	-1
4	4	3.20425	-4.04445	2873	2919.78	-1
4	4	3.35425	-4.04445	3905	3947.53	-1
4	4	2.30425	-3.89445	370	406.969	-1
4	4	2.45425	-3.89445	623	668.531	-1
4	4	2.60425	-3.89445	941	985.844	-1
4	4	2.75425	-3.89445	1313	1351.12	-1
4	4	2.90425	-3.89445	1834	1871.09	-1
4	4	3.05425	-3.89445	2042	2082.38	-1
4	4	3.20425	-3.89445	2693	2744.75	-1
4	4	3.35425	-3.89445	2613	2656.81	-1
4	4	2.30425	-3.74445	650	698.156	-1
4	4	2.45425	-3.74445	736	794.188	-1
4	4	2.60425	-3.74445	810	856.031	-1
4	4	2.75425	-3.74445	1237	1273.91	-1
4	4	2.90425	-3.74445	1390	1429.25	-1
4	4	3.05425	-3.74445	2297	2350.5	-1
4	4	3.20425	-3.74445	2535	2574.59	-1
4	4	3.35425	-3.74445	2440	2486.09	-1
4	4	2.30425	-3.59445	465	510.562	-1
4	4	2.45425	-3.59445	544	586.688	-1
4	4	2.60425	-3.59445	727	762.125	-1
4	4	2.75425	-3.59445	1132	1197.16	-1
4	4	2.90425	-3.59445	1478	1516.12	-1
4	4	3.05425	-3.59445	-1	-1	-1
4	4	3.20425	-3.59445	2352	2398.12	-1
4	4	3.35425	-3.59445	1957	2009.31	-1
4	4	2.30425	-3.44445	147	307.625	-1
4	4	2.45425	-3.44445	623	668.469	-1
4	4	2.60425	-3.44445	1023	1094.41	-1
4	4	2.75425	-3.44445	1944	1985.03	-1
4	4	2.90425	-3.44445	1788	1826.44	-1
4	4	3.05425	-3.44445	1710	1749.56	-1
4	4	3.20425	-3.44445	1508	1671.31	-1
4	4	3.35425	-3.44445	1872	1915.22	-1
5	4	1.76678	6.2402	2255	2304.06	-1
5	4	1.91678	6.2402	2498	2548.19	-1
5	4	2.06678	6.2402	2391	2447.12	-1
5	4	2.21678	6.2402	2819	2872.97	-1
5	4	2.36678	6.2402	-1	-1	-1
5	4	2.51678	6.2402	-1	-1	-1
5	4	2.66678	6.2402	-1	-1	-1
5	4	2.81678	6.2402	-1	-1	-1
5	4	1.76678	6.3902	2745	2807.94	-1
5	4	1.91678	6.3902	2597	2647.72	-1
5	4	2.06678	6.3902	2692	2742.53	-1
5	4	2.21678	6.3902	2889	2951.66	-1
5	4	2.36678	6.3902	3600	3664.97	-1
5	4	2.51678	6.3902	-1	-1	-1
5	4	2.66678	6.3902	-1	-1	-1
5	4	2.81678	6.3902	-1	-1	-1
5	4	1.76678	6.5402	3014	3087.09	-1
5	4	1.91678	6.5402	2733	2793.53	-1
5	4	2.06678	6.5402	2851	2916.81	-1
5	4	2.21678	6.5402	3007	3070.44	-1
5	4	2.36678	6.5402	3368	3427.19	-1
5	4	2.51678	6.5402	3487	3545.25	-1
5	4	2.66678	6.5402	5245	5307.22	-1
5	4	2.81678	6.5402	-1	-1	-1
5	4	1.76678	6.6902	3339	3413.28	-1
5	4	1.91678	6.6902	3254	3311.44	-1
5	4	2.06678	6.6902	3225	3283.97	-1
5	4	2.21678	6.6902	3112	3173.72	-1
5	4	2.36678	6.6902	3146	3198.78	-1
5	4	2.51678	6.6902	4939	5004.66	-1
5	4	2.66678	6.6902	4978	5036.91	-1
5	4	2.81678	6.6902	-1	-1	-1
5	4	1.76678	6.8402	3476	3532.81	-1
5	4	1.91678	6.8402	3584	3646.69	-1
5	4	2.06678	6.8402	4949	5012.91	-1
5	4	2.21678	6.8402	4509	4588.28	-1
5	4	2.36678	6.8402	4671	4724.94	-1
5	4	2.51678	6.8402	4799	4871.19	-1
5	4	2.66678	6.8402	-1	-1	-1
5	4	2.81678	6.8402	-1	-1	-1
5	4	1.76678	6.9902	-1	-1	-1
5	4	1.91678	6.9902	5368	-1	-1
5	4	2.06678	6.9902	4819	4881.88	-1
5	4	2.21678	6.9902	4781	4843.12	-1
5	4	2.36678	6.9902	4824	4909.03	-1
5	4	2.51678	6.9902	4898	4966.97	-1
5	4	2.66678	6.9902	-1	-1	-1
5	4	2.81678	6.9902	-1	-1	-1
5	4	1.76678	7.1402	5339	5395.41	-1
5	4	1.91678	7.1402	5308	5366.25	-1
5	4	2.06678	7.1402	4976	5043.59	-1
5	4	2.21678	7.1402	5080	5142.03	-1
5	4	2.36678	7.1402	5026	5087.53	-1
5	4	2.51678	7.1402	5045	5107.5	-1
5	4	2.66678	7.1402	-1	-1	-1
5	4	2.81678	7.1402	-1	-1	-1
5	4	1.76678	7.2902	-1	-1	-1
5	4	1.91678	7.2902	-1	-1	-1
5	4	2.06678	7.2902	5287	5377.62	-1
5	4	2.21678	7.2902	5156	5222	-1
5	4	2.36678	7.2902	5104	5169.5	-1
5	4	2.51678	7.2902	5166	5248.91	-1
5	4	2.66678	7.2902	-1	-1	-1
5	4	2.81678	7.2902	-1	-1	-1
6	16	-4.56696	1.31926	4516	4562.56	-1
6	16	-4.41696	1.31926	-1	-1	-1
6	16	-4.26696	1.31926	-1	-1	-1
6	16	-4.11696	1.31926	-1	-1	-1
6	16	-4.56696	1.46926	4859	4916.47	-1
6	16	-4.41696	1.46926	-1	-1	-1
6	16	-4.26696	1.46926	-1	-1	-1
6	16	-4.11696	1.46926	1384	1421.5	-1
6	16	-4.56696	1.61926	4656	4694.78	-1
6	16	-4.41696	1.61926	4970	5026.38	-1
6	16	-4.26696	1.61926	1324	1374.88	-1
6	16	-4.11696	1.61926	1144	1183.66	-1
6	16	-4.56696	1.76926	4738	4782.31	-1
6	16	-4.41696	1.76926	4822	4858.59	-1
6	16	-4.26696	1.76926	1301	1337.97	-1
6	16	-4.11696	1.76926	1217	1250.78	-1
7	16	4.00553	0.862266	1963	1999.97	-1
7	16	4.15553	0.862266	-1	-1	-1
7	16	4.30553	0.862266	-1	-1	-1
7	16	4.45553	0.862266	-1	-1	-1
7	16	4.00553	1.01227	-1	-1	-1
7	16	4.15553	1.01227	-1	-1	-1
7	16	4.30553	1.01227	-1	-1	-1
7	16	4.45553	1.01227	-1	-1	-1
7	16	4.00553	1.16227	-1	-1	-1
7	16	4.15553	1.16227	-1	-1	-1
7	16	4.30553	1.16227	-1	-1	-1
7	16	4.45553	1.16227	-1	-1	-1
7	16	4.00553	1.31227	-1	-1	-1
7	16	4.15553	1.31227	-1	-1	-1
7	16	4.30553	1.31227	-1	-1	-1
7	16	4.45553	1.31227	-1	-1	-1
8	16	7.42717	2.93051	-1	-1	-1
8	16	7.57717	2.93051	-1	-1	-1
8	16	7.72717	2.93051	-1	-1	-1
8	16	7.87717	2.93051	-1	-1	-1
8	16	7.42717	3.08051	-1	-1	-1
8	16	7.57717	3.08051	-1	-1	-1
8	16	7.72717	3.08051	-1	-1	-1
8	16	7.87717	3.08051	-1	-1	-1
8	16	7.42717	3.23051	-1	-1	-1
8	16	7.57717	3.23051	-1	-1	-1
8	16	7.72717	3.23051	-1	-1	-1
8	16	7.87717	3.23051	-1	-1	-1
8	16	7.42717	3.38051	-1	-1	-1
8	16	7.57717	3.38051	-1	-1	-1
8	16	7.72717	3.38051	-1	-1	-1
8	16	7.87717	3.38051	-1	-1	-1
9	16	6.90242	-2.0736	696	782.188	-1
9	16	7.05242	-2.0736	-1	-1	-1
9	16	7.20242	-2.0736	-1	-1	-1
9	16	7.35242	-2.0736	-1	-1	-1
9	16	6.90242	-1.9236	2181	2265.44	-1
9	16	7.05242	-1.9236	3009	3062.62	-1
9	16	7.20242	-1.9236	-1	-1	-1
9	16	7.35242	-1.9236	-1	-1	-1
9	16	6.90242	-1.7736	3112	3164.88	-1
9	16	7.05242	-1.7736	4501	4554.12	-1
9	16	7.20242	-1.7736	-1	-1	-1
9	16	7.35242	-1.7736	-1	-1	-1
9	16	6.90242	-1.6236	3135	3192.22	-1
9	16	7.05242	-1.6236	-1	-1	-1
9	16	7.20242	-1.6236	-1	-1	-1
9	16	7.35242	-1.6236	-1	-1	-1
10	16	-3.58584	-5.74538	-1	-1	-1
10	16	-3.43584	-5.74538	3037	3093.19	-1
10	16	-3.28584	-5.74538	747	804.75	-1
10	16	-3.13584	-5.74538	279	336.188	-1
10	16	-3.58584	-5.59538	-1	-1	-1
10	16	-3.43584	-5.59538	3061	3113.66	-1
10	16	-3.28584	-5.59538	2794	2846.44	-1
10	16	-3.13584	-5.59538	389	440.281	-1
10	16	-3.58584	-5.44538	-1	-1	-1
10	16	-3.43584	-5.44538	3160	3214.19	-1
10	16	-3.28584	-5.44538	2937	2986.19	-1
10	16	-3.13584	-5.44538	3154	3207.59	-1
10	16	-3.58584	-5.29538	-1	-1	-1
10	16	-3.43584	-5.29538	-1	-1	-1
10	16	-3.28584	-5.29538	3262	3320.81	-1
10	16	-3.13584	-5.29538	-1	-1	-1
11	16	5.27539	-3.58619	-1	-1	-1
11	16	5.42539	-3.58619	-1	-1	-1
11	16	5.57539	-3.58619	-1	-1	-1
11	16	5.72539	-3.58619	-1	-1	-1
11	16	5.27539	-3.43619	3953	4071.5	-1
11	16	5.42539	-3.43619	-1	-1	-1
11	16	5.57539	-3.43619	-1	-1	-1
11	16	5.72539	-3.43619	-1	-1	-1
11	16	5.27539	-3.28619	4114	4161.12	-1
11	16	5.42539	-3.28619	2068	2114.47	-1
11	16	5.57539	-3.28619	671	734.469	-1
11	16	5.72539	-3.28619	2065	2119	-1
11	16	5.27539	-3.13619	1887	2018.75	-1
11	16	5.42539	-3.13619	791	847.062	-1
11	16	5.57539	-3.13619	574	624.094	-1
11	16	5.72539	-3.13619	477	526.188	-1
12	16	4.56992	-8.26757	-1	-1	-1
12	16	4.71992	-8.26757	-1	-1	-1
12	16	4.86992	-8.26757	-1	-1	-1
12	16	5.01992	-8.26757	-1	-1	-1
12	16	4.56992	-8.11757	-1	-1	-1
12	16	4.71992	-8.11757	-1	-1	-1
12	16	4.86992	-8.11757	-1	-1	-1
12	16	5.01992	-8.11757	-1	-1	-1
12	16	4.56992	-7.96757	-1	-1	-1
12	16	4.71992	-7.96757	-1	-1	-1
12	16	4.86992	-7.96757	-1	-1	-1
12	16	5.01992	-7.96757	-1	-1	-1
12	16	4.56992	-7.81757	2101	2168.5	-1
12	16	4.71992	-7.81757	-1	-1	-1
12	16	4.86992	-7.81757	-1	-1	-1
12	16	5.01992	-7.81757	-1	-1	-1
13	16	3.45826	-7.4862	-1	-1	-1
13	16	3.60826	-7.4862	-1	-1	-1
13	16	3.75826	-7.4862	-1	-1	-1
13	16	3.90826	-7.4862	-1	-1	-1
13	16	3.45826	-7.3362	-1	-1	-1
13	16	3.60826	-7.3362	-1	-1	-1
13	16	3.75826	-7.3362	-1	-1	-1
13	16	3.90826	-7.3362	-1	-1	-1
13	16	3.45826	-7.1862	-1	-1	-1
13	16	3.60826	-7.1862	-1	-1	-1
13	16	3.75826	-7.1862	-1	-1	-1
13	16	3.90826	-7.1862	-1	-1	-1
13	16	3.45826	-7.0362	-1	-1	-1
13	16	3.60826	-7.0362	-1	-1	-1
13	16	3.75826	-7.0362	-1	-1	-1
13	16	3.90826	-7.0362	-1	-1	-1
14	16	-7.87705	-1.43448	803	861.562	-1
14	16	-7.72705	-1.43448	-1	-1	-1
14	16	-7.57705	-1.43448	-1	-1	-1
14	16	-7.42705	-1.43448	-1	-1	-1
14	16	-7.87705	-1.28448	-1	-1	-1
14	16	-7.72705	-1.28448	-1	-1	-1
14	16	-7.57705	-1.28448	-1	-1	-1
14	16	-7.42705	-1.28448	-1	-1	-1
14	16	-7.87705	-1.13448	-1	-1	-1
14	16	-7.72705	-1.13448	-1	-1	-1
14	16	-7.57705	-1.13448	-1	-1	-1
14	16	-7.42705	-1.13448	-1	-1	-1
14	16	-7.87705	-0.984484	-1	-1	-1
14	16	-7.72705	-0.984484	-1	-1	-1
14	16	-7.57705	-0.984484	-1	-1	-1
14	16	-7.42705	-0.984484	-1	-1	-1
15	16	-0.208319	3.31696	2119	2250.31	-1
15	16	-0.0583193	3.31696	2275	2307.66	-1
15	16	0.0916807	3.31696	1748	1869.06	-1
15	16	0.241681	3.31696	2338	2365.25	-1
15	16	-0.208319	3.46696	-1	-1	-1
15	16	-0.0583193	3.46696	-1	-1	-1
15	16	0.0916807	3.46696	4909	4938.69	-1
15	16	0.241681	3.46696	-1	-1	-1
15	16	-0.208319	3.61696	-1	-1	-1
15	16	-0.0583193	3.61696	-1	-1	-1
15	16	0.0916807	3.61696	-1	-1	-1
15	16	0.241681	3.61696	-1	-1	-1
15	16	-0.208319	3.76696	-1	-1	-1
15	16	-0.0583193	3.76696	-1	-1	-1
15	16	0.0916807	3.76696	-1	-1	-1
15	16	0.241681	3.76696	-1	-1	-1
16	16	-2.52373	-2.46129	789	816.406	-1
16	16	-2.37373	-2.46129	-1	-1	-1
16	16	-2.22373	-2.46129	3592	3638.78	-1
16	16	-2.07373	-2.46129	3485	3531.88	-1
16	16	-2.52373	-2.31129	590	762.844	-1
16	16	-2.37373	-2.31129	3596	3632.34	-1
16	16	-2.22373	-2.31129	3537	3566.78	-1
16	16	-2.07373	-2.31129	3256	3417.59	-1
16	16	-2.52373	-2.16129	2244	2274.66	-1
16	16	-2.37373	-2.16129	-1	-1	-1
16	16	-2.22373	-2.16129	3438	3480.41	-1
16	16	-2.07373	-2.16129	313	342.375	-1
16	16	-2.52373	-2.01129	1328	1359.84	-1
16	16	-2.37373	-2.01129	2315	2340.66	-1
16	16	-2.22373	-2.01129	3464	3523.34	-1
16	16	-2.07373	-2.01129	1629	1770.84	-1
17	16	7.64886	-1.10565	-1	-1	-1
17	16	7.79886	-1.10565	-1	-1	-1
17	16	7.94886	-1.10565	-1	-1	-1
17	16	8.09886	-1.10565	-1	-1	-1
17	16	7.64886	-0.955647	-1	-1	-1
17	16	7.79886	-0.955647	-1	-1	-1
17	16	7.94886	-0.955647	-1	-1	-1
17	16	8.09886	-0.955647	-1	-1	-1
17	16	7.64886	-0.805647	-1	-1	-1
17	16	7.79886	-0.805647	-1	-1	-1
17	16	7.94886	-0.805647	-1	-1	-1
17	16	8.09886	-0.805647	-1	-1	-1
17	16	7.64886	-0.655647	-1	-1	-1
17	16	7.79886	-0.655647	-1	-1	-1
17	16	7.94886	-0.655647	-1	-1	-1
17	16	8.09886	-0.655647	-1	-1	-1
18	16	-3.23375	9.17372	-1	-1	-1
18	16	-3.08375	9.17372	-1	-1	-1
18	16	-2.93375	9.17372	-1	-1	-1
18	16	-2.78375	9.17372	-1	-1	-1
18	16	-3.23375	9.32372	-1	-1	-1
18	16	-3.08375	9.32372	-1	-1	-1
18	16	-2.93375	9.32372	-1	-1	-1
18	16	-2.78375	9.32372	-1	-1	-1
18	16	-3.23375	9.47372	-1	-1	-1
18	16	-3.08375	9.47372	-1	-1	-1
18	16	-2.93375	9.47372	-1	-1	-1
18	16	-2.78375	9.47372	-1	-1	-1
18	16	-3.23375	9.62372	-1	-1	-1
18	16	-3.08375	9.62372	-1	-1	-1
18	16	-2.93375	9.62372	-1	-1	-1
18	16	-2.78375	9.62372	-1	-1	-1
19	16	0.251262	-6.97636	-1	-1	-1
19	16	0.401262	-6.97636	-1	-1	-1
19	16	0.551262	-6.97636	-1	-1	-1
19	16	0.701262	-6.97636	-1	-1	-1
19	16	0.251262	-6.82636	-1	-1	-1
19	16	0.401262	-6.82636	-1	-1	-1
19	16	0.551262	-6.82636	-1	-1	-1
19	16	0.701262	-6.82636	-1	-1	-1
19	16	0.251262	-6.67636	-1	-1	-1
19	16	0.401262	-6.67636	-1	-1	-1
19	16	0.551262	-6.67636	-1	-1	-1
19	16	0.701262	-6.67636	-1	-1	-1
19	16	0.251262	-6.52636	-1	-1	-1
19	16	0.401262	-6.52636	-1	-1	-1
19	16	0.551262	-6.52636	-1	-1	-1
19	16	0.701262	-6.52636	-1	-1	-1
20	16	-4.38569	3.24639	4157	4219.12	-1
20	16	-4.23569	3.24639	3803	3935	-1
20	16	-4.08569	3.24639	1386	1430.34	-1
20	16	-3.93569	3.24639	1302	1341.47	-1
20	16	-4.38569	3.39639	4847	4899	-1
20	16	-4.23569	3.39639	4073	4114.91	-1
20	16	-4.08569	3.39639	3980	4020.47	-1
20	16	-3.93569	3.39639	-1	-1	-1
20	16	-4.38569	3.54639	-1	-1	-1
20	16	-4.23569	3.54639	-1	-1	-1
20	16	-4.08569	3.54639	-1	-1	-1
20	16	-3.93569	3.54639	-1	-1	-1
20	16	-4.38569	3.69639	-1	-1	-1
20	16	-4.23569	3.69639	-1	-1	-1
20	16	-4.08569	3.69639	-1	-1	-1
20	16	-3.93569	3.69639	-1	-1	-1
21	16	7.34284	-8.5986	-1	-1	-1
21	16	7.49284	-8.5986	-1	-1	-1
21	16	7.64284	-8.5986	-1	-1	-1
21	16	7.79284	-8.5986	-1	-1	-1
21	16	7.34284	-8.4486	-1	-1	-1
21	16	7.49284	-8.4486	-1	-1	-1
21	16	7.64284	-8.4486	-1	-1	-1
21	16	7.79284	-8.4486	-1	-1	-1
21	16	7.34284	-8.2986	-1	-1	-1
21	16	7.49284	-8.2986	-1	-1	-1
21	16	7.64284	-8.2986	-1	-1	-1
21	16	7.79284	-8.2986	-1	-1	-1
21	16	7.34284	-8.1486	-1	-1	-1
21	16	7.49284	-8.1486	-1	-1	-1
21	16	7.64284	-8.1486	-1	-1	-1
21	16	7.79284	-8.1486	-1	-1	-1
0	256	-7.26233	-2.78517	-1	-1	-1
0	256	-2.98652	-1.92232	1392	1421.94	-1
0	256	6.08659	-5.07696	-1	-1	-1
0	256	5.78715	-2.01986	368	416.781	-1
0	256	-0.494571	5.00426	142	181.469	-1
0	256	2.71883	-8.16445	-1	-1	-1
0	256	-2.37391	2.08391	1761	1798.53	-1
0	256	3.9006	-8.02527	-1	-1	-1
0	256	-7.10986	-2.13952	1627	1684.19	-1
0	256	6.77583	-0.744207	475	585.469	-1
0	256	-0.177407	5.38944	1832	1873.53	-1
0	256	4.64807	-7.64064	2251	2320.56	-1
0	256	-8.44111	-0.286105	4512	4574.19	-1
0	256	-8.95773	-2.62309	1053	1122.41	-1
0	256	1.91427	-6.93537	-1	-1	-1
0	256	5.16413	3.23221	-1	-1	-1
0	256	-9.68691	0.778214	92	160.062	-1
0	256	-4.03262	4.52074	-1	-1	-1
0	256	7.53894	-1.70017	-1	-1	-1
0	256	3.45633	8.25623	-1	-1	-1
0	256	3.27697	2.53386	-1	-1	-1
0	256	3.85693	-8.68549	2099	2165.09	-1
0	256	-1.51846	-3.79994	179	224.719	-1
0	256	3.03237	0.589581	-1	-1	-1
0	256	7.046	4.57083	142	252.25	-1
0	256	-9.08925	-0.38067	-1	-1	-1
0	256	-2.7937	-2.17307	-1	-1	-1
0	256	-0.999644	5.41274	1745	1785.72	-1
0	256	3.20038	5.3012	4093	4214.56	-1
0	256	-9.42667	-2.58893	3695	3789.66	-1
0	256	-9.23771	0.590179	-1	-1	-1
0	256	-7.19545	3.96545	-1	-1	-1
0	256	6.67992	7.36395	-1	-1	-1
0	256	3.14108	4.24309	955	995.406	-1
0	256	6.92947	-6.82106	-1	-1	-1
0	256	3.81356	-1.7957	3822	3855.44	-1
0	256	1.17065	-8.4033	1382	1445.31	-1
0	256	1.33805	8.78978	-1	-1	-1
0	256	4.4623	-4.82814	-1	-1	-1
0	256	4.62029	6.38477	-1	-1	-1
0	256	-2.7784	-1.37937	1250	1281.66	-1
0	256	8.21928	0.562734	-1	-1	-1
0	256	-3.36978	4.7106	-1	-1	-1
0	256	7.96864	-4.22153	-1	-1	-1
0	256	3.731	-8.35471	-1	-1	-1
0	256	-8.80405	1.5179	-1	-1	-1
0	256	2.42059	-1.7722	-1	-1	-1
0	256	2.85634	5.74547	-1	-1	-1
0	256	-2.29844	6.49295	706	759.531	-1
0	256	-8.14309	2.7238	-1	-1	-1
0	256	-7.41212	-2.47902	926	981.844	-1
0	256	6.37607	2.7089	-1	-1	-1
0	256	-3.76684	-1.062	1253	1288.12	-1
0	256	-9.52348	-1.50751	-1	-1	-1
0	256	4.36706	-5.9364	2251	2316.69	-1
0	256	2.96907	5.51545	4262	4309.62	-1
0	256	-9.09756	1.36384	-1	-1	-1
0	256	3.78256	-6.01121	-1	-1	-1
0	256	3.75331	-8.73397	-1	-1	-1
0	256	-8.16543	2.86268	-1	-1	-1
0	256	-5.27711	7.35252	-1	-1	-1
0	256	5.94519	-5.60983	-1	-1	-1
0	256	-3.15923	4.25327	2897	2942.72	-1
0	256	4.1887	-3.99684	-1	-1	-1
0	256	4.50917	-3.65185	2900	2943.38	-1
0	256	-3.79217	-6.75255	-1	-1	-1
0	256	-6.35523	-3.45239	673	728.969	-1
0	256	-2.69251	8.21996	-1	-1	-1
0	256	-7.3292	-1.39755	-1	-1	-1
0	256	4.16158	5.07841	-1	-1	-1
0	256	-7.13933	2.14487	-1	-1	-1
0	256	-5.53934	7.70327	-1	-1	-1
0	256	1.56534	9.48739	-1	-1	-1
0	256	7.27273	-5.6973	-1	-1	-1
0	256	9.66427	-3.3031	-1	-1	-1
0	256	-6.36192	5.79559	-1	-1	-1
0	256	-3.80533	-6.9729	-1	-1	-1
0	256	2.11169	2.7725	44	96.6562	-1
0	256	-1.27085	-5.30445	3635	3688.84	-1
0	256	-5.2702	0.324528	4270	4323.25	-1
0	256	1.35344	6.49384	-1	-1	-1
0	256	-2.75147	-1.19608	2122	2259.28	-1
0	256	9.63341	1.13639	351	420.781	-1
0	256	-7.91757	0.0175664	-1	-1	-1
0	256	2.00112	3.34488	4348	4380.94	-1
0	256	4.2649	-8.80638	-1	-1	-1
0	256	-9.60509	-1.80296	-1	-1	-1
0	256	7.9506	2.0751	-1	-1	-1
0	256	9.56473	-1.23871	-1	-1	-1
0	256	-3.31638	-3.50603	-1	-1	-1
0	256	-8.27201	6.48278	-1	-1	-1
0	256	-6.41953	-1.10347	409	461	-1
0	256	0.0492596	5.12313	5090	5131.62	-1
0	256	-7.29429	4.44852	1692	1756.31	-1
0	256	1.3234	7.09992	1735	1787.28	-1
0	256	-0.982539	8.79197	-1	-1	-1
0	256	2.96803	0.456988	2437	2558.97	-1
0	256	3.61126	1.12291	2197	2230.41	-1
0	256	1.99023	4.63141	4364	4404.75	-1
0	256	5.33467	2.47488	-1	-1	-1
0	256	1.53803	-3.94842	903	951.875	-1
0	256	2.20446	-5.17376	69	112.094	-1
0	256	9.64194	-4.29702	-1	-1	-1
0	256	-0.305236	9.20258	-1	-1	-1
0	256	-3.74647	7.00011	-1	-1	-1
0	256	3.1535	6.0647	1937	1993.66	-1
0	256	-1.68694	-3.42888	2442	2477.62	-1
0	256	4.69524	-4.13354	-1	-1	-1
0	256	-6.29584	6.874	3975	4047.16	-1
0	256	0.657235	-8.77203	1931	1998.62	-1
0	256	6.69701	-3.24417	-1	-1	-1
0	256	-2.46333	-3.34253	1022	1177.53	-1
0	256	2.88354	-8.87153	-1	-1	-1
0	256	4.69134	-6.10841	-1	-1	-1
0	256	9.53189	1.73731	-1	-1	-1
0	256	2.31528	9.55418	-1	-1	-1
0	256	5.06482	4.24542	-1	-1	-1
0	256	5.55417	2.64582	-1	-1	-1
0	256	3.6851	-2.57961	2030	2065.19	-1
0	256	4.18978	-0.824029	916	962.906	-1
0	256	6.54871	4.74721	-1	-1	-1
0	256	-3.22083	4.12807	3584	3754.56	-1
0	256	-9.37429	0.886084	-1	-1	-1
0	256	-9.61788	-0.461948	4217	4299.06	-1
0	256	4.21541	6.27999	-1	-1	-1
0	256	2.99118	-6.521	-1	-1	-1
0	256	-8.63605	0.302822	4379	4443.38	-1
0	256	-0.149028	-3.89013	-1	-1	-1
0	256	-2.56472	-7.97902	-1	-1	-1
0	256	3.54077	8.19425	-1	-1	-1
0	256	-3.864	-4.78187	-1	-1	-1
0	256	-5.28253	-6.94997	448	517.625	-1
0	256	-6.81767	7.75565	-1	-1	-1
0	256	7.56767	2.36991	-1	-1	-1
0	256	5.06504	5.21896	-1	-1	-1
0	256	-9.62893	-2.65119	3547	3621.94	-1
0	256	-6.51168	7.04956	-1	-1	-1
0	256	-1.02238	-4.9983	2079	2193.28	-1
0	256	-4.34136	-7.03227	-1	-1	-1
0	256	-3.19506	-6.0849	854	910.469	-1
0	256	-0.0909536	-8.47615	1249	1311.69	-1
0	256	-7.8373	2.43322	-1	-1	-1
0	256	-3.36263	0.881572	4695	4762.19	-1
0	256	-0.606355	4.02304	46	90.5938	-1
0	256	3.40442	-5.27649	3999	4047.78	-1
0	256	3.76368	7.53613	-1	-1	-1
0	256	-5.22251	-5.93811	137	197.875	-1
0	256	5.43879	-6.82041	-1	-1	-1
0	256	5.02205	-6.04726	-1	-1	-1
0	256	-9.40157	7.48553	-1	-1	-1
0	256	-4.73517	-3.51036	-1	-1	-1
0	256	-5.79523	-1.1488	-1	-1	-1
0	256	-0.731887	-9.39371	-1	-1	-1
0	256	-1.5376	-4.29463	4781	4817.88	-1
0	256	3.8951	-8.14744	-1	-1	-1
0	256	-8.59885	-2.75516	-1	-1	-1
0	256	-3.45264	-0.556743	-1	-1	-1
0	256	-4.36221	3.81822	-1	-1	-1
0	256	0.586089	-7.45242	-1	-1	-1
0	256	1.54446	-5.49248	-1	-1	-1
0	256	2.71783	9.50828	-1	-1	-1
0	256	1.70392	7.60655	-1	-1	-1
0	256	-2.82714	7.60989	573	634.5	-1
0	256	0.0287379	4.4965	850	884.719	-1
0	256	-3.75265	-1.85045	2293	2326.72	-1
0	256	-4.16396	-7.07272	-1	-1	-1
0	256	-7.32409	-4.22266	-1	-1	-1
0	256	-3.59466	3.21218	3384	3438.62	-1
0	256	-3.93583	-4.09489	-1	-1	-1
0	256	-7.86315	-2.95163	-1	-1	-1
0	256	2.43136	9.24958	5341	-1	-1
0	256	-0.180384	6.52012	-1	-1	-1
0	256	-8.48261	-1.67699	-1	-1	-1
0	256	-1.56877	9.51459	-1	-1	-1
0	256	-4.4635	-1.56511	-1	-1	-1
0	256	-3.68256	1.83331	68	220.344	-1
0	256	8.4536	-0.107929	-1	-1	-1
0	256	1.20477	-6.80605	-1	-1	-1
0	256	1.3229	9.28737	5298	5363.38	-1
0	256	-1.69552	-1.36594	1640	1660.53	-1
0	256	-2.22912	-8.75166	-1	-1	-1
0	256	6.57543	-4.57115	-1	-1	-1
0	256	-8.23633	3.34138	-1	-1	-1
0	256	1.43591	-7.16186	1984	2050.69	-1
0	256	-4.37027	6.84444	2577	2679.06	-1
0	256	-5.40107	5.96862	-1	-1	-1
0	256	0.0592363	-4.22827	1016	1062.62	-1
0	256	0.91997	-5.21847	163	211.094	-1
0	256	3.03435	-8.80484	-1	-1	-1
0	256	5.35276	1.70841	-1	-1	-1
0	256	-8.08691	-3.71559	1491	1553.66	-1
0	256	2.57831	8.6712	-1	-1	-1
0	256	4.84398	-1.5361	-1	-1	-1
0	256	5.56662	-7.29989	-1	-1	-1
0	256	7.16963	0.596068	-1	-1	-1
0	256	6.27572	-4.47959	-1	-1	-1
0	256	5.21624	2.21041	-1	-1	-1
0	256	-3.98511	1.45734	-1	-1	-1
0	256	-2.1433	-9.49095	-1	-1	-1
0	256	-8.80913	0.597112	-1	-1	-1
0	256	3.57951	-5.52608	-1	-1	-1
0	256	2.11544	-4.44282	814	878.688	-1
0	256	3.24514	1.73519	2554	2679.31	-1
0	256	-4.25027	-1.55344	-1	-1	-1
0	256	-2.20224	3.62752	366	505.406	-1
0	256	2.32032	3.52262	-1	-1	-1
0	256	5.6252	-5.96274	-1	-1	-1
0	256	-2.99907	8.08399	-1	-1	-1
0	256	1.19041	3.33429	-1	-1	-1
0	256	2.21286	-5.56202	-1	-1	-1
0	256	4.35851	3.95872	-1	-1	-1
0	256	7.41559	-4.19248	-1	-1	-1
0	256	-3.2858	0.181756	36	67.625	-1
0	256	-3.88193	6.54962	-1	-1	-1
0	256	3.27206	-0.991111	147	275.094	-1
0	256	-3.67539	0.461263	29	60.125	-1
0	256	-2.37328	-7.92504	-1	-1	-1
0	256	-3.22326	-4.68711	3477	3536.69	-1
0	256	4.66466	-2.66581	-1	-1	-1
0	256	-2.89558	-1.48237	-1	-1	-1
0	256	-7.55258	0.403814	-1	-1	-1
0	256	-0.240659	8.49064	-1	-1	-1
0	256	-7.19702	-5.08253	-1	-1	-1
0	256	-1.73162	4.364	755	799.688	-1
0	256	6.11609	1.5634	-1	-1	-1
0	256	0.400944	5.05766	1324	1367.12	-1
0	256	7.73526	0.511442	3647	3703.44	-1
0	256	7.19757	-4.28579	-1	-1	-1
0	256	6.34931	-7.00691	-1	-1	-1
0	256	1.19438	7.25073	1837	1893.62	-1
0	256	-6.68697	-1.11293	304	356.219	-1
0	256	-1.50905	6.60958	3408	3513.75	-1
0	256	4.56523	-4.57125	-1	-1	-1
0	256	3.72767	5.31225	-1	-1	-1
0	256	1.8165	-6.42031	-1	-1	-1
0	256	3.30071	0.894244	1900	1928.81	-1
0	256	-2.08805	3.91441	-1	-1	-1
0	256	-5.43611	-1.2995	-1	-1	-1
0	256	-6.81175	-0.939411	-1	-1	-1
0	256	1.77384	-7.96756	-1	-1	-1
0	256	0.196806	-9.29029	1098	1169.06	-1
0	256	2.03562	-7.2041	-1	-1	-1
0	256	-5.16351	2.56776	-1	-1	-1
0	256	1.50549	6.37017	3001	3051.66	-1
0	256	1.10647	-2.84658	1212	1240.78	-1
0	256	-6.92221	1.19825	-1	-1	-1
0	256	1.65759	-9.44563	1662	1735.75	-1
0	256	0.430431	-7.53237	-1	-1	-1
0	256	-1.58638	-8.80521	-1	-1	-1
0	256	-1.10188	-4.35472	2061	2185.22	-1
0	256	5.42619	-7.12898	-1	-1	-1
0	256	-9.59296	-2.19666	-1	-1	-1
0	256	2.77565	-5.96069	945	1000.56	-1
0	256	-0.987605	9.33185	5139	5208.84	-1
0	256	-1.01444	5.14561	2387	2433.94	-1
0	256	7.78622	3.69264	-1	-1	-1
