Pile ID	Distribution Type	X-Position	Y-Position	Pickup Time	Drop Off Time	Ant ID
1	1	-5.98901	-6.14799	-1	-1	-1
1	1	-5.83901	-6.14799	-1	-1	-1
1	1	-5.68901	-6.14799	-1	-1	-1
1	1	-5.53901	-6.14799	-1	-1	-1
1	1	-5.38901	-6.14799	-1	-1	-1
1	1	-5.23901	-6.14799	4186	4255.59	-1
1	1	-5.08901	-6.14799	2209	2278.16	-1
1	1	-4.93901	-6.14799	2049	2138.41	-1
1	1	-4.78901	-6.14799	2231	2301.81	-1
1	1	-4.63901	-6.14799	-1	-1	-1
1	1	-4.48901	-6.14799	1506	1580.47	-1
1	1	-4.33901	-6.14799	1235	1320.03	-1
1	1	-4.18901	-6.14799	683	757.031	-1
1	1	-4.03901	-6.14799	546	624.656	-1
1	1	-3.88901	-6.14799	828	892.625	-1
1	1	-3.73901	-6.14799	1412	1483.06	-1
1	1	-5.98901	-5.99799	-1	-1	-1
1	1	-5.83901	-5.99799	-1	-1	-1
1	1	-5.68901	-5.99799	-1	-1	-1
1	1	-5.53901	-5.99799	-1	-1	-1
1	1	-5.38901	-5.99799	-1	-1	-1
1	1	-5.23901	-5.99799	-1	-1	-1
1	1	-5.08901	-5.99799	-1	-1	-1
1	1	-4.93901	-5.99799	-1	-1	-1
1	1	-4.78901	-5.99799	2353	2432.84	-1
1	1	-4.63901	-5.99799	-1	-1	-1
1	1	-4.48901	-5.99799	1373	1446.25	-1
1	1	-4.33901	-5.99799	963	1034.03	-1
1	1	-4.18901	-5.99799	811	879.875	-1
1	1	-4.03901	-5.99799	708	774.469	-1
1	1	-3.88901	-5.99799	844	910.25	-1
1	1	-3.73901	-5.99799	1072	1177.5	-1
1	1	-5.98901	-5.84799	-1	-1	-1
1	1	-5.83901	-5.84799	-1	-1	-1
1	1	-5.68901	-5.84799	-1	-1	-1
1	1	-5.53901	-5.84799	-1	-1	-1
1	1	-5.38901	-5.84799	-1	-1	-1
1	1	-5.23901	-5.84799	-1	-1	-1
1	1	-5.08901	-5.84799	-1	-1	-1
1	1	-4.93901	-5.84799	-1	-1	-1
1	1	-4.78901	-5.84799	-1	-1	-1
1	1	-4.63901	-5.84799	-1	-1	-1
1	1	-4.48901	-5.84799	1251	1312.34	-1
1	1	-4.33901	-5.84799	1092	1161.75	-1
1	1	-4.18901	-5.84799	996	1054.81	-1
1	1	-4.03901	-5.84799	872	934.125	-1
1	1	-3.88901	-5.84799	943	1009.16	-1
1	1	-3.73901	-5.84799	970	1026.59	-1
1	1	-5.98901	-5.69799	-1	-1	-1
1	1	-5.83901	-5.69799	-1	-1	-1
1	1	-5.68901	-5.69799	-1	-1	-1
1	1	-5.53901	-5.69799	-1	-1	-1
1	1	-5.38901	-5.69799	-1	-1	-1
1	1	-5.23901	-5.69799	-1	-1	-1
1	1	-5.08901	-5.69799	-1	-1	-1
1	1	-4.93901	-5.69799	-1	-1	-1
1	1	-4.78901	-5.69799	-1	-1	-1
1	1	-4.63901	-5.69799	-1	-1	-1
1	1	-4.48901	-5.69799	5236	5378.53	-1
1	1	-4.33901	-5.69799	1427	1495.31	-1
1	1	-4.18901	-5.69799	1110	1195.72	-1
1	1	-4.03901	-5.69799	1024	1078.78	-1
1	1	-3.88901	-5.69799	1143	1209.66	-1
1	1	-3.73901	-5.69799	1282	1345.5	-1
1	1	-5.98901	-5.54799	-1	-1	-1
1	1	-5.83901	-5.54799	-1	-1	-1
1	1	-5.68901	-5.54799	-1	-1	-1
1	1	-5.53901	-5.54799	-1	-1	-1
1	1	-5.38901	-5.54799	-1	-1	-1
1	1	-5.23901	-5.54799	-1	-1	-1
1	1	-5.08901	-5.54799	-1	-1	-1
1	1	-4.93901	-5.54799	-1	-1	-1
1	1	-4.78901	-5.54799	-1	-1	-1
1	1	-4.63901	-5.54799	-1	-1	-1
1	1	-4.48901	-5.54799	2987	3054.75	-1
1	1	-4.33901	-5.54799	2947	3055.19	-1
1	1	-4.18901	-5.54799	3132	3187.53	-1
1	1	-4.03901	-5.54799	1255	1355.31	-1
1	1	-3.88901	-5.54799	1306	1371.38	-1
1	1	-3.73901	-5.54799	1387	1448.66	-1
1	1	-5.98901	-5.39799	-1	-1	-1
1	1	-5.83901	-5.39799	-1	-1	-1
1	1	-5.68901	-5.39799	-1	-1	-1
1	1	-5.53901	-5.39799	-1	-1	-1
1	1	-5.38901	-5.39799	-1	-1	-1
1	1	-5.23901	-5.39799	-1	-1	-1
1	1	-5.08901	-5.39799	-1	-1	-1
1	1	-4.93901	-5.39799	-1	-1	-1
1	1	-4.78901	-5.39799	-1	-1	-1
1	1	-4.63901	-5.39799	-1	-1	-1
1	1	-4.48901	-5.39799	2833	2889.47	-1
1	1	-4.33901	-5.39799	2705	2762	-1
1	1	-4.18901	-5.39799	2567	2622.88	-1
1	1	-4.03901	-5.39799	2285	2356.44	-1
1	1	-3.88901	-5.39799	2432	2510.25	-1
1	1	-3.73901	-5.39799	1521	1580	-1
1	1	-5.98901	-5.24799	-1	-1	-1
1	1	-5.83901	-5.24799	-1	-1	-1
1	1	-5.68901	-5.24799	-1	-1	-1
1	1	-5.53901	-5.24799	-1	-1	-1
1	1	-5.38901	-5.24799	-1	-1	-1
1	1	-5.23901	-5.24799	-1	-1	-1
1	1	-5.08901	-5.24799	-1	-1	-1
1	1	-4.93901	-5.24799	-1	-1	-1
1	1	-4.78901	-5.24799	-1	-1	-1
1	1	-4.63901	-5.24799	-1	-1	-1
1	1	-4.48901	-5.24799	2976	3073.31	-1
1	1	-4.33901	-5.24799	2963	3078.12	-1
1	1	-4.18901	-5.24799	2448	2506.72	-1
1	1	-4.03901	-5.24799	2139	2191.66	-1
1	1	-3.88901	-5.24799	1582	1669.84	-1
1	1	-3.73901	-5.24799	1561	1658.47	-1
1	1	-5.98901	-5.09799	-1	-1	-1
1	1	-5.83901	-5.09799	-1	-1	-1
1	1	-5.68901	-5.09799	-1	-1	-1
1	1	-5.53901	-5.09799	-1	-1	-1
1	1	-5.38901	-5.09799	-1	-1	-1
1	1	-5.23901	-5.09799	-1	-1	-1
1	1	-5.08901	-5.09799	-1	-1	-1
1	1	-4.93901	-5.09799	-1	-1	-1
1	1	-4.78901	-5.09799	-1	-1	-1
1	1	-4.63901	-5.09799	-1	-1	-1
1	1	-4.48901	-5.09799	3280	3341.41	-1
1	1	-4.33901	-5.09799	3136	3224.31	-1
1	1	-4.18901	-5.09799	2589	2646.78	-1
1	1	-4.03901	-5.09799	1855	1907.97	-1
1	1	-3.88901	-5.09799	1736	1801.78	-1
1	1	-3.73901	-5.09799	1428	1492.53	-1
1	1	-5.98901	-4.94799	-1	-1	-1
1	1	-5.83901	-4.94799	-1	-1	-1
1	1	-5.68901	-4.94799	-1	-1	-1
1	1	-5.53901	-4.94799	-1	-1	-1
1	1	-5.38901	-4.94799	-1	-1	-1
1	1	-5.23901	-4.94799	-1	-1	-1
1	1	-5.08901	-4.94799	-1	-1	-1
1	1	-4.93901	-4.94799	4283	4337.41	-1
1	1	-4.78901	-4.94799	-1	-1	-1
1	1	-4.63901	-4.94799	-1	-1	-1
1	1	-4.48901	-4.94799	-1	-1	-1
1	1	-4.33901	-4.94799	-1	-1	-1
1	1	-4.18901	-4.94799	2194	2295.81	-1
1	1	-4.03901	-4.94799	1919	1983.41	-1
1	1	-3.88901	-4.94799	1661	1754.34	-1
1	1	-3.73901	-4.94799	1551	1612.31	-1
1	1	-5.98901	-4.79799	-1	-1	-1
1	1	-5.83901	-4.79799	-1	-1	-1
1	1	-5.68901	-4.79799	-1	-1	-1
1	1	-5.53901	-4.79799	-1	-1	-1
1	1	-5.38901	-4.79799	-1	-1	-1
1	1	-5.23901	-4.79799	-1	-1	-1
1	1	-5.08901	-4.79799	4174	4231.78	-1
1	1	-4.93901	-4.79799	3957	4018.38	-1
1	1	-4.78901	-4.79799	-1	-1	-1
1	1	-4.63901	-4.79799	3074	3135.53	-1
1	1	-4.48901	-4.79799	3209	3328.09	-1
1	1	-4.33901	-4.79799	2310	2406.59	-1
1	1	-4.18901	-4.79799	2144	2252.12	-1
1	1	-4.03901	-4.79799	2018	2089	-1
1	1	-3.88901	-4.79799	1810	1867.19	-1
1	1	-3.73901	-4.79799	1848	1901.47	-1
1	1	-5.98901	-4.64799	-1	-1	-1
1	1	-5.83901	-4.64799	-1	-1	-1
1	1	-5.68901	-4.64799	-1	-1	-1
1	1	-5.53901	-4.64799	-1	-1	-1
1	1	-5.38901	-4.64799	-1	-1	-1
1	1	-5.23901	-4.64799	-1	-1	-1
1	1	-5.08901	-4.64799	4071	4122.84	-1
1	1	-4.93901	-4.64799	3846	3899.56	-1
1	1	-4.78901	-4.64799	3724	3781.38	-1
1	1	-4.63901	-4.64799	2941	2997.09	-1
1	1	-4.48901	-4.64799	2800	2870.59	-1
1	1	-4.33901	-4.64799	2354	2411.19	-1
1	1	-4.18901	-4.64799	2036	2120.62	-1
1	1	-4.03901	-4.64799	1991	2053.5	-1
1	1	-3.88901	-4.64799	1877	1940.72	-1
1	1	-3.73901	-4.64799	1954	2016.34	-1
1	1	-5.98901	-4.49799	-1	-1	-1
1	1	-5.83901	-4.49799	-1	-1	-1
1	1	-5.68901	-4.49799	-1	-1	-1
1	1	-5.53901	-4.49799	-1	-1	-1
1	1	-5.38901	-4.49799	-1	-1	-1
1	1	-5.23901	-4.49799	-1	-1	-1
1	1	-5.08901	-4.49799	3882	3936.81	-1
1	1	-4.93901	-4.49799	3767	3832.09	-1
1	1	-4.78901	-4.49799	3155	3233.66	-1
1	1	-4.63901	-4.49799	2925	3004.56	-1
1	1	-4.48901	-4.49799	2651	2728.97	-1
1	1	-4.33901	-4.49799	2411	2493.41	-1
1	1	-4.18901	-4.49799	2375	2446.06	-1
1	1	-4.03901	-4.49799	2120	2188.88	-1
1	1	-3.88901	-4.49799	2153	2248.22	-1
1	1	-3.73901	-4.49799	2203	2289.78	-1
1	1	-5.98901	-4.34799	-1	-1	-1
1	1	-5.83901	-4.34799	-1	-1	-1
1	1	-5.68901	-4.34799	-1	-1	-1
1	1	-5.53901	-4.34799	-1	-1	-1
1	1	-5.38901	-4.34799	-1	-1	-1
1	1	-5.23901	-4.34799	-1	-1	-1
1	1	-5.08901	-4.34799	-1	-1	-1
1	1	-4.93901	-4.34799	-1	-1	-1
1	1	-4.78901	-4.34799	3288	3368.12	-1
1	1	-4.63901	-4.34799	3101	3210.66	-1
1	1	-4.48901	-4.34799	2671	2722.09	-1
1	1	-4.33901	-4.34799	2487	2556.66	-1
1	1	-4.18901	-4.34799	2550	2612.97	-1
1	1	-4.03901	-4.34799	2821	2876.72	-1
1	1	-3.88901	-4.34799	2342	2400.53	-1
1	1	-3.73901	-4.34799	2462	2542	-1
1	1	-5.98901	-4.19799	-1	-1	-1
1	1	-5.83901	-4.19799	-1	-1	-1
1	1	-5.68901	-4.19799	-1	-1	-1
1	1	-5.53901	-4.19799	-1	-1	-1
1	1	-5.38901	-4.19799	-1	-1	-1
1	1	-5.23901	-4.19799	-1	-1	-1
1	1	-5.08901	-4.19799	-1	-1	-1
1	1	-4.93901	-4.19799	-1	-1	-1
1	1	-4.78901	-4.19799	3662	3716.5	-1
1	1	-4.63901	-4.19799	3124	3175.66	-1
1	1	-4.48901	-4.19799	2717	2772.97	-1
1	1	-4.33901	-4.19799	2835	2905.94	-1
1	1	-4.18901	-4.19799	3108	3171.22	-1
1	1	-4.03901	-4.19799	2930	2976.34	-1
1	1	-3.88901	-4.19799	3034	3098.75	-1
1	1	-3.73901	-4.19799	-1	-1	-1
1	1	-5.98901	-4.04799	-1	-1	-1
1	1	-5.83901	-4.04799	-1	-1	-1
1	1	-5.68901	-4.04799	-1	-1	-1
1	1	-5.53901	-4.04799	-1	-1	-1
1	1	-5.38901	-4.04799	-1	-1	-1
1	1	-5.23901	-4.04799	-1	-1	-1
1	1	-5.08901	-4.04799	-1	-1	-1
1	1	-4.93901	-4.04799	-1	-1	-1
1	1	-4.78901	-4.04799	3523	3570.81	-1
1	1	-4.63901	-4.04799	3371	3429.22	-1
1	1	-4.48901	-4.04799	2959	3019.12	-1
1	1	-4.33901	-4.04799	3076	3153.88	-1
1	1	-4.18901	-4.04799	3257	3313.56	-1
1	1	-4.03901	-4.04799	3405	3452.84	-1
1	1	-3.88901	-4.04799	-1	-1	-1
1	1	-3.73901	-4.04799	2446	2497.5	-1
1	1	-5.98901	-3.89799	-1	-1	-1
1	1	-5.83901	-3.89799	-1	-1	-1
1	1	-5.68901	-3.89799	-1	-1	-1
1	1	-5.53901	-3.89799	-1	-1	-1
1	1	-5.38901	-3.89799	2983	3124	-1
1	1	-5.23901	-3.89799	-1	-1	-1
1	1	-5.08901	-3.89799	-1	-1	-1
1	1	-4.93901	-3.89799	-1	-1	-1
1	1	-4.78901	-3.89799	3613	3675.78	-1
1	1	-4.63901	-3.89799	3425	3471.25	-1
1	1	-4.48901	-3.89799	3272	3331.12	-1
1	1	-4.33901	-3.89799	3305	3376	-1
1	1	-4.18901	-3.89799	-1	-1	-1
1	1	-4.03901	-3.89799	-1	-1	-1
1	1	-3.88901	-3.89799	4591	4739.22	-1
1	1	-3.73901	-3.89799	2314	2386.75	-1
2	4	5.48763	8.25232	-1	-1	-1
2	4	5.63763	8.25232	-1	-1	-1
2	4	5.78763	8.25232	-1	-1	-1
2	4	5.93763	8.25232	-1	-1	-1
2	4	6.08763	8.25232	-1	-1	-1
2	4	6.23763	8.25232	-1	-1	-1
2	4	6.38763	8.25232	-1	-1	-1
2	4	6.53763	8.25232	-1	-1	-1
2	4	5.48763	8.40232	-1	-1	-1
2	4	5.63763	8.40232	-1	-1	-1
2	4	5.78763	8.40232	-1	-1	-1
2	4	5.93763	8.40232	-1	-1	-1
2	4	6.08763	8.40232	-1	-1	-1
2	4	6.23763	8.40232	-1	-1	-1
2	4	6.38763	8.40232	-1	-1	-1
2	4	6.53763	8.40232	-1	-1	-1
2	4	5.48763	8.55232	-1	-1	-1
2	4	5.63763	8.55232	-1	-1	-1
2	4	5.78763	8.55232	-1	-1	-1
2	4	5.93763	8.55232	-1	-1	-1
2	4	6.08763	8.55232	-1	-1	-1
2	4	6.23763	8.55232	-1	-1	-1
2	4	6.38763	8.55232	-1	-1	-1
2	4	6.53763	8.55232	-1	-1	-1
2	4	5.48763	8.70232	-1	-1	-1
2	4	5.63763	8.70232	-1	-1	-1
2	4	5.78763	8.70232	-1	-1	-1
2	4	5.93763	8.70232	-1	-1	-1
2	4	6.08763	8.70232	-1	-1	-1
2	4	6.23763	8.70232	-1	-1	-1
2	4	6.38763	8.70232	-1	-1	-1
2	4	6.53763	8.70232	-1	-1	-1
2	4	5.48763	8.85232	-1	-1	-1
2	4	5.63763	8.85232	-1	-1	-1
2	4	5.78763	8.85232	-1	-1	-1
2	4	5.93763	8.85232	-1	-1	-1
2	4	6.08763	8.85232	-1	-1	-1
2	4	6.23763	8.85232	-1	-1	-1
2	4	6.38763	8.85232	-1	-1	-1
2	4	6.53763	8.85232	-1	-1	-1
2	4	5.48763	9.00232	-1	-1	-1
2	4	5.63763	9.00232	-1	-1	-1
2	4	5.78763	9.00232	-1	-1	-1
2	4	5.93763	9.00232	-1	-1	-1
2	4	6.08763	9.00232	-1	-1	-1
2	4	6.23763	9.00232	-1	-1	-1
2	4	6.38763	9.00232	-1	-1	-1
2	4	6.53763	9.00232	-1	-1	-1
2	4	5.48763	9.15232	-1	-1	-1
2	4	5.63763	9.15232	-1	-1	-1
2	4	5.78763	9.15232	-1	-1	-1
2	4	5.93763	9.15232	-1	-1	-1
2	4	6.08763	9.15232	-1	-1	-1
2	4	6.23763	9.15232	-1	-1	-1
2	4	6.38763	9.15232	-1	-1	-1
2	4	6.53763	9.15232	-1	-1	-1
2	4	5.48763	9.30232	3556	3631.28	-1
2	4	5.63763	9.30232	-1	-1	-1
2	4	5.78763	9.30232	-1	-1	-1
2	4	5.93763	9.30232	-1	-1	-1
2	4	6.08763	9.30232	-1	-1	-1
2	4	6.23763	9.30232	-1	-1	-1
2	4	6.38763	9.30232	-1	-1	-1
2	4	6.53763	9.30232	-1	-1	-1
3	4	2.69789	-1.4097	694	724.75	-1
3	4	2.84789	-1.4097	770	797.469	-1
3	4	2.99789	-1.4097	3812	3841.66	-1
3	4	3.14789	-1.4097	1912	1946.66	-1
3	4	3.29789	-1.4097	1734	1766.75	-1
3	4	3.44789	-1.4097	1800	1844	-1
3	4	3.59789	-1.4097	-1	-1	-1
3	4	3.74789	-1.4097	1671	1709.59	-1
3	4	2.69789	-1.2597	621	679.219	-1
3	4	2.84789	-1.2597	3675	3704.38	-1
3	4	2.99789	-1.2597	3744	3772.72	-1
3	4	3.14789	-1.2597	1774	1814.06	-1
3	4	3.29789	-1.2597	1659	1695.62	-1
3	4	3.44789	-1.2597	1473	1506.69	-1
3	4	3.59789	-1.2597	1353	1404.53	-1
3	4	3.74789	-1.2597	1384	1429.62	-1
3	4	2.69789	-1.1097	436	480.562	-1
3	4	2.84789	-1.1097	541	575.125	-1
3	4	2.99789	-1.1097	3463	3580.94	-1
3	4	3.14789	-1.1097	1607	1638.19	-1
3	4	3.29789	-1.1097	1447	1516.75	-1
3	4	3.44789	-1.1097	1253	1319.84	-1
3	4	3.59789	-1.1097	1212	1266.84	-1
3	4	3.74789	-1.1097	866	903.781	-1
3	4	2.69789	-0.959699	332	422.625	-1
3	4	2.84789	-0.959699	390	487.406	-1
3	4	2.99789	-0.959699	446	503.594	-1
3	4	3.14789	-0.959699	1696	1735.38	-1
3	4	3.29789	-0.959699	1578	1626.16	-1
3	4	3.44789	-0.959699	1301	1335.34	-1
3	4	3.59789	-0.959699	1137	1181.12	-1
3	4	3.74789	-0.959699	941	992.125	-1
3	4	2.69789	-0.809699	55	182.438	-1
3	4	2.84789	-0.809699	320	359.688	-1
3	4	2.99789	-0.809699	417	514.156	-1
3	4	3.14789	-0.809699	534	597.688	-1
3	4	3.29789	-0.809699	1276	1342.06	-1
3	4	3.44789	-0.809699	1858	1912.78	-1
3	4	3.59789	-0.809699	1198	1239.94	-1
3	4	3.74789	-0.809699	1039	1103.72	-1
3	4	2.69789	-0.659699	207	245.031	-1
3	4	2.84789	-0.659699	249	316.125	-1
3	4	2.99789	-0.659699	471	522.719	-1
3	4	3.14789	-0.659699	760	790.125	-1
3	4	3.29789	-0.659699	1207	1251.34	-1
3	4	3.44789	-0.659699	1049	1084.91	-1
3	4	3.59789	-0.659699	871	918.156	-1
3	4	3.74789	-0.659699	749	822.094	-1
3	4	2.69789	-0.509699	228	268.062	-1
3	4	2.84789	-0.509699	548	600.531	-1
3	4	2.99789	-0.509699	655	708.906	-1
3	4	3.14789	-0.509699	1846	1874.44	-1
3	4	3.29789	-0.509699	1770	1821.62	-1
3	4	3.44789	-0.509699	1121	1152.22	-1
3	4	3.59789	-0.509699	964	1011.28	-1
3	4	3.74789	-0.509699	658	712.375	-1
3	4	2.69789	-0.359699	525	554.5	-1
3	4	2.84789	-0.359699	616	656.219	-1
3	4	2.99789	-0.359699	5201	5228.97	-1
3	4	3.14789	-0.359699	3613	3641.69	-1
3	4	3.29789	-0.359699	-1	-1	-1
3	4	3.44789	-0.359699	-1	-1	-1
3	4	3.59789	-0.359699	-1	-1	-1
3	4	3.74789	-0.359699	888	939.812	-1
4	4	3.63294	1.4285	5037	5159.38	-1
4	4	3.78294	1.4285	1977	2011.22	-1
4	4	3.93294	1.4285	1358	1393.38	-1
4	4	4.08294	1.4285	1424	1458.5	-1
4	4	4.23294	1.4285	-1	-1	-1
4	4	4.38294	1.4285	-1	-1	-1
4	4	4.53294	1.4285	-1	-1	-1
4	4	4.68294	1.4285	-1	-1	-1
4	4	3.63294	1.5785	-1	-1	-1
4	4	3.78294	1.5785	-1	-1	-1
4	4	3.93294	1.5785	-1	-1	-1
4	4	4.08294	1.5785	-1	-1	-1
4	4	4.23294	1.5785	-1	-1	-1
4	4	4.38294	1.5785	-1	-1	-1
4	4	4.53294	1.5785	-1	-1	-1
4	4	4.68294	1.5785	-1	-1	-1
4	4	3.63294	1.7285	4974	5093.75	-1
4	4	3.78294	1.7285	-1	-1	-1
4	4	3.93294	1.7285	-1	-1	-1
4	4	4.08294	1.7285	-1	-1	-1
4	4	4.23294	1.7285	-1	-1	-1
4	4	4.38294	1.7285	-1	-1	-1
4	4	4.53294	1.7285	-1	-1	-1
4	4	4.68294	1.7285	-1	-1	-1
4	4	3.63294	1.8785	-1	-1	-1
4	4	3.78294	1.8785	-1	-1	-1
4	4	3.93294	1.8785	-1	-1	-1
4	4	4.08294	1.8785	-1	-1	-1
4	4	4.23294	1.8785	-1	-1	-1
4	4	4.38294	1.8785	-1	-1	-1
4	4	4.53294	1.8785	-1	-1	-1
4	4	4.68294	1.8785	-1	-1	-1
4	4	3.63294	2.0285	-1	-1	-1
4	4	3.78294	2.0285	-1	-1	-1
4	4	3.93294	2.0285	-1	-1	-1
4	4	4.08294	2.0285	-1	-1	-1
4	4	4.23294	2.0285	-1	-1	-1
4	4	4.38294	2.0285	-1	-1	-1
4	4	4.53294	2.0285	-1	-1	-1
4	4	4.68294	2.0285	-1	-1	-1
4	4	3.63294	2.1785	-1	-1	-1
4	4	3.78294	2.1785	-1	-1	-1
4	4	3.93294	2.1785	-1	-1	-1
4	4	4.08294	2.1785	-1	-1	-1
4	4	4.23294	2.1785	-1	-1	-1
4	4	4.38294	2.1785	-1	-1	-1
4	4	4.53294	2.1785	-1	-1	-1
4	4	4.68294	2.1785	-1	-1	-1
4	4	3.63294	2.3285	-1	-1	-1
4	4	3.78294	2.3285	-1	-1	-1
4	4	3.93294	2.3285	-1	-1	-1
4	4	4.08294	2.3285	-1	-1	-1
4	4	4.23294	2.3285	-1	-1	-1
4	4	4.38294	2.3285	-1	-1	-1
4	4	4.53294	2.3285	-1	-1	-1
4	4	4.68294	2.3285	-1	-1	-1
4	4	3.63294	2.4785	-1	-1	-1
4	4	3.78294	2.4785	-1	-1	-1
4	4	3.93294	2.4785	-1	-1	-1
4	4	4.08294	2.4785	-1	-1	-1
4	4	4.23294	2.4785	-1	-1	-1
4	4	4.38294	2.4785	-1	-1	-1
4	4	4.53294	2.4785	-1	-1	-1
4	4	4.68294	2.4785	-1	-1	-1
5	4	-0.292535	-8.87191	4463	4536.47	-1
5	4	-0.142535	-8.87191	4189	4299.53	-1
5	4	0.00746542	-8.87191	4021	4089.78	-1
5	4	0.157465	-8.87191	4158	4287.53	-1
5	4	0.307465	-8.87191	4223	4330.84	-1
5	4	0.457465	-8.87191	4555	4645.44	-1
5	4	0.607465	-8.87191	-1	-1	-1
5	4	0.757465	-8.87191	-1	-1	-1
5	4	-0.292535	-8.72191	3897	3976.5	-1
5	4	-0.142535	-8.72191	3725	3792.72	-1
5	4	0.00746542	-8.72191	4000	4067.09	-1
5	4	0.157465	-8.72191	4164	4263.41	-1
5	4	0.307465	-8.72191	4342	4425.47	-1
5	4	0.457465	-8.72191	4409	4489.53	-1
5	4	0.607465	-8.72191	4684	4751.62	-1
5	4	0.757465	-8.72191	4947	5020.59	-1
5	4	-0.292535	-8.57191	3860	3930.69	-1
5	4	-0.142535	-8.57191	3579	3651.81	-1
5	4	0.00746542	-8.57191	3879	3949.81	-1
5	4	0.157465	-8.57191	4136	4209.88	-1
5	4	0.307465	-8.57191	4322	4408.84	-1
5	4	0.457465	-8.57191	4505	4579.81	-1
5	4	0.607465	-8.57191	4661	4738.44	-1
5	4	0.757465	-8.57191	4813	4891.69	-1
5	4	-0.292535	-8.42191	2790	2852.5	-1
5	4	-0.142535	-8.42191	3473	3546.97	-1
5	4	0.00746542	-8.42191	3622	3687.06	-1
5	4	0.157465	-8.42191	4294	4384.53	-1
5	4	0.307465	-8.42191	4381	4465.59	-1
5	4	0.457465	-8.42191	4519	4616.91	-1
5	4	0.607465	-8.42191	4797	4882.03	-1
5	4	0.757465	-8.42191	-1	-1	-1
5	4	-0.292535	-8.27191	2923	2986.44	-1
5	4	-0.142535	-8.27191	3175	3245.94	-1
5	4	0.00746542	-8.27191	3484	3548.81	-1
5	4	0.157465	-8.27191	4068	4144.78	-1
5	4	0.307465	-8.27191	4553	4629.78	-1
5	4	0.457465	-8.27191	-1	-1	-1
5	4	0.607465	-8.27191	-1	-1	-1
5	4	0.757465	-8.27191	-1	-1	-1
5	4	-0.292535	-8.12191	3055	3117.19	-1
5	4	-0.142535	-8.12191	3309	3385.31	-1
5	4	0.00746542	-8.12191	3463	3525.12	-1
5	4	0.157465	-8.12191	3590	3670.59	-1
5	4	0.307465	-8.12191	-1	-1	-1
5	4	0.457465	-8.12191	-1	-1	-1
5	4	0.607465	-8.12191	-1	-1	-1
5	4	0.757465	-8.12191	-1	-1	-1
5	4	-0.292535	-7.97191	3334	3402.84	-1
5	4	-0.142535	-7.97191	3447	3512.97	-1
5	4	0.00746542	-7.97191	3612	3697.62	-1
5	4	0.157465	-7.97191	3732	3800.81	-1
5	4	0.307465	-7.97191	-1	-1	-1
5	4	0.457465	-7.97191	-1	-1	-1
5	4	0.607465	-7.97191	-1	-1	-1
5	4	0.757465	-7.97191	-1	-1	-1
5	4	-0.292535	-7.82191	1871	1931.62	-1
5	4	-0.142535	-7.82191	-1	-1	-1
5	4	0.00746542	-7.82191	3892	3967.34	-1
5	4	0.157465	-7.82191	3758	3821.94	-1
5	4	0.307465	-7.82191	4232	4306.19	-1
5	4	0.457465	-7.82191	5312	5372.41	-1
5	4	0.607465	-7.82191	-1	-1	-1
5	4	0.757465	-7.82191	-1	-1	-1
6	16	-4.61398	4.89006	-1	-1	-1
6	16	-4.46398	4.89006	-1	-1	-1
6	16	-4.31398	4.89006	-1	-1	-1
6	16	-4.16398	4.89006	-1	-1	-1
6	16	-4.61398	5.04006	-1	-1	-1
6	16	-4.46398	5.04006	-1	-1	-1
6	16	-4.31398	5.04006	-1	-1	-1
6	16	-4.16398	5.04006	-1	-1	-1
6	16	-4.61398	5.19006	-1	-1	-1
6	16	-4.46398	5.19006	-1	-1	-1
6	16	-4.31398	5.19006	-1	-1	-1
6	16	-4.16398	5.19006	5339	5394.38	-1
6	16	-4.61398	5.34006	-1	-1	-1
6	16	-4.46398	5.34006	-1	-1	-1
6	16	-4.31398	5.34006	-1	-1	-1
6	16	-4.16398	5.34006	-1	-1	-1
7	16	-6.95943	-1.7228	-1	-1	-1
7	16	-6.80943	-1.7228	-1	-1	-1
7	16	-6.65943	-1.7228	-1	-1	-1
7	16	-6.50943	-1.7228	-1	-1	-1
7	16	-6.95943	-1.5728	-1	-1	-1
7	16	-6.80943	-1.5728	-1	-1	-1
7	16	-6.65943	-1.5728	-1	-1	-1
7	16	-6.50943	-1.5728	-1	-1	-1
7	16	-6.95943	-1.4228	-1	-1	-1
7	16	-6.80943	-1.4228	-1	-1	-1
7	16	-6.65943	-1.4228	-1	-1	-1
7	16	-6.50943	-1.4228	247	296.719	-1
7	16	-6.95943	-1.2728	-1	-1	-1
7	16	-6.80943	-1.2728	-1	-1	-1
7	16	-6.65943	-1.2728	-1	-1	-1
7	16	-6.50943	-1.2728	363	412.125	-1
8	16	-4.22997	-0.64288	-1	-1	-1
8	16	-4.07997	-0.64288	3930	3963.97	-1
8	16	-3.92997	-0.64288	3998	4029.06	-1
8	16	-3.77997	-0.64288	-1	-1	-1
8	16	-4.22997	-0.49288	-1	-1	-1
8	16	-4.07997	-0.49288	-1	-1	-1
8	16	-3.92997	-0.49288	-1	-1	-1
8	16	-3.77997	-0.49288	5180	5211.66	-1
8	16	-4.22997	-0.34288	-1	-1	-1
8	16	-4.07997	-0.34288	-1	-1	-1
8	16	-3.92997	-0.34288	-1	-1	-1
8	16	-3.77997	-0.34288	5247	5281.06	-1
8	16	-4.22997	-0.19288	-1	-1	-1
8	16	-4.07997	-0.19288	-1	-1	-1
8	16	-3.92997	-0.19288	-1	-1	-1
8	16	-3.77997	-0.19288	-1	-1	-1
9	16	0.778425	6.07048	-1	-1	-1
9	16	0.928425	6.07048	-1	-1	-1
9	16	1.07843	6.07048	-1	-1	-1
9	16	1.22843	6.07048	-1	-1	-1
9	16	0.778425	6.22048	-1	-1	-1
9	16	0.928425	6.22048	-1	-1	-1
9	16	1.07843	6.22048	-1	-1	-1
9	16	1.22843	6.22048	-1	-1	-1
9	16	0.778425	6.37048	-1	-1	-1
9	16	0.928425	6.37048	-1	-1	-1
9	16	1.07843	6.37048	-1	-1	-1
9	16	1.22843	6.37048	-1	-1	-1
9	16	0.778425	6.52048	-1	-1	-1
9	16	0.928425	6.52048	-1	-1	-1
9	16	1.07843	6.52048	-1	-1	-1
9	16	1.22843	6.52048	-1	-1	-1
10	16	4.30105	-2.36797	-1	-1	-1
10	16	4.45105	-2.36797	-1	-1	-1
10	16	4.60105	-2.36797	-1	-1	-1
10	16	4.75105	-2.36797	-1	-1	-1
10	16	4.30105	-2.21797	1852	1894.34	-1
10	16	4.45105	-2.21797	-1	-1	-1
10	16	4.60105	-2.21797	-1	-1	-1
10	16	4.75105	-2.21797	-1	-1	-1
10	16	4.30105	-2.06797	-1	-1	-1
10	16	4.45105	-2.06797	-1	-1	-1
10	16	4.60105	-2.06797	-1	-1	-1
10	16	4.75105	-2.06797	-1	-1	-1
10	16	4.30105	-1.91797	1251	1288.75	-1
10	16	4.45105	-1.91797	-1	-1	-1
10	16	4.60105	-1.91797	-1	-1	-1
10	16	4.75105	-1.91797	-1	-1	-1
11	16	-3.59573	0.564519	-1	-1	-1
11	16	-3.44573	0.564519	-1	-1	-1
11	16	-3.29573	0.564519	-1	-1	-1
11	16	-3.14573	0.564519	-1	-1	-1
11	16	-3.59573	0.714519	-1	-1	-1
11	16	-3.44573	0.714519	-1	-1	-1
11	16	-3.29573	0.714519	-1	-1	-1
11	16	-3.14573	0.714519	-1	-1	-1
11	16	-3.59573	0.864519	-1	-1	-1
11	16	-3.44573	0.864519	-1	-1	-1
11	16	-3.29573	0.864519	-1	-1	-1
11	16	-3.14573	0.864519	5074	5101.53	-1
11	16	-3.59573	1.01452	-1	-1	-1
11	16	-3.44573	1.01452	-1	-1	-1
11	16	-3.29573	1.01452	5184	5211.62	-1
11	16	-3.14573	1.01452	5130	5157.75	-1
12	16	-3.59557	3.589	-1	-1	-1
12	16	-3.44557	3.589	4810	4894.28	-1
12	16	-3.29557	3.589	4717	4765.62	-1
12	16	-3.14557	3.589	4527	4679.25	-1
12	16	-3.59557	3.739	-1	-1	-1
12	16	-3.44557	3.739	-1	-1	-1
12	16	-3.29557	3.739	4937	4979.66	-1
12	16	-3.14557	3.739	4763	4805	-1
12	16	-3.59557	3.889	-1	-1	-1
12	16	-3.44557	3.889	-1	-1	-1
12	16	-3.29557	3.889	-1	-1	-1
12	16	-3.14557	3.889	4178	4220.72	-1
12	16	-3.59557	4.039	-1	-1	-1
12	16	-3.44557	4.039	-1	-1	-1
12	16	-3.29557	4.039	-1	-1	-1
12	16	-3.14557	4.039	-1	-1	-1
13	16	-8.89837	1.29956	-1	-1	-1
13	16	-8.74837	1.29956	-1	-1	-1
13	16	-8.59837	1.29956	-1	-1	-1
13	16	-8.44837	1.29956	-1	-1	-1
13	16	-8.89837	1.44956	-1	-1	-1
13	16	-8.74837	1.44956	-1	-1	-1
13	16	-8.59837	1.44956	-1	-1	-1
13	16	-8.44837	1.44956	5174	5235.41	-1
13	16	-8.89837	1.59956	-1	-1	-1
13	16	-8.74837	1.59956	-1	-1	-1
13	16	-8.59837	1.59956	-1	-1	-1
13	16	-8.44837	1.59956	5299	5359.19	-1
13	16	-8.89837	1.74956	-1	-1	-1
13	16	-8.74837	1.74956	-1	-1	-1
13	16	-8.59837	1.74956	-1	-1	-1
13	16	-8.44837	1.74956	-1	-1	-1
14	16	4.23037	-0.990705	786	826.281	-1
14	16	4.38037	-0.990705	913	970.844	-1
14	16	4.53037	-0.990705	1023	1084.62	-1
14	16	4.68037	-0.990705	1553	1590.03	-1
14	16	4.23037	-0.840705	1137	1197.31	-1
14	16	4.38037	-0.840705	690	766.844	-1
14	16	4.53037	-0.840705	904	956.844	-1
14	16	4.68037	-0.840705	1005	1058.75	-1
14	16	4.23037	-0.690705	546	618.344	-1
14	16	4.38037	-0.690705	426	465.812	-1
14	16	4.53037	-0.690705	803	867.594	-1
14	16	4.68037	-0.690705	-1	-1	-1
14	16	4.23037	-0.540705	217	263.562	-1
14	16	4.38037	-0.540705	332	373.594	-1
14	16	4.53037	-0.540705	513	563.375	-1
14	16	4.68037	-0.540705	1396	1439.75	-1
15	16	-5.2706	2.24393	4676	4719.22	-1
15	16	-5.1206	2.24393	-1	-1	-1
15	16	-4.9706	2.24393	3434	3475.25	-1
15	16	-4.8206	2.24393	3515	3555.16	-1
15	16	-5.2706	2.39393	-1	-1	-1
15	16	-5.1206	2.39393	-1	-1	-1
15	16	-4.9706	2.39393	-1	-1	-1
15	16	-4.8206	2.39393	-1	-1	-1
15	16	-5.2706	2.54393	-1	-1	-1
15	16	-5.1206	2.54393	-1	-1	-1
15	16	-4.9706	2.54393	-1	-1	-1
15	16	-4.8206	2.54393	-1	-1	-1
15	16	-5.2706	2.69393	-1	-1	-1
15	16	-5.1206	2.69393	-1	-1	-1
15	16	-4.9706	2.69393	-1	-1	-1
15	16	-4.8206	2.69393	-1	-1	-1
16	16	-1.49861	8.72562	-1	-1	-1
16	16	-1.34861	8.72562	-1	-1	-1
16	16	-1.19861	8.72562	-1	-1	-1
16	16	-1.04861	8.72562	-1	-1	-1
16	16	-1.49861	8.87562	-1	-1	-1
16	16	-1.34861	8.87562	-1	-1	-1
16	16	-1.19861	8.87562	-1	-1	-1
16	16	-1.04861	8.87562	-1	-1	-1
16	16	-1.49861	9.02562	-1	-1	-1
16	16	-1.34861	9.02562	-1	-1	-1
16	16	-1.19861	9.02562	-1	-1	-1
16	16	-1.04861	9.02562	-1	-1	-1
16	16	-1.49861	9.17562	3865	3938.69	-1
16	16	-1.34861	9.17562	4006	4074.75	-1
16	16	-1.19861	9.17562	-1	-1	-1
16	16	-1.04861	9.17562	-1	-1	-1
17	16	2.80036	-3.97606	-1	-1	-1
17	16	2.95036	-3.97606	1736	1884.84	-1
17	16	3.10036	-3.97606	-1	-1	-1
17	16	3.25036	-3.97606	3523	3679.38	-1
17	16	2.80036	-3.82606	211	287.906	-1
17	16	2.95036	-3.82606	365	402	-1
17	16	3.10036	-3.82606	-1	-1	-1
17	16	3.25036	-3.82606	1370	1422.94	-1
17	16	2.80036	-3.67606	121	156.531	-1
17	16	2.95036	-3.67606	435	473.938	-1
17	16	3.10036	-3.67606	839	880.125	-1
17	16	3.25036	-3.67606	1208	1247.34	-1
17	16	2.80036	-3.52606	210	303.156	-1
17	16	2.95036	-3.52606	225	271.219	-1
17	16	3.10036	-3.52606	1287	1325.81	-1
17	16	3.25036	-3.52606	1121	1169.22	-1
18	16	-0.697332	7.8787	-1	-1	-1
18	16	-0.547332	7.8787	-1	-1	-1
18	16	-0.397332	7.8787	-1	-1	-1
18	16	-0.247332	7.8787	-1	-1	-1
18	16	-0.697332	8.0287	-1	-1	-1
18	16	-0.547332	8.0287	-1	-1	-1
18	16	-0.397332	8.0287	-1	-1	-1
18	16	-0.247332	8.0287	-1	-1	-1
18	16	-0.697332	8.1787	-1	-1	-1
18	16	-0.547332	8.1787	-1	-1	-1
18	16	-0.397332	8.1787	-1	-1	-1
18	16	-0.247332	8.1787	-1	-1	-1
18	16	-0.697332	8.3287	556	625.656	-1
18	16	-0.547332	8.3287	429	492.906	-1
18	16	-0.397332	8.3287	-1	-1	-1
18	16	-0.247332	8.3287	-1	-1	-1
19	16	1.59025	8.72889	-1	-1	-1
19	16	1.74025	8.72889	-1	-1	-1
19	16	1.89025	8.72889	-1	-1	-1
19	16	2.04025	8.72889	-1	-1	-1
19	16	1.59025	8.87889	-1	-1	-1
19	16	1.74025	8.87889	-1	-1	-1
19	16	1.89025	8.87889	-1	-1	-1
19	16	2.04025	8.87889	-1	-1	-1
19	16	1.59025	9.02889	5328	-1	-1
19	16	1.74025	9.02889	-1	-1	-1
19	16	1.89025	9.02889	-1	-1	-1
19	16	2.04025	9.02889	-1	-1	-1
19	16	1.59025	9.17889	-1	-1	-1
19	16	1.74025	9.17889	-1	-1	-1
19	16	1.89025	9.17889	-1	-1	-1
19	16	2.04025	9.17889	-1	-1	-1
20	16	-7.01618	4.7998	-1	-1	-1
20	16	-6.86618	4.7998	-1	-1	-1
20	16	-6.71618	4.7998	-1	-1	-1
20	16	-6.56618	4.7998	-1	-1	-1
20	16	-7.01618	4.9498	-1	-1	-1
20	16	-6.86618	4.9498	-1	-1	-1
20	16	-6.71618	4.9498	-1	-1	-1
20	16	-6.56618	4.9498	-1	-1	-1
20	16	-7.01618	5.0998	-1	-1	-1
20	16	-6.86618	5.0998	-1	-1	-1
20	16	-6.71618	5.0998	-1	-1	-1
20	16	-6.56618	5.0998	-1	-1	-1
20	16	-7.01618	5.2498	-1	-1	-1
20	16	-6.86618	5.2498	-1	-1	-1
20	16	-6.71618	5.2498	-1	-1	-1
20	16	-6.56618	5.2498	-1	-1	-1
21	16	5.57343	7.2387	-1	-1	-1
21	16	5.72343	7.2387	-1	-1	-1
21	16	5.87343	7.2387	-1	-1	-1
21	16	6.02343	7.2387	-1	-1	-1
21	16	5.57343	7.3887	-1	-1	-1
21	16	5.72343	7.3887	-1	-1	-1
21	16	5.87343	7.3887	-1	-1	-1
21	16	6.02343	7.3887	-1	-1	-1
21	16	5.57343	7.5387	-1	-1	-1
21	16	5.72343	7.5387	-1	-1	-1
21	16	5.87343	7.5387	-1	-1	-1
21	16	6.02343	7.5387	-1	-1	-1
21	16	5.57343	7.6887	-1	-1	-1
21	16	5.72343	7.6887	-1	-1	-1
21	16	5.87343	7.6887	-1	-1	-1
21	16	6.02343	7.6887	-1	-1	-1
0	256	-1.14318	4.95128	3699	3821.75	-1
0	256	9.26861	0.824414	-1	-1	-1
0	256	-8.98139	1.67881	-1	-1	-1
0	256	-5.32338	4.62257	-1	-1	-1
0	256	-2.15692	6.79389	5098	5207.62	-1
0	256	-1.95598	-2.40598	248	310.875	-1
0	256	-0.19525	-3.56282	-1	-1	-1
0	256	1.90908	-8.55695	-1	-1	-1
0	256	4.96491	-2.17847	4453	4496	-1
0	256	5.79579	-3.09305	-1	-1	-1
0	256	0.781399	-4.45634	-1	-1	-1
0	256	-2.76195	2.82042	-1	-1	-1
0	256	-2.2897	2.15018	89	116.844	-1
0	256	6.9845	-3.51799	-1	-1	-1
0	256	9.41558	0.324321	-1	-1	-1
0	256	-8.83404	3.98297	-1	-1	-1
0	256	-7.54787	-6.52499	1749	1829.53	-1
0	256	9.30199	2.09424	-1	-1	-1
0	256	-0.949665	6.7724	-1	-1	-1
0	256	-4.136	-7.74566	406	473.281	-1
0	256	-9.21689	-2.55254	-1	-1	-1
0	256	6.13725	-6.40667	-1	-1	-1
0	256	7.01852	-2.52475	-1	-1	-1
0	256	-5.22124	-1.54355	-1	-1	-1
0	256	4.86931	4.32384	-1	-1	-1
0	256	-6.65837	-3.35835	-1	-1	-1
0	256	-8.68317	-0.347549	-1	-1	-1
0	256	-7.14259	3.4696	-1	-1	-1
0	256	-1.95891	-6.7201	4048	4108.72	-1
0	256	-4.32321	0.93413	-1	-1	-1
0	256	-5.36237	3.85788	-1	-1	-1
0	256	-3.12562	-4.289	237	293.312	-1
0	256	3.28009	2.34609	-1	-1	-1
0	256	7.16375	-2.48063	-1	-1	-1
0	256	6.1893	-3.84252	-1	-1	-1
0	256	-5.56867	-2.88616	-1	-1	-1
0	256	-1.20181	-4.13645	2283	2317.03	-1
0	256	0.0804358	3.68562	-1	-1	-1
0	256	8.02888	1.36216	-1	-1	-1
0	256	5.1502	8.36191	-1	-1	-1
0	256	-1.03317	-8.4936	3549	3610.72	-1
0	256	5.19017	-3.24123	-1	-1	-1
0	256	9.20927	1.31115	-1	-1	-1
0	256	3.62544	-6.74998	4343	4400.62	-1
0	256	-5.50847	-1.32267	-1	-1	-1
0	256	-0.252703	4.88338	3870	3907.03	-1
0	256	7.88709	-2.63513	-1	-1	-1
0	256	-2.69374	-5.7016	1731	1787.03	-1
0	256	5.13812	-3.5011	-1	-1	-1
0	256	3.68099	8.24864	-1	-1	-1
0	256	-2.14724	7.71471	-1	-1	-1
0	256	8.36197	-4.58122	-1	-1	-1
0	256	-2.23395	4.22325	-1	-1	-1
0	256	4.95686	-2.76825	4564	4691.44	-1
0	256	2.54704	-9.04428	-1	-1	-1
0	256	-0.343225	-5.60921	1144	1189.41	-1
0	256	3.7833	-3.30779	-1	-1	-1
0	256	5.42111	5.95215	-1	-1	-1
0	256	0.637027	9.63381	-1	-1	-1
0	256	7.40564	2.13118	-1	-1	-1
0	256	1.96707	-4.94347	-1	-1	-1
0	256	9.0084	0.434094	-1	-1	-1
0	256	-8.09843	0.201228	-1	-1	-1
0	256	-2.06322	4.96606	87	208.312	-1
0	256	2.26296	3.24917	-1	-1	-1
0	256	-6.1041	6.98463	-1	-1	-1
0	256	6.4347	-0.238808	-1	-1	-1
0	256	-7.47677	5.33625	-1	-1	-1
0	256	-2.16172	6.08162	-1	-1	-1
0	256	1.37543	-2.22525	3558	3728.03	-1
0	256	4.9674	7.44733	-1	-1	-1
0	256	0.472498	-5.1978	-1	-1	-1
0	256	5.40738	5.03295	-1	-1	-1
0	256	4.98585	-7.91615	-1	-1	-1
0	256	-2.19874	3.81458	4515	4650.66	-1
0	256	-2.67267	5.73124	592	642.656	-1
0	256	3.59381	7.90859	-1	-1	-1
0	256	2.16918	2.57657	116	149.375	-1
0	256	-5.80279	-7.42754	-1	-1	-1
0	256	5.93911	-7.33443	-1	-1	-1
0	256	0.949929	-8.43014	-1	-1	-1
0	256	3.55199	-4.4919	-1	-1	-1
0	256	-5.1674	4.3451	-1	-1	-1
0	256	8.34825	4.91694	-1	-1	-1
0	256	6.71033	-0.357678	-1	-1	-1
0	256	-4.06558	5.68752	-1	-1	-1
0	256	-3.50924	-8.79999	4336	4412.88	-1
0	256	-7.33361	1.60752	5045	5112.47	-1
0	256	4.63638	-1.55271	-1	-1	-1
0	256	-1.4446	-8.84012	2647	2733.81	-1
0	256	5.2937	-8.48321	-1	-1	-1
0	256	0.850142	4.48687	-1	-1	-1
0	256	8.00318	-2.37125	-1	-1	-1
0	256	5.1112	8.54702	-1	-1	-1
0	256	4.55043	-7.02528	-1	-1	-1
0	256	1.66829	5.39494	-1	-1	-1
0	256	0.258991	-5.79663	-1	-1	-1
0	256	-8.69277	2.51025	-1	-1	-1
0	256	0.673678	0.762177	84	101.844	-1
0	256	4.38215	7.91308	-1	-1	-1
0	256	7.25191	-6.75669	-1	-1	-1
0	256	-3.62092	-8.99648	4740	4821.09	-1
0	256	3.33394	2.4756	-1	-1	-1
0	256	7.14481	-1.98013	-1	-1	-1
0	256	-7.03995	-1.88188	-1	-1	-1
0	256	-1.70007	-3.12369	5213	5246.69	-1
0	256	-7.55035	0.959543	-1	-1	-1
0	256	-4.33002	6.10566	-1	-1	-1
0	256	3.04979	-6.95794	-1	-1	-1
0	256	0.657482	8.87625	-1	-1	-1
0	256	2.17645	-6.99469	-1	-1	-1
0	256	7.28333	1.36145	73	127.062	-1
0	256	4.37549	0.934602	1520	1556.5	-1
0	256	2.90403	6.51401	-1	-1	-1
0	256	-4.94973	7.95105	-1	-1	-1
0	256	-5.40956	2.3399	-1	-1	-1
0	256	-4.73715	-6.47106	1922	1986	-1
0	256	-2.62103	3.3591	2313	2347.91	-1
0	256	4.38464	5.61374	-1	-1	-1
0	256	5.65483	-6.00635	-1	-1	-1
0	256	-0.819371	7.29246	2988	3042.12	-1
0	256	1.27923	-4.58324	-1	-1	-1
0	256	3.06336	5.78548	5239	5367.53	-1
0	256	-3.5392	-0.349891	701	733.094	-1
0	256	0.417797	8.19441	-1	-1	-1
0	256	-2.6456	4.87952	-1	-1	-1
0	256	-5.90882	-7.68169	-1	-1	-1
0	256	7.66065	-4.26851	-1	-1	-1
0	256	-4.17851	-9.77626	-1	-1	-1
0	256	9.35547	-0.335888	-1	-1	-1
0	256	0.280735	4.90461	-1	-1	-1
0	256	-8.60319	3.01711	-1	-1	-1
0	256	1.85114	-3.56562	47	81.0938	-1
0	256	4.39709	3.07446	-1	-1	-1
0	256	-6.15311	-3.13189	-1	-1	-1
0	256	-6.53694	-7.46124	-1	-1	-1
0	256	6.67264	5.72766	-1	-1	-1
0	256	-5.1156	7.80349	-1	-1	-1
0	256	-7.89357	-2.48904	3204	3263.53	-1
0	256	-8.19109	-3.49805	-1	-1	-1
0	256	4.51775	-8.08914	-1	-1	-1
0	256	4.7492	4.88869	-1	-1	-1
0	256	5.23755	6.34644	-1	-1	-1
0	256	-0.70788	-4.45311	1596	1631.16	-1
0	256	6.1598	7.60231	-1	-1	-1
0	256	6.87252	0.403646	-1	-1	-1
0	256	3.95486	-0.0736516	648	696.719	-1
0	256	-6.93041	-3.37466	3810	3916.47	-1
0	256	-8.62216	2.82164	-1	-1	-1
0	256	-9.11402	-4.08159	-1	-1	-1
0	256	3.96098	0.76239	37	69.5625	-1
0	256	-3.90891	1.7319	-1	-1	-1
0	256	-6.64954	-5.62848	-1	-1	-1
0	256	-4.84267	2.9139	-1	-1	-1
0	256	2.32077	7.94048	-1	-1	-1
0	256	-0.673402	9.43956	283	354.031	-1
0	256	-5.23908	-0.898493	-1	-1	-1
0	256	-9.28115	1.42241	-1	-1	-1
0	256	0.8656	-3.39229	4905	4934.47	-1
0	256	-5.57754	5.58559	-1	-1	-1
0	256	-8.77085	0.655592	-1	-1	-1
0	256	-2.261	6.90268	5263	5322.81	-1
0	256	5.5802	-6.41159	-1	-1	-1
0	256	8.66923	-2.37813	-1	-1	-1
0	256	-4.95858	8.67711	-1	-1	-1
0	256	-8.39617	-5.2619	2455	2526.38	-1
0	256	-8.87721	-0.940808	5274	5342.06	-1
0	256	-9.57151	-0.72781	-1	-1	-1
0	256	-0.855146	-6.29433	-1	-1	-1
0	256	1.52507	-3.60471	2775	2805.97	-1
0	256	-4.72239	-8.63465	4788	4867.19	-1
0	256	-7.05784	-8.942	4604	4688.47	-1
0	256	0.758684	3.76571	804	836.469	-1
0	256	0.407011	-6.05309	-1	-1	-1
0	256	7.89788	2.22027	-1	-1	-1
0	256	-5.36593	-8.21916	-1	-1	-1
0	256	2.32578	1.58756	38	80.0625	-1
0	256	1.9121	-8.78153	-1	-1	-1
0	256	3.96496	-1.83346	1750	1790.56	-1
0	256	7.61487	6.74934	-1	-1	-1
0	256	-6.22897	-0.343013	-1	-1	-1
0	256	-6.13827	5.59091	-1	-1	-1
0	256	5.78144	-7.60511	-1	-1	-1
0	256	8.50078	-5.22507	-1	-1	-1
0	256	-0.183291	5.1332	5278	5319.03	-1
0	256	-4.17286	4.67878	-1	-1	-1
0	256	7.39562	-3.73333	-1	-1	-1
0	256	-5.69202	-1.25581	-1	-1	-1
0	256	0.617343	-6.52151	1917	1976.47	-1
0	256	6.3376	-0.0985696	4341	4387.62	-1
0	256	7.27541	4.1484	-1	-1	-1
0	256	1.92259	7.11263	-1	-1	-1
0	256	7.76942	2.20329	-1	-1	-1
0	256	8.22137	5.58232	-1	-1	-1
0	256	-0.587688	6.54629	-1	-1	-1
0	256	-7.72831	5.85612	-1	-1	-1
0	256	-3.62135	5.35963	5164	5286.69	-1
0	256	-7.44446	1.37662	4935	4988.84	-1
0	256	-5.97603	-3.07171	-1	-1	-1
0	256	-6.15885	-0.849105	-1	-1	-1
0	256	-4.26482	5.79175	-1	-1	-1
0	256	-2.85139	7.46069	-1	-1	-1
0	256	2.64018	2.32984	1001	1161.59	-1
0	256	8.03897	-1.89266	-1	-1	-1
0	256	1.17768	4.62302	40	93.0938	-1
0	256	-1.90987	8.41583	-1	-1	-1
0	256	9.49076	8.31507	-1	-1	-1
0	256	-3.72566	3.10211	4869	4911.22	-1
0	256	-0.264038	-7.10921	2038	2115.06	-1
0	256	6.70954	2.31829	-1	-1	-1
0	256	9.5857	0.068364	-1	-1	-1
0	256	4.56614	-3.10747	-1	-1	-1
0	256	-6.70855	-2.07351	-1	-1	-1
0	256	-0.0268197	-6.41494	2182	2234.09	-1
0	256	4.54257	-5.83509	-1	-1	-1
0	256	-8.66533	-0.801741	-1	-1	-1
0	256	-4.6312	6.41244	706	789.188	-1
0	256	3.58256	4.26765	-1	-1	-1
0	256	8.02496	2.86117	-1	-1	-1
0	256	-2.04575	2.26073	145	183.219	-1
0	256	0.814076	-7.53483	-1	-1	-1
0	256	5.88658	-0.229391	-1	-1	-1
0	256	5.98536	-5.42217	-1	-1	-1
0	256	-7.10433	1.04727	477	529.281	-1
0	256	6.23819	6.17872	-1	-1	-1
0	256	-0.0827798	6.855	-1	-1	-1
0	256	7.01095	-4.19234	-1	-1	-1
0	256	-8.37326	0.237136	-1	-1	-1
0	256	3.26674	0.948439	141	170.812	-1
0	256	-8.65391	2.02013	4787	4861.72	-1
0	256	8.37117	3.21362	-1	-1	-1
0	256	3.42534	-9.22628	2639	2712.62	-1
0	256	-3.00968	3.61517	4742	4782.56	-1
0	256	4.8978	5.04147	3484	3622.97	-1
0	256	-6.56252	0.520832	-1	-1	-1
0	256	5.05377	-7.13525	-1	-1	-1
0	256	-7.92653	4.23184	-1	-1	-1
0	256	-1.08669	-3.81899	583	638.25	-1
0	256	-6.01937	1.03709	-1	-1	-1
0	256	-3.00106	4.09007	-1	-1	-1
0	256	-0.311441	8.51114	-1	-1	-1
0	256	-3.28286	-2.48591	-1	-1	-1
0	256	-7.2013	-7.45071	-1	-1	-1
0	256	3.46973	6.87184	-1	-1	-1
0	256	2.8981	1.74316	1004	1039.53	-1
0	256	-8.16101	-0.54871	-1	-1	-1
0	256	1.28795	4.26682	-1	-1	-1
0	256	-5.72701	6.28842	-1	-1	-1
0	256	0.838891	4.79017	-1	-1	-1
0	256	8.01553	-1.68525	-1	-1	-1
0	256	4.17983	-4.80017	-1	-1	-1
0	256	3.15407	-4.07132	-1	-1	-1
0	256	-7.65127	-5.5697	4783	4853.72	-1
0	256	-2.96784	-3.95573	135	176.812	-1
0	256	-4.04256	5.07542	-1	-1	-1
0	256	-2.97621	-4.5311	57	192.781	-1
