Pile ID	Distribution Type	X-Position	Y-Position	Pickup Time	Drop Off Time	Ant ID
1	1	-2.0642	5.76133	305	405.344	-1
1	1	-1.9142	5.76133	-1	-1	-1
1	1	-1.7642	5.76133	-1	-1	-1
1	1	-1.6142	5.76133	-1	-1	-1
1	1	-1.4642	5.76133	519	581.875	-1
1	1	-1.3142	5.76133	339	440.125	-1
1	1	-1.1642	5.76133	2310	2421.94	-1
1	1	-1.0142	5.76133	2461	2510.72	-1
1	1	-0.864201	5.76133	-1	-1	-1
1	1	-0.714201	5.76133	875	987.594	-1
1	1	-0.564201	5.76133	2764	2892.97	-1
1	1	-0.414201	5.76133	3825	3874.47	-1
1	1	-0.264201	5.76133	1433	1543.78	-1
1	1	-0.114201	5.76133	3134	3177.75	-1
1	1	0.0357993	5.76133	3405	3450.06	-1
1	1	0.185799	5.76133	917	961.688	-1
1	1	-2.0642	5.91133	4305	4412.75	-1
1	1	-1.9142	5.91133	-1	-1	-1
1	1	-1.7642	5.91133	-1	-1	-1
1	1	-1.6142	5.91133	-1	-1	-1
1	1	-1.4642	5.91133	543	593.688	-1
1	1	-1.3142	5.91133	-1	-1	-1
1	1	-1.1642	5.91133	2675	2722.34	-1
1	1	-1.0142	5.91133	-1	-1	-1
1	1	-0.864201	5.91133	-1	-1	-1
1	1	-0.714201	5.91133	-1	-1	-1
1	1	-0.564201	5.91133	-1	-1	-1
1	1	-0.414201	5.91133	-1	-1	-1
1	1	-0.264201	5.91133	3729	3776.84	-1
1	1	-0.114201	5.91133	3447	3517.84	-1
1	1	0.0357993	5.91133	3591	3634.59	-1
1	1	0.185799	5.91133	-1	-1	-1
1	1	-2.0642	6.06133	-1	-1	-1
1	1	-1.9142	6.06133	-1	-1	-1
1	1	-1.7642	6.06133	-1	-1	-1
1	1	-1.6142	6.06133	-1	-1	-1
1	1	-1.4642	6.06133	-1	-1	-1
1	1	-1.3142	6.06133	-1	-1	-1
1	1	-1.1642	6.06133	-1	-1	-1
1	1	-1.0142	6.06133	-1	-1	-1
1	1	-0.864201	6.06133	-1	-1	-1
1	1	-0.714201	6.06133	-1	-1	-1
1	1	-0.564201	6.06133	-1	-1	-1
1	1	-0.414201	6.06133	-1	-1	-1
1	1	-0.264201	6.06133	-1	-1	-1
1	1	-0.114201	6.06133	-1	-1	-1
1	1	0.0357993	6.06133	-1	-1	-1
1	1	0.185799	6.06133	-1	-1	-1
1	1	-2.0642	6.21133	-1	-1	-1
1	1	-1.9142	6.21133	-1	-1	-1
1	1	-1.7642	6.21133	-1	-1	-1
1	1	-1.6142	6.21133	-1	-1	-1
1	1	-1.4642	6.21133	-1	-1	-1
1	1	-1.3142	6.21133	-1	-1	-1
1	1	-1.1642	6.21133	-1	-1	-1
1	1	-1.0142	6.21133	-1	-1	-1
1	1	-0.864201	6.21133	-1	-1	-1
1	1	-0.714201	6.21133	-1	-1	-1
1	1	-0.564201	6.21133	-1	-1	-1
1	1	-0.414201	6.21133	-1	-1	-1
1	1	-0.264201	6.21133	-1	-1	-1
1	1	-0.114201	6.21133	-1	-1	-1
1	1	0.0357993	6.21133	-1	-1	-1
1	1	0.185799	6.21133	-1	-1	-1
1	1	-2.0642	6.36133	-1	-1	-1
1	1	-1.9142	6.36133	-1	-1	-1
1	1	-1.7642	6.36133	-1	-1	-1
1	1	-1.6142	6.36133	-1	-1	-1
1	1	-1.4642	6.36133	-1	-1	-1
1	1	-1.3142	6.36133	-1	-1	-1
1	1	-1.1642	6.36133	-1	-1	-1
1	1	-1.0142	6.36133	-1	-1	-1
1	1	-0.864201	6.36133	-1	-1	-1
1	1	-0.714201	6.36133	-1	-1	-1
1	1	-0.564201	6.36133	-1	-1	-1
1	1	-0.414201	6.36133	-1	-1	-1
1	1	-0.264201	6.36133	-1	-1	-1
1	1	-0.114201	6.36133	-1	-1	-1
1	1	0.0357993	6.36133	-1	-1	-1
1	1	0.185799	6.36133	-1	-1	-1
1	1	-2.0642	6.51133	-1	-1	-1
1	1	-1.9142	6.51133	-1	-1	-1
1	1	-1.7642	6.51133	-1	-1	-1
1	1	-1.6142	6.51133	-1	-1	-1
1	1	-1.4642	6.51133	-1	-1	-1
1	1	-1.3142	6.51133	-1	-1	-1
1	1	-1.1642	6.51133	-1	-1	-1
1	1	-1.0142	6.51133	-1	-1	-1
1	1	-0.864201	6.51133	-1	-1	-1
1	1	-0.714201	6.51133	-1	-1	-1
1	1	-0.564201	6.51133	-1	-1	-1
1	1	-0.414201	6.51133	-1	-1	-1
1	1	-0.264201	6.51133	-1	-1	-1
1	1	-0.114201	6.51133	-1	-1	-1
1	1	0.0357993	6.51133	-1	-1	-1
1	1	0.185799	6.51133	-1	-1	-1
1	1	-2.0642	6.66133	-1	-1	-1
1	1	-1.9142	6.66133	-1	-1	-1
1	1	-1.7642	6.66133	-1	-1	-1
1	1	-1.6142	6.66133	-1	-1	-1
1	1	-1.4642	6.66133	-1	-1	-1
1	1	-1.3142	6.66133	-1	-1	-1
1	1	-1.1642	6.66133	-1	-1	-1
1	1	-1.0142	6.66133	-1	-1	-1
1	1	-0.864201	6.66133	-1	-1	-1
1	1	-0.714201	6.66133	-1	-1	-1
1	1	-0.564201	6.66133	-1	-1	-1
1	1	-0.414201	6.66133	-1	-1	-1
1	1	-0.264201	6.66133	-1	-1	-1
1	1	-0.114201	6.66133	-1	-1	-1
1	1	0.0357993	6.66133	-1	-1	-1
1	1	0.185799	6.66133	3773	3828.56	-1
1	1	-2.0642	6.81133	-1	-1	-1
1	1	-1.9142	6.81133	-1	-1	-1
1	1	-1.7642	6.81133	-1	-1	-1
1	1	-1.6142	6.81133	-1	-1	-1
1	1	-1.4642	6.81133	-1	-1	-1
1	1	-1.3142	6.81133	-1	-1	-1
1	1	-1.1642	6.81133	-1	-1	-1
1	1	-1.0142	6.81133	-1	-1	-1
1	1	-0.864201	6.81133	-1	-1	-1
1	1	-0.714201	6.81133	-1	-1	-1
1	1	-0.564201	6.81133	-1	-1	-1
1	1	-0.414201	6.81133	-1	-1	-1
1	1	-0.264201	6.81133	-1	-1	-1
1	1	-0.114201	6.81133	-1	-1	-1
1	1	0.0357993	6.81133	-1	-1	-1
1	1	0.185799	6.81133	3670	3721.78	-1
1	1	-2.0642	6.96133	-1	-1	-1
1	1	-1.9142	6.96133	-1	-1	-1
1	1	-1.7642	6.96133	-1	-1	-1
1	1	-1.6142	6.96133	-1	-1	-1
1	1	-1.4642	6.96133	-1	-1	-1
1	1	-1.3142	6.96133	-1	-1	-1
1	1	-1.1642	6.96133	-1	-1	-1
1	1	-1.0142	6.96133	-1	-1	-1
1	1	-0.864201	6.96133	-1	-1	-1
1	1	-0.714201	6.96133	-1	-1	-1
1	1	-0.564201	6.96133	-1	-1	-1
1	1	-0.414201	6.96133	-1	-1	-1
1	1	-0.264201	6.96133	-1	-1	-1
1	1	-0.114201	6.96133	-1	-1	-1
1	1	0.0357993	6.96133	-1	-1	-1
1	1	0.185799	6.96133	-1	-1	-1
1	1	-2.0642	7.11133	-1	-1	-1
1	1	-1.9142	7.11133	-1	-1	-1
1	1	-1.7642	7.11133	-1	-1	-1
1	1	-1.6142	7.11133	-1	-1	-1
1	1	-1.4642	7.11133	-1	-1	-1
1	1	-1.3142	7.11133	-1	-1	-1
1	1	-1.1642	7.11133	-1	-1	-1
1	1	-1.0142	7.11133	-1	-1	-1
1	1	-0.864201	7.11133	-1	-1	-1
1	1	-0.714201	7.11133	-1	-1	-1
1	1	-0.564201	7.11133	-1	-1	-1
1	1	-0.414201	7.11133	-1	-1	-1
1	1	-0.264201	7.11133	-1	-1	-1
1	1	-0.114201	7.11133	-1	-1	-1
1	1	0.0357993	7.11133	-1	-1	-1
1	1	0.185799	7.11133	-1	-1	-1
1	1	-2.0642	7.26133	-1	-1	-1
1	1	-1.9142	7.26133	-1	-1	-1
1	1	-1.7642	7.26133	-1	-1	-1
1	1	-1.6142	7.26133	-1	-1	-1
1	1	-1.4642	7.26133	-1	-1	-1
1	1	-1.3142	7.26133	-1	-1	-1
1	1	-1.1642	7.26133	-1	-1	-1
1	1	-1.0142	7.26133	-1	-1	-1
1	1	-0.864201	7.26133	-1	-1	-1
1	1	-0.714201	7.26133	-1	-1	-1
1	1	-0.564201	7.26133	-1	-1	-1
1	1	-0.414201	7.26133	-1	-1	-1
1	1	-0.264201	7.26133	-1	-1	-1
1	1	-0.114201	7.26133	-1	-1	-1
1	1	0.0357993	7.26133	-1	-1	-1
1	1	0.185799	7.26133	-1	-1	-1
1	1	-2.0642	7.41133	-1	-1	-1
1	1	-1.9142	7.41133	-1	-1	-1
1	1	-1.7642	7.41133	-1	-1	-1
1	1	-1.6142	7.41133	-1	-1	-1
1	1	-1.4642	7.41133	-1	-1	-1
1	1	-1.3142	7.41133	-1	-1	-1
1	1	-1.1642	7.41133	-1	-1	-1
1	1	-1.0142	7.41133	-1	-1	-1
1	1	-0.864201	7.41133	-1	-1	-1
1	1	-0.714201	7.41133	-1	-1	-1
1	1	-0.564201	7.41133	-1	-1	-1
1	1	-0.414201	7.41133	-1	-1	-1
1	1	-0.264201	7.41133	-1	-1	-1
1	1	-0.114201	7.41133	-1	-1	-1
1	1	0.0357993	7.41133	-1	-1	-1
1	1	0.185799	7.41133	-1	-1	-1
1	1	-2.0642	7.56133	-1	-1	-1
1	1	-1.9142	7.56133	-1	-1	-1
1	1	-1.7642	7.56133	-1	-1	-1
1	1	-1.6142	7.56133	-1	-1	-1
1	1	-1.4642	7.56133	-1	-1	-1
1	1	-1.3142	7.56133	-1	-1	-1
1	1	-1.1642	7.56133	-1	-1	-1
1	1	-1.0142	7.56133	-1	-1	-1
1	1	-0.864201	7.56133	-1	-1	-1
1	1	-0.714201	7.56133	-1	-1	-1
1	1	-0.564201	7.56133	-1	-1	-1
1	1	-0.414201	7.56133	-1	-1	-1
1	1	-0.264201	7.56133	-1	-1	-1
1	1	-0.114201	7.56133	-1	-1	-1
1	1	0.0357993	7.56133	-1	-1	-1
1	1	0.185799	7.56133	-1	-1	-1
1	1	-2.0642	7.71133	-1	-1	-1
1	1	-1.9142	7.71133	-1	-1	-1
1	1	-1.7642	7.71133	-1	-1	-1
1	1	-1.6142	7.71133	-1	-1	-1
1	1	-1.4642	7.71133	-1	-1	-1
1	1	-1.3142	7.71133	-1	-1	-1
1	1	-1.1642	7.71133	-1	-1	-1
1	1	-1.0142	7.71133	-1	-1	-1
1	1	-0.864201	7.71133	-1	-1	-1
1	1	-0.714201	7.71133	-1	-1	-1
1	1	-0.564201	7.71133	-1	-1	-1
1	1	-0.414201	7.71133	-1	-1	-1
1	1	-0.264201	7.71133	-1	-1	-1
1	1	-0.114201	7.71133	-1	-1	-1
1	1	0.0357993	7.71133	-1	-1	-1
1	1	0.185799	7.71133	-1	-1	-1
1	1	-2.0642	7.86133	-1	-1	-1
1	1	-1.9142	7.86133	-1	-1	-1
1	1	-1.7642	7.86133	-1	-1	-1
1	1	-1.6142	7.86133	-1	-1	-1
1	1	-1.4642	7.86133	-1	-1	-1
1	1	-1.3142	7.86133	-1	-1	-1
1	1	-1.1642	7.86133	-1	-1	-1
1	1	-1.0142	7.86133	-1	-1	-1
1	1	-0.864201	7.86133	-1	-1	-1
1	1	-0.714201	7.86133	-1	-1	-1
1	1	-0.564201	7.86133	-1	-1	-1
1	1	-0.414201	7.86133	-1	-1	-1
1	1	-0.264201	7.86133	-1	-1	-1
1	1	-0.114201	7.86133	-1	-1	-1
1	1	0.0357993	7.86133	-1	-1	-1
1	1	0.185799	7.86133	-1	-1	-1
1	1	-2.0642	8.01133	-1	-1	-1
1	1	-1.9142	8.01133	-1	-1	-1
1	1	-1.7642	8.01133	-1	-1	-1
1	1	-1.6142	8.01133	-1	-1	-1
1	1	-1.4642	8.01133	-1	-1	-1
1	1	-1.3142	8.01133	-1	-1	-1
1	1	-1.1642	8.01133	-1	-1	-1
1	1	-1.0142	8.01133	-1	-1	-1
1	1	-0.864201	8.01133	-1	-1	-1
1	1	-0.714201	8.01133	-1	-1	-1
1	1	-0.564201	8.01133	-1	-1	-1
1	1	-0.414201	8.01133	-1	-1	-1
1	1	-0.264201	8.01133	-1	-1	-1
1	1	-0.114201	8.01133	-1	-1	-1
1	1	0.0357993	8.01133	-1	-1	-1
1	1	0.185799	8.01133	-1	-1	-1
2	4	6.81075	-5.00553	-1	-1	-1
2	4	6.96075	-5.00553	-1	-1	-1
2	4	7.11075	-5.00553	-1	-1	-1
2	4	7.26075	-5.00553	-1	-1	-1
2	4	7.41075	-5.00553	-1	-1	-1
2	4	7.56075	-5.00553	-1	-1	-1
2	4	7.71075	-5.00553	-1	-1	-1
2	4	7.86075	-5.00553	-1	-1	-1
2	4	6.81075	-4.85553	-1	-1	-1
2	4	6.96075	-4.85553	-1	-1	-1
2	4	7.11075	-4.85553	-1	-1	-1
2	4	7.26075	-4.85553	-1	-1	-1
2	4	7.41075	-4.85553	-1	-1	-1
2	4	7.56075	-4.85553	-1	-1	-1
2	4	7.71075	-4.85553	-1	-1	-1
2	4	7.86075	-4.85553	-1	-1	-1
2	4	6.81075	-4.70553	4827	4942.88	-1
2	4	6.96075	-4.70553	-1	-1	-1
2	4	7.11075	-4.70553	-1	-1	-1
2	4	7.26075	-4.70553	-1	-1	-1
2	4	7.41075	-4.70553	-1	-1	-1
2	4	7.56075	-4.70553	-1	-1	-1
2	4	7.71075	-4.70553	-1	-1	-1
2	4	7.86075	-4.70553	3212	3281.88	-1
2	4	6.81075	-4.55553	-1	-1	-1
2	4	6.96075	-4.55553	-1	-1	-1
2	4	7.11075	-4.55553	-1	-1	-1
2	4	7.26075	-4.55553	-1	-1	-1
2	4	7.41075	-4.55553	-1	-1	-1
2	4	7.56075	-4.55553	-1	-1	-1
2	4	7.71075	-4.55553	-1	-1	-1
2	4	7.86075	-4.55553	3074	3149.25	-1
2	4	6.81075	-4.40553	-1	-1	-1
2	4	6.96075	-4.40553	-1	-1	-1
2	4	7.11075	-4.40553	-1	-1	-1
2	4	7.26075	-4.40553	-1	-1	-1
2	4	7.41075	-4.40553	-1	-1	-1
2	4	7.56075	-4.40553	-1	-1	-1
2	4	7.71075	-4.40553	-1	-1	-1
2	4	7.86075	-4.40553	-1	-1	-1
2	4	6.81075	-4.25553	4109	4167.75	-1
2	4	6.96075	-4.25553	-1	-1	-1
2	4	7.11075	-4.25553	-1	-1	-1
2	4	7.26075	-4.25553	-1	-1	-1
2	4	7.41075	-4.25553	-1	-1	-1
2	4	7.56075	-4.25553	-1	-1	-1
2	4	7.71075	-4.25553	-1	-1	-1
2	4	7.86075	-4.25553	-1	-1	-1
2	4	6.81075	-4.10553	3754	3858.22	-1
2	4	6.96075	-4.10553	-1	-1	-1
2	4	7.11075	-4.10553	-1	-1	-1
2	4	7.26075	-4.10553	-1	-1	-1
2	4	7.41075	-4.10553	-1	-1	-1
2	4	7.56075	-4.10553	-1	-1	-1
2	4	7.71075	-4.10553	-1	-1	-1
2	4	7.86075	-4.10553	-1	-1	-1
2	4	6.81075	-3.95553	3912	3972.47	-1
2	4	6.96075	-3.95553	-1	-1	-1
2	4	7.11075	-3.95553	-1	-1	-1
2	4	7.26075	-3.95553	-1	-1	-1
2	4	7.41075	-3.95553	-1	-1	-1
2	4	7.56075	-3.95553	-1	-1	-1
2	4	7.71075	-3.95553	-1	-1	-1
2	4	7.86075	-3.95553	-1	-1	-1
3	4	-7.76262	3.25535	-1	-1	-1
3	4	-7.61262	3.25535	-1	-1	-1
3	4	-7.46262	3.25535	-1	-1	-1
3	4	-7.31262	3.25535	-1	-1	-1
3	4	-7.16262	3.25535	-1	-1	-1
3	4	-7.01262	3.25535	-1	-1	-1
3	4	-6.86262	3.25535	-1	-1	-1
3	4	-6.71262	3.25535	-1	-1	-1
3	4	-7.76262	3.40535	-1	-1	-1
3	4	-7.61262	3.40535	-1	-1	-1
3	4	-7.46262	3.40535	-1	-1	-1
3	4	-7.31262	3.40535	-1	-1	-1
3	4	-7.16262	3.40535	-1	-1	-1
3	4	-7.01262	3.40535	-1	-1	-1
3	4	-6.86262	3.40535	-1	-1	-1
3	4	-6.71262	3.40535	-1	-1	-1
3	4	-7.76262	3.55535	-1	-1	-1
3	4	-7.61262	3.55535	-1	-1	-1
3	4	-7.46262	3.55535	-1	-1	-1
3	4	-7.31262	3.55535	-1	-1	-1
3	4	-7.16262	3.55535	-1	-1	-1
3	4	-7.01262	3.55535	-1	-1	-1
3	4	-6.86262	3.55535	-1	-1	-1
3	4	-6.71262	3.55535	-1	-1	-1
3	4	-7.76262	3.70535	-1	-1	-1
3	4	-7.61262	3.70535	-1	-1	-1
3	4	-7.46262	3.70535	-1	-1	-1
3	4	-7.31262	3.70535	-1	-1	-1
3	4	-7.16262	3.70535	-1	-1	-1
3	4	-7.01262	3.70535	-1	-1	-1
3	4	-6.86262	3.70535	-1	-1	-1
3	4	-6.71262	3.70535	-1	-1	-1
3	4	-7.76262	3.85535	-1	-1	-1
3	4	-7.61262	3.85535	-1	-1	-1
3	4	-7.46262	3.85535	-1	-1	-1
3	4	-7.31262	3.85535	-1	-1	-1
3	4	-7.16262	3.85535	-1	-1	-1
3	4	-7.01262	3.85535	-1	-1	-1
3	4	-6.86262	3.85535	-1	-1	-1
3	4	-6.71262	3.85535	-1	-1	-1
3	4	-7.76262	4.00535	-1	-1	-1
3	4	-7.61262	4.00535	-1	-1	-1
3	4	-7.46262	4.00535	-1	-1	-1
3	4	-7.31262	4.00535	-1	-1	-1
3	4	-7.16262	4.00535	-1	-1	-1
3	4	-7.01262	4.00535	-1	-1	-1
3	4	-6.86262	4.00535	-1	-1	-1
3	4	-6.71262	4.00535	-1	-1	-1
3	4	-7.76262	4.15535	-1	-1	-1
3	4	-7.61262	4.15535	-1	-1	-1
3	4	-7.46262	4.15535	-1	-1	-1
3	4	-7.31262	4.15535	-1	-1	-1
3	4	-7.16262	4.15535	-1	-1	-1
3	4	-7.01262	4.15535	-1	-1	-1
3	4	-6.86262	4.15535	-1	-1	-1
3	4	-6.71262	4.15535	-1	-1	-1
3	4	-7.76262	4.30535	-1	-1	-1
3	4	-7.61262	4.30535	-1	-1	-1
3	4	-7.46262	4.30535	-1	-1	-1
3	4	-7.31262	4.30535	-1	-1	-1
3	4	-7.16262	4.30535	-1	-1	-1
3	4	-7.01262	4.30535	-1	-1	-1
3	4	-6.86262	4.30535	-1	-1	-1
3	4	-6.71262	4.30535	-1	-1	-1
4	4	-9.17652	-0.754042	-1	-1	-1
4	4	-9.02652	-0.754042	-1	-1	-1
4	4	-8.87652	-0.754042	-1	-1	-1
4	4	-8.72652	-0.754042	-1	-1	-1
4	4	-8.57652	-0.754042	-1	-1	-1
4	4	-8.42652	-0.754042	-1	-1	-1
4	4	-8.27652	-0.754042	-1	-1	-1
4	4	-8.12652	-0.754042	-1	-1	-1
4	4	-9.17652	-0.604042	-1	-1	-1
4	4	-9.02652	-0.604042	-1	-1	-1
4	4	-8.87652	-0.604042	-1	-1	-1
4	4	-8.72652	-0.604042	-1	-1	-1
4	4	-8.57652	-0.604042	-1	-1	-1
4	4	-8.42652	-0.604042	-1	-1	-1
4	4	-8.27652	-0.604042	-1	-1	-1
4	4	-8.12652	-0.604042	-1	-1	-1
4	4	-9.17652	-0.454042	-1	-1	-1
4	4	-9.02652	-0.454042	-1	-1	-1
4	4	-8.87652	-0.454042	-1	-1	-1
4	4	-8.72652	-0.454042	-1	-1	-1
4	4	-8.57652	-0.454042	-1	-1	-1
4	4	-8.42652	-0.454042	-1	-1	-1
4	4	-8.27652	-0.454042	2228	2290.25	-1
4	4	-8.12652	-0.454042	1881	1971.31	-1
4	4	-9.17652	-0.304042	-1	-1	-1
4	4	-9.02652	-0.304042	-1	-1	-1
4	4	-8.87652	-0.304042	-1	-1	-1
4	4	-8.72652	-0.304042	-1	-1	-1
4	4	-8.57652	-0.304042	-1	-1	-1
4	4	-8.42652	-0.304042	-1	-1	-1
4	4	-8.27652	-0.304042	2176	2254.53	-1
4	4	-8.12652	-0.304042	2028	2106.56	-1
4	4	-9.17652	-0.154042	-1	-1	-1
4	4	-9.02652	-0.154042	-1	-1	-1
4	4	-8.87652	-0.154042	-1	-1	-1
4	4	-8.72652	-0.154042	-1	-1	-1
4	4	-8.57652	-0.154042	-1	-1	-1
4	4	-8.42652	-0.154042	-1	-1	-1
4	4	-8.27652	-0.154042	-1	-1	-1
4	4	-8.12652	-0.154042	2083	2146.75	-1
4	4	-9.17652	-0.00404248	-1	-1	-1
4	4	-9.02652	-0.00404248	-1	-1	-1
4	4	-8.87652	-0.00404248	-1	-1	-1
4	4	-8.72652	-0.00404248	-1	-1	-1
4	4	-8.57652	-0.00404248	-1	-1	-1
4	4	-8.42652	-0.00404248	-1	-1	-1
4	4	-8.27652	-0.00404248	-1	-1	-1
4	4	-8.12652	-0.00404248	2233	2295.47	-1
4	4	-9.17652	0.145958	-1	-1	-1
4	4	-9.02652	0.145958	-1	-1	-1
4	4	-8.87652	0.145958	-1	-1	-1
4	4	-8.72652	0.145958	-1	-1	-1
4	4	-8.57652	0.145958	-1	-1	-1
4	4	-8.42652	0.145958	-1	-1	-1
4	4	-8.27652	0.145958	-1	-1	-1
4	4	-8.12652	0.145958	-1	-1	-1
4	4	-9.17652	0.295958	-1	-1	-1
4	4	-9.02652	0.295958	-1	-1	-1
4	4	-8.87652	0.295958	-1	-1	-1
4	4	-8.72652	0.295958	-1	-1	-1
4	4	-8.57652	0.295958	-1	-1	-1
4	4	-8.42652	0.295958	-1	-1	-1
4	4	-8.27652	0.295958	-1	-1	-1
4	4	-8.12652	0.295958	-1	-1	-1
5	4	6.63359	-6.60316	-1	-1	-1
5	4	6.78359	-6.60316	-1	-1	-1
5	4	6.93359	-6.60316	-1	-1	-1
5	4	7.08359	-6.60316	-1	-1	-1
5	4	7.23359	-6.60316	-1	-1	-1
5	4	7.38359	-6.60316	-1	-1	-1
5	4	7.53359	-6.60316	-1	-1	-1
5	4	7.68359	-6.60316	-1	-1	-1
5	4	6.63359	-6.45316	-1	-1	-1
5	4	6.78359	-6.45316	-1	-1	-1
5	4	6.93359	-6.45316	-1	-1	-1
5	4	7.08359	-6.45316	-1	-1	-1
5	4	7.23359	-6.45316	-1	-1	-1
5	4	7.38359	-6.45316	-1	-1	-1
5	4	7.53359	-6.45316	-1	-1	-1
5	4	7.68359	-6.45316	-1	-1	-1
5	4	6.63359	-6.30316	-1	-1	-1
5	4	6.78359	-6.30316	-1	-1	-1
5	4	6.93359	-6.30316	-1	-1	-1
5	4	7.08359	-6.30316	-1	-1	-1
5	4	7.23359	-6.30316	-1	-1	-1
5	4	7.38359	-6.30316	-1	-1	-1
5	4	7.53359	-6.30316	-1	-1	-1
5	4	7.68359	-6.30316	-1	-1	-1
5	4	6.63359	-6.15316	-1	-1	-1
5	4	6.78359	-6.15316	-1	-1	-1
5	4	6.93359	-6.15316	-1	-1	-1
5	4	7.08359	-6.15316	-1	-1	-1
5	4	7.23359	-6.15316	-1	-1	-1
5	4	7.38359	-6.15316	-1	-1	-1
5	4	7.53359	-6.15316	-1	-1	-1
5	4	7.68359	-6.15316	-1	-1	-1
5	4	6.63359	-6.00316	-1	-1	-1
5	4	6.78359	-6.00316	-1	-1	-1
5	4	6.93359	-6.00316	-1	-1	-1
5	4	7.08359	-6.00316	-1	-1	-1
5	4	7.23359	-6.00316	-1	-1	-1
5	4	7.38359	-6.00316	-1	-1	-1
5	4	7.53359	-6.00316	-1	-1	-1
5	4	7.68359	-6.00316	-1	-1	-1
5	4	6.63359	-5.85316	-1	-1	-1
5	4	6.78359	-5.85316	-1	-1	-1
5	4	6.93359	-5.85316	-1	-1	-1
5	4	7.08359	-5.85316	-1	-1	-1
5	4	7.23359	-5.85316	-1	-1	-1
5	4	7.38359	-5.85316	-1	-1	-1
5	4	7.53359	-5.85316	-1	-1	-1
5	4	7.68359	-5.85316	-1	-1	-1
5	4	6.63359	-5.70316	5303	-1	-1
5	4	6.78359	-5.70316	-1	-1	-1
5	4	6.93359	-5.70316	-1	-1	-1
5	4	7.08359	-5.70316	-1	-1	-1
5	4	7.23359	-5.70316	-1	-1	-1
5	4	7.38359	-5.70316	-1	-1	-1
5	4	7.53359	-5.70316	-1	-1	-1
5	4	7.68359	-5.70316	-1	-1	-1
5	4	6.63359	-5.55316	-1	-1	-1
5	4	6.78359	-5.55316	-1	-1	-1
5	4	6.93359	-5.55316	-1	-1	-1
5	4	7.08359	-5.55316	-1	-1	-1
5	4	7.23359	-5.55316	-1	-1	-1
5	4	7.38359	-5.55316	-1	-1	-1
5	4	7.53359	-5.55316	-1	-1	-1
5	4	7.68359	-5.55316	-1	-1	-1
6	16	4.64183	-7.72136	-1	-1	-1
6	16	4.79183	-7.72136	-1	-1	-1
6	16	4.94183	-7.72136	-1	-1	-1
6	16	5.09183	-7.72136	-1	-1	-1
6	16	4.64183	-7.57136	-1	-1	-1
6	16	4.79183	-7.57136	-1	-1	-1
6	16	4.94183	-7.57136	-1	-1	-1
6	16	5.09183	-7.57136	-1	-1	-1
6	16	4.64183	-7.42136	-1	-1	-1
6	16	4.79183	-7.42136	-1	-1	-1
6	16	4.94183	-7.42136	-1	-1	-1
6	16	5.09183	-7.42136	-1	-1	-1
6	16	4.64183	-7.27136	-1	-1	-1
6	16	4.79183	-7.27136	1093	1158.19	-1
6	16	4.94183	-7.27136	806	922.594	-1
6	16	5.09183	-7.27136	1011	1086.34	-1
7	16	-4.03481	1.3857	-1	-1	-1
7	16	-3.88481	1.3857	4458	4491.22	-1
7	16	-3.73481	1.3857	44	79.375	-1
7	16	-3.58481	1.3857	1312	1355.41	-1
7	16	-4.03481	1.5357	-1	-1	-1
7	16	-3.88481	1.5357	4631	4665.22	-1
7	16	-3.73481	1.5357	2449	2581.91	-1
7	16	-3.58481	1.5357	1658	1692.88	-1
7	16	-4.03481	1.6857	-1	-1	-1
7	16	-3.88481	1.6857	-1	-1	-1
7	16	-3.73481	1.6857	2529	2561.19	-1
7	16	-3.58481	1.6857	1727	1760.62	-1
7	16	-4.03481	1.8357	-1	-1	-1
7	16	-3.88481	1.8357	-1	-1	-1
7	16	-3.73481	1.8357	-1	-1	-1
7	16	-3.58481	1.8357	2050	2173.31	-1
8	16	-2.98922	3.05721	3577	3617.16	-1
8	16	-2.83922	3.05721	1248	1282.25	-1
8	16	-2.68922	3.05721	1139	1181.97	-1
8	16	-2.53922	3.05721	1028	1066.03	-1
8	16	-2.98922	3.20721	4120	4158.59	-1
8	16	-2.83922	3.20721	2165	2206.78	-1
8	16	-2.68922	3.20721	1322	1382.34	-1
8	16	-2.53922	3.20721	1234	1289.84	-1
8	16	-2.98922	3.35721	-1	-1	-1
8	16	-2.83922	3.35721	2182	2221.28	-1
8	16	-2.68922	3.35721	2045	2083.03	-1
8	16	-2.53922	3.35721	356	402.875	-1
8	16	-2.98922	3.50721	-1	-1	-1
8	16	-2.83922	3.50721	4645	4797.66	-1
8	16	-2.68922	3.50721	2123	2171.53	-1
8	16	-2.53922	3.50721	195	324.281	-1
9	16	1.05776	-6.00098	-1	-1	-1
9	16	1.20776	-6.00098	-1	-1	-1
9	16	1.35776	-6.00098	-1	-1	-1
9	16	1.50776	-6.00098	-1	-1	-1
9	16	1.05776	-5.85098	-1	-1	-1
9	16	1.20776	-5.85098	-1	-1	-1
9	16	1.35776	-5.85098	-1	-1	-1
9	16	1.50776	-5.85098	-1	-1	-1
9	16	1.05776	-5.70098	-1	-1	-1
9	16	1.20776	-5.70098	-1	-1	-1
9	16	1.35776	-5.70098	-1	-1	-1
9	16	1.50776	-5.70098	-1	-1	-1
9	16	1.05776	-5.55098	-1	-1	-1
9	16	1.20776	-5.55098	3723	3838.47	-1
9	16	1.35776	-5.55098	3879	3921.25	-1
9	16	1.50776	-5.55098	-1	-1	-1
10	16	6.15518	-3.26846	-1	-1	-1
10	16	6.30518	-3.26846	-1	-1	-1
10	16	6.45518	-3.26846	-1	-1	-1
10	16	6.60518	-3.26846	-1	-1	-1
10	16	6.15518	-3.11846	-1	-1	-1
10	16	6.30518	-3.11846	-1	-1	-1
10	16	6.45518	-3.11846	-1	-1	-1
10	16	6.60518	-3.11846	-1	-1	-1
10	16	6.15518	-2.96846	-1	-1	-1
10	16	6.30518	-2.96846	-1	-1	-1
10	16	6.45518	-2.96846	-1	-1	-1
10	16	6.60518	-2.96846	-1	-1	-1
10	16	6.15518	-2.81846	2752	2862.62	-1
10	16	6.30518	-2.81846	-1	-1	-1
10	16	6.45518	-2.81846	-1	-1	-1
10	16	6.60518	-2.81846	-1	-1	-1
11	16	2.04652	-5.00473	2566	2702.16	-1
11	16	2.19652	-5.00473	-1	-1	-1
11	16	2.34652	-5.00473	-1	-1	-1
11	16	2.49652	-5.00473	-1	-1	-1
11	16	2.04652	-4.85473	-1	-1	-1
11	16	2.19652	-4.85473	-1	-1	-1
11	16	2.34652	-4.85473	-1	-1	-1
11	16	2.49652	-4.85473	-1	-1	-1
11	16	2.04652	-4.70473	-1	-1	-1
11	16	2.19652	-4.70473	4485	4614.69	-1
11	16	2.34652	-4.70473	4600	4721.53	-1
11	16	2.49652	-4.70473	4760	4804.25	-1
11	16	2.04652	-4.55473	2220	2340.19	-1
11	16	2.19652	-4.55473	1012	1074.47	-1
11	16	2.34652	-4.55473	1485	1615.16	-1
11	16	2.49652	-4.55473	596	722.031	-1
12	16	-0.312966	-3.44601	443	471.812	-1
12	16	-0.162966	-3.44601	4378	4407.41	-1
12	16	-0.0129661	-3.44601	3653	3782.66	-1
12	16	0.137034	-3.44601	2207	2238.31	-1
12	16	-0.312966	-3.29601	1794	1852.31	-1
12	16	-0.162966	-3.29601	1586	1625.69	-1
12	16	-0.0129661	-3.29601	1650	1692.47	-1
12	16	0.137034	-3.29601	1721	1760.69	-1
12	16	-0.312966	-3.14601	-1	-1	-1
12	16	-0.162966	-3.14601	1667	1707.06	-1
12	16	-0.0129661	-3.14601	1689	1734.03	-1
12	16	0.137034	-3.14601	1763	1804.91	-1
12	16	-0.312966	-2.99601	689	809.938	-1
12	16	-0.162966	-2.99601	929	1074.09	-1
12	16	-0.0129661	-2.99601	1798	1841.62	-1
12	16	0.137034	-2.99601	1640	1669.69	-1
13	16	8.32931	0.364679	-1	-1	-1
13	16	8.47931	0.364679	-1	-1	-1
13	16	8.62931	0.364679	-1	-1	-1
13	16	8.77931	0.364679	-1	-1	-1
13	16	8.32931	0.514679	2457	2549.97	-1
13	16	8.47931	0.514679	2803	2910.69	-1
13	16	8.62931	0.514679	-1	-1	-1
13	16	8.77931	0.514679	-1	-1	-1
13	16	8.32931	0.664679	2608	2671.25	-1
13	16	8.47931	0.664679	3026	3087.88	-1
13	16	8.62931	0.664679	-1	-1	-1
13	16	8.77931	0.664679	-1	-1	-1
13	16	8.32931	0.814679	3159	3228.25	-1
13	16	8.47931	0.814679	-1	-1	-1
13	16	8.62931	0.814679	-1	-1	-1
13	16	8.77931	0.814679	-1	-1	-1
14	16	3.46996	4.2147	1706	1851.31	-1
14	16	3.61996	4.2147	2760	2801.53	-1
14	16	3.76996	4.2147	2881	2932.97	-1
14	16	3.91996	4.2147	3834	3983.84	-1
14	16	3.46996	4.3647	2739	2879.06	-1
14	16	3.61996	4.3647	2935	2980.28	-1
14	16	3.76996	4.3647	3075	3139.41	-1
14	16	3.91996	4.3647	4384	4516.19	-1
14	16	3.46996	4.5147	2974	3022.81	-1
14	16	3.61996	4.5147	3191	3245.56	-1
14	16	3.76996	4.5147	-1	-1	-1
14	16	3.91996	4.5147	5266	-1	-1
14	16	3.46996	4.6647	3093	3139.12	-1
14	16	3.61996	4.6647	3265	3316.34	-1
14	16	3.76996	4.6647	4837	4979.16	-1
14	16	3.91996	4.6647	-1	-1	-1
15	16	4.16058	-1.20643	3244	3282.22	-1
15	16	4.31058	-1.20643	4554	4589.38	-1
15	16	4.46058	-1.20643	4787	4909.31	-1
15	16	4.61058	-1.20643	5038	5096.53	-1
15	16	4.16058	-1.05643	587	696	-1
15	16	4.31058	-1.05643	3101	3208.91	-1
15	16	4.46058	-1.05643	4847	4887.91	-1
15	16	4.61058	-1.05643	4975	5038.53	-1
15	16	4.16058	-0.906428	2824	2940	-1
15	16	4.31058	-0.906428	4932	4987.19	-1
15	16	4.46058	-0.906428	5317	5364.06	-1
15	16	4.61058	-0.906428	5022	5070	-1
15	16	4.16058	-0.756428	-1	-1	-1
15	16	4.31058	-0.756428	-1	-1	-1
15	16	4.46058	-0.756428	-1	-1	-1
15	16	4.61058	-0.756428	4294	4407.19	-1
16	16	-4.86676	2.0092	-1	-1	-1
16	16	-4.71676	2.0092	-1	-1	-1
16	16	-4.56676	2.0092	-1	-1	-1
16	16	-4.41676	2.0092	-1	-1	-1
16	16	-4.86676	2.1592	-1	-1	-1
16	16	-4.71676	2.1592	-1	-1	-1
16	16	-4.56676	2.1592	-1	-1	-1
16	16	-4.41676	2.1592	-1	-1	-1
16	16	-4.86676	2.3092	-1	-1	-1
16	16	-4.71676	2.3092	-1	-1	-1
16	16	-4.56676	2.3092	-1	-1	-1
16	16	-4.41676	2.3092	-1	-1	-1
16	16	-4.86676	2.4592	-1	-1	-1
16	16	-4.71676	2.4592	-1	-1	-1
16	16	-4.56676	2.4592	-1	-1	-1
16	16	-4.41676	2.4592	-1	-1	-1
17	16	2.62239	-6.83226	-1	-1	-1
17	16	2.77239	-6.83226	-1	-1	-1
17	16	2.92239	-6.83226	-1	-1	-1
17	16	3.07239	-6.83226	-1	-1	-1
17	16	2.62239	-6.68226	153	264.094	-1
17	16	2.77239	-6.68226	-1	-1	-1
17	16	2.92239	-6.68226	-1	-1	-1
17	16	3.07239	-6.68226	-1	-1	-1
17	16	2.62239	-6.53226	-1	-1	-1
17	16	2.77239	-6.53226	-1	-1	-1
17	16	2.92239	-6.53226	-1	-1	-1
17	16	3.07239	-6.53226	-1	-1	-1
17	16	2.62239	-6.38226	-1	-1	-1
17	16	2.77239	-6.38226	-1	-1	-1
17	16	2.92239	-6.38226	-1	-1	-1
17	16	3.07239	-6.38226	-1	-1	-1
18	16	-6.69912	6.14553	-1	-1	-1
18	16	-6.54912	6.14553	-1	-1	-1
18	16	-6.39912	6.14553	-1	-1	-1
18	16	-6.24912	6.14553	-1	-1	-1
18	16	-6.69912	6.29553	-1	-1	-1
18	16	-6.54912	6.29553	-1	-1	-1
18	16	-6.39912	6.29553	-1	-1	-1
18	16	-6.24912	6.29553	-1	-1	-1
18	16	-6.69912	6.44553	-1	-1	-1
18	16	-6.54912	6.44553	-1	-1	-1
18	16	-6.39912	6.44553	-1	-1	-1
18	16	-6.24912	6.44553	-1	-1	-1
18	16	-6.69912	6.59553	-1	-1	-1
18	16	-6.54912	6.59553	-1	-1	-1
18	16	-6.39912	6.59553	-1	-1	-1
18	16	-6.24912	6.59553	-1	-1	-1
19	16	6.18533	1.42505	1637	1737.53	-1
19	16	6.33533	1.42505	1911	1963.38	-1
19	16	6.48533	1.42505	-1	-1	-1
19	16	6.63533	1.42505	-1	-1	-1
19	16	6.18533	1.57505	1779	1865.69	-1
19	16	6.33533	1.57505	1803	1857.72	-1
19	16	6.48533	1.57505	2023	2091.47	-1
19	16	6.63533	1.57505	-1	-1	-1
19	16	6.18533	1.72505	2138	2185.78	-1
19	16	6.33533	1.72505	-1	-1	-1
19	16	6.48533	1.72505	-1	-1	-1
19	16	6.63533	1.72505	-1	-1	-1
19	16	6.18533	1.87505	-1	-1	-1
19	16	6.33533	1.87505	-1	-1	-1
19	16	6.48533	1.87505	-1	-1	-1
19	16	6.63533	1.87505	-1	-1	-1
20	16	-9.11551	-3.68873	3613	3680.5	-1
20	16	-8.96551	-3.68873	-1	-1	-1
20	16	-8.81551	-3.68873	-1	-1	-1
20	16	-8.66551	-3.68873	-1	-1	-1
20	16	-9.11551	-3.53873	-1	-1	-1
20	16	-8.96551	-3.53873	-1	-1	-1
20	16	-8.81551	-3.53873	-1	-1	-1
20	16	-8.66551	-3.53873	1390	1459.03	-1
20	16	-9.11551	-3.38873	-1	-1	-1
20	16	-8.96551	-3.38873	-1	-1	-1
20	16	-8.81551	-3.38873	-1	-1	-1
20	16	-8.66551	-3.38873	1237	1323.91	-1
20	16	-9.11551	-3.23873	-1	-1	-1
20	16	-8.96551	-3.23873	-1	-1	-1
20	16	-8.81551	-3.23873	-1	-1	-1
20	16	-8.66551	-3.23873	-1	-1	-1
21	16	-2.59797	-5.14439	-1	-1	-1
21	16	-2.44797	-5.14439	-1	-1	-1
21	16	-2.29797	-5.14439	-1	-1	-1
21	16	-2.14797	-5.14439	4515	4557.16	-1
21	16	-2.59797	-4.99439	4845	4900.69	-1
21	16	-2.44797	-4.99439	4760	4803.12	-1
21	16	-2.29797	-4.99439	4290	4333.06	-1
21	16	-2.14797	-4.99439	4184	4241.41	-1
21	16	-2.59797	-4.84439	5230	5359.12	-1
21	16	-2.44797	-4.84439	4149	4202.62	-1
21	16	-2.29797	-4.84439	3924	3970.09	-1
21	16	-2.14797	-4.84439	3840	3883.81	-1
21	16	-2.59797	-4.69439	3461	3597.28	-1
21	16	-2.44797	-4.69439	4243	4293.84	-1
21	16	-2.29797	-4.69439	3618	3746.41	-1
21	16	-2.14797	-4.69439	3785	3832.38	-1
0	256	-0.503739	-9.72039	-1	-1	-1
0	256	-9.64428	-0.932013	-1	-1	-1
0	256	2.58892	1.80715	32	64	-1
0	256	8.62044	-3.25915	-1	-1	-1
0	256	-7.53005	-4.28627	-1	-1	-1
0	256	7.43523	2.78859	-1	-1	-1
0	256	2.41967	4.26051	-1	-1	-1
0	256	2.7477	4.31912	-1	-1	-1
0	256	-3.49153	2.4786	2611	2744.97	-1
0	256	4.69581	-4.94419	-1	-1	-1
0	256	-1.54744	8.95932	-1	-1	-1
0	256	2.48615	-9.62942	-1	-1	-1
0	256	-2.62074	2.51334	588	753.531	-1
0	256	-3.37338	2.04869	186	325.562	-1
0	256	-3.55445	0.465767	94	126.344	-1
0	256	-3.98571	-9.14598	-1	-1	-1
0	256	-8.24038	3.61915	1871	1934.56	-1
0	256	4.09651	0.518348	67	100.969	-1
0	256	6.3401	-5.78373	2212	2335.59	-1
0	256	4.47708	-3.58946	-1	-1	-1
0	256	5.11545	-2.87177	-1	-1	-1
0	256	7.7846	1.62318	-1	-1	-1
0	256	-4.76464	-5.77508	-1	-1	-1
0	256	-6.87556	1.86153	-1	-1	-1
0	256	7.93794	0.290305	-1	-1	-1
0	256	7.31153	6.7859	1472	1588.47	-1
0	256	2.33024	-3.19601	4494	4530.25	-1
0	256	-4.54547	5.58052	-1	-1	-1
0	256	9.47312	-1.59556	-1	-1	-1
0	256	4.88358	-3.66715	-1	-1	-1
0	256	4.39711	2.22611	-1	-1	-1
0	256	-6.09533	0.167741	-1	-1	-1
0	256	6.03053	-7.78409	479	558.688	-1
0	256	2.24619	8.40179	-1	-1	-1
0	256	1.07902	-4.33372	101	228.625	-1
0	256	-9.40909	2.83986	-1	-1	-1
0	256	-3.89416	-2.2057	660	695.625	-1
0	256	-1.14152	-1.67379	103	253.875	-1
0	256	-5.12407	2.20257	-1	-1	-1
0	256	1.274	4.03425	1417	1450.91	-1
0	256	7.11577	2.2749	-1	-1	-1
0	256	1.87876	-7.67342	-1	-1	-1
0	256	-4.49267	-7.2898	3012	3079.41	-1
0	256	8.09443	-5.10043	-1	-1	-1
0	256	3.66909	-2.12091	3310	3435.97	-1
0	256	-7.59395	-1.92562	-1	-1	-1
0	256	0.748856	-6.99563	-1	-1	-1
0	256	-2.8675	-1.16641	631	760.406	-1
0	256	6.15289	4.62249	-1	-1	-1
0	256	5.31454	-7.63147	-1	-1	-1
0	256	-9.50168	1.96832	-1	-1	-1
0	256	0.0527084	-7.52691	-1	-1	-1
0	256	1.67172	4.00637	-1	-1	-1
0	256	8.94765	-0.975537	2707	2794.91	-1
0	256	3.9176	8.66908	1946	2045.19	-1
0	256	0.561215	-7.35023	4468	4573.41	-1
0	256	7.98971	-3.38413	-1	-1	-1
0	256	4.19346	6.99617	-1	-1	-1
0	256	3.33665	2.57212	1971	2010.22	-1
0	256	2.83111	-7.97042	890	993.562	-1
0	256	-5.55572	-2.76424	3582	3628.09	-1
0	256	-1.67244	2.56228	1208	1238.31	-1
0	256	-5.26404	6.7894	4140	4258.28	-1
0	256	-7.38669	2.53255	4246	4302.19	-1
0	256	-0.799613	-5.38661	751	827.844	-1
0	256	-7.00216	-3.07922	1379	1480.12	-1
0	256	-1.72359	-7.11993	1488	1601.91	-1
0	256	7.81909	-5.82132	-1	-1	-1
0	256	-3.74836	5.79008	4340	4458.31	-1
0	256	4.72328	6.07855	3440	3497.53	-1
0	256	-3.19318	7.90452	-1	-1	-1
0	256	8.86825	-0.247392	3132	3217.84	-1
0	256	-2.43172	5.11738	-1	-1	-1
0	256	-4.82712	2.65281	5220	5263.75	-1
0	256	-3.00068	-8.37693	2401	2500.34	-1
0	256	1.98716	-3.22381	633	667.719	-1
0	256	-4.79835	-3.22147	2304	2442.62	-1
0	256	-5.40748	-0.828914	-1	-1	-1
0	256	2.1424	5.59326	-1	-1	-1
0	256	-5.37908	-0.562287	967	1012.5	-1
0	256	2.58929	-3.08044	392	543.344	-1
0	256	-1.48311	8.48548	-1	-1	-1
0	256	-5.86122	5.11609	3454	3513.88	-1
0	256	-1.84859	4.39618	1635	1756.81	-1
0	256	-8.27614	-2.90995	-1	-1	-1
0	256	1.13437	-9.15499	-1	-1	-1
0	256	-4.661	-0.928045	3304	3424.03	-1
0	256	-4.27123	-3.26446	3626	3774.22	-1
0	256	-7.18492	-6.92733	2116	2254.5	-1
0	256	-5.60611	-2.0536	-1	-1	-1
0	256	5.18402	8.26972	4660	4732.97	-1
0	256	5.58388	0.213457	4732	4835.44	-1
0	256	-7.39861	2.31763	-1	-1	-1
0	256	2.99265	-2.08449	2561	2706.47	-1
0	256	5.04657	-3.34914	-1	-1	-1
0	256	-3.01494	7.17058	-1	-1	-1
0	256	-0.0359966	-5.63229	-1	-1	-1
0	256	-7.52304	5.9918	-1	-1	-1
0	256	-2.26384	6.43483	-1	-1	-1
0	256	3.84339	5.5678	1057	1197.66	-1
0	256	-3.17525	-5.52283	-1	-1	-1
0	256	2.75699	-1.78465	604	735.094	-1
0	256	-3.79064	5.45802	-1	-1	-1
0	256	-5.5166	-0.965315	-1	-1	-1
0	256	-7.95156	0.689199	-1	-1	-1
0	256	-5.289	4.14558	-1	-1	-1
0	256	7.64026	1.82216	-1	-1	-1
0	256	8.62351	3.52761	-1	-1	-1
0	256	6.49333	-1.97302	5158	5261.38	-1
0	256	5.1274	-8.38012	-1	-1	-1
0	256	8.60288	3.09718	-1	-1	-1
0	256	8.86193	4.25401	-1	-1	-1
0	256	3.20311	2.56954	346	485.844	-1
0	256	-0.675407	-6.42569	4710	4761.59	-1
0	256	-3.01377	-7.92679	-1	-1	-1
0	256	-4.36047	7.11787	835	896.938	-1
0	256	8.7985	-3.05388	-1	-1	-1
0	256	-5.06916	-1.71161	-1	-1	-1
0	256	3.11069	7.28185	-1	-1	-1
0	256	3.89728	7.95389	-1	-1	-1
0	256	-2.83743	-2.36339	513	549.469	-1
0	256	7.83743	4.66921	4349	4419.44	-1
0	256	-1.10865	-4.41589	1047	1176.94	-1
0	256	-2.4994	-2.96158	1373	1521	-1
0	256	1.13694	2.78916	33	59.4062	-1
0	256	5.7798	-7.05671	2547	2678.94	-1
0	256	-3.51568	2.19267	2783	2818.59	-1
0	256	-3.35165	1.24153	1159	1201.19	-1
0	256	-8.2003	-2.67219	-1	-1	-1
0	256	1.60038	9.14383	-1	-1	-1
0	256	-4.10574	8.63898	-1	-1	-1
0	256	0.600909	-9.38641	-1	-1	-1
0	256	4.1849	5.49946	4563	4697	-1
0	256	-5.28579	4.61266	3405	3532.41	-1
0	256	-7.60407	-1.50544	-1	-1	-1
0	256	1.32263	3.57014	590	626.062	-1
0	256	3.42677	8.71925	-1	-1	-1
0	256	-4.35079	0.859684	2396	2504.38	-1
0	256	2.91827	-9.54347	-1	-1	-1
0	256	3.75656	-7.73456	-1	-1	-1
0	256	-6.22497	4.45489	-1	-1	-1
0	256	7.97436	-4.19469	-1	-1	-1
0	256	-5.49682	5.16723	4515	4649.47	-1
0	256	7.75135	-0.914417	2076	2133.84	-1
0	256	-3.16687	-7.87822	-1	-1	-1
0	256	-2.96436	-2.70435	1371	1520.41	-1
0	256	-4.01234	0.950883	1708	1826.84	-1
0	256	6.80652	-1.81042	-1	-1	-1
0	256	-6.0043	5.92082	4867	4997.88	-1
0	256	-0.369239	-8.09664	-1	-1	-1
0	256	4.72074	8.29259	-1	-1	-1
0	256	-5.93225	6.55895	-1	-1	-1
0	256	0.0319043	-8.82283	-1	-1	-1
0	256	-6.47433	2.40371	-1	-1	-1
0	256	-2.90023	-3.70666	2252	2412.22	-1
0	256	-4.66681	-2.77339	5023	5161.28	-1
0	256	3.80323	6.25321	-1	-1	-1
0	256	-4.63435	4.34947	1436	1589.97	-1
0	256	5.04059	6.2675	-1	-1	-1
0	256	-2.39487	-8.155	819	923.406	-1
0	256	4.15837	-7.07898	2394	2510.25	-1
0	256	-1.81031	-4.06683	297	428.094	-1
0	256	0.118759	-8.70658	-1	-1	-1
0	256	4.69764	-1.71492	4441	4561.28	-1
0	256	-0.789794	8.43931	-1	-1	-1
0	256	-3.82167	1.9602	2993	3131.47	-1
0	256	3.06633	5.67778	-1	-1	-1
0	256	4.60528	5.63954	3762	3817.88	-1
0	256	-7.33048	-0.830371	-1	-1	-1
0	256	3.48109	3.23281	286	442	-1
0	256	-8.98419	2.99694	-1	-1	-1
0	256	3.88519	-3.81113	-1	-1	-1
0	256	-8.29718	-4.04242	-1	-1	-1
0	256	4.0786	-0.823391	2333	2367.34	-1
0	256	8.18711	0.986818	-1	-1	-1
0	256	2.4005	-5.99814	-1	-1	-1
0	256	9.34852	-1.35207	5133	5203.44	-1
0	256	7.44001	1.41334	2304	2393.5	-1
0	256	-2.25391	4.9624	2556	2599.62	-1
0	256	3.88307	-5.39451	-1	-1	-1
0	256	-3.77042	6.43641	-1	-1	-1
0	256	-2.98369	2.67055	1097	1132.62	-1
0	256	-5.83325	7.81589	-1	-1	-1
0	256	-3.33604	-2.15211	221	304.062	-1
0	256	-8.08945	-2.06505	-1	-1	-1
0	256	8.21504	-4.16516	-1	-1	-1
0	256	-4.63081	8.6263	-1	-1	-1
0	256	-7.36429	4.65863	-1	-1	-1
0	256	6.19189	1.07443	1921	1976.06	-1
0	256	7.50997	-1.84548	-1	-1	-1
0	256	-0.978693	-5.76507	-1	-1	-1
0	256	1.19136	-4.91856	451	490.812	-1
0	256	-7.65778	-2.18104	-1	-1	-1
0	256	5.57049	-1.46409	5109	5224.47	-1
0	256	2.3034	4.12592	770	907.938	-1
0	256	-0.140093	8.84027	-1	-1	-1
0	256	-6.62471	-5.57944	1607	1742.25	-1
0	256	-0.24877	3.57501	720	845.844	-1
0	256	4.98205	5.80557	-1	-1	-1
0	256	-4.77416	-0.588261	69	108.062	-1
0	256	5.60552	-5.7788	-1	-1	-1
0	256	1.25401	-4.48229	-1	-1	-1
0	256	-0.694299	-7.87838	-1	-1	-1
0	256	0.0930854	-7.27589	1555	1615.34	-1
0	256	0.796223	-4.74461	4217	4343.31	-1
0	256	-9.0169	-9.68323	-1	-1	-1
0	256	5.16019	-3.29402	-1	-1	-1
0	256	7.83814	1.06983	-1	-1	-1
0	256	-2.49167	5.84107	163	214.531	-1
0	256	-6.61466	-6.03432	-1	-1	-1
0	256	-2.37716	-2.30065	794	831.438	-1
0	256	1.89382	-6.47306	-1	-1	-1
0	256	-3.10532	-1.94577	2210	2244.62	-1
0	256	7.30696	-1.42987	5057	5111.47	-1
0	256	-3.32651	1.5701	44	74.1562	-1
0	256	5.57652	-7.19699	84	149.5	-1
0	256	-6.51115	-4.03099	-1	-1	-1
0	256	-7.08875	-1.20264	-1	-1	-1
0	256	-5.96612	1.209	-1	-1	-1
0	256	3.9	-1.56136	4387	4421.25	-1
0	256	-4.36549	-0.996352	1314	1438.19	-1
0	256	-4.03659	-5.45301	5001	5123.19	-1
0	256	2.149	-7.20809	-1	-1	-1
0	256	3.61002	2.37401	-1	-1	-1
0	256	-1.30149	9.26862	-1	-1	-1
0	256	3.63987	6.72733	-1	-1	-1
0	256	-1.21309	8.7124	-1	-1	-1
0	256	-5.64402	0.0970592	451	562.594	-1
0	256	-5.77344	-2.20002	4414	4459.16	-1
0	256	-5.1617	5.26351	-1	-1	-1
0	256	1.64107	4.59975	-1	-1	-1
0	256	-3.68484	-1.44036	1131	1193.62	-1
0	256	5.85088	8.06005	1906	2021.84	-1
0	256	8.66712	-2.18852	-1	-1	-1
0	256	-9.78583	-0.896293	4816	4893.59	-1
0	256	4.00214	0.125794	64	100.594	-1
0	256	1.28263	-9.01622	-1	-1	-1
0	256	5.76357	-4.84103	3854	3908.5	-1
0	256	7.51031	0.751375	3611	3702.66	-1
0	256	4.64351	4.29442	3443	3589.47	-1
0	256	-3.20478	4.23719	722	764.125	-1
0	256	8.4984	4.69942	-1	-1	-1
0	256	-9.70833	-0.769471	-1	-1	-1
0	256	-3.43031	8.04477	-1	-1	-1
0	256	4.84469	1.88059	-1	-1	-1
0	256	2.95766	-1.46292	88	220.781	-1
0	256	-4.44159	0.619504	-1	-1	-1
0	256	6.33942	3.01711	3590	3647.25	-1
0	256	-0.382836	-8.71827	-1	-1	-1
0	256	1.59746	6.65128	-1	-1	-1
0	256	0.678672	-8.33177	-1	-1	-1
0	256	8.68396	-1.30707	-1	-1	-1
0	256	-6.06344	3.26261	-1	-1	-1
0	256	9.32935	0.303136	-1	-1	-1
0	256	5.92986	-2.11751	-1	-1	-1
0	256	-5.04703	-5.23729	-1	-1	-1
