Pile ID	Distribution Type	X-Position	Y-Position	Pickup Time	Drop Off Time	Ant ID
1	1	-1.37626	-5.43162	-1	-1	-1
1	1	-1.22626	-5.43162	-1	-1	-1
1	1	-1.07626	-5.43162	-1	-1	-1
1	1	-0.926262	-5.43162	-1	-1	-1
1	1	-0.776262	-5.43162	-1	-1	-1
1	1	-0.626262	-5.43162	-1	-1	-1
1	1	-0.476262	-5.43162	-1	-1	-1
1	1	-0.326262	-5.43162	-1	-1	-1
1	1	-0.176262	-5.43162	-1	-1	-1
1	1	-0.0262617	-5.43162	-1	-1	-1
1	1	0.123738	-5.43162	-1	-1	-1
1	1	0.273738	-5.43162	-1	-1	-1
1	1	0.423738	-5.43162	-1	-1	-1
1	1	0.573738	-5.43162	2761	2808.66	-1
1	1	0.723738	-5.43162	-1	-1	-1
1	1	0.873738	-5.43162	-1	-1	-1
1	1	-1.37626	-5.28162	-1	-1	-1
1	1	-1.22626	-5.28162	-1	-1	-1
1	1	-1.07626	-5.28162	-1	-1	-1
1	1	-0.926262	-5.28162	-1	-1	-1
1	1	-0.776262	-5.28162	-1	-1	-1
1	1	-0.626262	-5.28162	-1	-1	-1
1	1	-0.476262	-5.28162	-1	-1	-1
1	1	-0.326262	-5.28162	-1	-1	-1
1	1	-0.176262	-5.28162	-1	-1	-1
1	1	-0.0262617	-5.28162	-1	-1	-1
1	1	0.123738	-5.28162	-1	-1	-1
1	1	0.273738	-5.28162	-1	-1	-1
1	1	0.423738	-5.28162	-1	-1	-1
1	1	0.573738	-5.28162	-1	-1	-1
1	1	0.723738	-5.28162	-1	-1	-1
1	1	0.873738	-5.28162	-1	-1	-1
1	1	-1.37626	-5.13162	-1	-1	-1
1	1	-1.22626	-5.13162	-1	-1	-1
1	1	-1.07626	-5.13162	-1	-1	-1
1	1	-0.926262	-5.13162	-1	-1	-1
1	1	-0.776262	-5.13162	-1	-1	-1
1	1	-0.626262	-5.13162	-1	-1	-1
1	1	-0.476262	-5.13162	-1	-1	-1
1	1	-0.326262	-5.13162	-1	-1	-1
1	1	-0.176262	-5.13162	-1	-1	-1
1	1	-0.0262617	-5.13162	-1	-1	-1
1	1	0.123738	-5.13162	-1	-1	-1
1	1	0.273738	-5.13162	-1	-1	-1
1	1	0.423738	-5.13162	-1	-1	-1
1	1	0.573738	-5.13162	-1	-1	-1
1	1	0.723738	-5.13162	-1	-1	-1
1	1	0.873738	-5.13162	-1	-1	-1
1	1	-1.37626	-4.98162	-1	-1	-1
1	1	-1.22626	-4.98162	-1	-1	-1
1	1	-1.07626	-4.98162	-1	-1	-1
1	1	-0.926262	-4.98162	-1	-1	-1
1	1	-0.776262	-4.98162	-1	-1	-1
1	1	-0.626262	-4.98162	2596	2635.28	-1
1	1	-0.476262	-4.98162	5269	5308.16	-1
1	1	-0.326262	-4.98162	5386	-1	-1
1	1	-0.176262	-4.98162	-1	-1	-1
1	1	-0.0262617	-4.98162	-1	-1	-1
1	1	0.123738	-4.98162	-1	-1	-1
1	1	0.273738	-4.98162	-1	-1	-1
1	1	0.423738	-4.98162	-1	-1	-1
1	1	0.573738	-4.98162	-1	-1	-1
1	1	0.723738	-4.98162	-1	-1	-1
1	1	0.873738	-4.98162	-1	-1	-1
1	1	-1.37626	-4.83162	-1	-1	-1
1	1	-1.22626	-4.83162	-1	-1	-1
1	1	-1.07626	-4.83162	-1	-1	-1
1	1	-0.926262	-4.83162	-1	-1	-1
1	1	-0.776262	-4.83162	5065	5102.44	-1
1	1	-0.626262	-4.83162	2501	2545.72	-1
1	1	-0.476262	-4.83162	2229	2282.16	-1
1	1	-0.326262	-4.83162	2355	2424.16	-1
1	1	-0.176262	-4.83162	-1	-1	-1
1	1	-0.0262617	-4.83162	2475	2531.44	-1
1	1	0.123738	-4.83162	-1	-1	-1
1	1	0.273738	-4.83162	-1	-1	-1
1	1	0.423738	-4.83162	-1	-1	-1
1	1	0.573738	-4.83162	-1	-1	-1
1	1	0.723738	-4.83162	-1	-1	-1
1	1	0.873738	-4.83162	-1	-1	-1
1	1	-1.37626	-4.68162	-1	-1	-1
1	1	-1.22626	-4.68162	-1	-1	-1
1	1	-1.07626	-4.68162	-1	-1	-1
1	1	-0.926262	-4.68162	4862	4974.97	-1
1	1	-0.776262	-4.68162	2325	2373.69	-1
1	1	-0.626262	-4.68162	2346	2392.69	-1
1	1	-0.476262	-4.68162	2092	2146.94	-1
1	1	-0.326262	-4.68162	2111	2168.5	-1
1	1	-0.176262	-4.68162	2155	2209.97	-1
1	1	-0.0262617	-4.68162	2377	2436.97	-1
1	1	0.123738	-4.68162	-1	-1	-1
1	1	0.273738	-4.68162	-1	-1	-1
1	1	0.423738	-4.68162	-1	-1	-1
1	1	0.573738	-4.68162	-1	-1	-1
1	1	0.723738	-4.68162	-1	-1	-1
1	1	0.873738	-4.68162	-1	-1	-1
1	1	-1.37626	-4.53162	-1	-1	-1
1	1	-1.22626	-4.53162	-1	-1	-1
1	1	-1.07626	-4.53162	-1	-1	-1
1	1	-0.926262	-4.53162	2127	2164.84	-1
1	1	-0.776262	-4.53162	1880	1944.84	-1
1	1	-0.626262	-4.53162	1757	1802.06	-1
1	1	-0.476262	-4.53162	1860	1907.31	-1
1	1	-0.326262	-4.53162	2000	2046.06	-1
1	1	-0.176262	-4.53162	2258	2298.88	-1
1	1	-0.0262617	-4.53162	2353	2399.03	-1
1	1	0.123738	-4.53162	-1	-1	-1
1	1	0.273738	-4.53162	-1	-1	-1
1	1	0.423738	-4.53162	-1	-1	-1
1	1	0.573738	-4.53162	-1	-1	-1
1	1	0.723738	-4.53162	-1	-1	-1
1	1	0.873738	-4.53162	-1	-1	-1
1	1	-1.37626	-4.38162	-1	-1	-1
1	1	-1.22626	-4.38162	-1	-1	-1
1	1	-1.07626	-4.38162	-1	-1	-1
1	1	-0.926262	-4.38162	2197	2235.78	-1
1	1	-0.776262	-4.38162	1768	1804.38	-1
1	1	-0.626262	-4.38162	1599	1655.25	-1
1	1	-0.476262	-4.38162	1645	1683.72	-1
1	1	-0.326262	-4.38162	2165	2222.47	-1
1	1	-0.176262	-4.38162	2491	2545.16	-1
1	1	-0.0262617	-4.38162	-1	-1	-1
1	1	0.123738	-4.38162	-1	-1	-1
1	1	0.273738	-4.38162	-1	-1	-1
1	1	0.423738	-4.38162	-1	-1	-1
1	1	0.573738	-4.38162	-1	-1	-1
1	1	0.723738	-4.38162	-1	-1	-1
1	1	0.873738	-4.38162	-1	-1	-1
1	1	-1.37626	-4.23162	-1	-1	-1
1	1	-1.22626	-4.23162	-1	-1	-1
1	1	-1.07626	-4.23162	-1	-1	-1
1	1	-0.926262	-4.23162	-1	-1	-1
1	1	-0.776262	-4.23162	1641	1703.84	-1
1	1	-0.626262	-4.23162	1427	1466.59	-1
1	1	-0.476262	-4.23162	1512	1547.12	-1
1	1	-0.326262	-4.23162	1694	1746.16	-1
1	1	-0.176262	-4.23162	-1	-1	-1
1	1	-0.0262617	-4.23162	-1	-1	-1
1	1	0.123738	-4.23162	-1	-1	-1
1	1	0.273738	-4.23162	-1	-1	-1
1	1	0.423738	-4.23162	-1	-1	-1
1	1	0.573738	-4.23162	-1	-1	-1
1	1	0.723738	-4.23162	-1	-1	-1
1	1	0.873738	-4.23162	-1	-1	-1
1	1	-1.37626	-4.08162	-1	-1	-1
1	1	-1.22626	-4.08162	-1	-1	-1
1	1	-1.07626	-4.08162	-1	-1	-1
1	1	-0.926262	-4.08162	-1	-1	-1
1	1	-0.776262	-4.08162	1290	1369.72	-1
1	1	-0.626262	-4.08162	1247	1301.66	-1
1	1	-0.476262	-4.08162	1308	1341.25	-1
1	1	-0.326262	-4.08162	1502	1544.12	-1
1	1	-0.176262	-4.08162	-1	-1	-1
1	1	-0.0262617	-4.08162	-1	-1	-1
1	1	0.123738	-4.08162	-1	-1	-1
1	1	0.273738	-4.08162	-1	-1	-1
1	1	0.423738	-4.08162	-1	-1	-1
1	1	0.573738	-4.08162	-1	-1	-1
1	1	0.723738	-4.08162	-1	-1	-1
1	1	0.873738	-4.08162	-1	-1	-1
1	1	-1.37626	-3.93162	4964	5038.09	-1
1	1	-1.22626	-3.93162	4816	4931.34	-1
1	1	-1.07626	-3.93162	-1	-1	-1
1	1	-0.926262	-3.93162	-1	-1	-1
1	1	-0.776262	-3.93162	1050	1091.03	-1
1	1	-0.626262	-3.93162	1140	1184.53	-1
1	1	-0.476262	-3.93162	1391	1423.75	-1
1	1	-0.326262	-3.93162	1486	1526.12	-1
1	1	-0.176262	-3.93162	1606	1643.53	-1
1	1	-0.0262617	-3.93162	-1	-1	-1
1	1	0.123738	-3.93162	-1	-1	-1
1	1	0.273738	-3.93162	-1	-1	-1
1	1	0.423738	-3.93162	-1	-1	-1
1	1	0.573738	-3.93162	-1	-1	-1
1	1	0.723738	-3.93162	-1	-1	-1
1	1	0.873738	-3.93162	-1	-1	-1
1	1	-1.37626	-3.78162	-1	-1	-1
1	1	-1.22626	-3.78162	1167	1203.31	-1
1	1	-1.07626	-3.78162	1237	1270.62	-1
1	1	-0.926262	-3.78162	900	943.938	-1
1	1	-0.776262	-3.78162	1009	1055.75	-1
1	1	-0.626262	-3.78162	1169	1218.31	-1
1	1	-0.476262	-3.78162	-1	-1	-1
1	1	-0.326262	-3.78162	-1	-1	-1
1	1	-0.176262	-3.78162	-1	-1	-1
1	1	-0.0262617	-3.78162	-1	-1	-1
1	1	0.123738	-3.78162	-1	-1	-1
1	1	0.273738	-3.78162	-1	-1	-1
1	1	0.423738	-3.78162	-1	-1	-1
1	1	0.573738	-3.78162	-1	-1	-1
1	1	0.723738	-3.78162	-1	-1	-1
1	1	0.873738	-3.78162	-1	-1	-1
1	1	-1.37626	-3.63162	1329	1378.22	-1
1	1	-1.22626	-3.63162	802	858.938	-1
1	1	-1.07626	-3.63162	674	725.562	-1
1	1	-0.926262	-3.63162	649	713.125	-1
1	1	-0.776262	-3.63162	828	916.781	-1
1	1	-0.626262	-3.63162	1192	1243.59	-1
1	1	-0.476262	-3.63162	-1	-1	-1
1	1	-0.326262	-3.63162	-1	-1	-1
1	1	-0.176262	-3.63162	-1	-1	-1
1	1	-0.0262617	-3.63162	-1	-1	-1
1	1	0.123738	-3.63162	-1	-1	-1
1	1	0.273738	-3.63162	-1	-1	-1
1	1	0.423738	-3.63162	-1	-1	-1
1	1	0.573738	-3.63162	-1	-1	-1
1	1	0.723738	-3.63162	-1	-1	-1
1	1	0.873738	-3.63162	-1	-1	-1
1	1	-1.37626	-3.48162	1041	1176.34	-1
1	1	-1.22626	-3.48162	640	676.469	-1
1	1	-1.07626	-3.48162	495	543.438	-1
1	1	-0.926262	-3.48162	583	662.938	-1
1	1	-0.776262	-3.48162	714	762.344	-1
1	1	-0.626262	-3.48162	1009	1047.78	-1
1	1	-0.476262	-3.48162	-1	-1	-1
1	1	-0.326262	-3.48162	936	998.312	-1
1	1	-0.176262	-3.48162	1026	1070.66	-1
1	1	-0.0262617	-3.48162	-1	-1	-1
1	1	0.123738	-3.48162	3299	3422.88	-1
1	1	0.273738	-3.48162	4140	4182.59	-1
1	1	0.423738	-3.48162	-1	-1	-1
1	1	0.573738	-3.48162	-1	-1	-1
1	1	0.723738	-3.48162	-1	-1	-1
1	1	0.873738	-3.48162	-1	-1	-1
1	1	-1.37626	-3.33162	936	985.531	-1
1	1	-1.22626	-3.33162	406	453.844	-1
1	1	-1.07626	-3.33162	365	446.781	-1
1	1	-0.926262	-3.33162	460	499.719	-1
1	1	-0.776262	-3.33162	542	599.469	-1
1	1	-0.626262	-3.33162	1100	1164.06	-1
1	1	-0.476262	-3.33162	2848	2876.34	-1
1	1	-0.326262	-3.33162	767	807.688	-1
1	1	-0.176262	-3.33162	903	950	-1
1	1	-0.0262617	-3.33162	2995	3125.03	-1
1	1	0.123738	-3.33162	3240	3267.53	-1
1	1	0.273738	-3.33162	3943	4076.22	-1
1	1	0.423738	-3.33162	4251	4282.91	-1
1	1	0.573738	-3.33162	-1	-1	-1
1	1	0.723738	-3.33162	4045	4174.56	-1
1	1	0.873738	-3.33162	3169	3301.19	-1
1	1	-1.37626	-3.18162	371	404.062	-1
1	1	-1.22626	-3.18162	125	252.312	-1
1	1	-1.07626	-3.18162	277	320.781	-1
1	1	-0.926262	-3.18162	397	427.75	-1
1	1	-0.776262	-3.18162	609	666.188	-1
1	1	-0.626262	-3.18162	855	888.094	-1
1	1	-0.476262	-3.18162	863	905.281	-1
1	1	-0.326262	-3.18162	96	123.75	-1
1	1	-0.176262	-3.18162	777	902.594	-1
1	1	-0.0262617	-3.18162	930	968	-1
1	1	0.123738	-3.18162	3020	3048.16	-1
1	1	0.273738	-3.18162	2104	2240.31	-1
1	1	0.423738	-3.18162	-1	-1	-1
1	1	0.573738	-3.18162	4220	4248.72	-1
1	1	0.723738	-3.18162	2853	2886.53	-1
1	1	0.873738	-3.18162	2691	2825.12	-1
2	4	1.50612	-8.29263	-1	-1	-1
2	4	1.65612	-8.29263	-1	-1	-1
2	4	1.80612	-8.29263	-1	-1	-1
2	4	1.95612	-8.29263	-1	-1	-1
2	4	2.10612	-8.29263	-1	-1	-1
2	4	2.25612	-8.29263	-1	-1	-1
2	4	2.40612	-8.29263	-1	-1	-1
2	4	2.55612	-8.29263	-1	-1	-1
2	4	1.50612	-8.14263	-1	-1	-1
2	4	1.65612	-8.14263	-1	-1	-1
2	4	1.80612	-8.14263	-1	-1	-1
2	4	1.95612	-8.14263	-1	-1	-1
2	4	2.10612	-8.14263	-1	-1	-1
2	4	2.25612	-8.14263	-1	-1	-1
2	4	2.40612	-8.14263	-1	-1	-1
2	4	2.55612	-8.14263	-1	-1	-1
2	4	1.50612	-7.99263	-1	-1	-1
2	4	1.65612	-7.99263	-1	-1	-1
2	4	1.80612	-7.99263	-1	-1	-1
2	4	1.95612	-7.99263	-1	-1	-1
2	4	2.10612	-7.99263	-1	-1	-1
2	4	2.25612	-7.99263	-1	-1	-1
2	4	2.40612	-7.99263	-1	-1	-1
2	4	2.55612	-7.99263	-1	-1	-1
2	4	1.50612	-7.84263	-1	-1	-1
2	4	1.65612	-7.84263	-1	-1	-1
2	4	1.80612	-7.84263	-1	-1	-1
2	4	1.95612	-7.84263	-1	-1	-1
2	4	2.10612	-7.84263	-1	-1	-1
2	4	2.25612	-7.84263	-1	-1	-1
2	4	2.40612	-7.84263	-1	-1	-1
2	4	2.55612	-7.84263	-1	-1	-1
2	4	1.50612	-7.69263	-1	-1	-1
2	4	1.65612	-7.69263	-1	-1	-1
2	4	1.80612	-7.69263	-1	-1	-1
2	4	1.95612	-7.69263	-1	-1	-1
2	4	2.10612	-7.69263	-1	-1	-1
2	4	2.25612	-7.69263	-1	-1	-1
2	4	2.40612	-7.69263	-1	-1	-1
2	4	2.55612	-7.69263	-1	-1	-1
2	4	1.50612	-7.54263	-1	-1	-1
2	4	1.65612	-7.54263	-1	-1	-1
2	4	1.80612	-7.54263	-1	-1	-1
2	4	1.95612	-7.54263	-1	-1	-1
2	4	2.10612	-7.54263	-1	-1	-1
2	4	2.25612	-7.54263	-1	-1	-1
2	4	2.40612	-7.54263	-1	-1	-1
2	4	2.55612	-7.54263	-1	-1	-1
2	4	1.50612	-7.39263	-1	-1	-1
2	4	1.65612	-7.39263	-1	-1	-1
2	4	1.80612	-7.39263	-1	-1	-1
2	4	1.95612	-7.39263	-1	-1	-1
2	4	2.10612	-7.39263	-1	-1	-1
2	4	2.25612	-7.39263	-1	-1	-1
2	4	2.40612	-7.39263	-1	-1	-1
2	4	2.55612	-7.39263	-1	-1	-1
2	4	1.50612	-7.24263	-1	-1	-1
2	4	1.65612	-7.24263	-1	-1	-1
2	4	1.80612	-7.24263	-1	-1	-1
2	4	1.95612	-7.24263	-1	-1	-1
2	4	2.10612	-7.24263	-1	-1	-1
2	4	2.25612	-7.24263	-1	-1	-1
2	4	2.40612	-7.24263	-1	-1	-1
2	4	2.55612	-7.24263	4522	4616.34	-1
3	4	5.01034	5.79084	2873	3009.31	-1
3	4	5.16034	5.79084	-1	-1	-1
3	4	5.31034	5.79084	4940	4997.97	-1
3	4	5.46034	5.79084	5071	5172.69	-1
3	4	5.61034	5.79084	5089	5159.84	-1
3	4	5.76034	5.79084	5292	5375.34	-1
3	4	5.91034	5.79084	-1	-1	-1
3	4	6.06034	5.79084	-1	-1	-1
3	4	5.01034	5.94084	-1	-1	-1
3	4	5.16034	5.94084	-1	-1	-1
3	4	5.31034	5.94084	-1	-1	-1
3	4	5.46034	5.94084	5237	5331.28	-1
3	4	5.61034	5.94084	5307	5381.34	-1
3	4	5.76034	5.94084	-1	-1	-1
3	4	5.91034	5.94084	-1	-1	-1
3	4	6.06034	5.94084	-1	-1	-1
3	4	5.01034	6.09084	-1	-1	-1
3	4	5.16034	6.09084	-1	-1	-1
3	4	5.31034	6.09084	-1	-1	-1
3	4	5.46034	6.09084	-1	-1	-1
3	4	5.61034	6.09084	-1	-1	-1
3	4	5.76034	6.09084	-1	-1	-1
3	4	5.91034	6.09084	-1	-1	-1
3	4	6.06034	6.09084	-1	-1	-1
3	4	5.01034	6.24084	-1	-1	-1
3	4	5.16034	6.24084	-1	-1	-1
3	4	5.31034	6.24084	-1	-1	-1
3	4	5.46034	6.24084	-1	-1	-1
3	4	5.61034	6.24084	-1	-1	-1
3	4	5.76034	6.24084	-1	-1	-1
3	4	5.91034	6.24084	-1	-1	-1
3	4	6.06034	6.24084	-1	-1	-1
3	4	5.01034	6.39084	-1	-1	-1
3	4	5.16034	6.39084	-1	-1	-1
3	4	5.31034	6.39084	-1	-1	-1
3	4	5.46034	6.39084	-1	-1	-1
3	4	5.61034	6.39084	-1	-1	-1
3	4	5.76034	6.39084	-1	-1	-1
3	4	5.91034	6.39084	-1	-1	-1
3	4	6.06034	6.39084	-1	-1	-1
3	4	5.01034	6.54084	-1	-1	-1
3	4	5.16034	6.54084	-1	-1	-1
3	4	5.31034	6.54084	-1	-1	-1
3	4	5.46034	6.54084	-1	-1	-1
3	4	5.61034	6.54084	-1	-1	-1
3	4	5.76034	6.54084	-1	-1	-1
3	4	5.91034	6.54084	-1	-1	-1
3	4	6.06034	6.54084	-1	-1	-1
3	4	5.01034	6.69084	4726	4793.97	-1
3	4	5.16034	6.69084	-1	-1	-1
3	4	5.31034	6.69084	-1	-1	-1
3	4	5.46034	6.69084	-1	-1	-1
3	4	5.61034	6.69084	-1	-1	-1
3	4	5.76034	6.69084	-1	-1	-1
3	4	5.91034	6.69084	-1	-1	-1
3	4	6.06034	6.69084	-1	-1	-1
3	4	5.01034	6.84084	3805	3872.47	-1
3	4	5.16034	6.84084	3932	3993.75	-1
3	4	5.31034	6.84084	-1	-1	-1
3	4	5.46034	6.84084	-1	-1	-1
3	4	5.61034	6.84084	-1	-1	-1
3	4	5.76034	6.84084	-1	-1	-1
3	4	5.91034	6.84084	-1	-1	-1
3	4	6.06034	6.84084	-1	-1	-1
4	4	4.32685	-4.73889	-1	-1	-1
4	4	4.47685	-4.73889	-1	-1	-1
4	4	4.62685	-4.73889	3437	3487.84	-1
4	4	4.77685	-4.73889	-1	-1	-1
4	4	4.92685	-4.73889	3337	3393.12	-1
4	4	5.07685	-4.73889	-1	-1	-1
4	4	5.22685	-4.73889	-1	-1	-1
4	4	5.37685	-4.73889	-1	-1	-1
4	4	4.32685	-4.58889	4465	4615.47	-1
4	4	4.47685	-4.58889	3127	3228.81	-1
4	4	4.62685	-4.58889	2957	3026.41	-1
4	4	4.77685	-4.58889	3079	3154.66	-1
4	4	4.92685	-4.58889	3233	3298.62	-1
4	4	5.07685	-4.58889	3439	3499.19	-1
4	4	5.22685	-4.58889	-1	-1	-1
4	4	5.37685	-4.58889	-1	-1	-1
4	4	4.32685	-4.43889	2325	2381.84	-1
4	4	4.47685	-4.43889	2576	2658.38	-1
4	4	4.62685	-4.43889	2822	2869.47	-1
4	4	4.77685	-4.43889	3102	3206	-1
4	4	4.92685	-4.43889	3347	3403.91	-1
4	4	5.07685	-4.43889	-1	-1	-1
4	4	5.22685	-4.43889	-1	-1	-1
4	4	5.37685	-4.43889	-1	-1	-1
4	4	4.32685	-4.28889	2127	2263.88	-1
4	4	4.47685	-4.28889	2434	2488.12	-1
4	4	4.62685	-4.28889	2699	2761.34	-1
4	4	4.77685	-4.28889	2936	2992.75	-1
4	4	4.92685	-4.28889	3225	3278	-1
4	4	5.07685	-4.28889	-1	-1	-1
4	4	5.22685	-4.28889	-1	-1	-1
4	4	5.37685	-4.28889	-1	-1	-1
4	4	4.32685	-4.13889	2309	2362.47	-1
4	4	4.47685	-4.13889	2424	2475.12	-1
4	4	4.62685	-4.13889	2980	3035.59	-1
4	4	4.77685	-4.13889	3201	3270.69	-1
4	4	4.92685	-4.13889	-1	-1	-1
4	4	5.07685	-4.13889	-1	-1	-1
4	4	5.22685	-4.13889	-1	-1	-1
4	4	5.37685	-4.13889	-1	-1	-1
4	4	4.32685	-3.98889	72	116.344	-1
4	4	4.47685	-3.98889	2531	2580.69	-1
4	4	4.62685	-3.98889	-1	-1	-1
4	4	4.77685	-3.98889	-1	-1	-1
4	4	4.92685	-3.98889	-1	-1	-1
4	4	5.07685	-3.98889	-1	-1	-1
4	4	5.22685	-3.98889	3874	3932.12	-1
4	4	5.37685	-3.98889	3900	3978.41	-1
4	4	4.32685	-3.83889	-1	-1	-1
4	4	4.47685	-3.83889	-1	-1	-1
4	4	4.62685	-3.83889	-1	-1	-1
4	4	4.77685	-3.83889	-1	-1	-1
4	4	4.92685	-3.83889	-1	-1	-1
4	4	5.07685	-3.83889	-1	-1	-1
4	4	5.22685	-3.83889	3663	3729.81	-1
4	4	5.37685	-3.83889	3764	3823.06	-1
4	4	4.32685	-3.68889	-1	-1	-1
4	4	4.47685	-3.68889	-1	-1	-1
4	4	4.62685	-3.68889	-1	-1	-1
4	4	4.77685	-3.68889	-1	-1	-1
4	4	4.92685	-3.68889	3940	3995.72	-1
4	4	5.07685	-3.68889	3627	3685.34	-1
4	4	5.22685	-3.68889	3535	3583.81	-1
4	4	5.37685	-3.68889	3804	3865.38	-1
5	4	-5.40041	-3.87954	-1	-1	-1
5	4	-5.25041	-3.87954	-1	-1	-1
5	4	-5.10041	-3.87954	-1	-1	-1
5	4	-4.95041	-3.87954	-1	-1	-1
5	4	-4.80041	-3.87954	-1	-1	-1
5	4	-4.65041	-3.87954	-1	-1	-1
5	4	-4.50041	-3.87954	-1	-1	-1
5	4	-4.35041	-3.87954	-1	-1	-1
5	4	-5.40041	-3.72954	-1	-1	-1
5	4	-5.25041	-3.72954	-1	-1	-1
5	4	-5.10041	-3.72954	-1	-1	-1
5	4	-4.95041	-3.72954	-1	-1	-1
5	4	-4.80041	-3.72954	-1	-1	-1
5	4	-4.65041	-3.72954	-1	-1	-1
5	4	-4.50041	-3.72954	-1	-1	-1
5	4	-4.35041	-3.72954	-1	-1	-1
5	4	-5.40041	-3.57954	-1	-1	-1
5	4	-5.25041	-3.57954	-1	-1	-1
5	4	-5.10041	-3.57954	-1	-1	-1
5	4	-4.95041	-3.57954	-1	-1	-1
5	4	-4.80041	-3.57954	-1	-1	-1
5	4	-4.65041	-3.57954	-1	-1	-1
5	4	-4.50041	-3.57954	-1	-1	-1
5	4	-4.35041	-3.57954	-1	-1	-1
5	4	-5.40041	-3.42954	-1	-1	-1
5	4	-5.25041	-3.42954	-1	-1	-1
5	4	-5.10041	-3.42954	-1	-1	-1
5	4	-4.95041	-3.42954	-1	-1	-1
5	4	-4.80041	-3.42954	-1	-1	-1
5	4	-4.65041	-3.42954	-1	-1	-1
5	4	-4.50041	-3.42954	-1	-1	-1
5	4	-4.35041	-3.42954	4701	4845.41	-1
5	4	-5.40041	-3.27954	-1	-1	-1
5	4	-5.25041	-3.27954	-1	-1	-1
5	4	-5.10041	-3.27954	-1	-1	-1
5	4	-4.95041	-3.27954	-1	-1	-1
5	4	-4.80041	-3.27954	-1	-1	-1
5	4	-4.65041	-3.27954	-1	-1	-1
5	4	-4.50041	-3.27954	-1	-1	-1
5	4	-4.35041	-3.27954	5198	5240.16	-1
5	4	-5.40041	-3.12954	-1	-1	-1
5	4	-5.25041	-3.12954	-1	-1	-1
5	4	-5.10041	-3.12954	-1	-1	-1
5	4	-4.95041	-3.12954	-1	-1	-1
5	4	-4.80041	-3.12954	-1	-1	-1
5	4	-4.65041	-3.12954	-1	-1	-1
5	4	-4.50041	-3.12954	-1	-1	-1
5	4	-4.35041	-3.12954	-1	-1	-1
5	4	-5.40041	-2.97954	-1	-1	-1
5	4	-5.25041	-2.97954	-1	-1	-1
5	4	-5.10041	-2.97954	-1	-1	-1
5	4	-4.95041	-2.97954	-1	-1	-1
5	4	-4.80041	-2.97954	-1	-1	-1
5	4	-4.65041	-2.97954	-1	-1	-1
5	4	-4.50041	-2.97954	-1	-1	-1
5	4	-4.35041	-2.97954	-1	-1	-1
5	4	-5.40041	-2.82954	2882	3014.66	-1
5	4	-5.25041	-2.82954	117	165.719	-1
5	4	-5.10041	-2.82954	-1	-1	-1
5	4	-4.95041	-2.82954	-1	-1	-1
5	4	-4.80041	-2.82954	-1	-1	-1
5	4	-4.65041	-2.82954	-1	-1	-1
5	4	-4.50041	-2.82954	-1	-1	-1
5	4	-4.35041	-2.82954	4052	4192.06	-1
6	16	-4.24373	-0.52259	-1	-1	-1
6	16	-4.09373	-0.52259	-1	-1	-1
6	16	-3.94373	-0.52259	-1	-1	-1
6	16	-3.79373	-0.52259	-1	-1	-1
6	16	-4.24373	-0.37259	-1	-1	-1
6	16	-4.09373	-0.37259	-1	-1	-1
6	16	-3.94373	-0.37259	-1	-1	-1
6	16	-3.79373	-0.37259	-1	-1	-1
6	16	-4.24373	-0.22259	-1	-1	-1
6	16	-4.09373	-0.22259	-1	-1	-1
6	16	-3.94373	-0.22259	-1	-1	-1
6	16	-3.79373	-0.22259	-1	-1	-1
6	16	-4.24373	-0.0725903	-1	-1	-1
6	16	-4.09373	-0.0725903	-1	-1	-1
6	16	-3.94373	-0.0725903	-1	-1	-1
6	16	-3.79373	-0.0725903	-1	-1	-1
7	16	-8.74191	0.311596	-1	-1	-1
7	16	-8.59191	0.311596	-1	-1	-1
7	16	-8.44191	0.311596	-1	-1	-1
7	16	-8.29191	0.311596	-1	-1	-1
7	16	-8.74191	0.461596	-1	-1	-1
7	16	-8.59191	0.461596	-1	-1	-1
7	16	-8.44191	0.461596	-1	-1	-1
7	16	-8.29191	0.461596	-1	-1	-1
7	16	-8.74191	0.611596	-1	-1	-1
7	16	-8.59191	0.611596	-1	-1	-1
7	16	-8.44191	0.611596	-1	-1	-1
7	16	-8.29191	0.611596	-1	-1	-1
7	16	-8.74191	0.761596	-1	-1	-1
7	16	-8.59191	0.761596	-1	-1	-1
7	16	-8.44191	0.761596	-1	-1	-1
7	16	-8.29191	0.761596	-1	-1	-1
8	16	-2.75377	-7.33347	-1	-1	-1
8	16	-2.60377	-7.33347	-1	-1	-1
8	16	-2.45377	-7.33347	-1	-1	-1
8	16	-2.30377	-7.33347	-1	-1	-1
8	16	-2.75377	-7.18347	-1	-1	-1
8	16	-2.60377	-7.18347	-1	-1	-1
8	16	-2.45377	-7.18347	-1	-1	-1
8	16	-2.30377	-7.18347	-1	-1	-1
8	16	-2.75377	-7.03347	-1	-1	-1
8	16	-2.60377	-7.03347	-1	-1	-1
8	16	-2.45377	-7.03347	-1	-1	-1
8	16	-2.30377	-7.03347	-1	-1	-1
8	16	-2.75377	-6.88347	202	326.094	-1
8	16	-2.60377	-6.88347	-1	-1	-1
8	16	-2.45377	-6.88347	-1	-1	-1
8	16	-2.30377	-6.88347	-1	-1	-1
9	16	-8.55484	-2.3607	-1	-1	-1
9	16	-8.40484	-2.3607	-1	-1	-1
9	16	-8.25484	-2.3607	-1	-1	-1
9	16	-8.10484	-2.3607	-1	-1	-1
9	16	-8.55484	-2.2107	-1	-1	-1
9	16	-8.40484	-2.2107	-1	-1	-1
9	16	-8.25484	-2.2107	-1	-1	-1
9	16	-8.10484	-2.2107	-1	-1	-1
9	16	-8.55484	-2.0607	-1	-1	-1
9	16	-8.40484	-2.0607	-1	-1	-1
9	16	-8.25484	-2.0607	-1	-1	-1
9	16	-8.10484	-2.0607	-1	-1	-1
9	16	-8.55484	-1.9107	-1	-1	-1
9	16	-8.40484	-1.9107	-1	-1	-1
9	16	-8.25484	-1.9107	-1	-1	-1
9	16	-8.10484	-1.9107	-1	-1	-1
10	16	7.30041	0.571579	3478	3531.69	-1
10	16	7.45041	0.571579	-1	-1	-1
10	16	7.60041	0.571579	-1	-1	-1
10	16	7.75041	0.571579	-1	-1	-1
10	16	7.30041	0.721579	-1	-1	-1
10	16	7.45041	0.721579	-1	-1	-1
10	16	7.60041	0.721579	-1	-1	-1
10	16	7.75041	0.721579	-1	-1	-1
10	16	7.30041	0.871579	-1	-1	-1
10	16	7.45041	0.871579	-1	-1	-1
10	16	7.60041	0.871579	-1	-1	-1
10	16	7.75041	0.871579	-1	-1	-1
10	16	7.30041	1.02158	-1	-1	-1
10	16	7.45041	1.02158	-1	-1	-1
10	16	7.60041	1.02158	-1	-1	-1
10	16	7.75041	1.02158	-1	-1	-1
11	16	0.634869	3.97483	2696	2820.28	-1
11	16	0.784869	3.97483	5072	5195.09	-1
11	16	0.934869	3.97483	81	113.094	-1
11	16	1.08487	3.97483	1017	1141.75	-1
11	16	0.634869	4.12483	-1	-1	-1
11	16	0.784869	4.12483	4467	4524	-1
11	16	0.934869	4.12483	3960	4075.28	-1
11	16	1.08487	4.12483	2035	2071.72	-1
11	16	0.634869	4.27483	-1	-1	-1
11	16	0.784869	4.27483	4579	4616.41	-1
11	16	0.934869	4.27483	4268	4388.28	-1
11	16	1.08487	4.27483	4207	4251.91	-1
11	16	0.634869	4.42483	-1	-1	-1
11	16	0.784869	4.42483	-1	-1	-1
11	16	0.934869	4.42483	4496	4531.69	-1
11	16	1.08487	4.42483	4536	4578.19	-1
12	16	2.34821	-4.96349	-1	-1	-1
12	16	2.49821	-4.96349	1849	1896.66	-1
12	16	2.64821	-4.96349	1737	1830.47	-1
12	16	2.79821	-4.96349	1882	1959.84	-1
12	16	2.34821	-4.81349	1724	1770.09	-1
12	16	2.49821	-4.81349	1666	1726.38	-1
12	16	2.64821	-4.81349	1540	1612.44	-1
12	16	2.79821	-4.81349	1564	1628.84	-1
12	16	2.34821	-4.66349	1823	1876.84	-1
12	16	2.49821	-4.66349	363	412.031	-1
12	16	2.64821	-4.66349	1453	1494.47	-1
12	16	2.79821	-4.66349	1676	1756.56	-1
12	16	2.34821	-4.51349	455	505.656	-1
12	16	2.49821	-4.51349	200	260.188	-1
12	16	2.64821	-4.51349	129	252.031	-1
12	16	2.79821	-4.51349	302	347.062	-1
13	16	-2.66287	3.08737	-1	-1	-1
13	16	-2.51287	3.08737	2786	2881.94	-1
13	16	-2.36287	3.08737	2918	2954.5	-1
13	16	-2.21287	3.08737	-1	-1	-1
13	16	-2.66287	3.23737	-1	-1	-1
13	16	-2.51287	3.23737	-1	-1	-1
13	16	-2.36287	3.23737	-1	-1	-1
13	16	-2.21287	3.23737	-1	-1	-1
13	16	-2.66287	3.38737	-1	-1	-1
13	16	-2.51287	3.38737	-1	-1	-1
13	16	-2.36287	3.38737	-1	-1	-1
13	16	-2.21287	3.38737	-1	-1	-1
13	16	-2.66287	3.53737	-1	-1	-1
13	16	-2.51287	3.53737	-1	-1	-1
13	16	-2.36287	3.53737	-1	-1	-1
13	16	-2.21287	3.53737	-1	-1	-1
14	16	-6.63645	-2.35153	-1	-1	-1
14	16	-6.48645	-2.35153	-1	-1	-1
14	16	-6.33645	-2.35153	-1	-1	-1
14	16	-6.18645	-2.35153	-1	-1	-1
14	16	-6.63645	-2.20153	-1	-1	-1
14	16	-6.48645	-2.20153	-1	-1	-1
14	16	-6.33645	-2.20153	-1	-1	-1
14	16	-6.18645	-2.20153	-1	-1	-1
14	16	-6.63645	-2.05153	-1	-1	-1
14	16	-6.48645	-2.05153	-1	-1	-1
14	16	-6.33645	-2.05153	-1	-1	-1
14	16	-6.18645	-2.05153	-1	-1	-1
14	16	-6.63645	-1.90153	4720	4825.72	-1
14	16	-6.48645	-1.90153	-1	-1	-1
14	16	-6.33645	-1.90153	-1	-1	-1
14	16	-6.18645	-1.90153	-1	-1	-1
15	16	6.54106	6.30095	-1	-1	-1
15	16	6.69106	6.30095	-1	-1	-1
15	16	6.84106	6.30095	-1	-1	-1
15	16	6.99106	6.30095	-1	-1	-1
15	16	6.54106	6.45095	-1	-1	-1
15	16	6.69106	6.45095	-1	-1	-1
15	16	6.84106	6.45095	-1	-1	-1
15	16	6.99106	6.45095	-1	-1	-1
15	16	6.54106	6.60095	-1	-1	-1
15	16	6.69106	6.60095	-1	-1	-1
15	16	6.84106	6.60095	-1	-1	-1
15	16	6.99106	6.60095	-1	-1	-1
15	16	6.54106	6.75095	-1	-1	-1
15	16	6.69106	6.75095	-1	-1	-1
15	16	6.84106	6.75095	-1	-1	-1
15	16	6.99106	6.75095	-1	-1	-1
16	16	7.4724	4.65493	2591	2692.34	-1
16	16	7.6224	4.65493	2902	2996.72	-1
16	16	7.7724	4.65493	-1	-1	-1
16	16	7.9224	4.65493	-1	-1	-1
16	16	7.4724	4.80493	-1	-1	-1
16	16	7.6224	4.80493	-1	-1	-1
16	16	7.7724	4.80493	-1	-1	-1
16	16	7.9224	4.80493	-1	-1	-1
16	16	7.4724	4.95493	2103	2168.19	-1
16	16	7.6224	4.95493	-1	-1	-1
16	16	7.7724	4.95493	-1	-1	-1
16	16	7.9224	4.95493	-1	-1	-1
16	16	7.4724	5.10493	1941	2040.66	-1
16	16	7.6224	5.10493	-1	-1	-1
16	16	7.7724	5.10493	-1	-1	-1
16	16	7.9224	5.10493	-1	-1	-1
17	16	7.90713	-4.31702	3559	3667.84	-1
17	16	8.05713	-4.31702	-1	-1	-1
17	16	8.20713	-4.31702	-1	-1	-1
17	16	8.35713	-4.31702	-1	-1	-1
17	16	7.90713	-4.16702	4841	4934.25	-1
17	16	8.05713	-4.16702	-1	-1	-1
17	16	8.20713	-4.16702	-1	-1	-1
17	16	8.35713	-4.16702	-1	-1	-1
17	16	7.90713	-4.01702	1945	2035.47	-1
17	16	8.05713	-4.01702	-1	-1	-1
17	16	8.20713	-4.01702	-1	-1	-1
17	16	8.35713	-4.01702	-1	-1	-1
17	16	7.90713	-3.86702	1530	1650.06	-1
17	16	8.05713	-3.86702	-1	-1	-1
17	16	8.20713	-3.86702	-1	-1	-1
17	16	8.35713	-3.86702	-1	-1	-1
18	16	-2.76538	-0.5244	-1	-1	-1
18	16	-2.61538	-0.5244	-1	-1	-1
18	16	-2.46538	-0.5244	2983	3113.03	-1
18	16	-2.31538	-0.5244	87	214.938	-1
18	16	-2.76538	-0.3744	-1	-1	-1
18	16	-2.61538	-0.3744	4542	4672.5	-1
18	16	-2.46538	-0.3744	3139	3164.03	-1
18	16	-2.31538	-0.3744	2417	2450.84	-1
18	16	-2.76538	-0.2244	-1	-1	-1
18	16	-2.61538	-0.2244	-1	-1	-1
18	16	-2.46538	-0.2244	3876	3902.41	-1
18	16	-2.31538	-0.2244	2218	2344.66	-1
18	16	-2.76538	-0.0743995	-1	-1	-1
18	16	-2.61538	-0.0743995	4714	4838.56	-1
18	16	-2.46538	-0.0743995	461	587.188	-1
18	16	-2.31538	-0.0743995	23	44.7188	-1
19	16	8.22804	-2.61629	-1	-1	-1
19	16	8.37804	-2.61629	-1	-1	-1
19	16	8.52804	-2.61629	-1	-1	-1
19	16	8.67804	-2.61629	-1	-1	-1
19	16	8.22804	-2.46629	-1	-1	-1
19	16	8.37804	-2.46629	-1	-1	-1
19	16	8.52804	-2.46629	-1	-1	-1
19	16	8.67804	-2.46629	-1	-1	-1
19	16	8.22804	-2.31629	-1	-1	-1
19	16	8.37804	-2.31629	-1	-1	-1
19	16	8.52804	-2.31629	-1	-1	-1
19	16	8.67804	-2.31629	-1	-1	-1
19	16	8.22804	-2.16629	-1	-1	-1
19	16	8.37804	-2.16629	-1	-1	-1
19	16	8.52804	-2.16629	-1	-1	-1
19	16	8.67804	-2.16629	4410	4478.91	-1
20	16	-1.12513	-7.45279	-1	-1	-1
20	16	-0.975128	-7.45279	-1	-1	-1
20	16	-0.825128	-7.45279	-1	-1	-1
20	16	-0.675128	-7.45279	-1	-1	-1
20	16	-1.12513	-7.30279	-1	-1	-1
20	16	-0.975128	-7.30279	-1	-1	-1
20	16	-0.825128	-7.30279	-1	-1	-1
20	16	-0.675128	-7.30279	-1	-1	-1
20	16	-1.12513	-7.15279	-1	-1	-1
20	16	-0.975128	-7.15279	-1	-1	-1
20	16	-0.825128	-7.15279	-1	-1	-1
20	16	-0.675128	-7.15279	-1	-1	-1
20	16	-1.12513	-7.00279	-1	-1	-1
20	16	-0.975128	-7.00279	-1	-1	-1
20	16	-0.825128	-7.00279	-1	-1	-1
20	16	-0.675128	-7.00279	-1	-1	-1
21	16	-3.22874	6.87588	3215	3286.44	-1
21	16	-3.07874	6.87588	3067	3164	-1
21	16	-2.92874	6.87588	1262	1321.28	-1
21	16	-2.77874	6.87588	298	396.219	-1
21	16	-3.22874	7.02588	-1	-1	-1
21	16	-3.07874	7.02588	-1	-1	-1
21	16	-2.92874	7.02588	-1	-1	-1
21	16	-2.77874	7.02588	1082	1189.44	-1
21	16	-3.22874	7.17588	-1	-1	-1
21	16	-3.07874	7.17588	-1	-1	-1
21	16	-2.92874	7.17588	-1	-1	-1
21	16	-2.77874	7.17588	-1	-1	-1
21	16	-3.22874	7.32588	-1	-1	-1
21	16	-3.07874	7.32588	-1	-1	-1
21	16	-2.92874	7.32588	-1	-1	-1
21	16	-2.77874	7.32588	-1	-1	-1
0	256	-4.55145	4.82917	3592	3651.22	-1
0	256	-9.35452	3.12603	3549	3650.12	-1
0	256	-9.43948	-2.52401	-1	-1	-1
0	256	-4.7587	4.28915	-1	-1	-1
0	256	-5.78709	-7.89805	-1	-1	-1
0	256	-0.0377757	7.06565	-1	-1	-1
0	256	5.91094	4.47025	-1	-1	-1
0	256	-6.54876	2.16787	2680	2796.22	-1
0	256	-4.08144	2.41597	1919	1956.94	-1
0	256	4.46373	-0.260115	2273	2309.25	-1
0	256	4.96489	-1.08729	-1	-1	-1
0	256	5.58392	4.63068	-1	-1	-1
0	256	6.83322	-7.04522	1275	1348.31	-1
0	256	1.05677	-5.00236	4788	4898.88	-1
0	256	-0.608337	3.97762	111	221.719	-1
0	256	0.0803489	7.98465	-1	-1	-1
0	256	-2.99468	0.330689	144	170.156	-1
0	256	1.75387	3.88771	4608	4731.91	-1
0	256	2.45973	3.55684	2586	2624.19	-1
0	256	-6.12773	-2.68575	-1	-1	-1
0	256	-7.31453	-0.660065	-1	-1	-1
0	256	2.74231	9.03575	-1	-1	-1
0	256	-0.0351276	7.96503	-1	-1	-1
0	256	7.15992	-2.10015	4425	4526.75	-1
0	256	6.74887	-1.65378	3133	3186.72	-1
0	256	-2.58648	-9.15902	-1	-1	-1
0	256	-1.45635	5.82697	2995	3107.16	-1
0	256	-6.26778	-4.30984	-1	-1	-1
0	256	-6.19525	-5.19535	-1	-1	-1
0	256	5.7777	4.63722	-1	-1	-1
0	256	6.53021	6.17032	-1	-1	-1
0	256	2.43732	-5.98466	613	734.844	-1
0	256	7.74506	-5.35833	-1	-1	-1
0	256	-8.40662	-8.96702	-1	-1	-1
0	256	3.17104	8.07944	-1	-1	-1
0	256	3.90135	-6.78466	-1	-1	-1
0	256	9.44868	-0.688005	-1	-1	-1
0	256	1.49155	3.2169	48	78.5312	-1
0	256	5.49022	-4.49557	-1	-1	-1
0	256	-4.72009	5.49381	-1	-1	-1
0	256	9.32353	3.02305	-1	-1	-1
0	256	-0.741441	-6.34385	-1	-1	-1
0	256	4.1514	-7.60059	-1	-1	-1
0	256	0.121287	-5.86129	-1	-1	-1
0	256	0.937865	7.69278	-1	-1	-1
0	256	-8.20816	-4.48439	-1	-1	-1
0	256	-8.06249	6.73231	-1	-1	-1
0	256	2.83065	-7.67256	4117	4210.25	-1
0	256	3.67233	8.56987	-1	-1	-1
0	256	-6.68324	-9.56357	-1	-1	-1
0	256	-6.1689	-1.80122	3395	3510.88	-1
0	256	0.397971	8.73329	-1	-1	-1
0	256	2.40684	-6.9356	-1	-1	-1
0	256	-1.25762	-9.40961	-1	-1	-1
0	256	-4.30698	-4.08069	-1	-1	-1
0	256	1.66353	-3.49942	-1	-1	-1
0	256	-7.31147	-2.6467	-1	-1	-1
0	256	6.07862	1.04381	3683	3780.56	-1
0	256	1.16452	7.83986	-1	-1	-1
0	256	-6.25814	-0.0420665	-1	-1	-1
0	256	-0.501559	-5.99707	-1	-1	-1
0	256	7.92732	-5.59113	-1	-1	-1
0	256	-6.2227	7.20136	-1	-1	-1
0	256	-8.19366	-3.48279	-1	-1	-1
0	256	-7.16841	-3.46823	-1	-1	-1
0	256	-6.4916	-5.02782	3499	3557.88	-1
0	256	-4.40797	7.3087	-1	-1	-1
0	256	8.08487	-1.92426	-1	-1	-1
0	256	0.353126	-7.34811	-1	-1	-1
0	256	-3.16224	0.366529	625	653.031	-1
0	256	-6.56452	-3.39052	-1	-1	-1
0	256	-7.78094	-2.52026	-1	-1	-1
0	256	-2.10703	-9.53577	-1	-1	-1
0	256	4.42958	-2.44837	3122	3249.41	-1
0	256	3.75409	-6.25569	-1	-1	-1
0	256	-3.28273	8.44385	-1	-1	-1
0	256	2.58006	8.79775	599	668.5	-1
0	256	8.56907	-0.682119	-1	-1	-1
0	256	6.25605	1.88122	3592	3640.25	-1
0	256	5.95466	7.83927	-1	-1	-1
0	256	-9.46118	-1.06819	-1	-1	-1
0	256	1.15383	-7.21078	-1	-1	-1
0	256	-8.94413	1.64626	4051	4137.88	-1
0	256	1.57593	8.69115	2540	2610.09	-1
0	256	-5.10075	-4.91944	-1	-1	-1
0	256	-1.74685	6.14376	-1	-1	-1
0	256	-0.680395	3.8628	3702	3735.09	-1
0	256	-1.4073	-6.78024	-1	-1	-1
0	256	-9.01631	2.06166	-1	-1	-1
0	256	-7.27229	-1.84991	-1	-1	-1
0	256	-5.24668	-8.30761	-1	-1	-1
0	256	-7.77877	-5.29199	-1	-1	-1
0	256	6.75414	3.84438	3797	3911.69	-1
0	256	1.48364	4.30716	3122	3159.25	-1
0	256	-5.97833	0.710149	2067	2171.94	-1
0	256	9.15027	2.71036	-1	-1	-1
0	256	-5.27737	-4.35018	-1	-1	-1
0	256	5.5808	7.83863	-1	-1	-1
0	256	1.76207	3.45228	1051	1180.53	-1
0	256	5.41744	7.36968	-1	-1	-1
0	256	4.32025	-1.87266	54	93.1562	-1
0	256	4.18402	4.13312	3289	3429	-1
0	256	-2.73035	4.4157	-1	-1	-1
0	256	8.05269	4.77771	-1	-1	-1
0	256	0.482665	3.94831	1444	1565.03	-1
0	256	1.85751	-3.46278	3257	3386.59	-1
0	256	-3.00608	2.7579	-1	-1	-1
0	256	2.98664	-2.07181	4829	4968.84	-1
0	256	3.70363	-8.81594	-1	-1	-1
0	256	0.771986	8.1187	4669	4755.28	-1
0	256	4.79484	-8.28922	848	925.156	-1
0	256	-1.61889	6.2175	-1	-1	-1
0	256	-8.00325	4.14047	-1	-1	-1
0	256	-4.54017	-1.03793	-1	-1	-1
0	256	-1.3081	9.61836	-1	-1	-1
0	256	-7.42103	8.31588	4293	4375.03	-1
0	256	1.48557	-9.80638	-1	-1	-1
0	256	-8.08636	4.37938	-1	-1	-1
0	256	-5.62423	-7.76476	-1	-1	-1
0	256	5.07334	5.13763	4775	4829.88	-1
0	256	0.647877	6.84472	-1	-1	-1
0	256	-1.98242	-7.32762	-1	-1	-1
0	256	-4.24354	2.92785	1357	1500.28	-1
0	256	-0.870707	6.82064	4327	4450.47	-1
0	256	-7.29771	-4.4612	-1	-1	-1
0	256	9.10672	3.98628	-1	-1	-1
0	256	-3.5309	7.42806	-1	-1	-1
0	256	-8.02185	-4.4358	-1	-1	-1
0	256	-1.64132	3.00128	1069	1201	-1
0	256	5.39987	4.06103	-1	-1	-1
0	256	-3.58899	-2.8431	4539	4694.66	-1
0	256	-3.90125	8.06074	-1	-1	-1
0	256	-8.26571	7.32694	-1	-1	-1
0	256	1.96385	-3.66008	3703	3843.03	-1
0	256	4.2954	2.1714	3704	3741.47	-1
0	256	-4.43942	3.43319	4820	4964.12	-1
0	256	8.19165	1.32165	-1	-1	-1
0	256	-6.73137	-6.28058	-1	-1	-1
0	256	-8.98936	2.44423	-1	-1	-1
0	256	7.48557	6.01873	-1	-1	-1
0	256	-8.3912	1.19554	-1	-1	-1
0	256	0.390511	5.36033	1450	1556.62	-1
0	256	7.25312	-8.37097	-1	-1	-1
0	256	2.87975	-2.60519	4837	4994.88	-1
0	256	-0.475471	-8.70305	-1	-1	-1
0	256	-3.44534	5.42883	-1	-1	-1
0	256	-4.96013	5.79304	-1	-1	-1
0	256	3.47672	-2.28579	-1	-1	-1
0	256	-5.48096	3.33499	3492	3617.41	-1
0	256	3.21428	3.44113	192	331.25	-1
0	256	1.74069	-4.23397	251	370.531	-1
0	256	-6.35355	3.2433	4734	4787.66	-1
0	256	-5.19782	6.91248	-1	-1	-1
0	256	-4.31116	4.46819	3402	3553.06	-1
0	256	5.29977	-0.757199	2975	3085.97	-1
0	256	-0.185456	4.58179	-1	-1	-1
0	256	2.11416	3.2845	613	747.875	-1
0	256	-4.22653	-8.82224	-1	-1	-1
0	256	-1.5259	8.13683	-1	-1	-1
0	256	5.45462	-1.93141	57	168.75	-1
0	256	5.10987	-4.86697	-1	-1	-1
0	256	-9.63099	2.16515	-1	-1	-1
0	256	-0.128814	-8.84467	-1	-1	-1
0	256	-0.104075	4.40387	754	789.875	-1
0	256	4.4627	1.54289	4878	4998.12	-1
0	256	7.4367	2.90178	-1	-1	-1
0	256	3.80218	-2.56592	-1	-1	-1
0	256	6.53148	-5.90484	-1	-1	-1
0	256	-8.40834	1.34359	-1	-1	-1
0	256	-6.02573	-0.405205	-1	-1	-1
0	256	2.90751	5.30798	-1	-1	-1
0	256	-0.461936	-9.43872	-1	-1	-1
0	256	-3.32726	-2.52971	1890	2026.34	-1
0	256	4.78015	1.44079	3566	3609.38	-1
0	256	2.70779	-5.77718	-1	-1	-1
0	256	4.13946	1.0143	1406	1520.81	-1
0	256	3.47046	2.54861	3930	4070.66	-1
0	256	5.79361	0.851215	2432	2531.44	-1
0	256	4.06015	8.83748	3828	3903.38	-1
0	256	-1.95156	-4.15358	-1	-1	-1
0	256	-5.72985	1.64969	-1	-1	-1
0	256	5.35343	-8.18766	-1	-1	-1
0	256	-5.92087	-5.5324	-1	-1	-1
0	256	-3.13765	0.587194	5274	5398.34	-1
0	256	5.53991	4.96139	5266	5322.44	-1
0	256	-4.30756	5.61591	-1	-1	-1
0	256	7.59369	3.14063	-1	-1	-1
0	256	-3.17627	5.2888	-1	-1	-1
0	256	0.297998	7.45573	-1	-1	-1
0	256	-6.97399	0.986582	-1	-1	-1
0	256	6.02042	-5.34652	-1	-1	-1
0	256	-6.00487	-7.75771	-1	-1	-1
0	256	-6.75018	0.289127	-1	-1	-1
0	256	-9.73906	-2.18794	-1	-1	-1
0	256	-4.14752	-2.71524	2698	2841.28	-1
0	256	-7.87768	0.832978	4540	4641.53	-1
0	256	-2.56736	-3.11607	3315	3462.75	-1
0	256	-2.73759	-2.87984	3892	4063.72	-1
0	256	-3.55786	7.27998	-1	-1	-1
0	256	-4.95804	-4.74601	-1	-1	-1
0	256	-1.24591	7.54575	-1	-1	-1
0	256	2.35723	5.66485	702	813.375	-1
0	256	-5.95243	5.69373	3960	4094.38	-1
0	256	-3.56833	5.7293	-1	-1	-1
0	256	-5.65729	-3.79359	-1	-1	-1
0	256	3.10269	-8.73468	-1	-1	-1
0	256	0.117078	-6.70087	-1	-1	-1
0	256	0.419006	6.29137	-1	-1	-1
0	256	-2.59254	-4.58382	-1	-1	-1
0	256	-7.42921	-1.87686	-1	-1	-1
0	256	2.64659	9.35575	-1	-1	-1
0	256	-0.934202	9.31855	-1	-1	-1
0	256	-6.27192	7.05035	-1	-1	-1
0	256	1.45687	9.42263	-1	-1	-1
0	256	3.62227	9.14689	-1	-1	-1
0	256	-0.360132	-7.09822	-1	-1	-1
0	256	-9.44551	-1.75854	-1	-1	-1
0	256	-7.79271	0.649796	2861	2964.78	-1
0	256	-5.14452	3.76757	1427	1505.41	-1
0	256	0.0396047	6.05412	-1	-1	-1
0	256	3.37505	0.67537	600	712.594	-1
0	256	-3.73774	1.84458	-1	-1	-1
0	256	-4.38137	-5.23369	4267	4413.84	-1
0	256	-2.28453	-2.3756	72	101.5	-1
0	256	7.36818	6.62733	1555	1634.03	-1
0	256	-3.53588	-8.06227	-1	-1	-1
0	256	3.44593	5.29115	4381	4508	-1
0	256	7.87994	-0.276766	-1	-1	-1
0	256	8.70178	-3.76941	-1	-1	-1
0	256	2.62534	-8.61195	-1	-1	-1
0	256	7.24472	-0.444609	-1	-1	-1
0	256	-1.41537	5.41234	2054	2097.94	-1
0	256	-1.27965	2.82411	762	893.125	-1
0	256	4.11004	-7.4061	5283	5350.69	-1
0	256	-5.19556	3.43868	-1	-1	-1
0	256	3.03519	5.92333	-1	-1	-1
0	256	8.5747	-1.78299	-1	-1	-1
0	256	-7.31797	0.559861	-1	-1	-1
0	256	-2.6677	-2.77192	120	160	-1
0	256	-2.46136	-2.03992	3355	3513.75	-1
0	256	3.31538	-2.55462	-1	-1	-1
0	256	7.22367	0.314099	4498	4591.41	-1
0	256	9.36116	1.16944	-1	-1	-1
0	256	-5.2339	-5.13886	-1	-1	-1
0	256	7.12465	-6.8069	-1	-1	-1
0	256	3.83138	-4.41769	2731	2778.69	-1
0	256	-2.26671	-2.51685	2739	2890.38	-1
0	256	8.66148	-1.16716	3591	3661.06	-1
0	256	5.80022	-7.45044	203	334.25	-1
0	256	-3.30202	2.86023	-1	-1	-1
0	256	8.55814	3.25605	-1	-1	-1
0	256	1.50786	-5.54224	-1	-1	-1
0	256	1.02558	-6.14862	-1	-1	-1
0	256	-4.26025	4.78143	2733	2869.88	-1
0	256	-2.42784	9.20781	-1	-1	-1
0	256	-8.21707	3.67843	3406	3506.12	-1
