Pile ID	Distribution Type	X-Position	Y-Position	Pickup Time	Drop Off Time	Ant ID
1	1	1.74246	-7.95708	-1	-1	-1
1	1	1.89246	-7.95708	-1	-1	-1
1	1	2.04246	-7.95708	-1	-1	-1
1	1	2.19246	-7.95708	-1	-1	-1
1	1	2.34246	-7.95708	-1	-1	-1
1	1	2.49246	-7.95708	-1	-1	-1
1	1	2.64246	-7.95708	-1	-1	-1
1	1	2.79246	-7.95708	-1	-1	-1
1	1	2.94246	-7.95708	-1	-1	-1
1	1	3.09246	-7.95708	-1	-1	-1
1	1	3.24246	-7.95708	-1	-1	-1
1	1	3.39246	-7.95708	-1	-1	-1
1	1	3.54246	-7.95708	-1	-1	-1
1	1	3.69246	-7.95708	-1	-1	-1
1	1	3.84246	-7.95708	-1	-1	-1
1	1	3.99246	-7.95708	-1	-1	-1
1	1	1.74246	-7.80708	-1	-1	-1
1	1	1.89246	-7.80708	-1	-1	-1
1	1	2.04246	-7.80708	-1	-1	-1
1	1	2.19246	-7.80708	-1	-1	-1
1	1	2.34246	-7.80708	-1	-1	-1
1	1	2.49246	-7.80708	-1	-1	-1
1	1	2.64246	-7.80708	-1	-1	-1
1	1	2.79246	-7.80708	-1	-1	-1
1	1	2.94246	-7.80708	-1	-1	-1
1	1	3.09246	-7.80708	-1	-1	-1
1	1	3.24246	-7.80708	-1	-1	-1
1	1	3.39246	-7.80708	-1	-1	-1
1	1	3.54246	-7.80708	-1	-1	-1
1	1	3.69246	-7.80708	-1	-1	-1
1	1	3.84246	-7.80708	-1	-1	-1
1	1	3.99246	-7.80708	-1	-1	-1
1	1	1.74246	-7.65708	-1	-1	-1
1	1	1.89246	-7.65708	-1	-1	-1
1	1	2.04246	-7.65708	-1	-1	-1
1	1	2.19246	-7.65708	-1	-1	-1
1	1	2.34246	-7.65708	-1	-1	-1
1	1	2.49246	-7.65708	-1	-1	-1
1	1	2.64246	-7.65708	-1	-1	-1
1	1	2.79246	-7.65708	-1	-1	-1
1	1	2.94246	-7.65708	-1	-1	-1
1	1	3.09246	-7.65708	-1	-1	-1
1	1	3.24246	-7.65708	-1	-1	-1
1	1	3.39246	-7.65708	-1	-1	-1
1	1	3.54246	-7.65708	-1	-1	-1
1	1	3.69246	-7.65708	-1	-1	-1
1	1	3.84246	-7.65708	-1	-1	-1
1	1	3.99246	-7.65708	-1	-1	-1
1	1	1.74246	-7.50708	-1	-1	-1
1	1	1.89246	-7.50708	-1	-1	-1
1	1	2.04246	-7.50708	-1	-1	-1
1	1	2.19246	-7.50708	-1	-1	-1
1	1	2.34246	-7.50708	-1	-1	-1
1	1	2.49246	-7.50708	-1	-1	-1
1	1	2.64246	-7.50708	-1	-1	-1
1	1	2.79246	-7.50708	-1	-1	-1
1	1	2.94246	-7.50708	-1	-1	-1
1	1	3.09246	-7.50708	-1	-1	-1
1	1	3.24246	-7.50708	-1	-1	-1
1	1	3.39246	-7.50708	-1	-1	-1
1	1	3.54246	-7.50708	-1	-1	-1
1	1	3.69246	-7.50708	-1	-1	-1
1	1	3.84246	-7.50708	-1	-1	-1
1	1	3.99246	-7.50708	-1	-1	-1
1	1	1.74246	-7.35708	-1	-1	-1
1	1	1.89246	-7.35708	-1	-1	-1
1	1	2.04246	-7.35708	-1	-1	-1
1	1	2.19246	-7.35708	-1	-1	-1
1	1	2.34246	-7.35708	-1	-1	-1
1	1	2.49246	-7.35708	-1	-1	-1
1	1	2.64246	-7.35708	-1	-1	-1
1	1	2.79246	-7.35708	-1	-1	-1
1	1	2.94246	-7.35708	-1	-1	-1
1	1	3.09246	-7.35708	-1	-1	-1
1	1	3.24246	-7.35708	-1	-1	-1
1	1	3.39246	-7.35708	-1	-1	-1
1	1	3.54246	-7.35708	-1	-1	-1
1	1	3.69246	-7.35708	-1	-1	-1
1	1	3.84246	-7.35708	-1	-1	-1
1	1	3.99246	-7.35708	-1	-1	-1
1	1	1.74246	-7.20708	1552	1624.56	-1
1	1	1.89246	-7.20708	-1	-1	-1
1	1	2.04246	-7.20708	-1	-1	-1
1	1	2.19246	-7.20708	-1	-1	-1
1	1	2.34246	-7.20708	-1	-1	-1
1	1	2.49246	-7.20708	-1	-1	-1
1	1	2.64246	-7.20708	-1	-1	-1
1	1	2.79246	-7.20708	-1	-1	-1
1	1	2.94246	-7.20708	-1	-1	-1
1	1	3.09246	-7.20708	-1	-1	-1
1	1	3.24246	-7.20708	-1	-1	-1
1	1	3.39246	-7.20708	-1	-1	-1
1	1	3.54246	-7.20708	-1	-1	-1
1	1	3.69246	-7.20708	-1	-1	-1
1	1	3.84246	-7.20708	-1	-1	-1
1	1	3.99246	-7.20708	-1	-1	-1
1	1	1.74246	-7.05708	1382	1484.59	-1
1	1	1.89246	-7.05708	-1	-1	-1
1	1	2.04246	-7.05708	-1	-1	-1
1	1	2.19246	-7.05708	-1	-1	-1
1	1	2.34246	-7.05708	-1	-1	-1
1	1	2.49246	-7.05708	-1	-1	-1
1	1	2.64246	-7.05708	-1	-1	-1
1	1	2.79246	-7.05708	-1	-1	-1
1	1	2.94246	-7.05708	-1	-1	-1
1	1	3.09246	-7.05708	-1	-1	-1
1	1	3.24246	-7.05708	-1	-1	-1
1	1	3.39246	-7.05708	-1	-1	-1
1	1	3.54246	-7.05708	-1	-1	-1
1	1	3.69246	-7.05708	-1	-1	-1
1	1	3.84246	-7.05708	-1	-1	-1
1	1	3.99246	-7.05708	-1	-1	-1
1	1	1.74246	-6.90708	-1	-1	-1
1	1	1.89246	-6.90708	-1	-1	-1
1	1	2.04246	-6.90708	-1	-1	-1
1	1	2.19246	-6.90708	-1	-1	-1
1	1	2.34246	-6.90708	-1	-1	-1
1	1	2.49246	-6.90708	-1	-1	-1
1	1	2.64246	-6.90708	-1	-1	-1
1	1	2.79246	-6.90708	-1	-1	-1
1	1	2.94246	-6.90708	-1	-1	-1
1	1	3.09246	-6.90708	-1	-1	-1
1	1	3.24246	-6.90708	-1	-1	-1
1	1	3.39246	-6.90708	-1	-1	-1
1	1	3.54246	-6.90708	-1	-1	-1
1	1	3.69246	-6.90708	-1	-1	-1
1	1	3.84246	-6.90708	-1	-1	-1
1	1	3.99246	-6.90708	-1	-1	-1
1	1	1.74246	-6.75708	-1	-1	-1
1	1	1.89246	-6.75708	-1	-1	-1
1	1	2.04246	-6.75708	-1	-1	-1
1	1	2.19246	-6.75708	-1	-1	-1
1	1	2.34246	-6.75708	-1	-1	-1
1	1	2.49246	-6.75708	-1	-1	-1
1	1	2.64246	-6.75708	-1	-1	-1
1	1	2.79246	-6.75708	-1	-1	-1
1	1	2.94246	-6.75708	-1	-1	-1
1	1	3.09246	-6.75708	-1	-1	-1
1	1	3.24246	-6.75708	-1	-1	-1
1	1	3.39246	-6.75708	-1	-1	-1
1	1	3.54246	-6.75708	-1	-1	-1
1	1	3.69246	-6.75708	-1	-1	-1
1	1	3.84246	-6.75708	-1	-1	-1
1	1	3.99246	-6.75708	-1	-1	-1
1	1	1.74246	-6.60708	-1	-1	-1
1	1	1.89246	-6.60708	-1	-1	-1
1	1	2.04246	-6.60708	-1	-1	-1
1	1	2.19246	-6.60708	-1	-1	-1
1	1	2.34246	-6.60708	-1	-1	-1
1	1	2.49246	-6.60708	-1	-1	-1
1	1	2.64246	-6.60708	-1	-1	-1
1	1	2.79246	-6.60708	-1	-1	-1
1	1	2.94246	-6.60708	-1	-1	-1
1	1	3.09246	-6.60708	-1	-1	-1
1	1	3.24246	-6.60708	-1	-1	-1
1	1	3.39246	-6.60708	-1	-1	-1
1	1	3.54246	-6.60708	-1	-1	-1
1	1	3.69246	-6.60708	-1	-1	-1
1	1	3.84246	-6.60708	-1	-1	-1
1	1	3.99246	-6.60708	-1	-1	-1
1	1	1.74246	-6.45708	-1	-1	-1
1	1	1.89246	-6.45708	-1	-1	-1
1	1	2.04246	-6.45708	-1	-1	-1
1	1	2.19246	-6.45708	-1	-1	-1
1	1	2.34246	-6.45708	-1	-1	-1
1	1	2.49246	-6.45708	-1	-1	-1
1	1	2.64246	-6.45708	-1	-1	-1
1	1	2.79246	-6.45708	-1	-1	-1
1	1	2.94246	-6.45708	-1	-1	-1
1	1	3.09246	-6.45708	-1	-1	-1
1	1	3.24246	-6.45708	-1	-1	-1
1	1	3.39246	-6.45708	-1	-1	-1
1	1	3.54246	-6.45708	-1	-1	-1
1	1	3.69246	-6.45708	-1	-1	-1
1	1	3.84246	-6.45708	-1	-1	-1
1	1	3.99246	-6.45708	-1	-1	-1
1	1	1.74246	-6.30708	-1	-1	-1
1	1	1.89246	-6.30708	-1	-1	-1
1	1	2.04246	-6.30708	-1	-1	-1
1	1	2.19246	-6.30708	-1	-1	-1
1	1	2.34246	-6.30708	-1	-1	-1
1	1	2.49246	-6.30708	-1	-1	-1
1	1	2.64246	-6.30708	-1	-1	-1
1	1	2.79246	-6.30708	-1	-1	-1
1	1	2.94246	-6.30708	-1	-1	-1
1	1	3.09246	-6.30708	-1	-1	-1
1	1	3.24246	-6.30708	-1	-1	-1
1	1	3.39246	-6.30708	-1	-1	-1
1	1	3.54246	-6.30708	-1	-1	-1
1	1	3.69246	-6.30708	-1	-1	-1
1	1	3.84246	-6.30708	-1	-1	-1
1	1	3.99246	-6.30708	-1	-1	-1
1	1	1.74246	-6.15708	-1	-1	-1
1	1	1.89246	-6.15708	-1	-1	-1
1	1	2.04246	-6.15708	-1	-1	-1
1	1	2.19246	-6.15708	-1	-1	-1
1	1	2.34246	-6.15708	-1	-1	-1
1	1	2.49246	-6.15708	-1	-1	-1
1	1	2.64246	-6.15708	-1	-1	-1
1	1	2.79246	-6.15708	-1	-1	-1
1	1	2.94246	-6.15708	-1	-1	-1
1	1	3.09246	-6.15708	-1	-1	-1
1	1	3.24246	-6.15708	-1	-1	-1
1	1	3.39246	-6.15708	-1	-1	-1
1	1	3.54246	-6.15708	-1	-1	-1
1	1	3.69246	-6.15708	3789	3845.41	-1
1	1	3.84246	-6.15708	3820	3876.62	-1
1	1	3.99246	-6.15708	-1	-1	-1
1	1	1.74246	-6.00708	-1	-1	-1
1	1	1.89246	-6.00708	-1	-1	-1
1	1	2.04246	-6.00708	-1	-1	-1
1	1	2.19246	-6.00708	-1	-1	-1
1	1	2.34246	-6.00708	-1	-1	-1
1	1	2.49246	-6.00708	-1	-1	-1
1	1	2.64246	-6.00708	-1	-1	-1
1	1	2.79246	-6.00708	-1	-1	-1
1	1	2.94246	-6.00708	-1	-1	-1
1	1	3.09246	-6.00708	-1	-1	-1
1	1	3.24246	-6.00708	-1	-1	-1
1	1	3.39246	-6.00708	-1	-1	-1
1	1	3.54246	-6.00708	-1	-1	-1
1	1	3.69246	-6.00708	3642	3707.56	-1
1	1	3.84246	-6.00708	3521	3577.09	-1
1	1	3.99246	-6.00708	3762	3819.88	-1
1	1	1.74246	-5.85708	2822	2927.72	-1
1	1	1.89246	-5.85708	-1	-1	-1
1	1	2.04246	-5.85708	5316	5365.56	-1
1	1	2.19246	-5.85708	5004	5109.16	-1
1	1	2.34246	-5.85708	5178	5225.09	-1
1	1	2.49246	-5.85708	-1	-1	-1
1	1	2.64246	-5.85708	4933	5011.75	-1
1	1	2.79246	-5.85708	3240	3296.78	-1
1	1	2.94246	-5.85708	4827	4876.22	-1
1	1	3.09246	-5.85708	-1	-1	-1
1	1	3.24246	-5.85708	-1	-1	-1
1	1	3.39246	-5.85708	-1	-1	-1
1	1	3.54246	-5.85708	-1	-1	-1
1	1	3.69246	-5.85708	3259	3328.47	-1
1	1	3.84246	-5.85708	3378	3434.56	-1
1	1	3.99246	-5.85708	3942	3998.47	-1
1	1	1.74246	-5.70708	2970	3018.12	-1
1	1	1.89246	-5.70708	-1	-1	-1
1	1	2.04246	-5.70708	1915	1962.16	-1
1	1	2.19246	-5.70708	2006	2055.53	-1
1	1	2.34246	-5.70708	2184	2232.56	-1
1	1	2.49246	-5.70708	3984	4100.41	-1
1	1	2.64246	-5.70708	3467	3516.28	-1
1	1	2.79246	-5.70708	3026	3136.69	-1
1	1	2.94246	-5.70708	3344	3392.69	-1
1	1	3.09246	-5.70708	5002	5055.41	-1
1	1	3.24246	-5.70708	-1	-1	-1
1	1	3.39246	-5.70708	-1	-1	-1
1	1	3.54246	-5.70708	-1	-1	-1
1	1	3.69246	-5.70708	3234	3298.41	-1
1	1	3.84246	-5.70708	3117	3172.03	-1
1	1	3.99246	-5.70708	4463	4581.66	-1
2	4	-1.60285	4.95622	1809	1857.53	-1
2	4	-1.45285	4.95622	1506	1599.94	-1
2	4	-1.30285	4.95622	1414	1473.38	-1
2	4	-1.15285	4.95622	1291	1339.28	-1
2	4	-1.00285	4.95622	1374	1439.94	-1
2	4	-0.85285	4.95622	1397	1454.97	-1
2	4	-0.70285	4.95622	1746	1791.34	-1
2	4	-0.55285	4.95622	1983	2045.91	-1
2	4	-1.60285	5.10622	-1	-1	-1
2	4	-1.45285	5.10622	1966	2010.81	-1
2	4	-1.30285	5.10622	1694	1738.66	-1
2	4	-1.15285	5.10622	1534	1595.12	-1
2	4	-1.00285	5.10622	1568	1637.16	-1
2	4	-0.85285	5.10622	1822	1861.69	-1
2	4	-0.70285	5.10622	1889	1934.56	-1
2	4	-0.55285	5.10622	2020	2075.75	-1
2	4	-1.60285	5.25622	-1	-1	-1
2	4	-1.45285	5.25622	-1	-1	-1
2	4	-1.30285	5.25622	-1	-1	-1
2	4	-1.15285	5.25622	2076	2119.25	-1
2	4	-1.00285	5.25622	1687	1744.62	-1
2	4	-0.85285	5.25622	2229	2272.72	-1
2	4	-0.70285	5.25622	2393	2441.12	-1
2	4	-0.55285	5.25622	2554	2599.34	-1
2	4	-1.60285	5.40622	-1	-1	-1
2	4	-1.45285	5.40622	-1	-1	-1
2	4	-1.30285	5.40622	2454	2498.62	-1
2	4	-1.15285	5.40622	2182	2271.12	-1
2	4	-1.00285	5.40622	2250	2311.12	-1
2	4	-0.85285	5.40622	2763	2812.06	-1
2	4	-0.70285	5.40622	5220	5261.97	-1
2	4	-0.55285	5.40622	-1	-1	-1
2	4	-1.60285	5.55622	-1	-1	-1
2	4	-1.45285	5.55622	-1	-1	-1
2	4	-1.30285	5.55622	-1	-1	-1
2	4	-1.15285	5.55622	2329	2383.78	-1
2	4	-1.00285	5.55622	2568	2623.91	-1
2	4	-0.85285	5.55622	2697	2752.31	-1
2	4	-0.70285	5.55622	-1	-1	-1
2	4	-0.55285	5.55622	4767	4814.31	-1
2	4	-1.60285	5.70622	-1	-1	-1
2	4	-1.45285	5.70622	-1	-1	-1
2	4	-1.30285	5.70622	-1	-1	-1
2	4	-1.15285	5.70622	-1	-1	-1
2	4	-1.00285	5.70622	-1	-1	-1
2	4	-0.85285	5.70622	-1	-1	-1
2	4	-0.70285	5.70622	-1	-1	-1
2	4	-0.55285	5.70622	-1	-1	-1
2	4	-1.60285	5.85622	-1	-1	-1
2	4	-1.45285	5.85622	-1	-1	-1
2	4	-1.30285	5.85622	-1	-1	-1
2	4	-1.15285	5.85622	-1	-1	-1
2	4	-1.00285	5.85622	-1	-1	-1
2	4	-0.85285	5.85622	-1	-1	-1
2	4	-0.70285	5.85622	-1	-1	-1
2	4	-0.55285	5.85622	-1	-1	-1
2	4	-1.60285	6.00622	-1	-1	-1
2	4	-1.45285	6.00622	-1	-1	-1
2	4	-1.30285	6.00622	-1	-1	-1
2	4	-1.15285	6.00622	-1	-1	-1
2	4	-1.00285	6.00622	-1	-1	-1
2	4	-0.85285	6.00622	-1	-1	-1
2	4	-0.70285	6.00622	-1	-1	-1
2	4	-0.55285	6.00622	-1	-1	-1
3	4	-9.45524	0.16452	-1	-1	-1
3	4	-9.30524	0.16452	-1	-1	-1
3	4	-9.15524	0.16452	5286	5350.09	-1
3	4	-9.00524	0.16452	-1	-1	-1
3	4	-8.85524	0.16452	-1	-1	-1
3	4	-8.70524	0.16452	-1	-1	-1
3	4	-8.55524	0.16452	2800	2860	-1
3	4	-8.40524	0.16452	-1	-1	-1
3	4	-9.45524	0.31452	-1	-1	-1
3	4	-9.30524	0.31452	-1	-1	-1
3	4	-9.15524	0.31452	-1	-1	-1
3	4	-9.00524	0.31452	-1	-1	-1
3	4	-8.85524	0.31452	-1	-1	-1
3	4	-8.70524	0.31452	-1	-1	-1
3	4	-8.55524	0.31452	-1	-1	-1
3	4	-8.40524	0.31452	-1	-1	-1
3	4	-9.45524	0.46452	-1	-1	-1
3	4	-9.30524	0.46452	-1	-1	-1
3	4	-9.15524	0.46452	-1	-1	-1
3	4	-9.00524	0.46452	-1	-1	-1
3	4	-8.85524	0.46452	-1	-1	-1
3	4	-8.70524	0.46452	-1	-1	-1
3	4	-8.55524	0.46452	-1	-1	-1
3	4	-8.40524	0.46452	-1	-1	-1
3	4	-9.45524	0.61452	5394	-1	-1
3	4	-9.30524	0.61452	-1	-1	-1
3	4	-9.15524	0.61452	-1	-1	-1
3	4	-9.00524	0.61452	-1	-1	-1
3	4	-8.85524	0.61452	-1	-1	-1
3	4	-8.70524	0.61452	-1	-1	-1
3	4	-8.55524	0.61452	-1	-1	-1
3	4	-8.40524	0.61452	-1	-1	-1
3	4	-9.45524	0.76452	5257	5323.41	-1
3	4	-9.30524	0.76452	-1	-1	-1
3	4	-9.15524	0.76452	-1	-1	-1
3	4	-9.00524	0.76452	-1	-1	-1
3	4	-8.85524	0.76452	-1	-1	-1
3	4	-8.70524	0.76452	-1	-1	-1
3	4	-8.55524	0.76452	-1	-1	-1
3	4	-8.40524	0.76452	-1	-1	-1
3	4	-9.45524	0.91452	-1	-1	-1
3	4	-9.30524	0.91452	-1	-1	-1
3	4	-9.15524	0.91452	-1	-1	-1
3	4	-9.00524	0.91452	-1	-1	-1
3	4	-8.85524	0.91452	-1	-1	-1
3	4	-8.70524	0.91452	-1	-1	-1
3	4	-8.55524	0.91452	-1	-1	-1
3	4	-8.40524	0.91452	-1	-1	-1
3	4	-9.45524	1.06452	-1	-1	-1
3	4	-9.30524	1.06452	-1	-1	-1
3	4	-9.15524	1.06452	-1	-1	-1
3	4	-9.00524	1.06452	-1	-1	-1
3	4	-8.85524	1.06452	-1	-1	-1
3	4	-8.70524	1.06452	-1	-1	-1
3	4	-8.55524	1.06452	-1	-1	-1
3	4	-8.40524	1.06452	-1	-1	-1
3	4	-9.45524	1.21452	-1	-1	-1
3	4	-9.30524	1.21452	-1	-1	-1
3	4	-9.15524	1.21452	-1	-1	-1
3	4	-9.00524	1.21452	5322	5391.12	-1
3	4	-8.85524	1.21452	-1	-1	-1
3	4	-8.70524	1.21452	-1	-1	-1
3	4	-8.55524	1.21452	-1	-1	-1
3	4	-8.40524	1.21452	-1	-1	-1
4	4	-2.45404	-9.54304	-1	-1	-1
4	4	-2.30404	-9.54304	-1	-1	-1
4	4	-2.15404	-9.54304	-1	-1	-1
4	4	-2.00404	-9.54304	-1	-1	-1
4	4	-1.85404	-9.54304	-1	-1	-1
4	4	-1.70404	-9.54304	-1	-1	-1
4	4	-1.55404	-9.54304	-1	-1	-1
4	4	-1.40404	-9.54304	-1	-1	-1
4	4	-2.45404	-9.39304	-1	-1	-1
4	4	-2.30404	-9.39304	-1	-1	-1
4	4	-2.15404	-9.39304	-1	-1	-1
4	4	-2.00404	-9.39304	-1	-1	-1
4	4	-1.85404	-9.39304	-1	-1	-1
4	4	-1.70404	-9.39304	-1	-1	-1
4	4	-1.55404	-9.39304	-1	-1	-1
4	4	-1.40404	-9.39304	-1	-1	-1
4	4	-2.45404	-9.24304	-1	-1	-1
4	4	-2.30404	-9.24304	-1	-1	-1
4	4	-2.15404	-9.24304	-1	-1	-1
4	4	-2.00404	-9.24304	-1	-1	-1
4	4	-1.85404	-9.24304	-1	-1	-1
4	4	-1.70404	-9.24304	-1	-1	-1
4	4	-1.55404	-9.24304	-1	-1	-1
4	4	-1.40404	-9.24304	-1	-1	-1
4	4	-2.45404	-9.09304	-1	-1	-1
4	4	-2.30404	-9.09304	-1	-1	-1
4	4	-2.15404	-9.09304	-1	-1	-1
4	4	-2.00404	-9.09304	-1	-1	-1
4	4	-1.85404	-9.09304	-1	-1	-1
4	4	-1.70404	-9.09304	-1	-1	-1
4	4	-1.55404	-9.09304	-1	-1	-1
4	4	-1.40404	-9.09304	-1	-1	-1
4	4	-2.45404	-8.94304	-1	-1	-1
4	4	-2.30404	-8.94304	-1	-1	-1
4	4	-2.15404	-8.94304	-1	-1	-1
4	4	-2.00404	-8.94304	-1	-1	-1
4	4	-1.85404	-8.94304	-1	-1	-1
4	4	-1.70404	-8.94304	-1	-1	-1
4	4	-1.55404	-8.94304	-1	-1	-1
4	4	-1.40404	-8.94304	-1	-1	-1
4	4	-2.45404	-8.79304	-1	-1	-1
4	4	-2.30404	-8.79304	-1	-1	-1
4	4	-2.15404	-8.79304	-1	-1	-1
4	4	-2.00404	-8.79304	-1	-1	-1
4	4	-1.85404	-8.79304	-1	-1	-1
4	4	-1.70404	-8.79304	-1	-1	-1
4	4	-1.55404	-8.79304	-1	-1	-1
4	4	-1.40404	-8.79304	-1	-1	-1
4	4	-2.45404	-8.64304	-1	-1	-1
4	4	-2.30404	-8.64304	-1	-1	-1
4	4	-2.15404	-8.64304	-1	-1	-1
4	4	-2.00404	-8.64304	-1	-1	-1
4	4	-1.85404	-8.64304	-1	-1	-1
4	4	-1.70404	-8.64304	-1	-1	-1
4	4	-1.55404	-8.64304	-1	-1	-1
4	4	-1.40404	-8.64304	-1	-1	-1
4	4	-2.45404	-8.49304	-1	-1	-1
4	4	-2.30404	-8.49304	-1	-1	-1
4	4	-2.15404	-8.49304	-1	-1	-1
4	4	-2.00404	-8.49304	4543	4606.44	-1
4	4	-1.85404	-8.49304	4379	4453.47	-1
4	4	-1.70404	-8.49304	-1	-1	-1
4	4	-1.55404	-8.49304	-1	-1	-1
4	4	-1.40404	-8.49304	-1	-1	-1
5	4	-5.62344	4.32534	-1	-1	-1
5	4	-5.47344	4.32534	-1	-1	-1
5	4	-5.32344	4.32534	3445	3590.19	-1
5	4	-5.17344	4.32534	2099	2158.12	-1
5	4	-5.02344	4.32534	245	294.375	-1
5	4	-4.87344	4.32534	459	511.656	-1
5	4	-4.72344	4.32534	1875	1926.81	-1
5	4	-4.57344	4.32534	1609	1751.31	-1
5	4	-5.62344	4.47534	-1	-1	-1
5	4	-5.47344	4.47534	-1	-1	-1
5	4	-5.32344	4.47534	3668	3722.78	-1
5	4	-5.17344	4.47534	2513	2597.62	-1
5	4	-5.02344	4.47534	1906	2051.97	-1
5	4	-4.87344	4.47534	2132	2189.28	-1
5	4	-4.72344	4.47534	2936	2991.03	-1
5	4	-4.57344	4.47534	1828	1889.75	-1
5	4	-5.62344	4.62534	-1	-1	-1
5	4	-5.47344	4.62534	-1	-1	-1
5	4	-5.32344	4.62534	3357	3414.53	-1
5	4	-5.17344	4.62534	2659	2733.12	-1
5	4	-5.02344	4.62534	2302	2355.69	-1
5	4	-4.87344	4.62534	2404	2458.47	-1
5	4	-4.72344	4.62534	2639	2696.38	-1
5	4	-4.57344	4.62534	2993	3050.03	-1
5	4	-5.62344	4.77534	-1	-1	-1
5	4	-5.47344	4.77534	-1	-1	-1
5	4	-5.32344	4.77534	-1	-1	-1
5	4	-5.17344	4.77534	2689	2754.34	-1
5	4	-5.02344	4.77534	2543	2600.5	-1
5	4	-4.87344	4.77534	2528	2590.72	-1
5	4	-4.72344	4.77534	2751	2820.81	-1
5	4	-4.57344	4.77534	2832	2916.5	-1
5	4	-5.62344	4.92534	3981	4040.31	-1
5	4	-5.47344	4.92534	3882	3944.41	-1
5	4	-5.32344	4.92534	3331	3390.44	-1
5	4	-5.17344	4.92534	2836	2903.28	-1
5	4	-5.02344	4.92534	2959	3047.25	-1
5	4	-4.87344	4.92534	2832	2899.84	-1
5	4	-4.72344	4.92534	2937	2990.19	-1
5	4	-4.57344	4.92534	3169	3221.72	-1
5	4	-5.62344	5.07534	4005	4064.62	-1
5	4	-5.47344	5.07534	3757	3826.03	-1
5	4	-5.32344	5.07534	3577	3656.06	-1
5	4	-5.17344	5.07534	3456	3516.28	-1
5	4	-5.02344	5.07534	3183	3246.72	-1
5	4	-4.87344	5.07534	3066	3121.22	-1
5	4	-4.72344	5.07534	-1	-1	-1
5	4	-4.57344	5.07534	-1	-1	-1
5	4	-5.62344	5.22534	-1	-1	-1
5	4	-5.47344	5.22534	-1	-1	-1
5	4	-5.32344	5.22534	3613	3703.38	-1
5	4	-5.17344	5.22534	3649	3709.16	-1
5	4	-5.02344	5.22534	-1	-1	-1
5	4	-4.87344	5.22534	-1	-1	-1
5	4	-4.72344	5.22534	-1	-1	-1
5	4	-4.57344	5.22534	-1	-1	-1
5	4	-5.62344	5.37534	-1	-1	-1
5	4	-5.47344	5.37534	-1	-1	-1
5	4	-5.32344	5.37534	-1	-1	-1
5	4	-5.17344	5.37534	-1	-1	-1
5	4	-5.02344	5.37534	-1	-1	-1
5	4	-4.87344	5.37534	-1	-1	-1
5	4	-4.72344	5.37534	-1	-1	-1
5	4	-4.57344	5.37534	-1	-1	-1
6	16	3.15681	0.823862	1320	1348.72	-1
6	16	3.30681	0.823862	-1	-1	-1
6	16	3.45681	0.823862	4591	4624.38	-1
6	16	3.60681	0.823862	4419	4558.72	-1
6	16	3.15681	0.973862	492	521.156	-1
6	16	3.30681	0.973862	1380	1412.81	-1
6	16	3.45681	0.973862	-1	-1	-1
6	16	3.60681	0.973862	-1	-1	-1
6	16	3.15681	1.12386	66	94.3125	-1
6	16	3.30681	1.12386	3042	3165.56	-1
6	16	3.45681	1.12386	4384	4416.53	-1
6	16	3.60681	1.12386	-1	-1	-1
6	16	3.15681	1.27386	2591	2718.41	-1
6	16	3.30681	1.27386	3201	3231.44	-1
6	16	3.45681	1.27386	3587	3622.41	-1
6	16	3.60681	1.27386	-1	-1	-1
7	16	-3.77745	6.40756	-1	-1	-1
7	16	-3.62745	6.40756	-1	-1	-1
7	16	-3.47745	6.40756	-1	-1	-1
7	16	-3.32745	6.40756	269	386.906	-1
7	16	-3.77745	6.55756	-1	-1	-1
7	16	-3.62745	6.55756	-1	-1	-1
7	16	-3.47745	6.55756	-1	-1	-1
7	16	-3.32745	6.55756	1296	1404.12	-1
7	16	-3.77745	6.70756	-1	-1	-1
7	16	-3.62745	6.70756	-1	-1	-1
7	16	-3.47745	6.70756	-1	-1	-1
7	16	-3.32745	6.70756	-1	-1	-1
7	16	-3.77745	6.85756	-1	-1	-1
7	16	-3.62745	6.85756	-1	-1	-1
7	16	-3.47745	6.85756	-1	-1	-1
7	16	-3.32745	6.85756	-1	-1	-1
8	16	3.08096	-1.36531	1382	1413.69	-1
8	16	3.23096	-1.36531	4695	4823.94	-1
8	16	3.38096	-1.36531	-1	-1	-1
8	16	3.53096	-1.36531	-1	-1	-1
8	16	3.08096	-1.21531	1197	1328.69	-1
8	16	3.23096	-1.21531	-1	-1	-1
8	16	3.38096	-1.21531	-1	-1	-1
8	16	3.53096	-1.21531	-1	-1	-1
8	16	3.08096	-1.06531	733	760.688	-1
8	16	3.23096	-1.06531	5102	5229.84	-1
8	16	3.38096	-1.06531	-1	-1	-1
8	16	3.53096	-1.06531	-1	-1	-1
8	16	3.08096	-0.915314	535	659.375	-1
8	16	3.23096	-0.915314	2360	2477.38	-1
8	16	3.38096	-0.915314	-1	-1	-1
8	16	3.53096	-0.915314	-1	-1	-1
9	16	3.92758	-8.85212	-1	-1	-1
9	16	4.07758	-8.85212	-1	-1	-1
9	16	4.22758	-8.85212	-1	-1	-1
9	16	4.37758	-8.85212	-1	-1	-1
9	16	3.92758	-8.70212	-1	-1	-1
9	16	4.07758	-8.70212	-1	-1	-1
9	16	4.22758	-8.70212	-1	-1	-1
9	16	4.37758	-8.70212	-1	-1	-1
9	16	3.92758	-8.55212	-1	-1	-1
9	16	4.07758	-8.55212	-1	-1	-1
9	16	4.22758	-8.55212	-1	-1	-1
9	16	4.37758	-8.55212	-1	-1	-1
9	16	3.92758	-8.40212	-1	-1	-1
9	16	4.07758	-8.40212	-1	-1	-1
9	16	4.22758	-8.40212	-1	-1	-1
9	16	4.37758	-8.40212	-1	-1	-1
10	16	5.79495	-8.04755	-1	-1	-1
10	16	5.94495	-8.04755	-1	-1	-1
10	16	6.09495	-8.04755	-1	-1	-1
10	16	6.24495	-8.04755	-1	-1	-1
10	16	5.79495	-7.89755	-1	-1	-1
10	16	5.94495	-7.89755	-1	-1	-1
10	16	6.09495	-7.89755	-1	-1	-1
10	16	6.24495	-7.89755	-1	-1	-1
10	16	5.79495	-7.74755	5016	5126.06	-1
10	16	5.94495	-7.74755	-1	-1	-1
10	16	6.09495	-7.74755	-1	-1	-1
10	16	6.24495	-7.74755	-1	-1	-1
10	16	5.79495	-7.59755	1341	1443.41	-1
10	16	5.94495	-7.59755	-1	-1	-1
10	16	6.09495	-7.59755	-1	-1	-1
10	16	6.24495	-7.59755	5284	-1	-1
11	16	-2.91084	0.786974	2251	2369.97	-1
11	16	-2.76084	0.786974	173	200.375	-1
11	16	-2.61084	0.786974	438	571.156	-1
11	16	-2.46084	0.786974	565	686.625	-1
11	16	-2.91084	0.936974	-1	-1	-1
11	16	-2.76084	0.936974	2425	2450.22	-1
11	16	-2.61084	0.936974	2353	2395	-1
11	16	-2.46084	0.936974	-1	-1	-1
11	16	-2.91084	1.08697	-1	-1	-1
11	16	-2.76084	1.08697	-1	-1	-1
11	16	-2.61084	1.08697	-1	-1	-1
11	16	-2.46084	1.08697	-1	-1	-1
11	16	-2.91084	1.23697	-1	-1	-1
11	16	-2.76084	1.23697	-1	-1	-1
11	16	-2.61084	1.23697	-1	-1	-1
11	16	-2.46084	1.23697	4663	4688.06	-1
12	16	7.15305	-0.278566	-1	-1	-1
12	16	7.30305	-0.278566	-1	-1	-1
12	16	7.45305	-0.278566	-1	-1	-1
12	16	7.60305	-0.278566	-1	-1	-1
12	16	7.15305	-0.128566	-1	-1	-1
12	16	7.30305	-0.128566	-1	-1	-1
12	16	7.45305	-0.128566	-1	-1	-1
12	16	7.60305	-0.128566	-1	-1	-1
12	16	7.15305	0.0214336	-1	-1	-1
12	16	7.30305	0.0214336	-1	-1	-1
12	16	7.45305	0.0214336	-1	-1	-1
12	16	7.60305	0.0214336	-1	-1	-1
12	16	7.15305	0.171434	-1	-1	-1
12	16	7.30305	0.171434	-1	-1	-1
12	16	7.45305	0.171434	-1	-1	-1
12	16	7.60305	0.171434	-1	-1	-1
13	16	7.99616	7.14001	-1	-1	-1
13	16	8.14616	7.14001	-1	-1	-1
13	16	8.29616	7.14001	-1	-1	-1
13	16	8.44616	7.14001	-1	-1	-1
13	16	7.99616	7.29001	4788	4898.62	-1
13	16	8.14616	7.29001	-1	-1	-1
13	16	8.29616	7.29001	-1	-1	-1
13	16	8.44616	7.29001	-1	-1	-1
13	16	7.99616	7.44001	-1	-1	-1
13	16	8.14616	7.44001	-1	-1	-1
13	16	8.29616	7.44001	-1	-1	-1
13	16	8.44616	7.44001	-1	-1	-1
13	16	7.99616	7.59001	-1	-1	-1
13	16	8.14616	7.59001	-1	-1	-1
13	16	8.29616	7.59001	-1	-1	-1
13	16	8.44616	7.59001	-1	-1	-1
14	16	-0.0335548	-2.22756	2526	2560.41	-1
14	16	0.116445	-2.22756	2408	2429.47	-1
14	16	0.266445	-2.22756	2464	2505.5	-1
14	16	0.416445	-2.22756	2692	2825.66	-1
14	16	-0.0335548	-2.07756	2454	2485.44	-1
14	16	0.116445	-2.07756	333	356.781	-1
14	16	0.266445	-2.07756	2482	2511.56	-1
14	16	0.416445	-2.07756	2260	2281.16	-1
14	16	-0.0335548	-1.92756	394	417.531	-1
14	16	0.116445	-1.92756	185	219.125	-1
14	16	0.266445	-1.92756	173	214.188	-1
14	16	0.416445	-1.92756	244	273.406	-1
14	16	-0.0335548	-1.77756	112	166.062	-1
14	16	0.116445	-1.77756	52	83.0625	-1
14	16	0.266445	-1.77756	16	38.4062	-1
14	16	0.416445	-1.77756	202	230.469	-1
15	16	1.61669	8.10881	-1	-1	-1
15	16	1.76669	8.10881	-1	-1	-1
15	16	1.91669	8.10881	-1	-1	-1
15	16	2.06669	8.10881	-1	-1	-1
15	16	1.61669	8.25881	-1	-1	-1
15	16	1.76669	8.25881	-1	-1	-1
15	16	1.91669	8.25881	-1	-1	-1
15	16	2.06669	8.25881	-1	-1	-1
15	16	1.61669	8.40881	-1	-1	-1
15	16	1.76669	8.40881	-1	-1	-1
15	16	1.91669	8.40881	-1	-1	-1
15	16	2.06669	8.40881	-1	-1	-1
15	16	1.61669	8.55881	-1	-1	-1
15	16	1.76669	8.55881	-1	-1	-1
15	16	1.91669	8.55881	-1	-1	-1
15	16	2.06669	8.55881	-1	-1	-1
16	16	-3.91916	4.19754	-1	-1	-1
16	16	-3.76916	4.19754	-1	-1	-1
16	16	-3.61916	4.19754	-1	-1	-1
16	16	-3.46916	4.19754	-1	-1	-1
16	16	-3.91916	4.34754	-1	-1	-1
16	16	-3.76916	4.34754	-1	-1	-1
16	16	-3.61916	4.34754	-1	-1	-1
16	16	-3.46916	4.34754	-1	-1	-1
16	16	-3.91916	4.49754	-1	-1	-1
16	16	-3.76916	4.49754	-1	-1	-1
16	16	-3.61916	4.49754	-1	-1	-1
16	16	-3.46916	4.49754	-1	-1	-1
16	16	-3.91916	4.64754	-1	-1	-1
16	16	-3.76916	4.64754	-1	-1	-1
16	16	-3.61916	4.64754	-1	-1	-1
16	16	-3.46916	4.64754	4666	4714.91	-1
17	16	-3.39173	-9.07364	-1	-1	-1
17	16	-3.24173	-9.07364	-1	-1	-1
17	16	-3.09173	-9.07364	-1	-1	-1
17	16	-2.94173	-9.07364	-1	-1	-1
17	16	-3.39173	-8.92364	-1	-1	-1
17	16	-3.24173	-8.92364	-1	-1	-1
17	16	-3.09173	-8.92364	-1	-1	-1
17	16	-2.94173	-8.92364	-1	-1	-1
17	16	-3.39173	-8.77364	-1	-1	-1
17	16	-3.24173	-8.77364	-1	-1	-1
17	16	-3.09173	-8.77364	-1	-1	-1
17	16	-2.94173	-8.77364	-1	-1	-1
17	16	-3.39173	-8.62364	-1	-1	-1
17	16	-3.24173	-8.62364	1802	1869.53	-1
17	16	-3.09173	-8.62364	1935	2005.84	-1
17	16	-2.94173	-8.62364	5066	5164.31	-1
18	16	-6.88689	4.83934	4918	4991.22	-1
18	16	-6.73689	4.83934	4666	4797.62	-1
18	16	-6.58689	4.83934	4858	4923.28	-1
18	16	-6.43689	4.83934	5012	5078.03	-1
18	16	-6.88689	4.98934	-1	-1	-1
18	16	-6.73689	4.98934	-1	-1	-1
18	16	-6.58689	4.98934	-1	-1	-1
18	16	-6.43689	4.98934	-1	-1	-1
18	16	-6.88689	5.13934	-1	-1	-1
18	16	-6.73689	5.13934	-1	-1	-1
18	16	-6.58689	5.13934	-1	-1	-1
18	16	-6.43689	5.13934	-1	-1	-1
18	16	-6.88689	5.28934	-1	-1	-1
18	16	-6.73689	5.28934	-1	-1	-1
18	16	-6.58689	5.28934	-1	-1	-1
18	16	-6.43689	5.28934	-1	-1	-1
19	16	6.78311	-5.91257	-1	-1	-1
19	16	6.93311	-5.91257	-1	-1	-1
19	16	7.08311	-5.91257	-1	-1	-1
19	16	7.23311	-5.91257	-1	-1	-1
19	16	6.78311	-5.76257	-1	-1	-1
19	16	6.93311	-5.76257	-1	-1	-1
19	16	7.08311	-5.76257	-1	-1	-1
19	16	7.23311	-5.76257	-1	-1	-1
19	16	6.78311	-5.61257	-1	-1	-1
19	16	6.93311	-5.61257	-1	-1	-1
19	16	7.08311	-5.61257	-1	-1	-1
19	16	7.23311	-5.61257	-1	-1	-1
19	16	6.78311	-5.46257	-1	-1	-1
19	16	6.93311	-5.46257	-1	-1	-1
19	16	7.08311	-5.46257	-1	-1	-1
19	16	7.23311	-5.46257	-1	-1	-1
20	16	0.685853	4.23072	445	486.531	-1
20	16	0.835853	4.23072	-1	-1	-1
20	16	0.985853	4.23072	344	379.312	-1
20	16	1.13585	4.23072	417	467.719	-1
20	16	0.685853	4.38072	-1	-1	-1
20	16	0.835853	4.38072	-1	-1	-1
20	16	0.985853	4.38072	4560	4597.31	-1
20	16	1.13585	4.38072	459	497.562	-1
20	16	0.685853	4.53072	-1	-1	-1
20	16	0.835853	4.53072	-1	-1	-1
20	16	0.985853	4.53072	4630	4667	-1
20	16	1.13585	4.53072	2447	2568.31	-1
20	16	0.685853	4.68072	-1	-1	-1
20	16	0.835853	4.68072	-1	-1	-1
20	16	0.985853	4.68072	-1	-1	-1
20	16	1.13585	4.68072	4744	4781.34	-1
21	16	4.66231	-2.03393	-1	-1	-1
21	16	4.81231	-2.03393	-1	-1	-1
21	16	4.96231	-2.03393	-1	-1	-1
21	16	5.11231	-2.03393	-1	-1	-1
21	16	4.66231	-1.88393	-1	-1	-1
21	16	4.81231	-1.88393	-1	-1	-1
21	16	4.96231	-1.88393	-1	-1	-1
21	16	5.11231	-1.88393	-1	-1	-1
21	16	4.66231	-1.73393	-1	-1	-1
21	16	4.81231	-1.73393	-1	-1	-1
21	16	4.96231	-1.73393	-1	-1	-1
21	16	5.11231	-1.73393	-1	-1	-1
21	16	4.66231	-1.58393	-1	-1	-1
21	16	4.81231	-1.58393	-1	-1	-1
21	16	4.96231	-1.58393	-1	-1	-1
21	16	5.11231	-1.58393	-1	-1	-1
0	256	-3.76138	-4.63287	64	136.375	-1
0	256	0.603079	3.19578	-1	-1	-1
0	256	4.16455	8.25198	-1	-1	-1
0	256	2.1475	-9.67442	-1	-1	-1
0	256	8.06462	3.20047	-1	-1	-1
0	256	-2.3709	-6.65541	1040	1140.88	-1
0	256	5.10707	-3.27556	670	782.531	-1
0	256	1.61133	-2.93594	334	478.469	-1
0	256	4.21021	-8.0106	-1	-1	-1
0	256	8.2525	-5.30776	-1	-1	-1
0	256	-0.901146	4.21103	4495	4610.38	-1
0	256	3.74912	-8.7289	-1	-1	-1
0	256	7.77113	3.03888	-1	-1	-1
0	256	5.82925	-6.64416	-1	-1	-1
0	256	-4.99984	-7.40005	-1	-1	-1
0	256	-7.1222	-6.08318	2108	2237.47	-1
0	256	-5.29952	-2.9986	-1	-1	-1
0	256	-4.58789	1.89887	-1	-1	-1
0	256	-0.268117	-9.29887	-1	-1	-1
0	256	2.54708	2.23242	297	456.469	-1
0	256	4.20351	-2.99477	862	1003.97	-1
0	256	9.56077	-6.99321	-1	-1	-1
0	256	-9.17465	-1.09337	4086	4176.09	-1
0	256	-5.39538	-6.60508	-1	-1	-1
0	256	-0.549245	-7.65207	-1	-1	-1
0	256	3.61545	-0.819776	-1	-1	-1
0	256	-6.37818	3.24452	-1	-1	-1
0	256	-1.57743	4.5125	855	979.094	-1
0	256	6.04526	3.94472	4597	4650.38	-1
0	256	-3.57411	0.295547	1054	1176.69	-1
0	256	-4.50691	-8.36309	-1	-1	-1
0	256	-1.14851	-3.45222	4024	4156.44	-1
0	256	3.85374	8.47531	-1	-1	-1
0	256	6.27366	-4.04489	-1	-1	-1
0	256	-3.03919	-3.11151	509	674.375	-1
0	256	-2.54546	2.63508	684	843.438	-1
0	256	-3.01201	9.2576	-1	-1	-1
0	256	-8.11794	5.05116	4245	4337.06	-1
0	256	-1.25253	9.60072	-1	-1	-1
0	256	-5.82947	1.94225	-1	-1	-1
0	256	-8.91525	-3.04235	-1	-1	-1
0	256	5.80813	7.19912	-1	-1	-1
0	256	-5.27245	-0.749021	4489	4533.97	-1
0	256	6.36562	-0.737041	722	823.031	-1
0	256	-6.31931	-2.4725	3140	3252.09	-1
0	256	-8.0642	-4.76942	-1	-1	-1
0	256	-6.91526	-4.95256	-1	-1	-1
0	256	-5.0775	1.17378	203	319.688	-1
0	256	-1.39952	2.16592	1070	1094.38	-1
0	256	4.70898	0.0607026	5125	5236.59	-1
0	256	-6.48063	3.4761	-1	-1	-1
0	256	3.99223	4.13163	839	994.219	-1
0	256	-1.54838	-6.52166	-1	-1	-1
0	256	-4.27992	0.328621	-1	-1	-1
0	256	4.44743	8.49444	1085	1152.75	-1
0	256	1.34112	-8.8583	-1	-1	-1
0	256	4.30067	4.80366	2318	2464.34	-1
0	256	-4.94142	-7.73053	-1	-1	-1
0	256	-4.08427	8.02603	-1	-1	-1
0	256	5.14231	-4.65654	-1	-1	-1
0	256	6.23512	7.13673	5325	-1	-1
0	256	-6.5469	-5.05923	-1	-1	-1
0	256	4.865	-1.1524	97	139.875	-1
0	256	9.34128	3.42505	-1	-1	-1
0	256	-7.82256	-1.019	-1	-1	-1
0	256	-3.531	-2.29934	4147	4180.22	-1
0	256	5.55118	-4.65981	-1	-1	-1
0	256	2.23525	7.26569	-1	-1	-1
0	256	-8.32524	1.62132	-1	-1	-1
0	256	-8.70622	-1.7661	-1	-1	-1
0	256	-3.15642	7.90699	-1	-1	-1
0	256	7.85522	5.8981	-1	-1	-1
0	256	4.63236	-3.98616	2701	2834.97	-1
0	256	-7.76943	0.335814	-1	-1	-1
0	256	1.9214	-8.504	-1	-1	-1
0	256	-7.18099	5.31297	-1	-1	-1
0	256	-6.83836	3.1753	-1	-1	-1
0	256	-3.38868	9.04396	-1	-1	-1
0	256	-3.86085	-0.477234	2341	2470.19	-1
0	256	5.04505	8.30314	-1	-1	-1
0	256	-4.74875	-7.37335	-1	-1	-1
0	256	-2.1482	2.83399	3767	3906.12	-1
0	256	-3.10657	7.7216	-1	-1	-1
0	256	4.52703	-7.4463	-1	-1	-1
0	256	8.66658	2.85271	-1	-1	-1
0	256	4.10122	1.16977	-1	-1	-1
0	256	6.31994	-0.291744	-1	-1	-1
0	256	-1.06686	-7.13897	-1	-1	-1
0	256	-8.23326	-3.23414	-1	-1	-1
0	256	6.16797	5.94124	-1	-1	-1
0	256	2.83218	-3.29751	1079	1232.12	-1
0	256	-0.681313	-6.99941	-1	-1	-1
0	256	-5.85788	-3.62949	-1	-1	-1
0	256	8.27609	4.94793	-1	-1	-1
0	256	5.71715	-1.2592	-1	-1	-1
0	256	6.06891	5.11078	-1	-1	-1
0	256	5.71124	3.02971	5348	-1	-1
0	256	7.41921	-1.41408	-1	-1	-1
0	256	0.454178	8.24631	1802	1860.97	-1
0	256	-4.22037	-7.46172	-1	-1	-1
0	256	7.17697	-3.2905	-1	-1	-1
0	256	-3.9072	6.77861	-1	-1	-1
0	256	6.8592	6.88322	2077	2206.31	-1
0	256	-5.07628	8.22642	-1	-1	-1
0	256	1.27293	4.19997	910	1021.06	-1
0	256	-3.95761	-7.46928	-1	-1	-1
0	256	-2.92074	1.98919	217	246.656	-1
0	256	2.43361	-2.17008	508	662.156	-1
0	256	1.78527	2.98562	309	468.062	-1
0	256	-3.39793	-1.966	3060	3208.56	-1
0	256	6.30756	-5.17589	-1	-1	-1
0	256	-1.17784	-7.93308	-1	-1	-1
0	256	-1.99834	8.02454	-1	-1	-1
0	256	0.6522	-7.09001	-1	-1	-1
0	256	3.20954	-4.05756	829	870.062	-1
0	256	-0.501366	-4.15469	4821	4858.56	-1
0	256	1.66451	3.6396	4396	4520.03	-1
0	256	6.90195	-1.3143	-1	-1	-1
0	256	-9.61653	2.63875	3872	3940.41	-1
0	256	6.20427	1.34184	-1	-1	-1
0	256	-5.87546	3.37965	5066	5181.34	-1
0	256	5.65533	1.4273	-1	-1	-1
0	256	7.87019	-2.07584	-1	-1	-1
0	256	-0.141416	6.4933	-1	-1	-1
0	256	-2.44832	7.13592	-1	-1	-1
0	256	8.76053	4.06884	-1	-1	-1
0	256	-6.84658	-1.52676	3254	3362.47	-1
0	256	-4.64586	-6.80147	1977	2100.09	-1
0	256	-5.14409	-1.36495	3026	3140.72	-1
0	256	-6.18506	-3.3792	-1	-1	-1
0	256	2.65739	-3.6952	2130	2270.03	-1
0	256	2.59974	3.70042	1271	1422.22	-1
0	256	-0.558106	-8.72506	-1	-1	-1
0	256	2.31412	3.80449	4901	4936.91	-1
0	256	-8.32638	4.20399	-1	-1	-1
0	256	0.0496602	-5.29167	1129	1240.69	-1
0	256	-3.82702	-3.02541	691	831.375	-1
0	256	2.15908	-4.13157	1050	1185.69	-1
0	256	4.76173	1.03315	-1	-1	-1
0	256	8.81926	-0.490464	-1	-1	-1
0	256	-7.03983	1.05791	940	1043.34	-1
0	256	3.92547	6.84255	-1	-1	-1
0	256	5.38147	-4.00328	-1	-1	-1
0	256	2.0557	6.47856	-1	-1	-1
0	256	0.833994	8.13469	-1	-1	-1
0	256	-0.0470008	6.29977	-1	-1	-1
0	256	-7.52515	-3.72794	3462	3552.72	-1
0	256	8.51237	1.53879	-1	-1	-1
0	256	-7.99647	-4.52022	-1	-1	-1
0	256	-6.37951	3.86167	1053	1176.31	-1
0	256	-3.52703	2.73478	-1	-1	-1
0	256	-0.157856	6.1086	3754	3800.38	-1
0	256	8.69245	-2.10978	1259	1325.28	-1
0	256	8.2336	3.83893	3461	3528	-1
0	256	-8.4483	2.8509	-1	-1	-1
0	256	5.53841	-4.31181	3349	3404.97	-1
0	256	-6.08613	7.3377	-1	-1	-1
0	256	-2.71887	-1.93505	-1	-1	-1
0	256	-5.80265	5.70911	-1	-1	-1
0	256	9.49409	0.654766	4211	4295.56	-1
0	256	-3.18261	-7.26199	316	411.625	-1
0	256	6.14406	5.01955	-1	-1	-1
0	256	8.93672	-1.46731	-1	-1	-1
0	256	-4.3524	-7.84946	-1	-1	-1
0	256	2.06155	9.07097	-1	-1	-1
0	256	-3.86644	5.54628	4342	4474.69	-1
0	256	6.042	-5.95221	-1	-1	-1
0	256	4.52273	1.93068	782	894.281	-1
0	256	6.87477	1.62405	-1	-1	-1
0	256	-6.98657	-1.8473	1687	1750.03	-1
0	256	5.12406	5.84635	3905	4027.38	-1
0	256	5.00668	-4.79432	-1	-1	-1
0	256	-3.03756	-2.89803	698	852.188	-1
0	256	-5.75457	1.60144	5174	5221.34	-1
0	256	4.33024	3.683	4376	4538.53	-1
0	256	0.0479209	7.08789	-1	-1	-1
0	256	7.84829	-2.42715	-1	-1	-1
0	256	-0.334666	8.76149	4825	4887.69	-1
0	256	9.33317	-0.937008	-1	-1	-1
0	256	6.25577	2.14744	-1	-1	-1
0	256	-6.9587	3.24654	-1	-1	-1
0	256	-5.77512	1.48409	-1	-1	-1
0	256	0.00378431	3.40338	669	698.156	-1
0	256	-1.49591	-8.11779	-1	-1	-1
0	256	-0.857267	-6.34598	-1	-1	-1
0	256	-0.0174615	9.57137	-1	-1	-1
0	256	-5.05131	0.53089	56	99.2188	-1
0	256	0.25567	-8.58182	-1	-1	-1
0	256	-0.748868	-8.54577	-1	-1	-1
0	256	4.58983	-7.62443	-1	-1	-1
0	256	6.44341	-2.13213	-1	-1	-1
0	256	7.26688	-0.516108	-1	-1	-1
0	256	-7.5727	4.41378	-1	-1	-1
0	256	-4.79781	1.40589	-1	-1	-1
0	256	7.77403	-5.85649	-1	-1	-1
0	256	7.61736	-4.88613	-1	-1	-1
0	256	2.03835	3.51997	-1	-1	-1
0	256	-0.390752	-6.10452	4391	4492.97	-1
0	256	-0.144862	-8.03568	-1	-1	-1
0	256	8.99776	2.1327	-1	-1	-1
0	256	7.8784	2.29042	-1	-1	-1
0	256	7.55751	-6.33617	-1	-1	-1
0	256	-2.66432	-4.50661	68	117.688	-1
0	256	-4.67852	-8.61764	-1	-1	-1
0	256	-7.1736	3.90652	-1	-1	-1
0	256	-0.27446	4.41967	592	628.25	-1
0	256	-1.51395	-7.50489	5351	-1	-1
0	256	-1.16916	7.6083	-1	-1	-1
0	256	-4.74107	8.39817	-1	-1	-1
0	256	0.230559	-5.65005	-1	-1	-1
0	256	4.79328	-2.45607	-1	-1	-1
0	256	1.99928	-2.52767	805	954.438	-1
0	256	-7.75048	-5.93141	-1	-1	-1
0	256	6.82992	4.76284	-1	-1	-1
0	256	3.82242	6.21955	-1	-1	-1
0	256	6.84137	-4.16565	-1	-1	-1
0	256	3.96656	5.11235	737	799.094	-1
0	256	-0.561081	-3.54858	4087	4205.09	-1
0	256	5.00949	-8.42067	-1	-1	-1
0	256	-3.62621	-3.66495	-1	-1	-1
0	256	2.99485	7.78034	-1	-1	-1
0	256	6.81282	-0.393926	-1	-1	-1
0	256	3.21777	6.0305	4232	4351.16	-1
0	256	0.773403	6.4062	-1	-1	-1
0	256	-5.0622	7.84337	4338	4433.91	-1
0	256	-4.35239	0.728576	250	285.062	-1
0	256	4.25289	-7.57269	-1	-1	-1
0	256	-3.10351	0.94835	-1	-1	-1
0	256	-2.38441	6.24922	5055	5170.94	-1
0	256	-3.09683	2.37153	1735	1786.12	-1
0	256	-7.44135	5.30161	-1	-1	-1
0	256	-2.80277	-1.50907	1676	1706.59	-1
0	256	9.35575	0.131997	1269	1344.12	-1
0	256	5.11156	-4.5272	4346	4493.25	-1
0	256	2.5751	-3.87506	4687	4818.69	-1
0	256	-7.32016	-1.54816	219	310.688	-1
0	256	-7.31974	-2.37701	548	658.969	-1
0	256	2.23974	5.41453	-1	-1	-1
0	256	5.65288	7.60846	-1	-1	-1
0	256	-1.61334	4.03913	949	1075.47	-1
0	256	4.24456	6.45031	4614	4683.84	-1
0	256	7.74816	1.41713	-1	-1	-1
0	256	5.67824	-5.61171	1930	2066.91	-1
0	256	-5.58396	-3.44541	-1	-1	-1
0	256	6.35257	2.94118	5319	5373.41	-1
0	256	-8.35448	4.47588	-1	-1	-1
0	256	-5.6183	1.96985	2084	2128.81	-1
0	256	-4.31775	7.7255	-1	-1	-1
0	256	-4.71415	-5.03433	-1	-1	-1
0	256	2.90187	-4.80432	-1	-1	-1
0	256	6.4771	0.860821	4218	4272.91	-1
0	256	8.68185	-1.03665	-1	-1	-1
0	256	-8.18978	-2.76453	-1	-1	-1
0	256	-7.71693	-3.33342	2615	2703.94	-1
0	256	3.12693	6.65834	-1	-1	-1
0	256	4.34361	-2.53702	905	1030.75	-1
