Pile ID	Distribution Type	X-Position	Y-Position	Pickup Time	Drop Off Time	Ant ID
1	1	6.74228	-4.95591	-1	-1	-1
1	1	6.89228	-4.95591	-1	-1	-1
1	1	7.04228	-4.95591	-1	-1	-1
1	1	7.19228	-4.95591	-1	-1	-1
1	1	7.34228	-4.95591	-1	-1	-1
1	1	7.49228	-4.95591	-1	-1	-1
1	1	7.64228	-4.95591	-1	-1	-1
1	1	7.79228	-4.95591	-1	-1	-1
1	1	7.94228	-4.95591	-1	-1	-1
1	1	8.09228	-4.95591	-1	-1	-1
1	1	8.24228	-4.95591	-1	-1	-1
1	1	8.39228	-4.95591	-1	-1	-1
1	1	8.54228	-4.95591	-1	-1	-1
1	1	8.69228	-4.95591	-1	-1	-1
1	1	8.84228	-4.95591	-1	-1	-1
1	1	8.99228	-4.95591	-1	-1	-1
1	1	6.74228	-4.80591	-1	-1	-1
1	1	6.89228	-4.80591	-1	-1	-1
1	1	7.04228	-4.80591	-1	-1	-1
1	1	7.19228	-4.80591	-1	-1	-1
1	1	7.34228	-4.80591	-1	-1	-1
1	1	7.49228	-4.80591	-1	-1	-1
1	1	7.64228	-4.80591	-1	-1	-1
1	1	7.79228	-4.80591	-1	-1	-1
1	1	7.94228	-4.80591	-1	-1	-1
1	1	8.09228	-4.80591	-1	-1	-1
1	1	8.24228	-4.80591	-1	-1	-1
1	1	8.39228	-4.80591	-1	-1	-1
1	1	8.54228	-4.80591	-1	-1	-1
1	1	8.69228	-4.80591	-1	-1	-1
1	1	8.84228	-4.80591	-1	-1	-1
1	1	8.99228	-4.80591	-1	-1	-1
1	1	6.74228	-4.65591	-1	-1	-1
1	1	6.89228	-4.65591	-1	-1	-1
1	1	7.04228	-4.65591	-1	-1	-1
1	1	7.19228	-4.65591	-1	-1	-1
1	1	7.34228	-4.65591	-1	-1	-1
1	1	7.49228	-4.65591	-1	-1	-1
1	1	7.64228	-4.65591	-1	-1	-1
1	1	7.79228	-4.65591	-1	-1	-1
1	1	7.94228	-4.65591	-1	-1	-1
1	1	8.09228	-4.65591	-1	-1	-1
1	1	8.24228	-4.65591	-1	-1	-1
1	1	8.39228	-4.65591	-1	-1	-1
1	1	8.54228	-4.65591	-1	-1	-1
1	1	8.69228	-4.65591	-1	-1	-1
1	1	8.84228	-4.65591	-1	-1	-1
1	1	8.99228	-4.65591	-1	-1	-1
1	1	6.74228	-4.50591	-1	-1	-1
1	1	6.89228	-4.50591	-1	-1	-1
1	1	7.04228	-4.50591	-1	-1	-1
1	1	7.19228	-4.50591	-1	-1	-1
1	1	7.34228	-4.50591	-1	-1	-1
1	1	7.49228	-4.50591	-1	-1	-1
1	1	7.64228	-4.50591	-1	-1	-1
1	1	7.79228	-4.50591	-1	-1	-1
1	1	7.94228	-4.50591	-1	-1	-1
1	1	8.09228	-4.50591	-1	-1	-1
1	1	8.24228	-4.50591	-1	-1	-1
1	1	8.39228	-4.50591	-1	-1	-1
1	1	8.54228	-4.50591	-1	-1	-1
1	1	8.69228	-4.50591	-1	-1	-1
1	1	8.84228	-4.50591	-1	-1	-1
1	1	8.99228	-4.50591	-1	-1	-1
1	1	6.74228	-4.35591	-1	-1	-1
1	1	6.89228	-4.35591	-1	-1	-1
1	1	7.04228	-4.35591	-1	-1	-1
1	1	7.19228	-4.35591	-1	-1	-1
1	1	7.34228	-4.35591	-1	-1	-1
1	1	7.49228	-4.35591	-1	-1	-1
1	1	7.64228	-4.35591	-1	-1	-1
1	1	7.79228	-4.35591	-1	-1	-1
1	1	7.94228	-4.35591	-1	-1	-1
1	1	8.09228	-4.35591	-1	-1	-1
1	1	8.24228	-4.35591	-1	-1	-1
1	1	8.39228	-4.35591	-1	-1	-1
1	1	8.54228	-4.35591	-1	-1	-1
1	1	8.69228	-4.35591	-1	-1	-1
1	1	8.84228	-4.35591	-1	-1	-1
1	1	8.99228	-4.35591	-1	-1	-1
1	1	6.74228	-4.20591	-1	-1	-1
1	1	6.89228	-4.20591	-1	-1	-1
1	1	7.04228	-4.20591	-1	-1	-1
1	1	7.19228	-4.20591	-1	-1	-1
1	1	7.34228	-4.20591	-1	-1	-1
1	1	7.49228	-4.20591	-1	-1	-1
1	1	7.64228	-4.20591	-1	-1	-1
1	1	7.79228	-4.20591	-1	-1	-1
1	1	7.94228	-4.20591	-1	-1	-1
1	1	8.09228	-4.20591	-1	-1	-1
1	1	8.24228	-4.20591	-1	-1	-1
1	1	8.39228	-4.20591	-1	-1	-1
1	1	8.54228	-4.20591	-1	-1	-1
1	1	8.69228	-4.20591	-1	-1	-1
1	1	8.84228	-4.20591	-1	-1	-1
1	1	8.99228	-4.20591	-1	-1	-1
1	1	6.74228	-4.05591	-1	-1	-1
1	1	6.89228	-4.05591	-1	-1	-1
1	1	7.04228	-4.05591	-1	-1	-1
1	1	7.19228	-4.05591	-1	-1	-1
1	1	7.34228	-4.05591	-1	-1	-1
1	1	7.49228	-4.05591	-1	-1	-1
1	1	7.64228	-4.05591	-1	-1	-1
1	1	7.79228	-4.05591	-1	-1	-1
1	1	7.94228	-4.05591	-1	-1	-1
1	1	8.09228	-4.05591	-1	-1	-1
1	1	8.24228	-4.05591	-1	-1	-1
1	1	8.39228	-4.05591	-1	-1	-1
1	1	8.54228	-4.05591	-1	-1	-1
1	1	8.69228	-4.05591	-1	-1	-1
1	1	8.84228	-4.05591	-1	-1	-1
1	1	8.99228	-4.05591	-1	-1	-1
1	1	6.74228	-3.90591	-1	-1	-1
1	1	6.89228	-3.90591	-1	-1	-1
1	1	7.04228	-3.90591	-1	-1	-1
1	1	7.19228	-3.90591	-1	-1	-1
1	1	7.34228	-3.90591	-1	-1	-1
1	1	7.49228	-3.90591	-1	-1	-1
1	1	7.64228	-3.90591	-1	-1	-1
1	1	7.79228	-3.90591	-1	-1	-1
1	1	7.94228	-3.90591	-1	-1	-1
1	1	8.09228	-3.90591	-1	-1	-1
1	1	8.24228	-3.90591	-1	-1	-1
1	1	8.39228	-3.90591	-1	-1	-1
1	1	8.54228	-3.90591	-1	-1	-1
1	1	8.69228	-3.90591	-1	-1	-1
1	1	8.84228	-3.90591	-1	-1	-1
1	1	8.99228	-3.90591	-1	-1	-1
1	1	6.74228	-3.75591	-1	-1	-1
1	1	6.89228	-3.75591	-1	-1	-1
1	1	7.04228	-3.75591	-1	-1	-1
1	1	7.19228	-3.75591	-1	-1	-1
1	1	7.34228	-3.75591	-1	-1	-1
1	1	7.49228	-3.75591	-1	-1	-1
1	1	7.64228	-3.75591	-1	-1	-1
1	1	7.79228	-3.75591	-1	-1	-1
1	1	7.94228	-3.75591	-1	-1	-1
1	1	8.09228	-3.75591	-1	-1	-1
1	1	8.24228	-3.75591	-1	-1	-1
1	1	8.39228	-3.75591	-1	-1	-1
1	1	8.54228	-3.75591	-1	-1	-1
1	1	8.69228	-3.75591	-1	-1	-1
1	1	8.84228	-3.75591	-1	-1	-1
1	1	8.99228	-3.75591	-1	-1	-1
1	1	6.74228	-3.60591	-1	-1	-1
1	1	6.89228	-3.60591	-1	-1	-1
1	1	7.04228	-3.60591	-1	-1	-1
1	1	7.19228	-3.60591	-1	-1	-1
1	1	7.34228	-3.60591	-1	-1	-1
1	1	7.49228	-3.60591	-1	-1	-1
1	1	7.64228	-3.60591	-1	-1	-1
1	1	7.79228	-3.60591	-1	-1	-1
1	1	7.94228	-3.60591	-1	-1	-1
1	1	8.09228	-3.60591	-1	-1	-1
1	1	8.24228	-3.60591	-1	-1	-1
1	1	8.39228	-3.60591	-1	-1	-1
1	1	8.54228	-3.60591	-1	-1	-1
1	1	8.69228	-3.60591	-1	-1	-1
1	1	8.84228	-3.60591	-1	-1	-1
1	1	8.99228	-3.60591	-1	-1	-1
1	1	6.74228	-3.45591	-1	-1	-1
1	1	6.89228	-3.45591	-1	-1	-1
1	1	7.04228	-3.45591	-1	-1	-1
1	1	7.19228	-3.45591	-1	-1	-1
1	1	7.34228	-3.45591	-1	-1	-1
1	1	7.49228	-3.45591	-1	-1	-1
1	1	7.64228	-3.45591	-1	-1	-1
1	1	7.79228	-3.45591	-1	-1	-1
1	1	7.94228	-3.45591	-1	-1	-1
1	1	8.09228	-3.45591	-1	-1	-1
1	1	8.24228	-3.45591	-1	-1	-1
1	1	8.39228	-3.45591	-1	-1	-1
1	1	8.54228	-3.45591	-1	-1	-1
1	1	8.69228	-3.45591	-1	-1	-1
1	1	8.84228	-3.45591	-1	-1	-1
1	1	8.99228	-3.45591	-1	-1	-1
1	1	6.74228	-3.30591	-1	-1	-1
1	1	6.89228	-3.30591	-1	-1	-1
1	1	7.04228	-3.30591	-1	-1	-1
1	1	7.19228	-3.30591	-1	-1	-1
1	1	7.34228	-3.30591	-1	-1	-1
1	1	7.49228	-3.30591	-1	-1	-1
1	1	7.64228	-3.30591	-1	-1	-1
1	1	7.79228	-3.30591	-1	-1	-1
1	1	7.94228	-3.30591	-1	-1	-1
1	1	8.09228	-3.30591	-1	-1	-1
1	1	8.24228	-3.30591	-1	-1	-1
1	1	8.39228	-3.30591	-1	-1	-1
1	1	8.54228	-3.30591	-1	-1	-1
1	1	8.69228	-3.30591	-1	-1	-1
1	1	8.84228	-3.30591	-1	-1	-1
1	1	8.99228	-3.30591	-1	-1	-1
1	1	6.74228	-3.15591	-1	-1	-1
1	1	6.89228	-3.15591	-1	-1	-1
1	1	7.04228	-3.15591	-1	-1	-1
1	1	7.19228	-3.15591	-1	-1	-1
1	1	7.34228	-3.15591	-1	-1	-1
1	1	7.49228	-3.15591	-1	-1	-1
1	1	7.64228	-3.15591	-1	-1	-1
1	1	7.79228	-3.15591	-1	-1	-1
1	1	7.94228	-3.15591	-1	-1	-1
1	1	8.09228	-3.15591	-1	-1	-1
1	1	8.24228	-3.15591	-1	-1	-1
1	1	8.39228	-3.15591	-1	-1	-1
1	1	8.54228	-3.15591	-1	-1	-1
1	1	8.69228	-3.15591	-1	-1	-1
1	1	8.84228	-3.15591	-1	-1	-1
1	1	8.99228	-3.15591	-1	-1	-1
1	1	6.74228	-3.00591	-1	-1	-1
1	1	6.89228	-3.00591	-1	-1	-1
1	1	7.04228	-3.00591	-1	-1	-1
1	1	7.19228	-3.00591	-1	-1	-1
1	1	7.34228	-3.00591	-1	-1	-1
1	1	7.49228	-3.00591	-1	-1	-1
1	1	7.64228	-3.00591	-1	-1	-1
1	1	7.79228	-3.00591	-1	-1	-1
1	1	7.94228	-3.00591	-1	-1	-1
1	1	8.09228	-3.00591	-1	-1	-1
1	1	8.24228	-3.00591	-1	-1	-1
1	1	8.39228	-3.00591	-1	-1	-1
1	1	8.54228	-3.00591	2263	2346.03	-1
1	1	8.69228	-3.00591	2440	2542.81	-1
1	1	8.84228	-3.00591	2430	2522.78	-1
1	1	8.99228	-3.00591	-1	-1	-1
1	1	6.74228	-2.85591	5029	5142.84	-1
1	1	6.89228	-2.85591	-1	-1	-1
1	1	7.04228	-2.85591	-1	-1	-1
1	1	7.19228	-2.85591	-1	-1	-1
1	1	7.34228	-2.85591	5349	-1	-1
1	1	7.49228	-2.85591	5157	5229.47	-1
1	1	7.64228	-2.85591	5311	5399.16	-1
1	1	7.79228	-2.85591	-1	-1	-1
1	1	7.94228	-2.85591	-1	-1	-1
1	1	8.09228	-2.85591	-1	-1	-1
1	1	8.24228	-2.85591	-1	-1	-1
1	1	8.39228	-2.85591	2390	2465.69	-1
1	1	8.54228	-2.85591	2173	2268.81	-1
1	1	8.69228	-2.85591	2028	2096.34	-1
1	1	8.84228	-2.85591	2220	2325.09	-1
1	1	8.99228	-2.85591	2409	2498.19	-1
1	1	6.74228	-2.70591	2366	2473.69	-1
1	1	6.89228	-2.70591	2568	2625.34	-1
1	1	7.04228	-2.70591	-1	-1	-1
1	1	7.19228	-2.70591	-1	-1	-1
1	1	7.34228	-2.70591	5179	5245	-1
1	1	7.49228	-2.70591	5111	5180.84	-1
1	1	7.64228	-2.70591	4991	5054	-1
1	1	7.79228	-2.70591	5287	5357.25	-1
1	1	7.94228	-2.70591	-1	-1	-1
1	1	8.09228	-2.70591	-1	-1	-1
1	1	8.24228	-2.70591	-1	-1	-1
1	1	8.39228	-2.70591	2541	2611.44	-1
1	1	8.54228	-2.70591	1654	1750.56	-1
1	1	8.69228	-2.70591	1833	1907.91	-1
1	1	8.84228	-2.70591	2013	2091.91	-1
1	1	8.99228	-2.70591	2259	2338.31	-1
2	4	-3.29842	-1.70934	-1	-1	-1
2	4	-3.14842	-1.70934	-1	-1	-1
2	4	-2.99842	-1.70934	-1	-1	-1
2	4	-2.84842	-1.70934	2990	3018.16	-1
2	4	-2.69842	-1.70934	2915	2944.31	-1
2	4	-2.54842	-1.70934	2959	2989.94	-1
2	4	-2.39842	-1.70934	5128	5155.94	-1
2	4	-2.24842	-1.70934	310	349.438	-1
2	4	-3.29842	-1.55934	-1	-1	-1
2	4	-3.14842	-1.55934	-1	-1	-1
2	4	-2.99842	-1.55934	-1	-1	-1
2	4	-2.84842	-1.55934	3820	3951.16	-1
2	4	-2.69842	-1.55934	2767	2803.62	-1
2	4	-2.54842	-1.55934	2601	2631.06	-1
2	4	-2.39842	-1.55934	463	522.75	-1
2	4	-2.24842	-1.55934	137	283.406	-1
2	4	-3.29842	-1.40934	-1	-1	-1
2	4	-3.14842	-1.40934	-1	-1	-1
2	4	-2.99842	-1.40934	-1	-1	-1
2	4	-2.84842	-1.40934	-1	-1	-1
2	4	-2.69842	-1.40934	2830	2871.75	-1
2	4	-2.54842	-1.40934	2659	2696.94	-1
2	4	-2.39842	-1.40934	364	422.125	-1
2	4	-2.24842	-1.40934	330	408.281	-1
2	4	-3.29842	-1.25934	-1	-1	-1
2	4	-3.14842	-1.25934	-1	-1	-1
2	4	-2.99842	-1.25934	-1	-1	-1
2	4	-2.84842	-1.25934	-1	-1	-1
2	4	-2.69842	-1.25934	-1	-1	-1
2	4	-2.54842	-1.25934	-1	-1	-1
2	4	-2.39842	-1.25934	2814	2845	-1
2	4	-2.24842	-1.25934	275	428.375	-1
2	4	-3.29842	-1.10934	-1	-1	-1
2	4	-3.14842	-1.10934	-1	-1	-1
2	4	-2.99842	-1.10934	-1	-1	-1
2	4	-2.84842	-1.10934	-1	-1	-1
2	4	-2.69842	-1.10934	-1	-1	-1
2	4	-2.54842	-1.10934	4244	4268.19	-1
2	4	-2.39842	-1.10934	4080	4213.72	-1
2	4	-2.24842	-1.10934	289	337	-1
2	4	-3.29842	-0.959339	-1	-1	-1
2	4	-3.14842	-0.959339	-1	-1	-1
2	4	-2.99842	-0.959339	-1	-1	-1
2	4	-2.84842	-0.959339	-1	-1	-1
2	4	-2.69842	-0.959339	3315	3457.12	-1
2	4	-2.54842	-0.959339	1911	1934.91	-1
2	4	-2.39842	-0.959339	1970	1993.16	-1
2	4	-2.24842	-0.959339	1692	1822.41	-1
2	4	-3.29842	-0.809339	-1	-1	-1
2	4	-3.14842	-0.809339	-1	-1	-1
2	4	-2.99842	-0.809339	-1	-1	-1
2	4	-2.84842	-0.809339	3469	3495.75	-1
2	4	-2.69842	-0.809339	2418	2442.62	-1
2	4	-2.54842	-0.809339	1861	1884.59	-1
2	4	-2.39842	-0.809339	1135	1160.47	-1
2	4	-2.24842	-0.809339	572	708.625	-1
2	4	-3.29842	-0.659339	-1	-1	-1
2	4	-3.14842	-0.659339	-1	-1	-1
2	4	-2.99842	-0.659339	3916	4038.19	-1
2	4	-2.84842	-0.659339	3021	3155.66	-1
2	4	-2.69842	-0.659339	1706	1731.66	-1
2	4	-2.54842	-0.659339	1627	1654.59	-1
2	4	-2.39842	-0.659339	1180	1203.44	-1
2	4	-2.24842	-0.659339	727	749.438	-1
3	4	6.22567	3.4958	-1	-1	-1
3	4	6.37567	3.4958	-1	-1	-1
3	4	6.52567	3.4958	-1	-1	-1
3	4	6.67567	3.4958	-1	-1	-1
3	4	6.82567	3.4958	3532	3590.59	-1
3	4	6.97567	3.4958	3393	3466.47	-1
3	4	7.12567	3.4958	3155	3256.19	-1
3	4	7.27567	3.4958	3314	3384.5	-1
3	4	6.22567	3.6458	-1	-1	-1
3	4	6.37567	3.6458	-1	-1	-1
3	4	6.52567	3.6458	-1	-1	-1
3	4	6.67567	3.6458	4574	4663.38	-1
3	4	6.82567	3.6458	4737	4838.19	-1
3	4	6.97567	3.6458	4829	4901.38	-1
3	4	7.12567	3.6458	-1	-1	-1
3	4	7.27567	3.6458	3381	3461.56	-1
3	4	6.22567	3.7958	442	560.531	-1
3	4	6.37567	3.7958	3516	3632.34	-1
3	4	6.52567	3.7958	3845	3900.19	-1
3	4	6.67567	3.7958	4337	4487.91	-1
3	4	6.82567	3.7958	4407	4468.91	-1
3	4	6.97567	3.7958	4583	4693.12	-1
3	4	7.12567	3.7958	4848	4913.72	-1
3	4	7.27567	3.7958	3461	3527.88	-1
3	4	6.22567	3.9458	1926	2046	-1
3	4	6.37567	3.9458	3683	3748.47	-1
3	4	6.52567	3.9458	3716	3786.5	-1
3	4	6.67567	3.9458	3971	4045.5	-1
3	4	6.82567	3.9458	4356	4438.84	-1
3	4	6.97567	3.9458	4381	4461.81	-1
3	4	7.12567	3.9458	4995	5063.59	-1
3	4	7.27567	3.9458	5184	5245.38	-1
3	4	6.22567	4.0958	2675	2792.59	-1
3	4	6.37567	4.0958	3806	3880.12	-1
3	4	6.52567	4.0958	4110	4167.56	-1
3	4	6.67567	4.0958	4220	4280.34	-1
3	4	6.82567	4.0958	4502	4590.75	-1
3	4	6.97567	4.0958	4613	4686.44	-1
3	4	7.12567	4.0958	4707	4789.5	-1
3	4	7.27567	4.0958	-1	-1	-1
3	4	6.22567	4.2458	-1	-1	-1
3	4	6.37567	4.2458	-1	-1	-1
3	4	6.52567	4.2458	4485	4568	-1
3	4	6.67567	4.2458	4347	4417.97	-1
3	4	6.82567	4.2458	4571	4649.91	-1
3	4	6.97567	4.2458	4596	4705.19	-1
3	4	7.12567	4.2458	4729	4904.66	-1
3	4	7.27567	4.2458	-1	-1	-1
3	4	6.22567	4.3958	-1	-1	-1
3	4	6.37567	4.3958	-1	-1	-1
3	4	6.52567	4.3958	4817	4891.06	-1
3	4	6.67567	4.3958	4748	4829.03	-1
3	4	6.82567	4.3958	4808	4882.91	-1
3	4	6.97567	4.3958	4997	5076.97	-1
3	4	7.12567	4.3958	5026	5100.84	-1
3	4	7.27567	4.3958	-1	-1	-1
3	4	6.22567	4.5458	1918	2041.31	-1
3	4	6.37567	4.5458	-1	-1	-1
3	4	6.52567	4.5458	-1	-1	-1
3	4	6.67567	4.5458	-1	-1	-1
3	4	6.82567	4.5458	-1	-1	-1
3	4	6.97567	4.5458	-1	-1	-1
3	4	7.12567	4.5458	4358	4430.31	-1
3	4	7.27567	4.5458	-1	-1	-1
4	4	0.797291	5.56688	5395	-1	-1
4	4	0.947291	5.56688	-1	-1	-1
4	4	1.09729	5.56688	539	584.219	-1
4	4	1.24729	5.56688	89	198.719	-1
4	4	1.39729	5.56688	244	298.219	-1
4	4	1.54729	5.56688	791	841.625	-1
4	4	1.69729	5.56688	723	842.531	-1
4	4	1.84729	5.56688	884	939.781	-1
4	4	0.797291	5.71688	-1	-1	-1
4	4	0.947291	5.71688	-1	-1	-1
4	4	1.09729	5.71688	642	702.156	-1
4	4	1.24729	5.71688	367	417.75	-1
4	4	1.39729	5.71688	674	726.188	-1
4	4	1.54729	5.71688	980	1028.34	-1
4	4	1.69729	5.71688	1069	1114.41	-1
4	4	1.84729	5.71688	1139	1192.44	-1
4	4	0.797291	5.86688	-1	-1	-1
4	4	0.947291	5.86688	-1	-1	-1
4	4	1.09729	5.86688	-1	-1	-1
4	4	1.24729	5.86688	-1	-1	-1
4	4	1.39729	5.86688	1331	1389.06	-1
4	4	1.54729	5.86688	1119	1170.59	-1
4	4	1.69729	5.86688	1215	1265.5	-1
4	4	1.84729	5.86688	1259	1364.03	-1
4	4	0.797291	6.01688	-1	-1	-1
4	4	0.947291	6.01688	-1	-1	-1
4	4	1.09729	6.01688	-1	-1	-1
4	4	1.24729	6.01688	-1	-1	-1
4	4	1.39729	6.01688	-1	-1	-1
4	4	1.54729	6.01688	1470	1549.72	-1
4	4	1.69729	6.01688	1344	1411.28	-1
4	4	1.84729	6.01688	1368	1435.28	-1
4	4	0.797291	6.16688	-1	-1	-1
4	4	0.947291	6.16688	-1	-1	-1
4	4	1.09729	6.16688	-1	-1	-1
4	4	1.24729	6.16688	-1	-1	-1
4	4	1.39729	6.16688	-1	-1	-1
4	4	1.54729	6.16688	-1	-1	-1
4	4	1.69729	6.16688	1765	1879	-1
4	4	1.84729	6.16688	2523	2633.91	-1
4	4	0.797291	6.31688	-1	-1	-1
4	4	0.947291	6.31688	-1	-1	-1
4	4	1.09729	6.31688	-1	-1	-1
4	4	1.24729	6.31688	-1	-1	-1
4	4	1.39729	6.31688	-1	-1	-1
4	4	1.54729	6.31688	3127	3191.31	-1
4	4	1.69729	6.31688	2966	3074.72	-1
4	4	1.84729	6.31688	3130	3201.22	-1
4	4	0.797291	6.46688	-1	-1	-1
4	4	0.947291	6.46688	-1	-1	-1
4	4	1.09729	6.46688	-1	-1	-1
4	4	1.24729	6.46688	-1	-1	-1
4	4	1.39729	6.46688	-1	-1	-1
4	4	1.54729	6.46688	-1	-1	-1
4	4	1.69729	6.46688	-1	-1	-1
4	4	1.84729	6.46688	-1	-1	-1
4	4	0.797291	6.61688	-1	-1	-1
4	4	0.947291	6.61688	-1	-1	-1
4	4	1.09729	6.61688	-1	-1	-1
4	4	1.24729	6.61688	-1	-1	-1
4	4	1.39729	6.61688	-1	-1	-1
4	4	1.54729	6.61688	-1	-1	-1
4	4	1.69729	6.61688	-1	-1	-1
4	4	1.84729	6.61688	-1	-1	-1
5	4	-2.77409	-9.41865	-1	-1	-1
5	4	-2.62409	-9.41865	-1	-1	-1
5	4	-2.47409	-9.41865	-1	-1	-1
5	4	-2.32409	-9.41865	-1	-1	-1
5	4	-2.17409	-9.41865	-1	-1	-1
5	4	-2.02409	-9.41865	-1	-1	-1
5	4	-1.87409	-9.41865	-1	-1	-1
5	4	-1.72409	-9.41865	2348	2421.5	-1
5	4	-2.77409	-9.26865	-1	-1	-1
5	4	-2.62409	-9.26865	-1	-1	-1
5	4	-2.47409	-9.26865	-1	-1	-1
5	4	-2.32409	-9.26865	-1	-1	-1
5	4	-2.17409	-9.26865	-1	-1	-1
5	4	-2.02409	-9.26865	-1	-1	-1
5	4	-1.87409	-9.26865	-1	-1	-1
5	4	-1.72409	-9.26865	-1	-1	-1
5	4	-2.77409	-9.11865	-1	-1	-1
5	4	-2.62409	-9.11865	-1	-1	-1
5	4	-2.47409	-9.11865	-1	-1	-1
5	4	-2.32409	-9.11865	-1	-1	-1
5	4	-2.17409	-9.11865	-1	-1	-1
5	4	-2.02409	-9.11865	-1	-1	-1
5	4	-1.87409	-9.11865	-1	-1	-1
5	4	-1.72409	-9.11865	-1	-1	-1
5	4	-2.77409	-8.96865	-1	-1	-1
5	4	-2.62409	-8.96865	-1	-1	-1
5	4	-2.47409	-8.96865	-1	-1	-1
5	4	-2.32409	-8.96865	-1	-1	-1
5	4	-2.17409	-8.96865	-1	-1	-1
5	4	-2.02409	-8.96865	-1	-1	-1
5	4	-1.87409	-8.96865	-1	-1	-1
5	4	-1.72409	-8.96865	-1	-1	-1
5	4	-2.77409	-8.81865	-1	-1	-1
5	4	-2.62409	-8.81865	-1	-1	-1
5	4	-2.47409	-8.81865	-1	-1	-1
5	4	-2.32409	-8.81865	-1	-1	-1
5	4	-2.17409	-8.81865	-1	-1	-1
5	4	-2.02409	-8.81865	-1	-1	-1
5	4	-1.87409	-8.81865	-1	-1	-1
5	4	-1.72409	-8.81865	-1	-1	-1
5	4	-2.77409	-8.66865	-1	-1	-1
5	4	-2.62409	-8.66865	-1	-1	-1
5	4	-2.47409	-8.66865	-1	-1	-1
5	4	-2.32409	-8.66865	-1	-1	-1
5	4	-2.17409	-8.66865	-1	-1	-1
5	4	-2.02409	-8.66865	-1	-1	-1
5	4	-1.87409	-8.66865	-1	-1	-1
5	4	-1.72409	-8.66865	-1	-1	-1
5	4	-2.77409	-8.51865	-1	-1	-1
5	4	-2.62409	-8.51865	-1	-1	-1
5	4	-2.47409	-8.51865	-1	-1	-1
5	4	-2.32409	-8.51865	-1	-1	-1
5	4	-2.17409	-8.51865	-1	-1	-1
5	4	-2.02409	-8.51865	-1	-1	-1
5	4	-1.87409	-8.51865	-1	-1	-1
5	4	-1.72409	-8.51865	-1	-1	-1
5	4	-2.77409	-8.36865	-1	-1	-1
5	4	-2.62409	-8.36865	-1	-1	-1
5	4	-2.47409	-8.36865	-1	-1	-1
5	4	-2.32409	-8.36865	3048	3142.53	-1
5	4	-2.17409	-8.36865	3518	3603.38	-1
5	4	-2.02409	-8.36865	-1	-1	-1
5	4	-1.87409	-8.36865	-1	-1	-1
5	4	-1.72409	-8.36865	-1	-1	-1
6	16	-1.77383	3.22631	2069	2207.78	-1
6	16	-1.62383	3.22631	378	411.938	-1
6	16	-1.47383	3.22631	-1	-1	-1
6	16	-1.32383	3.22631	4647	4769.16	-1
6	16	-1.77383	3.37631	-1	-1	-1
6	16	-1.62383	3.37631	-1	-1	-1
6	16	-1.47383	3.37631	-1	-1	-1
6	16	-1.32383	3.37631	-1	-1	-1
6	16	-1.77383	3.52631	-1	-1	-1
6	16	-1.62383	3.52631	-1	-1	-1
6	16	-1.47383	3.52631	-1	-1	-1
6	16	-1.32383	3.52631	3216	3249.06	-1
6	16	-1.77383	3.67631	-1	-1	-1
6	16	-1.62383	3.67631	-1	-1	-1
6	16	-1.47383	3.67631	-1	-1	-1
6	16	-1.32383	3.67631	-1	-1	-1
7	16	-3.11009	-7.63438	-1	-1	-1
7	16	-2.96009	-7.63438	-1	-1	-1
7	16	-2.81009	-7.63438	-1	-1	-1
7	16	-2.66009	-7.63438	-1	-1	-1
7	16	-3.11009	-7.48438	-1	-1	-1
7	16	-2.96009	-7.48438	-1	-1	-1
7	16	-2.81009	-7.48438	-1	-1	-1
7	16	-2.66009	-7.48438	-1	-1	-1
7	16	-3.11009	-7.33438	-1	-1	-1
7	16	-2.96009	-7.33438	-1	-1	-1
7	16	-2.81009	-7.33438	-1	-1	-1
7	16	-2.66009	-7.33438	-1	-1	-1
7	16	-3.11009	-7.18438	-1	-1	-1
7	16	-2.96009	-7.18438	-1	-1	-1
7	16	-2.81009	-7.18438	-1	-1	-1
7	16	-2.66009	-7.18438	-1	-1	-1
8	16	6.12304	-5.00198	1151	1228.31	-1
8	16	6.27304	-5.00198	-1	-1	-1
8	16	6.42304	-5.00198	-1	-1	-1
8	16	6.57304	-5.00198	-1	-1	-1
8	16	6.12304	-4.85198	949	1067.72	-1
8	16	6.27304	-4.85198	1238	1301.59	-1
8	16	6.42304	-4.85198	1400	1464.28	-1
8	16	6.57304	-4.85198	3471	3534.03	-1
8	16	6.12304	-4.70198	1151	1220.38	-1
8	16	6.27304	-4.70198	1338	1399.53	-1
8	16	6.42304	-4.70198	1521	1591.16	-1
8	16	6.57304	-4.70198	3313	3371.41	-1
8	16	6.12304	-4.55198	1398	1459.16	-1
8	16	6.27304	-4.55198	-1	-1	-1
8	16	6.42304	-4.55198	-1	-1	-1
8	16	6.57304	-4.55198	-1	-1	-1
9	16	-0.293346	9.20476	-1	-1	-1
9	16	-0.143346	9.20476	-1	-1	-1
9	16	0.00665432	9.20476	-1	-1	-1
9	16	0.156654	9.20476	-1	-1	-1
9	16	-0.293346	9.35476	2794	2890.78	-1
9	16	-0.143346	9.35476	-1	-1	-1
9	16	0.00665432	9.35476	-1	-1	-1
9	16	0.156654	9.35476	-1	-1	-1
9	16	-0.293346	9.50476	2644	2726.22	-1
9	16	-0.143346	9.50476	2970	3044.47	-1
9	16	0.00665432	9.50476	-1	-1	-1
9	16	0.156654	9.50476	-1	-1	-1
9	16	-0.293346	9.65476	2690	2761.16	-1
9	16	-0.143346	9.65476	-1	-1	-1
9	16	0.00665432	9.65476	-1	-1	-1
9	16	0.156654	9.65476	-1	-1	-1
10	16	4.9422	-1.2453	-1	-1	-1
10	16	5.0922	-1.2453	-1	-1	-1
10	16	5.2422	-1.2453	-1	-1	-1
10	16	5.3922	-1.2453	-1	-1	-1
10	16	4.9422	-1.0953	-1	-1	-1
10	16	5.0922	-1.0953	-1	-1	-1
10	16	5.2422	-1.0953	-1	-1	-1
10	16	5.3922	-1.0953	-1	-1	-1
10	16	4.9422	-0.945302	-1	-1	-1
10	16	5.0922	-0.945302	-1	-1	-1
10	16	5.2422	-0.945302	-1	-1	-1
10	16	5.3922	-0.945302	-1	-1	-1
10	16	4.9422	-0.795302	296	337.969	-1
10	16	5.0922	-0.795302	-1	-1	-1
10	16	5.2422	-0.795302	-1	-1	-1
10	16	5.3922	-0.795302	-1	-1	-1
11	16	-5.72682	-7.39367	-1	-1	-1
11	16	-5.57682	-7.39367	-1	-1	-1
11	16	-5.42682	-7.39367	-1	-1	-1
11	16	-5.27682	-7.39367	-1	-1	-1
11	16	-5.72682	-7.24367	-1	-1	-1
11	16	-5.57682	-7.24367	-1	-1	-1
11	16	-5.42682	-7.24367	-1	-1	-1
11	16	-5.27682	-7.24367	-1	-1	-1
11	16	-5.72682	-7.09367	-1	-1	-1
11	16	-5.57682	-7.09367	-1	-1	-1
11	16	-5.42682	-7.09367	-1	-1	-1
11	16	-5.27682	-7.09367	-1	-1	-1
11	16	-5.72682	-6.94367	-1	-1	-1
11	16	-5.57682	-6.94367	-1	-1	-1
11	16	-5.42682	-6.94367	-1	-1	-1
11	16	-5.27682	-6.94367	-1	-1	-1
12	16	8.85677	-0.294286	-1	-1	-1
12	16	9.00677	-0.294286	-1	-1	-1
12	16	9.15677	-0.294286	-1	-1	-1
12	16	9.30677	-0.294286	-1	-1	-1
12	16	8.85677	-0.144286	-1	-1	-1
12	16	9.00677	-0.144286	-1	-1	-1
12	16	9.15677	-0.144286	-1	-1	-1
12	16	9.30677	-0.144286	-1	-1	-1
12	16	8.85677	0.00571442	-1	-1	-1
12	16	9.00677	0.00571442	3774	3840.16	-1
12	16	9.15677	0.00571442	3630	3696.12	-1
12	16	9.30677	0.00571442	-1	-1	-1
12	16	8.85677	0.155714	-1	-1	-1
12	16	9.00677	0.155714	3497	3563.53	-1
12	16	9.15677	0.155714	1425	1492.97	-1
12	16	9.30677	0.155714	1555	1624.47	-1
13	16	5.41389	7.94045	-1	-1	-1
13	16	5.56389	7.94045	-1	-1	-1
13	16	5.71389	7.94045	-1	-1	-1
13	16	5.86389	7.94045	-1	-1	-1
13	16	5.41389	8.09045	-1	-1	-1
13	16	5.56389	8.09045	-1	-1	-1
13	16	5.71389	8.09045	-1	-1	-1
13	16	5.86389	8.09045	-1	-1	-1
13	16	5.41389	8.24045	-1	-1	-1
13	16	5.56389	8.24045	-1	-1	-1
13	16	5.71389	8.24045	-1	-1	-1
13	16	5.86389	8.24045	-1	-1	-1
13	16	5.41389	8.39045	-1	-1	-1
13	16	5.56389	8.39045	-1	-1	-1
13	16	5.71389	8.39045	-1	-1	-1
13	16	5.86389	8.39045	-1	-1	-1
14	16	-0.380342	8.21833	-1	-1	-1
14	16	-0.230342	8.21833	-1	-1	-1
14	16	-0.0803417	8.21833	-1	-1	-1
14	16	0.0696583	8.21833	-1	-1	-1
14	16	-0.380342	8.36833	-1	-1	-1
14	16	-0.230342	8.36833	-1	-1	-1
14	16	-0.0803417	8.36833	-1	-1	-1
14	16	0.0696583	8.36833	-1	-1	-1
14	16	-0.380342	8.51833	-1	-1	-1
14	16	-0.230342	8.51833	-1	-1	-1
14	16	-0.0803417	8.51833	-1	-1	-1
14	16	0.0696583	8.51833	-1	-1	-1
14	16	-0.380342	8.66833	-1	-1	-1
14	16	-0.230342	8.66833	-1	-1	-1
14	16	-0.0803417	8.66833	-1	-1	-1
14	16	0.0696583	8.66833	-1	-1	-1
15	16	-7.55593	4.1328	-1	-1	-1
15	16	-7.40593	4.1328	-1	-1	-1
15	16	-7.25593	4.1328	-1	-1	-1
15	16	-7.10593	4.1328	4218	4283.22	-1
15	16	-7.55593	4.2828	-1	-1	-1
15	16	-7.40593	4.2828	-1	-1	-1
15	16	-7.25593	4.2828	4359	4423.75	-1
15	16	-7.10593	4.2828	4060	4142.97	-1
15	16	-7.55593	4.4328	-1	-1	-1
15	16	-7.40593	4.4328	-1	-1	-1
15	16	-7.25593	4.4328	4225	4290	-1
15	16	-7.10593	4.4328	3396	3511.81	-1
15	16	-7.55593	4.5828	-1	-1	-1
15	16	-7.40593	4.5828	-1	-1	-1
15	16	-7.25593	4.5828	-1	-1	-1
15	16	-7.10593	4.5828	3884	3999.84	-1
16	16	-9.52111	2.12665	-1	-1	-1
16	16	-9.37111	2.12665	-1	-1	-1
16	16	-9.22111	2.12665	-1	-1	-1
16	16	-9.07111	2.12665	-1	-1	-1
16	16	-9.52111	2.27665	-1	-1	-1
16	16	-9.37111	2.27665	-1	-1	-1
16	16	-9.22111	2.27665	-1	-1	-1
16	16	-9.07111	2.27665	-1	-1	-1
16	16	-9.52111	2.42665	-1	-1	-1
16	16	-9.37111	2.42665	-1	-1	-1
16	16	-9.22111	2.42665	-1	-1	-1
16	16	-9.07111	2.42665	-1	-1	-1
16	16	-9.52111	2.57665	-1	-1	-1
16	16	-9.37111	2.57665	-1	-1	-1
16	16	-9.22111	2.57665	-1	-1	-1
16	16	-9.07111	2.57665	-1	-1	-1
17	16	2.31174	-2.56528	2708	2858.06	-1
17	16	2.46174	-2.56528	2992	3033.16	-1
17	16	2.61174	-2.56528	5304	-1	-1
17	16	2.76174	-2.56528	-1	-1	-1
17	16	2.31174	-2.41528	2929	2969.66	-1
17	16	2.46174	-2.41528	2971	3010.44	-1
17	16	2.61174	-2.41528	-1	-1	-1
17	16	2.76174	-2.41528	-1	-1	-1
17	16	2.31174	-2.26528	4976	5011.81	-1
17	16	2.46174	-2.26528	4152	4185.59	-1
17	16	2.61174	-2.26528	4211	4247.53	-1
17	16	2.76174	-2.26528	-1	-1	-1
17	16	2.31174	-2.11528	3874	4032.5	-1
17	16	2.46174	-2.11528	1022	1110.66	-1
17	16	2.61174	-2.11528	4081	4121.62	-1
17	16	2.76174	-2.11528	-1	-1	-1
18	16	-5.83289	6.06688	5246	5317.59	-1
18	16	-5.68289	6.06688	5107	5170.69	-1
18	16	-5.53289	6.06688	-1	-1	-1
18	16	-5.38289	6.06688	1927	2053.75	-1
18	16	-5.83289	6.21688	-1	-1	-1
18	16	-5.68289	6.21688	5267	5332.47	-1
18	16	-5.53289	6.21688	-1	-1	-1
18	16	-5.38289	6.21688	4139	4275.09	-1
18	16	-5.83289	6.36688	-1	-1	-1
18	16	-5.68289	6.36688	-1	-1	-1
18	16	-5.53289	6.36688	-1	-1	-1
18	16	-5.38289	6.36688	-1	-1	-1
18	16	-5.83289	6.51688	-1	-1	-1
18	16	-5.68289	6.51688	-1	-1	-1
18	16	-5.53289	6.51688	-1	-1	-1
18	16	-5.38289	6.51688	-1	-1	-1
19	16	-3.95811	-4.55457	-1	-1	-1
19	16	-3.80811	-4.55457	-1	-1	-1
19	16	-3.65811	-4.55457	-1	-1	-1
19	16	-3.50811	-4.55457	-1	-1	-1
19	16	-3.95811	-4.40457	-1	-1	-1
19	16	-3.80811	-4.40457	-1	-1	-1
19	16	-3.65811	-4.40457	-1	-1	-1
19	16	-3.50811	-4.40457	-1	-1	-1
19	16	-3.95811	-4.25457	-1	-1	-1
19	16	-3.80811	-4.25457	-1	-1	-1
19	16	-3.65811	-4.25457	-1	-1	-1
19	16	-3.50811	-4.25457	-1	-1	-1
19	16	-3.95811	-4.10457	-1	-1	-1
19	16	-3.80811	-4.10457	-1	-1	-1
19	16	-3.65811	-4.10457	-1	-1	-1
19	16	-3.50811	-4.10457	-1	-1	-1
20	16	2.28811	6.45322	2464	2575.16	-1
20	16	2.43811	6.45322	5282	5333.97	-1
20	16	2.58811	6.45322	-1	-1	-1
20	16	2.73811	6.45322	-1	-1	-1
20	16	2.28811	6.60322	-1	-1	-1
20	16	2.43811	6.60322	-1	-1	-1
20	16	2.58811	6.60322	-1	-1	-1
20	16	2.73811	6.60322	-1	-1	-1
20	16	2.28811	6.75322	-1	-1	-1
20	16	2.43811	6.75322	-1	-1	-1
20	16	2.58811	6.75322	-1	-1	-1
20	16	2.73811	6.75322	-1	-1	-1
20	16	2.28811	6.90322	-1	-1	-1
20	16	2.43811	6.90322	-1	-1	-1
20	16	2.58811	6.90322	-1	-1	-1
20	16	2.73811	6.90322	-1	-1	-1
21	16	0.622891	-9.76494	-1	-1	-1
21	16	0.772891	-9.76494	-1	-1	-1
21	16	0.922891	-9.76494	-1	-1	-1
21	16	1.07289	-9.76494	-1	-1	-1
21	16	0.622891	-9.61494	-1	-1	-1
21	16	0.772891	-9.61494	-1	-1	-1
21	16	0.922891	-9.61494	-1	-1	-1
21	16	1.07289	-9.61494	-1	-1	-1
21	16	0.622891	-9.46494	-1	-1	-1
21	16	0.772891	-9.46494	-1	-1	-1
21	16	0.922891	-9.46494	-1	-1	-1
21	16	1.07289	-9.46494	-1	-1	-1
21	16	0.622891	-9.31494	-1	-1	-1
21	16	0.772891	-9.31494	-1	-1	-1
21	16	0.922891	-9.31494	-1	-1	-1
21	16	1.07289	-9.31494	-1	-1	-1
0	256	-3.80366	1.08543	3100	3132.72	-1
0	256	5.35365	5.80912	-1	-1	-1
0	256	-3.252	3.85721	542	683.594	-1
0	256	4.60851	6.62709	-1	-1	-1
0	256	-3.32393	-1.99467	3776	3811.72	-1
0	256	-4.79101	-6.16553	-1	-1	-1
0	256	3.82374	7.81139	-1	-1	-1
0	256	6.79256	-0.594632	-1	-1	-1
0	256	8.29046	2.18899	-1	-1	-1
0	256	6.69398	0.092392	2287	2389.47	-1
0	256	-1.98644	-8.14416	-1	-1	-1
0	256	-4.0467	7.08463	-1	-1	-1
0	256	-8.31288	0.272325	-1	-1	-1
0	256	-5.94886	-3.10668	1900	1948.47	-1
0	256	-3.11286	4.93976	2853	2902.88	-1
0	256	-7.68109	5.79871	-1	-1	-1
0	256	-5.58721	-6.26315	-1	-1	-1
0	256	2.23711	4.13548	-1	-1	-1
0	256	-5.62649	-5.59398	-1	-1	-1
0	256	-1.75091	-6.36715	1305	1415.69	-1
0	256	-5.24147	-6.80226	-1	-1	-1
0	256	-4.17975	-7.5449	-1	-1	-1
0	256	-6.75543	6.55601	-1	-1	-1
0	256	-7.4615	1.56756	-1	-1	-1
0	256	3.99487	5.3265	-1	-1	-1
0	256	-3.09605	6.48784	-1	-1	-1
0	256	2.72095	-1.78406	1988	2124.34	-1
0	256	2.09803	2.2116	136	304.938	-1
0	256	-6.16481	6.61627	-1	-1	-1
0	256	-1.55604	-4.00079	1392	1515.22	-1
0	256	5.63243	-6.77766	-1	-1	-1
0	256	-7.62622	4.90902	-1	-1	-1
0	256	1.27223	8.57008	-1	-1	-1
0	256	0.826574	4.80597	-1	-1	-1
0	256	9.21904	3.30393	2336	2407.25	-1
0	256	4.47215	8.52442	-1	-1	-1
0	256	5.33833	-0.533187	982	1023.91	-1
0	256	5.2249	-8.01433	-1	-1	-1
0	256	-5.40529	2.82594	-1	-1	-1
0	256	7.98954	-1.23533	1014	1075.91	-1
0	256	-4.94376	2.47187	-1	-1	-1
0	256	9.48679	-1.12831	-1	-1	-1
0	256	0.76297	4.19075	-1	-1	-1
0	256	1.38766	-6.29954	-1	-1	-1
0	256	6.04235	5.25537	-1	-1	-1
0	256	3.23245	1.0039	4918	5037.84	-1
0	256	5.94642	-5.13378	-1	-1	-1
0	256	2.84593	-8.53012	-1	-1	-1
0	256	1.45856	-3.0704	2452	2480.94	-1
0	256	3.21159	4.04365	3774	3920.5	-1
0	256	-3.81187	-3.99691	-1	-1	-1
0	256	2.18056	9.6178	-1	-1	-1
0	256	-1.54797	-6.84582	65	118.312	-1
0	256	-6.90057	2.43092	342	395.438	-1
0	256	3.05989	-0.51905	1979	2105.16	-1
0	256	-6.2708	-7.0578	-1	-1	-1
0	256	-2.88557	8.64741	-1	-1	-1
0	256	-5.68982	-3.36001	-1	-1	-1
0	256	-8.1685	-4.5223	-1	-1	-1
0	256	-1.61305	-6.16932	195	306.812	-1
0	256	-1.63879	4.36775	-1	-1	-1
0	256	3.35114	-5.59022	4187	4236.78	-1
0	256	1.06683	2.8553	2513	2571.25	-1
0	256	0.7798	4.65315	-1	-1	-1
0	256	7.25597	6.15794	-1	-1	-1
0	256	-6.67018	-5.52124	4430	4552.03	-1
0	256	2.61171	8.23399	-1	-1	-1
0	256	0.984157	-5.00456	4704	4745.78	-1
0	256	-3.79804	4.69695	-1	-1	-1
0	256	4.14598	5.57718	-1	-1	-1
0	256	0.699399	-6.83266	794	887.938	-1
0	256	6.48858	5.5855	-1	-1	-1
0	256	-3.12016	-5.7043	-1	-1	-1
0	256	5.26904	2.84547	-1	-1	-1
0	256	8.72637	-2.03174	-1	-1	-1
0	256	0.881664	3.88319	2985	3107.97	-1
0	256	1.89448	-6.59254	3202	3313.09	-1
0	256	-6.24944	3.17167	4031	4084.31	-1
0	256	5.97046	3.49958	-1	-1	-1
0	256	4.32999	0.994368	4163	4271.19	-1
0	256	-9.78115	8.56141	5110	5216.44	-1
0	256	1.29972	-7.28418	-1	-1	-1
0	256	-4.86195	1.09773	2826	2864.59	-1
0	256	6.84108	0.60873	-1	-1	-1
0	256	-4.7899	-4.7616	-1	-1	-1
0	256	-4.63313	1.38447	-1	-1	-1
0	256	-4.77145	-5.66853	-1	-1	-1
0	256	2.83667	-3.6813	-1	-1	-1
0	256	-3.28951	-6.71817	-1	-1	-1
0	256	-7.19772	-4.05315	-1	-1	-1
0	256	-6.08274	5.93564	-1	-1	-1
0	256	3.66871	-6.78694	3110	3225.88	-1
0	256	9.2569	-1.22359	-1	-1	-1
0	256	5.05866	8.38685	1496	1587.03	-1
0	256	2.26168	-7.1637	-1	-1	-1
0	256	-0.199564	-9.44718	126	196.312	-1
0	256	3.89474	-0.941753	485	594.438	-1
0	256	5.32017	-5.80329	-1	-1	-1
0	256	-0.284864	5.61053	183	287.875	-1
0	256	-3.8201	-5.49689	-1	-1	-1
0	256	-9.05829	3.79456	-1	-1	-1
0	256	-4.41251	5.92154	-1	-1	-1
0	256	-4.20656	4.41834	-1	-1	-1
0	256	3.62601	3.41545	-1	-1	-1
0	256	5.78141	-7.15245	-1	-1	-1
0	256	2.36726	8.35859	-1	-1	-1
0	256	6.35247	-5.78414	-1	-1	-1
0	256	-6.75858	0.572213	-1	-1	-1
0	256	1.73764	8.59691	-1	-1	-1
0	256	-2.39565	-7.68548	-1	-1	-1
0	256	-4.17666	-5.7899	675	810.25	-1
0	256	-7.12436	3.07586	-1	-1	-1
0	256	-6.83258	-1.00627	3155	3261.22	-1
0	256	-2.38975	5.42029	-1	-1	-1
0	256	-3.47935	1.3592	920	951.625	-1
0	256	6.87295	2.89334	4010	4115.09	-1
0	256	5.89051	-2.57261	1566	1684.41	-1
0	256	7.42627	6.20272	-1	-1	-1
0	256	-5.10949	3.61922	1638	1766.53	-1
0	256	-0.856864	-9.06423	-1	-1	-1
0	256	4.32421	8.27331	-1	-1	-1
0	256	9.47737	-0.758245	-1	-1	-1
0	256	0.048563	-8.82671	-1	-1	-1
0	256	-1.24699	-9.21507	1191	1273.91	-1
0	256	1.48155	-7.62112	-1	-1	-1
0	256	-0.488016	9.25438	2817	2898.44	-1
0	256	5.66609	3.25312	-1	-1	-1
0	256	-8.99711	-7.82637	-1	-1	-1
0	256	-4.94325	-8.22192	-1	-1	-1
0	256	-3.03816	-6.17893	-1	-1	-1
0	256	7.11569	6.28449	-1	-1	-1
0	256	-7.11134	2.56833	4408	4510.12	-1
0	256	-8.38111	1.80447	-1	-1	-1
0	256	8.41629	-0.218042	4033	4120.28	-1
0	256	2.3511	-5.16546	5139	5250.34	-1
0	256	-3.01988	-5.55499	2887	3001.72	-1
0	256	-8.23274	3.50968	-1	-1	-1
0	256	-0.955184	4.5179	-1	-1	-1
0	256	0.895495	-8.29323	-1	-1	-1
0	256	1.39119	-3.89689	-1	-1	-1
0	256	3.99195	-2.48042	4306	4447.25	-1
0	256	6.41232	-6.95867	2297	2363.84	-1
0	256	8.31091	0.455503	-1	-1	-1
0	256	2.3372	-2.72976	2892	2933.41	-1
0	256	0.439372	6.63979	-1	-1	-1
0	256	3.75363	9.09182	-1	-1	-1
0	256	0.915387	-4.47883	137	249.656	-1
0	256	-0.470848	8.79737	-1	-1	-1
0	256	6.44344	6.90548	-1	-1	-1
0	256	4.02869	0.436893	-1	-1	-1
0	256	1.66838	9.50509	-1	-1	-1
0	256	2.29198	2.4598	832	1000.53	-1
0	256	4.75697	-1.77272	-1	-1	-1
0	256	-4.30122	-8.75274	-1	-1	-1
0	256	-5.19332	0.351055	705	819.312	-1
0	256	2.63173	9.00676	-1	-1	-1
0	256	1.68595	-4.02268	44	115.875	-1
0	256	-4.20603	-5.49903	-1	-1	-1
0	256	-0.156408	-9.61384	-1	-1	-1
0	256	-8.9137	4.26716	-1	-1	-1
0	256	7.94545	0.377336	-1	-1	-1
0	256	-9.34968	-2.24047	-1	-1	-1
0	256	-5.93348	1.53895	1690	1771.03	-1
0	256	2.56209	4.65779	-1	-1	-1
0	256	2.7018	-8.11906	-1	-1	-1
0	256	-1.24113	-8.09135	2825	2923.09	-1
0	256	3.47614	6.22887	-1	-1	-1
0	256	-3.6196	7.72318	-1	-1	-1
0	256	2.59068	-9.3527	-1	-1	-1
0	256	-1.90391	-7.94879	569	668.969	-1
0	256	1.54741	-5.7044	605	651.281	-1
0	256	6.18163	-0.68051	-1	-1	-1
0	256	-5.93877	4.29852	-1	-1	-1
0	256	-4.13547	-3.07699	-1	-1	-1
0	256	4.95524	6.57557	-1	-1	-1
0	256	-5.24586	-3.72638	-1	-1	-1
0	256	-9.33588	3.1414	-1	-1	-1
0	256	-6.82959	-3.3275	-1	-1	-1
0	256	2.06127	-9.77306	-1	-1	-1
0	256	2.0408	-4.25818	907	1036.78	-1
0	256	6.93506	0.715289	-1	-1	-1
0	256	-7.27953	5.82879	2547	2673.16	-1
0	256	-4.59894	-2.83314	-1	-1	-1
0	256	6.44039	-0.53728	2542	2636.69	-1
0	256	-3.6226	-1.16088	-1	-1	-1
0	256	-5.28744	-0.467601	-1	-1	-1
0	256	3.31531	5.52399	714	762.469	-1
0	256	-0.185364	6.06271	4511	4562.72	-1
0	256	0.9149	-4.21089	3842	3968.38	-1
0	256	1.93395	9.42134	-1	-1	-1
0	256	5.5791	-0.92713	-1	-1	-1
0	256	-6.3091	7.74911	-1	-1	-1
0	256	-2.6553	4.28809	1474	1610.25	-1
0	256	6.84016	-5.76627	-1	-1	-1
0	256	8.70358	-0.467427	1028	1117.03	-1
0	256	4.58418	1.20766	-1	-1	-1
0	256	-5.26414	6.55	-1	-1	-1
0	256	2.32578	8.14116	-1	-1	-1
0	256	-1.01555	-6.37823	1871	1979.19	-1
0	256	3.73912	-1.62447	138	267.75	-1
0	256	-2.20503	9.4047	-1	-1	-1
0	256	2.79451	7.1541	-1	-1	-1
0	256	-5.97426	-3.75102	-1	-1	-1
0	256	-3.30572	6.51349	-1	-1	-1
0	256	7.06775	-8.6073	-1	-1	-1
0	256	-1.95565	3.4134	-1	-1	-1
0	256	-3.81298	8.49722	-1	-1	-1
0	256	0.561785	9.22566	-1	-1	-1
0	256	-5.41948	5.798	-1	-1	-1
0	256	-2.66078	9.29071	-1	-1	-1
0	256	3.00991	-6.7005	-1	-1	-1
0	256	-2.23278	-2.31458	98	260.938	-1
0	256	7.13987	-6.73004	-1	-1	-1
0	256	-5.1111	1.41133	-1	-1	-1
0	256	-1.10667	4.92208	-1	-1	-1
0	256	6.20258	2.2795	-1	-1	-1
0	256	-6.29933	2.74757	-1	-1	-1
0	256	-2.64943	6.5538	2678	2732.84	-1
0	256	-3.35147	-0.562298	-1	-1	-1
0	256	3.30834	5.03695	103	153.719	-1
0	256	-5.94229	-5.59473	-1	-1	-1
0	256	4.95795	0.336485	2843	2881.41	-1
0	256	-6.71839	3.71686	-1	-1	-1
0	256	9.3002	-2.67777	-1	-1	-1
0	256	8.28213	-2.21564	-1	-1	-1
0	256	4.87902	4.05444	325	458.438	-1
0	256	-5.73407	0.262639	-1	-1	-1
0	256	5.98509	8.22111	-1	-1	-1
0	256	-7.24883	2.58792	4582	4637.72	-1
0	256	3.58434	6.63387	-1	-1	-1
0	256	-5.00505	0.711382	1664	1702.69	-1
0	256	4.18118	-5.8933	1279	1421.66	-1
0	256	-3.15933	4.12041	-1	-1	-1
0	256	-6.86908	-1.10818	-1	-1	-1
0	256	4.92221	-2.7558	4492	4614.22	-1
0	256	-7.00682	-5.29096	-1	-1	-1
0	256	3.54901	0.324167	3059	3177.72	-1
0	256	4.36598	6.95306	-1	-1	-1
0	256	-5.9306	-1.89559	-1	-1	-1
0	256	-4.69653	-6.26936	-1	-1	-1
0	256	3.9994	6.17862	-1	-1	-1
0	256	2.45264	-1.77699	1186	1213.5	-1
0	256	7.78426	5.73827	-1	-1	-1
0	256	-6.63972	5.16087	-1	-1	-1
0	256	-9.17674	3.82937	-1	-1	-1
0	256	9.4967	-1.47533	-1	-1	-1
0	256	-1.57513	-9.19761	-1	-1	-1
0	256	-3.33235	6.39771	-1	-1	-1
0	256	-4.82627	-1.64803	3618	3656.22	-1
0	256	-1.38527	6.61478	-1	-1	-1
0	256	-1.04862	4.55608	-1	-1	-1
0	256	-5.06688	-7.91754	-1	-1	-1
0	256	2.46147	7.06356	-1	-1	-1
0	256	9.49897	0.314515	-1	-1	-1
0	256	-7.24976	2.79831	5208	5313.03	-1
0	256	4.40012	2.32243	229	357.438	-1
