Pile ID	Distribution Type	X-Position	Y-Position	Pickup Time	Drop Off Time	Ant ID
1	1	-7.35072	-1.90032	-1	-1	-1
1	1	-7.20072	-1.90032	-1	-1	-1
1	1	-7.05072	-1.90032	-1	-1	-1
1	1	-6.90072	-1.90032	-1	-1	-1
1	1	-6.75072	-1.90032	-1	-1	-1
1	1	-6.60072	-1.90032	-1	-1	-1
1	1	-6.45072	-1.90032	-1	-1	-1
1	1	-6.30072	-1.90032	-1	-1	-1
1	1	-6.15072	-1.90032	-1	-1	-1
1	1	-6.00072	-1.90032	-1	-1	-1
1	1	-5.85072	-1.90032	-1	-1	-1
1	1	-5.70072	-1.90032	-1	-1	-1
1	1	-5.55072	-1.90032	-1	-1	-1
1	1	-5.40072	-1.90032	-1	-1	-1
1	1	-5.25072	-1.90032	-1	-1	-1
1	1	-5.10072	-1.90032	-1	-1	-1
1	1	-7.35072	-1.75032	-1	-1	-1
1	1	-7.20072	-1.75032	-1	-1	-1
1	1	-7.05072	-1.75032	-1	-1	-1
1	1	-6.90072	-1.75032	-1	-1	-1
1	1	-6.75072	-1.75032	-1	-1	-1
1	1	-6.60072	-1.75032	-1	-1	-1
1	1	-6.45072	-1.75032	-1	-1	-1
1	1	-6.30072	-1.75032	-1	-1	-1
1	1	-6.15072	-1.75032	-1	-1	-1
1	1	-6.00072	-1.75032	-1	-1	-1
1	1	-5.85072	-1.75032	-1	-1	-1
1	1	-5.70072	-1.75032	-1	-1	-1
1	1	-5.55072	-1.75032	-1	-1	-1
1	1	-5.40072	-1.75032	-1	-1	-1
1	1	-5.25072	-1.75032	-1	-1	-1
1	1	-5.10072	-1.75032	-1	-1	-1
1	1	-7.35072	-1.60032	-1	-1	-1
1	1	-7.20072	-1.60032	-1	-1	-1
1	1	-7.05072	-1.60032	-1	-1	-1
1	1	-6.90072	-1.60032	-1	-1	-1
1	1	-6.75072	-1.60032	-1	-1	-1
1	1	-6.60072	-1.60032	-1	-1	-1
1	1	-6.45072	-1.60032	-1	-1	-1
1	1	-6.30072	-1.60032	-1	-1	-1
1	1	-6.15072	-1.60032	-1	-1	-1
1	1	-6.00072	-1.60032	-1	-1	-1
1	1	-5.85072	-1.60032	-1	-1	-1
1	1	-5.70072	-1.60032	-1	-1	-1
1	1	-5.55072	-1.60032	-1	-1	-1
1	1	-5.40072	-1.60032	-1	-1	-1
1	1	-5.25072	-1.60032	-1	-1	-1
1	1	-5.10072	-1.60032	-1	-1	-1
1	1	-7.35072	-1.45032	-1	-1	-1
1	1	-7.20072	-1.45032	-1	-1	-1
1	1	-7.05072	-1.45032	-1	-1	-1
1	1	-6.90072	-1.45032	-1	-1	-1
1	1	-6.75072	-1.45032	-1	-1	-1
1	1	-6.60072	-1.45032	-1	-1	-1
1	1	-6.45072	-1.45032	-1	-1	-1
1	1	-6.30072	-1.45032	-1	-1	-1
1	1	-6.15072	-1.45032	-1	-1	-1
1	1	-6.00072	-1.45032	-1	-1	-1
1	1	-5.85072	-1.45032	-1	-1	-1
1	1	-5.70072	-1.45032	-1	-1	-1
1	1	-5.55072	-1.45032	-1	-1	-1
1	1	-5.40072	-1.45032	-1	-1	-1
1	1	-5.25072	-1.45032	-1	-1	-1
1	1	-5.10072	-1.45032	-1	-1	-1
1	1	-7.35072	-1.30032	-1	-1	-1
1	1	-7.20072	-1.30032	-1	-1	-1
1	1	-7.05072	-1.30032	-1	-1	-1
1	1	-6.90072	-1.30032	-1	-1	-1
1	1	-6.75072	-1.30032	-1	-1	-1
1	1	-6.60072	-1.30032	-1	-1	-1
1	1	-6.45072	-1.30032	-1	-1	-1
1	1	-6.30072	-1.30032	-1	-1	-1
1	1	-6.15072	-1.30032	-1	-1	-1
1	1	-6.00072	-1.30032	-1	-1	-1
1	1	-5.85072	-1.30032	-1	-1	-1
1	1	-5.70072	-1.30032	-1	-1	-1
1	1	-5.55072	-1.30032	-1	-1	-1
1	1	-5.40072	-1.30032	-1	-1	-1
1	1	-5.25072	-1.30032	-1	-1	-1
1	1	-5.10072	-1.30032	-1	-1	-1
1	1	-7.35072	-1.15032	-1	-1	-1
1	1	-7.20072	-1.15032	-1	-1	-1
1	1	-7.05072	-1.15032	-1	-1	-1
1	1	-6.90072	-1.15032	-1	-1	-1
1	1	-6.75072	-1.15032	-1	-1	-1
1	1	-6.60072	-1.15032	-1	-1	-1
1	1	-6.45072	-1.15032	-1	-1	-1
1	1	-6.30072	-1.15032	-1	-1	-1
1	1	-6.15072	-1.15032	-1	-1	-1
1	1	-6.00072	-1.15032	-1	-1	-1
1	1	-5.85072	-1.15032	-1	-1	-1
1	1	-5.70072	-1.15032	-1	-1	-1
1	1	-5.55072	-1.15032	-1	-1	-1
1	1	-5.40072	-1.15032	-1	-1	-1
1	1	-5.25072	-1.15032	-1	-1	-1
1	1	-5.10072	-1.15032	-1	-1	-1
1	1	-7.35072	-1.00032	-1	-1	-1
1	1	-7.20072	-1.00032	-1	-1	-1
1	1	-7.05072	-1.00032	-1	-1	-1
1	1	-6.90072	-1.00032	-1	-1	-1
1	1	-6.75072	-1.00032	-1	-1	-1
1	1	-6.60072	-1.00032	-1	-1	-1
1	1	-6.45072	-1.00032	-1	-1	-1
1	1	-6.30072	-1.00032	-1	-1	-1
1	1	-6.15072	-1.00032	-1	-1	-1
1	1	-6.00072	-1.00032	-1	-1	-1
1	1	-5.85072	-1.00032	-1	-1	-1
1	1	-5.70072	-1.00032	-1	-1	-1
1	1	-5.55072	-1.00032	-1	-1	-1
1	1	-5.40072	-1.00032	-1	-1	-1
1	1	-5.25072	-1.00032	-1	-1	-1
1	1	-5.10072	-1.00032	-1	-1	-1
1	1	-7.35072	-0.85032	-1	-1	-1
1	1	-7.20072	-0.85032	-1	-1	-1
1	1	-7.05072	-0.85032	-1	-1	-1
1	1	-6.90072	-0.85032	-1	-1	-1
1	1	-6.75072	-0.85032	-1	-1	-1
1	1	-6.60072	-0.85032	-1	-1	-1
1	1	-6.45072	-0.85032	-1	-1	-1
1	1	-6.30072	-0.85032	-1	-1	-1
1	1	-6.15072	-0.85032	-1	-1	-1
1	1	-6.00072	-0.85032	-1	-1	-1
1	1	-5.85072	-0.85032	-1	-1	-1
1	1	-5.70072	-0.85032	-1	-1	-1
1	1	-5.55072	-0.85032	-1	-1	-1
1	1	-5.40072	-0.85032	-1	-1	-1
1	1	-5.25072	-0.85032	-1	-1	-1
1	1	-5.10072	-0.85032	-1	-1	-1
1	1	-7.35072	-0.70032	-1	-1	-1
1	1	-7.20072	-0.70032	-1	-1	-1
1	1	-7.05072	-0.70032	-1	-1	-1
1	1	-6.90072	-0.70032	-1	-1	-1
1	1	-6.75072	-0.70032	-1	-1	-1
1	1	-6.60072	-0.70032	-1	-1	-1
1	1	-6.45072	-0.70032	-1	-1	-1
1	1	-6.30072	-0.70032	-1	-1	-1
1	1	-6.15072	-0.70032	-1	-1	-1
1	1	-6.00072	-0.70032	-1	-1	-1
1	1	-5.85072	-0.70032	-1	-1	-1
1	1	-5.70072	-0.70032	-1	-1	-1
1	1	-5.55072	-0.70032	-1	-1	-1
1	1	-5.40072	-0.70032	-1	-1	-1
1	1	-5.25072	-0.70032	-1	-1	-1
1	1	-5.10072	-0.70032	1383	1500.5	-1
1	1	-7.35072	-0.55032	-1	-1	-1
1	1	-7.20072	-0.55032	-1	-1	-1
1	1	-7.05072	-0.55032	-1	-1	-1
1	1	-6.90072	-0.55032	-1	-1	-1
1	1	-6.75072	-0.55032	-1	-1	-1
1	1	-6.60072	-0.55032	-1	-1	-1
1	1	-6.45072	-0.55032	-1	-1	-1
1	1	-6.30072	-0.55032	-1	-1	-1
1	1	-6.15072	-0.55032	-1	-1	-1
1	1	-6.00072	-0.55032	-1	-1	-1
1	1	-5.85072	-0.55032	-1	-1	-1
1	1	-5.70072	-0.55032	-1	-1	-1
1	1	-5.55072	-0.55032	-1	-1	-1
1	1	-5.40072	-0.55032	-1	-1	-1
1	1	-5.25072	-0.55032	1731	1800.38	-1
1	1	-5.10072	-0.55032	1384	1508.41	-1
1	1	-7.35072	-0.40032	-1	-1	-1
1	1	-7.20072	-0.40032	-1	-1	-1
1	1	-7.05072	-0.40032	-1	-1	-1
1	1	-6.90072	-0.40032	-1	-1	-1
1	1	-6.75072	-0.40032	-1	-1	-1
1	1	-6.60072	-0.40032	-1	-1	-1
1	1	-6.45072	-0.40032	-1	-1	-1
1	1	-6.30072	-0.40032	-1	-1	-1
1	1	-6.15072	-0.40032	-1	-1	-1
1	1	-6.00072	-0.40032	-1	-1	-1
1	1	-5.85072	-0.40032	-1	-1	-1
1	1	-5.70072	-0.40032	-1	-1	-1
1	1	-5.55072	-0.40032	4394	4438.75	-1
1	1	-5.40072	-0.40032	-1	-1	-1
1	1	-5.25072	-0.40032	2825	2865.41	-1
1	1	-5.10072	-0.40032	1613	1664.81	-1
1	1	-7.35072	-0.25032	-1	-1	-1
1	1	-7.20072	-0.25032	-1	-1	-1
1	1	-7.05072	-0.25032	-1	-1	-1
1	1	-6.90072	-0.25032	-1	-1	-1
1	1	-6.75072	-0.25032	-1	-1	-1
1	1	-6.60072	-0.25032	-1	-1	-1
1	1	-6.45072	-0.25032	-1	-1	-1
1	1	-6.30072	-0.25032	-1	-1	-1
1	1	-6.15072	-0.25032	-1	-1	-1
1	1	-6.00072	-0.25032	-1	-1	-1
1	1	-5.85072	-0.25032	-1	-1	-1
1	1	-5.70072	-0.25032	-1	-1	-1
1	1	-5.55072	-0.25032	4221	4264.41	-1
1	1	-5.40072	-0.25032	4305	4355.59	-1
1	1	-5.25072	-0.25032	2902	2945.97	-1
1	1	-5.10072	-0.25032	2325	2364.78	-1
1	1	-7.35072	-0.10032	-1	-1	-1
1	1	-7.20072	-0.10032	-1	-1	-1
1	1	-7.05072	-0.10032	-1	-1	-1
1	1	-6.90072	-0.10032	-1	-1	-1
1	1	-6.75072	-0.10032	-1	-1	-1
1	1	-6.60072	-0.10032	-1	-1	-1
1	1	-6.45072	-0.10032	-1	-1	-1
1	1	-6.30072	-0.10032	-1	-1	-1
1	1	-6.15072	-0.10032	-1	-1	-1
1	1	-6.00072	-0.10032	-1	-1	-1
1	1	-5.85072	-0.10032	-1	-1	-1
1	1	-5.70072	-0.10032	-1	-1	-1
1	1	-5.55072	-0.10032	4102	4151.97	-1
1	1	-5.40072	-0.10032	4012	4061.78	-1
1	1	-5.25072	-0.10032	3250	3299.88	-1
1	1	-5.10072	-0.10032	3004	3049.75	-1
1	1	-7.35072	0.0496796	-1	-1	-1
1	1	-7.20072	0.0496796	-1	-1	-1
1	1	-7.05072	0.0496796	-1	-1	-1
1	1	-6.90072	0.0496796	-1	-1	-1
1	1	-6.75072	0.0496796	-1	-1	-1
1	1	-6.60072	0.0496796	-1	-1	-1
1	1	-6.45072	0.0496796	-1	-1	-1
1	1	-6.30072	0.0496796	-1	-1	-1
1	1	-6.15072	0.0496796	-1	-1	-1
1	1	-6.00072	0.0496796	-1	-1	-1
1	1	-5.85072	0.0496796	-1	-1	-1
1	1	-5.70072	0.0496796	-1	-1	-1
1	1	-5.55072	0.0496796	3886	3939.44	-1
1	1	-5.40072	0.0496796	3767	3832.19	-1
1	1	-5.25072	0.0496796	3603	3664.44	-1
1	1	-5.10072	0.0496796	3140	3187.69	-1
1	1	-7.35072	0.19968	-1	-1	-1
1	1	-7.20072	0.19968	-1	-1	-1
1	1	-7.05072	0.19968	-1	-1	-1
1	1	-6.90072	0.19968	-1	-1	-1
1	1	-6.75072	0.19968	-1	-1	-1
1	1	-6.60072	0.19968	-1	-1	-1
1	1	-6.45072	0.19968	-1	-1	-1
1	1	-6.30072	0.19968	-1	-1	-1
1	1	-6.15072	0.19968	-1	-1	-1
1	1	-6.00072	0.19968	-1	-1	-1
1	1	-5.85072	0.19968	-1	-1	-1
1	1	-5.70072	0.19968	-1	-1	-1
1	1	-5.55072	0.19968	-1	-1	-1
1	1	-5.40072	0.19968	3725	3780.78	-1
1	1	-5.25072	0.19968	3430	3553.66	-1
1	1	-5.10072	0.19968	143	181.406	-1
1	1	-7.35072	0.34968	-1	-1	-1
1	1	-7.20072	0.34968	-1	-1	-1
1	1	-7.05072	0.34968	-1	-1	-1
1	1	-6.90072	0.34968	-1	-1	-1
1	1	-6.75072	0.34968	-1	-1	-1
1	1	-6.60072	0.34968	-1	-1	-1
1	1	-6.45072	0.34968	-1	-1	-1
1	1	-6.30072	0.34968	-1	-1	-1
1	1	-6.15072	0.34968	-1	-1	-1
1	1	-6.00072	0.34968	-1	-1	-1
1	1	-5.85072	0.34968	-1	-1	-1
1	1	-5.70072	0.34968	-1	-1	-1
1	1	-5.55072	0.34968	-1	-1	-1
1	1	-5.40072	0.34968	4008	4051.56	-1
1	1	-5.25072	0.34968	3645	3687.88	-1
1	1	-5.10072	0.34968	46	98.5312	-1
2	4	-1.09051	-6.80448	-1	-1	-1
2	4	-0.940507	-6.80448	-1	-1	-1
2	4	-0.790507	-6.80448	-1	-1	-1
2	4	-0.640507	-6.80448	-1	-1	-1
2	4	-0.490507	-6.80448	-1	-1	-1
2	4	-0.340507	-6.80448	-1	-1	-1
2	4	-0.190507	-6.80448	-1	-1	-1
2	4	-0.0405067	-6.80448	-1	-1	-1
2	4	-1.09051	-6.65448	-1	-1	-1
2	4	-0.940507	-6.65448	-1	-1	-1
2	4	-0.790507	-6.65448	-1	-1	-1
2	4	-0.640507	-6.65448	-1	-1	-1
2	4	-0.490507	-6.65448	-1	-1	-1
2	4	-0.340507	-6.65448	-1	-1	-1
2	4	-0.190507	-6.65448	-1	-1	-1
2	4	-0.0405067	-6.65448	-1	-1	-1
2	4	-1.09051	-6.50448	-1	-1	-1
2	4	-0.940507	-6.50448	-1	-1	-1
2	4	-0.790507	-6.50448	-1	-1	-1
2	4	-0.640507	-6.50448	-1	-1	-1
2	4	-0.490507	-6.50448	-1	-1	-1
2	4	-0.340507	-6.50448	-1	-1	-1
2	4	-0.190507	-6.50448	-1	-1	-1
2	4	-0.0405067	-6.50448	-1	-1	-1
2	4	-1.09051	-6.35448	-1	-1	-1
2	4	-0.940507	-6.35448	-1	-1	-1
2	4	-0.790507	-6.35448	-1	-1	-1
2	4	-0.640507	-6.35448	-1	-1	-1
2	4	-0.490507	-6.35448	-1	-1	-1
2	4	-0.340507	-6.35448	-1	-1	-1
2	4	-0.190507	-6.35448	-1	-1	-1
2	4	-0.0405067	-6.35448	-1	-1	-1
2	4	-1.09051	-6.20448	-1	-1	-1
2	4	-0.940507	-6.20448	-1	-1	-1
2	4	-0.790507	-6.20448	-1	-1	-1
2	4	-0.640507	-6.20448	-1	-1	-1
2	4	-0.490507	-6.20448	-1	-1	-1
2	4	-0.340507	-6.20448	-1	-1	-1
2	4	-0.190507	-6.20448	-1	-1	-1
2	4	-0.0405067	-6.20448	-1	-1	-1
2	4	-1.09051	-6.05448	-1	-1	-1
2	4	-0.940507	-6.05448	-1	-1	-1
2	4	-0.790507	-6.05448	5044	5107.66	-1
2	4	-0.640507	-6.05448	4897	4958.16	-1
2	4	-0.490507	-6.05448	4946	5018.16	-1
2	4	-0.340507	-6.05448	-1	-1	-1
2	4	-0.190507	-6.05448	-1	-1	-1
2	4	-0.0405067	-6.05448	-1	-1	-1
2	4	-1.09051	-5.90448	-1	-1	-1
2	4	-0.940507	-5.90448	-1	-1	-1
2	4	-0.790507	-5.90448	5034	5087.53	-1
2	4	-0.640507	-5.90448	4565	4676.84	-1
2	4	-0.490507	-5.90448	4719	4772.56	-1
2	4	-0.340507	-5.90448	4889	4946.03	-1
2	4	-0.190507	-5.90448	5179	5228.59	-1
2	4	-0.0405067	-5.90448	-1	-1	-1
2	4	-1.09051	-5.75448	-1	-1	-1
2	4	-0.940507	-5.75448	-1	-1	-1
2	4	-0.790507	-5.75448	-1	-1	-1
2	4	-0.640507	-5.75448	4734	4780.25	-1
2	4	-0.490507	-5.75448	4816	4874.16	-1
2	4	-0.340507	-5.75448	4850	4934.53	-1
2	4	-0.190507	-5.75448	5058	5134.75	-1
2	4	-0.0405067	-5.75448	5310	5361.03	-1
3	4	-2.04932	6.58606	-1	-1	-1
3	4	-1.89932	6.58606	-1	-1	-1
3	4	-1.74932	6.58606	-1	-1	-1
3	4	-1.59932	6.58606	3857	3968.41	-1
3	4	-1.44932	6.58606	-1	-1	-1
3	4	-1.29932	6.58606	-1	-1	-1
3	4	-1.14932	6.58606	-1	-1	-1
3	4	-0.999323	6.58606	-1	-1	-1
3	4	-2.04932	6.73606	-1	-1	-1
3	4	-1.89932	6.73606	-1	-1	-1
3	4	-1.74932	6.73606	-1	-1	-1
3	4	-1.59932	6.73606	-1	-1	-1
3	4	-1.44932	6.73606	-1	-1	-1
3	4	-1.29932	6.73606	-1	-1	-1
3	4	-1.14932	6.73606	-1	-1	-1
3	4	-0.999323	6.73606	-1	-1	-1
3	4	-2.04932	6.88606	-1	-1	-1
3	4	-1.89932	6.88606	-1	-1	-1
3	4	-1.74932	6.88606	-1	-1	-1
3	4	-1.59932	6.88606	-1	-1	-1
3	4	-1.44932	6.88606	-1	-1	-1
3	4	-1.29932	6.88606	2274	2327.19	-1
3	4	-1.14932	6.88606	2144	2206.5	-1
3	4	-0.999323	6.88606	2338	2399.75	-1
3	4	-2.04932	7.03606	-1	-1	-1
3	4	-1.89932	7.03606	-1	-1	-1
3	4	-1.74932	7.03606	-1	-1	-1
3	4	-1.59932	7.03606	-1	-1	-1
3	4	-1.44932	7.03606	2431	2499.09	-1
3	4	-1.29932	7.03606	1946	2047.03	-1
3	4	-1.14932	7.03606	2099	2156.88	-1
3	4	-0.999323	7.03606	-1	-1	-1
3	4	-2.04932	7.18606	-1	-1	-1
3	4	-1.89932	7.18606	-1	-1	-1
3	4	-1.74932	7.18606	-1	-1	-1
3	4	-1.59932	7.18606	-1	-1	-1
3	4	-1.44932	7.18606	-1	-1	-1
3	4	-1.29932	7.18606	2262	2352.91	-1
3	4	-1.14932	7.18606	2426	2486.78	-1
3	4	-0.999323	7.18606	-1	-1	-1
3	4	-2.04932	7.33606	-1	-1	-1
3	4	-1.89932	7.33606	-1	-1	-1
3	4	-1.74932	7.33606	-1	-1	-1
3	4	-1.59932	7.33606	-1	-1	-1
3	4	-1.44932	7.33606	-1	-1	-1
3	4	-1.29932	7.33606	-1	-1	-1
3	4	-1.14932	7.33606	2594	2655.81	-1
3	4	-0.999323	7.33606	-1	-1	-1
3	4	-2.04932	7.48606	-1	-1	-1
3	4	-1.89932	7.48606	-1	-1	-1
3	4	-1.74932	7.48606	-1	-1	-1
3	4	-1.59932	7.48606	-1	-1	-1
3	4	-1.44932	7.48606	-1	-1	-1
3	4	-1.29932	7.48606	-1	-1	-1
3	4	-1.14932	7.48606	-1	-1	-1
3	4	-0.999323	7.48606	-1	-1	-1
3	4	-2.04932	7.63606	-1	-1	-1
3	4	-1.89932	7.63606	-1	-1	-1
3	4	-1.74932	7.63606	-1	-1	-1
3	4	-1.59932	7.63606	-1	-1	-1
3	4	-1.44932	7.63606	-1	-1	-1
3	4	-1.29932	7.63606	-1	-1	-1
3	4	-1.14932	7.63606	-1	-1	-1
3	4	-0.999323	7.63606	-1	-1	-1
4	4	2.18956	3.20831	32	74.7188	-1
4	4	2.33956	3.20831	-1	-1	-1
4	4	2.48956	3.20831	-1	-1	-1
4	4	2.63956	3.20831	-1	-1	-1
4	4	2.78956	3.20831	-1	-1	-1
4	4	2.93956	3.20831	3433	3588.19	-1
4	4	3.08956	3.20831	3650	3697.03	-1
4	4	3.23956	3.20831	-1	-1	-1
4	4	2.18956	3.35831	101	133.875	-1
4	4	2.33956	3.35831	184	226.125	-1
4	4	2.48956	3.35831	739	785.125	-1
4	4	2.63956	3.35831	825	868.312	-1
4	4	2.78956	3.35831	-1	-1	-1
4	4	2.93956	3.35831	-1	-1	-1
4	4	3.08956	3.35831	-1	-1	-1
4	4	3.23956	3.35831	-1	-1	-1
4	4	2.18956	3.50831	208	245.062	-1
4	4	2.33956	3.50831	321	360.219	-1
4	4	2.48956	3.50831	529	567.906	-1
4	4	2.63956	3.50831	655	692.969	-1
4	4	2.78956	3.50831	-1	-1	-1
4	4	2.93956	3.50831	-1	-1	-1
4	4	3.08956	3.50831	-1	-1	-1
4	4	3.23956	3.50831	-1	-1	-1
4	4	2.18956	3.65831	285	351	-1
4	4	2.33956	3.65831	422	475.312	-1
4	4	2.48956	3.65831	548	593.281	-1
4	4	2.63956	3.65831	-1	-1	-1
4	4	2.78956	3.65831	-1	-1	-1
4	4	2.93956	3.65831	-1	-1	-1
4	4	3.08956	3.65831	-1	-1	-1
4	4	3.23956	3.65831	-1	-1	-1
4	4	2.18956	3.80831	520	559.531	-1
4	4	2.33956	3.80831	-1	-1	-1
4	4	2.48956	3.80831	5278	-1	-1
4	4	2.63956	3.80831	-1	-1	-1
4	4	2.78956	3.80831	-1	-1	-1
4	4	2.93956	3.80831	-1	-1	-1
4	4	3.08956	3.80831	-1	-1	-1
4	4	3.23956	3.80831	-1	-1	-1
4	4	2.18956	3.95831	-1	-1	-1
4	4	2.33956	3.95831	-1	-1	-1
4	4	2.48956	3.95831	-1	-1	-1
4	4	2.63956	3.95831	-1	-1	-1
4	4	2.78956	3.95831	-1	-1	-1
4	4	2.93956	3.95831	-1	-1	-1
4	4	3.08956	3.95831	-1	-1	-1
4	4	3.23956	3.95831	-1	-1	-1
4	4	2.18956	4.10831	-1	-1	-1
4	4	2.33956	4.10831	-1	-1	-1
4	4	2.48956	4.10831	-1	-1	-1
4	4	2.63956	4.10831	-1	-1	-1
4	4	2.78956	4.10831	-1	-1	-1
4	4	2.93956	4.10831	-1	-1	-1
4	4	3.08956	4.10831	-1	-1	-1
4	4	3.23956	4.10831	-1	-1	-1
4	4	2.18956	4.25831	-1	-1	-1
4	4	2.33956	4.25831	-1	-1	-1
4	4	2.48956	4.25831	-1	-1	-1
4	4	2.63956	4.25831	-1	-1	-1
4	4	2.78956	4.25831	-1	-1	-1
4	4	2.93956	4.25831	-1	-1	-1
4	4	3.08956	4.25831	-1	-1	-1
4	4	3.23956	4.25831	-1	-1	-1
5	4	4.59078	-2.05367	-1	-1	-1
5	4	4.74078	-2.05367	-1	-1	-1
5	4	4.89078	-2.05367	-1	-1	-1
5	4	5.04078	-2.05367	-1	-1	-1
5	4	5.19078	-2.05367	-1	-1	-1
5	4	5.34078	-2.05367	-1	-1	-1
5	4	5.49078	-2.05367	-1	-1	-1
5	4	5.64078	-2.05367	-1	-1	-1
5	4	4.59078	-1.90367	-1	-1	-1
5	4	4.74078	-1.90367	-1	-1	-1
5	4	4.89078	-1.90367	-1	-1	-1
5	4	5.04078	-1.90367	-1	-1	-1
5	4	5.19078	-1.90367	-1	-1	-1
5	4	5.34078	-1.90367	-1	-1	-1
5	4	5.49078	-1.90367	-1	-1	-1
5	4	5.64078	-1.90367	-1	-1	-1
5	4	4.59078	-1.75367	-1	-1	-1
5	4	4.74078	-1.75367	-1	-1	-1
5	4	4.89078	-1.75367	4679	4750.78	-1
5	4	5.04078	-1.75367	-1	-1	-1
5	4	5.19078	-1.75367	-1	-1	-1
5	4	5.34078	-1.75367	-1	-1	-1
5	4	5.49078	-1.75367	-1	-1	-1
5	4	5.64078	-1.75367	-1	-1	-1
5	4	4.59078	-1.60367	2269	2310.09	-1
5	4	4.74078	-1.60367	4017	4075.19	-1
5	4	4.89078	-1.60367	4426	4466.47	-1
5	4	5.04078	-1.60367	-1	-1	-1
5	4	5.19078	-1.60367	-1	-1	-1
5	4	5.34078	-1.60367	-1	-1	-1
5	4	5.49078	-1.60367	-1	-1	-1
5	4	5.64078	-1.60367	-1	-1	-1
5	4	4.59078	-1.45367	2348	2386.25	-1
5	4	4.74078	-1.45367	3834	3948.47	-1
5	4	4.89078	-1.45367	4292	4356.47	-1
5	4	5.04078	-1.45367	4420	4470.88	-1
5	4	5.19078	-1.45367	-1	-1	-1
5	4	5.34078	-1.45367	-1	-1	-1
5	4	5.49078	-1.45367	-1	-1	-1
5	4	5.64078	-1.45367	-1	-1	-1
5	4	4.59078	-1.30367	1231	1268.69	-1
5	4	4.74078	-1.30367	2506	2545.56	-1
5	4	4.89078	-1.30367	4068	4118	-1
5	4	5.04078	-1.30367	4528	4575.81	-1
5	4	5.19078	-1.30367	4777	4835	-1
5	4	5.34078	-1.30367	-1	-1	-1
5	4	5.49078	-1.30367	-1	-1	-1
5	4	5.64078	-1.30367	-1	-1	-1
5	4	4.59078	-1.15367	4128	4180.81	-1
5	4	4.74078	-1.15367	4181	4243.97	-1
5	4	4.89078	-1.15367	4369	4424.25	-1
5	4	5.04078	-1.15367	4497	4559.06	-1
5	4	5.19078	-1.15367	4650	4703.09	-1
5	4	5.34078	-1.15367	-1	-1	-1
5	4	5.49078	-1.15367	-1	-1	-1
5	4	5.64078	-1.15367	-1	-1	-1
5	4	4.59078	-1.00367	4584	4713.41	-1
5	4	4.74078	-1.00367	4258	4305.81	-1
5	4	4.89078	-1.00367	1094	1137.44	-1
5	4	5.04078	-1.00367	887	1005.03	-1
5	4	5.19078	-1.00367	1211	1262.91	-1
5	4	5.34078	-1.00367	-1	-1	-1
5	4	5.49078	-1.00367	-1	-1	-1
5	4	5.64078	-1.00367	-1	-1	-1
6	16	-3.57428	7.75535	-1	-1	-1
6	16	-3.42428	7.75535	-1	-1	-1
6	16	-3.27428	7.75535	-1	-1	-1
6	16	-3.12428	7.75535	-1	-1	-1
6	16	-3.57428	7.90535	-1	-1	-1
6	16	-3.42428	7.90535	-1	-1	-1
6	16	-3.27428	7.90535	-1	-1	-1
6	16	-3.12428	7.90535	-1	-1	-1
6	16	-3.57428	8.05535	-1	-1	-1
6	16	-3.42428	8.05535	-1	-1	-1
6	16	-3.27428	8.05535	-1	-1	-1
6	16	-3.12428	8.05535	-1	-1	-1
6	16	-3.57428	8.20535	-1	-1	-1
6	16	-3.42428	8.20535	-1	-1	-1
6	16	-3.27428	8.20535	-1	-1	-1
6	16	-3.12428	8.20535	-1	-1	-1
7	16	5.24024	-5.45179	-1	-1	-1
7	16	5.39024	-5.45179	-1	-1	-1
7	16	5.54024	-5.45179	-1	-1	-1
7	16	5.69024	-5.45179	-1	-1	-1
7	16	5.24024	-5.30179	-1	-1	-1
7	16	5.39024	-5.30179	-1	-1	-1
7	16	5.54024	-5.30179	-1	-1	-1
7	16	5.69024	-5.30179	-1	-1	-1
7	16	5.24024	-5.15179	2163	2301.81	-1
7	16	5.39024	-5.15179	-1	-1	-1
7	16	5.54024	-5.15179	-1	-1	-1
7	16	5.69024	-5.15179	-1	-1	-1
7	16	5.24024	-5.00179	2359	2421.41	-1
7	16	5.39024	-5.00179	-1	-1	-1
7	16	5.54024	-5.00179	-1	-1	-1
7	16	5.69024	-5.00179	-1	-1	-1
8	16	1.18485	-5.14587	-1	-1	-1
8	16	1.33485	-5.14587	-1	-1	-1
8	16	1.48485	-5.14587	-1	-1	-1
8	16	1.63485	-5.14587	-1	-1	-1
8	16	1.18485	-4.99587	-1	-1	-1
8	16	1.33485	-4.99587	-1	-1	-1
8	16	1.48485	-4.99587	-1	-1	-1
8	16	1.63485	-4.99587	-1	-1	-1
8	16	1.18485	-4.84587	-1	-1	-1
8	16	1.33485	-4.84587	-1	-1	-1
8	16	1.48485	-4.84587	-1	-1	-1
8	16	1.63485	-4.84587	-1	-1	-1
8	16	1.18485	-4.69587	-1	-1	-1
8	16	1.33485	-4.69587	-1	-1	-1
8	16	1.48485	-4.69587	-1	-1	-1
8	16	1.63485	-4.69587	-1	-1	-1
9	16	0.393296	-8.87367	-1	-1	-1
9	16	0.543296	-8.87367	-1	-1	-1
9	16	0.693296	-8.87367	-1	-1	-1
9	16	0.843296	-8.87367	-1	-1	-1
9	16	0.393296	-8.72367	-1	-1	-1
9	16	0.543296	-8.72367	-1	-1	-1
9	16	0.693296	-8.72367	-1	-1	-1
9	16	0.843296	-8.72367	-1	-1	-1
9	16	0.393296	-8.57367	-1	-1	-1
9	16	0.543296	-8.57367	-1	-1	-1
9	16	0.693296	-8.57367	-1	-1	-1
9	16	0.843296	-8.57367	-1	-1	-1
9	16	0.393296	-8.42367	-1	-1	-1
9	16	0.543296	-8.42367	-1	-1	-1
9	16	0.693296	-8.42367	-1	-1	-1
9	16	0.843296	-8.42367	-1	-1	-1
10	16	-2.17912	-6.59117	-1	-1	-1
10	16	-2.02912	-6.59117	-1	-1	-1
10	16	-1.87912	-6.59117	-1	-1	-1
10	16	-1.72912	-6.59117	-1	-1	-1
10	16	-2.17912	-6.44117	-1	-1	-1
10	16	-2.02912	-6.44117	-1	-1	-1
10	16	-1.87912	-6.44117	-1	-1	-1
10	16	-1.72912	-6.44117	-1	-1	-1
10	16	-2.17912	-6.29117	-1	-1	-1
10	16	-2.02912	-6.29117	-1	-1	-1
10	16	-1.87912	-6.29117	-1	-1	-1
10	16	-1.72912	-6.29117	-1	-1	-1
10	16	-2.17912	-6.14117	-1	-1	-1
10	16	-2.02912	-6.14117	-1	-1	-1
10	16	-1.87912	-6.14117	-1	-1	-1
10	16	-1.72912	-6.14117	-1	-1	-1
11	16	4.8432	0.0326745	3598	3636.62	-1
11	16	4.9932	0.0326745	3678	3732.53	-1
11	16	5.1432	0.0326745	3836	3877.59	-1
11	16	5.2932	0.0326745	-1	-1	-1
11	16	4.8432	0.182675	3416	3529.34	-1
11	16	4.9932	0.182675	3532	3651	-1
11	16	5.1432	0.182675	3867	3921.62	-1
11	16	5.2932	0.182675	-1	-1	-1
11	16	4.8432	0.332675	3697	3761.75	-1
11	16	4.9932	0.332675	3749	3820.09	-1
11	16	5.1432	0.332675	3948	4003.34	-1
11	16	5.2932	0.332675	-1	-1	-1
11	16	4.8432	0.482675	-1	-1	-1
11	16	4.9932	0.482675	-1	-1	-1
11	16	5.1432	0.482675	4060	4103.47	-1
11	16	5.2932	0.482675	-1	-1	-1
12	16	-6.44783	-4.25765	-1	-1	-1
12	16	-6.29783	-4.25765	-1	-1	-1
12	16	-6.14783	-4.25765	-1	-1	-1
12	16	-5.99783	-4.25765	-1	-1	-1
12	16	-6.44783	-4.10765	-1	-1	-1
12	16	-6.29783	-4.10765	-1	-1	-1
12	16	-6.14783	-4.10765	-1	-1	-1
12	16	-5.99783	-4.10765	-1	-1	-1
12	16	-6.44783	-3.95765	-1	-1	-1
12	16	-6.29783	-3.95765	-1	-1	-1
12	16	-6.14783	-3.95765	-1	-1	-1
12	16	-5.99783	-3.95765	-1	-1	-1
12	16	-6.44783	-3.80765	-1	-1	-1
12	16	-6.29783	-3.80765	3610	3662.09	-1
12	16	-6.14783	-3.80765	3461	3514.69	-1
12	16	-5.99783	-3.80765	-1	-1	-1
13	16	4.84255	4.19745	-1	-1	-1
13	16	4.99255	4.19745	-1	-1	-1
13	16	5.14255	4.19745	-1	-1	-1
13	16	5.29255	4.19745	-1	-1	-1
13	16	4.84255	4.34745	5050	5191.59	-1
13	16	4.99255	4.34745	-1	-1	-1
13	16	5.14255	4.34745	-1	-1	-1
13	16	5.29255	4.34745	-1	-1	-1
13	16	4.84255	4.49745	5238	5291.69	-1
13	16	4.99255	4.49745	-1	-1	-1
13	16	5.14255	4.49745	-1	-1	-1
13	16	5.29255	4.49745	-1	-1	-1
13	16	4.84255	4.64745	-1	-1	-1
13	16	4.99255	4.64745	-1	-1	-1
13	16	5.14255	4.64745	-1	-1	-1
13	16	5.29255	4.64745	-1	-1	-1
14	16	-7.81852	2.88522	-1	-1	-1
14	16	-7.66852	2.88522	-1	-1	-1
14	16	-7.51852	2.88522	-1	-1	-1
14	16	-7.36852	2.88522	-1	-1	-1
14	16	-7.81852	3.03522	-1	-1	-1
14	16	-7.66852	3.03522	-1	-1	-1
14	16	-7.51852	3.03522	-1	-1	-1
14	16	-7.36852	3.03522	-1	-1	-1
14	16	-7.81852	3.18522	-1	-1	-1
14	16	-7.66852	3.18522	-1	-1	-1
14	16	-7.51852	3.18522	-1	-1	-1
14	16	-7.36852	3.18522	-1	-1	-1
14	16	-7.81852	3.33522	-1	-1	-1
14	16	-7.66852	3.33522	-1	-1	-1
14	16	-7.51852	3.33522	-1	-1	-1
14	16	-7.36852	3.33522	-1	-1	-1
15	16	-2.48422	2.39416	4216	4248.41	-1
15	16	-2.33422	2.39416	4016	4176.09	-1
15	16	-2.18422	2.39416	38	80.9688	-1
15	16	-2.03422	2.39416	150	176.531	-1
15	16	-2.48422	2.54416	-1	-1	-1
15	16	-2.33422	2.54416	-1	-1	-1
15	16	-2.18422	2.54416	933	1091.22	-1
15	16	-2.03422	2.54416	226	254.531	-1
15	16	-2.48422	2.69416	-1	-1	-1
15	16	-2.33422	2.69416	-1	-1	-1
15	16	-2.18422	2.69416	-1	-1	-1
15	16	-2.03422	2.69416	3297	3449.62	-1
15	16	-2.48422	2.84416	-1	-1	-1
15	16	-2.33422	2.84416	-1	-1	-1
15	16	-2.18422	2.84416	-1	-1	-1
15	16	-2.03422	2.84416	3509	3539.69	-1
16	16	-0.340622	-9.26808	-1	-1	-1
16	16	-0.190622	-9.26808	-1	-1	-1
16	16	-0.0406223	-9.26808	4653	4754.16	-1
16	16	0.109378	-9.26808	2309	2379.69	-1
16	16	-0.340622	-9.11808	-1	-1	-1
16	16	-0.190622	-9.11808	-1	-1	-1
16	16	-0.0406223	-9.11808	-1	-1	-1
16	16	0.109378	-9.11808	-1	-1	-1
16	16	-0.340622	-8.96808	-1	-1	-1
16	16	-0.190622	-8.96808	-1	-1	-1
16	16	-0.0406223	-8.96808	-1	-1	-1
16	16	0.109378	-8.96808	-1	-1	-1
16	16	-0.340622	-8.81808	-1	-1	-1
16	16	-0.190622	-8.81808	-1	-1	-1
16	16	-0.0406223	-8.81808	-1	-1	-1
16	16	0.109378	-8.81808	-1	-1	-1
17	16	6.66267	9.08097	-1	-1	-1
17	16	6.81267	9.08097	-1	-1	-1
17	16	6.96267	9.08097	-1	-1	-1
17	16	7.11267	9.08097	-1	-1	-1
17	16	6.66267	9.23097	-1	-1	-1
17	16	6.81267	9.23097	-1	-1	-1
17	16	6.96267	9.23097	-1	-1	-1
17	16	7.11267	9.23097	-1	-1	-1
17	16	6.66267	9.38097	-1	-1	-1
17	16	6.81267	9.38097	-1	-1	-1
17	16	6.96267	9.38097	-1	-1	-1
17	16	7.11267	9.38097	-1	-1	-1
17	16	6.66267	9.53097	-1	-1	-1
17	16	6.81267	9.53097	-1	-1	-1
17	16	6.96267	9.53097	-1	-1	-1
17	16	7.11267	9.53097	-1	-1	-1
18	16	-3.39678	4.07069	-1	-1	-1
18	16	-3.24678	4.07069	-1	-1	-1
18	16	-3.09678	4.07069	-1	-1	-1
18	16	-2.94678	4.07069	-1	-1	-1
18	16	-3.39678	4.22069	-1	-1	-1
18	16	-3.24678	4.22069	-1	-1	-1
18	16	-3.09678	4.22069	-1	-1	-1
18	16	-2.94678	4.22069	-1	-1	-1
18	16	-3.39678	4.37069	-1	-1	-1
18	16	-3.24678	4.37069	-1	-1	-1
18	16	-3.09678	4.37069	-1	-1	-1
18	16	-2.94678	4.37069	-1	-1	-1
18	16	-3.39678	4.52069	-1	-1	-1
18	16	-3.24678	4.52069	-1	-1	-1
18	16	-3.09678	4.52069	-1	-1	-1
18	16	-2.94678	4.52069	-1	-1	-1
19	16	-2.51076	5.13067	1303	1360.12	-1
19	16	-2.36076	5.13067	1059	1159.38	-1
19	16	-2.21076	5.13067	900	1013.69	-1
19	16	-2.06076	5.13067	653	773.531	-1
19	16	-2.51076	5.28067	1420	1468.59	-1
19	16	-2.36076	5.28067	1210	1261.41	-1
19	16	-2.21076	5.28067	-1	-1	-1
19	16	-2.06076	5.28067	2633	2739.53	-1
19	16	-2.51076	5.43067	-1	-1	-1
19	16	-2.36076	5.43067	-1	-1	-1
19	16	-2.21076	5.43067	-1	-1	-1
19	16	-2.06076	5.43067	-1	-1	-1
19	16	-2.51076	5.58067	-1	-1	-1
19	16	-2.36076	5.58067	-1	-1	-1
19	16	-2.21076	5.58067	-1	-1	-1
19	16	-2.06076	5.58067	-1	-1	-1
20	16	-0.317496	-4.19029	1027	1099.12	-1
20	16	-0.167496	-4.19029	-1	-1	-1
20	16	-0.0174956	-4.19029	-1	-1	-1
20	16	0.132504	-4.19029	-1	-1	-1
20	16	-0.317496	-4.04029	844	882.188	-1
20	16	-0.167496	-4.04029	1032	1076.12	-1
20	16	-0.0174956	-4.04029	1072	1129.47	-1
20	16	0.132504	-4.04029	-1	-1	-1
20	16	-0.317496	-3.89029	613	733.844	-1
20	16	-0.167496	-3.89029	948	991.656	-1
20	16	-0.0174956	-3.89029	1348	1473.53	-1
20	16	0.132504	-3.89029	-1	-1	-1
20	16	-0.317496	-3.74029	249	371.031	-1
20	16	-0.167496	-3.74029	798	832.344	-1
20	16	-0.0174956	-3.74029	82	113.688	-1
20	16	0.132504	-3.74029	-1	-1	-1
21	16	7.00796	4.86269	-1	-1	-1
21	16	7.15796	4.86269	-1	-1	-1
21	16	7.30796	4.86269	-1	-1	-1
21	16	7.45796	4.86269	-1	-1	-1
21	16	7.00796	5.01269	-1	-1	-1
21	16	7.15796	5.01269	-1	-1	-1
21	16	7.30796	5.01269	-1	-1	-1
21	16	7.45796	5.01269	-1	-1	-1
21	16	7.00796	5.16269	-1	-1	-1
21	16	7.15796	5.16269	-1	-1	-1
21	16	7.30796	5.16269	-1	-1	-1
21	16	7.45796	5.16269	-1	-1	-1
21	16	7.00796	5.31269	-1	-1	-1
21	16	7.15796	5.31269	-1	-1	-1
21	16	7.30796	5.31269	-1	-1	-1
21	16	7.45796	5.31269	-1	-1	-1
0	256	-2.78424	4.01306	-1	-1	-1
0	256	8.27186	-0.590686	-1	-1	-1
0	256	3.91568	-0.507895	5033	5069.5	-1
0	256	-1.095	4.22057	-1	-1	-1
0	256	-5.22507	-5.255	1907	2040.62	-1
0	256	2.88232	1.90891	-1	-1	-1
0	256	-8.98829	-1.56987	-1	-1	-1
0	256	-2.29462	6.11739	3442	3539.44	-1
0	256	-7.62089	1.91886	-1	-1	-1
0	256	1.71098	-8.09908	-1	-1	-1
0	256	-4.61479	-3.85036	88	229.812	-1
0	256	-3.45777	-9.1946	5327	-1	-1
0	256	-4.84392	5.82476	-1	-1	-1
0	256	-9.37323	-0.730312	-1	-1	-1
0	256	0.230873	-5.00256	-1	-1	-1
0	256	-5.94194	-5.90847	-1	-1	-1
0	256	-7.3223	1.84735	-1	-1	-1
0	256	-6.06174	6.61416	116	257.594	-1
0	256	-2.13671	6.46075	857	955.312	-1
0	256	-3.65057	6.7346	599	706.938	-1
0	256	7.64068	-1.64165	-1	-1	-1
0	256	4.82702	8.57408	-1	-1	-1
0	256	4.24744	3.17574	-1	-1	-1
0	256	-5.90974	-5.66796	-1	-1	-1
0	256	-2.5841	4.28268	-1	-1	-1
0	256	2.16076	7.2266	-1	-1	-1
0	256	7.93885	-5.17067	-1	-1	-1
0	256	-2.50952	-2.76403	-1	-1	-1
0	256	4.93314	6.62414	-1	-1	-1
0	256	-6.90413	-2.02969	4499	4561.38	-1
0	256	1.95922	-3.54693	-1	-1	-1
0	256	1.32991	-9.1673	-1	-1	-1
0	256	-5.46916	2.79649	-1	-1	-1
0	256	-3.79712	-8.82308	-1	-1	-1
0	256	-4.7695	2.52977	-1	-1	-1
0	256	4.10723	-0.416226	5269	5309.47	-1
0	256	5.45315	-3.49062	-1	-1	-1
0	256	5.98715	1.81783	5219	5322.88	-1
0	256	0.58027	-6.35477	-1	-1	-1
0	256	-0.0829957	1.85978	689	710.688	-1
0	256	1.24019	-8.43369	-1	-1	-1
0	256	4.07644	2.64293	-1	-1	-1
0	256	2.67732	7.88274	275	390.062	-1
0	256	-8.37684	2.76145	-1	-1	-1
0	256	3.18853	5.53073	-1	-1	-1
0	256	-2.83284	-6.64872	-1	-1	-1
0	256	-5.20126	6.62381	-1	-1	-1
0	256	5.60929	-6.82277	3074	3200.53	-1
0	256	4.05268	-0.599387	5166	5217.16	-1
0	256	-8.31283	-2.328	-1	-1	-1
0	256	0.466083	-5.94012	2067	2175.5	-1
0	256	-5.77085	6.95781	-1	-1	-1
0	256	-2.8336	-4.18477	-1	-1	-1
0	256	7.0754	-3.54559	-1	-1	-1
0	256	5.12895	0.882553	325	427.969	-1
0	256	6.69136	3.31473	-1	-1	-1
0	256	-0.29208	-4.88135	-1	-1	-1
0	256	2.97215	2.53064	3354	3510.47	-1
0	256	-3.29808	5.72448	-1	-1	-1
0	256	-2.88592	-4.95734	-1	-1	-1
0	256	-9.46846	1.63736	-1	-1	-1
0	256	2.22031	-8.38509	-1	-1	-1
0	256	0.0174257	7.19762	-1	-1	-1
0	256	5.90294	-2.14931	-1	-1	-1
0	256	0.229862	-5.63602	-1	-1	-1
0	256	-3.66917	-7.32735	-1	-1	-1
0	256	0.474902	3.19008	-1	-1	-1
0	256	-3.69795	-0.835971	1654	1766.44	-1
0	256	-0.513438	6.90901	-1	-1	-1
0	256	6.39231	-2.53667	-1	-1	-1
0	256	2.67161	-1.49844	1563	1590.09	-1
0	256	-0.423139	-4.07428	923	968.531	-1
0	256	-3.54461	-6.44978	-1	-1	-1
0	256	3.80898	-7.81506	-1	-1	-1
0	256	7.15552	-0.77907	-1	-1	-1
0	256	7.58954	-3.68357	-1	-1	-1
0	256	-2.81697	-9.23159	-1	-1	-1
0	256	7.05549	1.35046	-1	-1	-1
0	256	-1.94379	2.99814	-1	-1	-1
0	256	-7.4602	-5.8305	-1	-1	-1
0	256	-1.89957	-3.7364	-1	-1	-1
0	256	-4.68174	1.08751	-1	-1	-1
0	256	5.83812	-2.39307	-1	-1	-1
0	256	-3.4917	-0.838869	3070	3098.97	-1
0	256	-2.47231	2.1132	5011	5158.5	-1
0	256	-6.63683	-2.30143	-1	-1	-1
0	256	4.61481	-4.20802	-1	-1	-1
0	256	0.901332	4.19431	-1	-1	-1
0	256	-3.39624	-7.25688	-1	-1	-1
0	256	3.1685	-9.14247	-1	-1	-1
0	256	1.74209	-3.63707	55	91.625	-1
0	256	-7.91577	3.09473	-1	-1	-1
0	256	-0.579307	-4.3053	1035	1082.66	-1
0	256	8.33418	2.22166	-1	-1	-1
0	256	0.981189	-9.17686	-1	-1	-1
0	256	8.2815	-0.480026	-1	-1	-1
0	256	7.75666	-2.32211	-1	-1	-1
0	256	-1.43539	-6.71713	-1	-1	-1
0	256	-5.71481	2.63626	-1	-1	-1
0	256	5.84576	7.51404	-1	-1	-1
0	256	-7.83669	1.81387	-1	-1	-1
0	256	-4.14071	-6.26788	-1	-1	-1
0	256	6.91659	2.8603	1874	1972.5	-1
0	256	-5.82829	-5.28325	-1	-1	-1
0	256	0.55088	4.77144	-1	-1	-1
0	256	-2.2146	-7.80636	-1	-1	-1
0	256	1.22008	-8.64169	-1	-1	-1
0	256	2.11346	8.46516	2620	2704.31	-1
0	256	-4.85477	8.74239	-1	-1	-1
0	256	5.17294	-0.46905	-1	-1	-1
0	256	6.04986	3.60803	-1	-1	-1
0	256	-6.37632	-5.07235	-1	-1	-1
0	256	-2.1714	-4.51551	-1	-1	-1
0	256	9.28175	-3.04549	-1	-1	-1
0	256	5.37441	4.00255	-1	-1	-1
0	256	-6.7721	-6.49417	-1	-1	-1
0	256	4.21315	7.97759	-1	-1	-1
0	256	-6.47536	-3.09469	-1	-1	-1
0	256	-3.01545	-6.61052	-1	-1	-1
0	256	6.33578	-2.21414	-1	-1	-1
0	256	6.3046	7.64667	-1	-1	-1
0	256	1.16512	-9.47717	-1	-1	-1
0	256	-2.3294	8.05559	-1	-1	-1
0	256	-4.20717	5.65412	-1	-1	-1
0	256	-2.84386	3.8806	-1	-1	-1
0	256	-0.0842422	7.24981	-1	-1	-1
0	256	-3.1152	8.66339	-1	-1	-1
0	256	-6.18887	-8.74507	-1	-1	-1
0	256	-6.08606	4.44118	-1	-1	-1
0	256	-7.70475	-4.99558	-1	-1	-1
0	256	-9.6691	-1.93698	-1	-1	-1
0	256	8.40579	-1.31396	1477	1566.56	-1
0	256	7.50793	-2.84822	-1	-1	-1
0	256	-8.478	-0.758224	315	379.844	-1
0	256	-0.60552	-8.72084	-1	-1	-1
0	256	2.28667	-4.42252	-1	-1	-1
0	256	2.45814	4.63337	-1	-1	-1
0	256	-5.55634	0.952504	2797	2910.12	-1
0	256	-3.23372	0.679491	32	64.8125	-1
0	256	3.36503	7.45422	-1	-1	-1
0	256	-6.93859	1.65289	-1	-1	-1
0	256	1.75652	-6.51315	5223	5275.16	-1
0	256	-7.59984	8.84188	-1	-1	-1
0	256	-4.33456	7.93524	-1	-1	-1
0	256	8.26417	0.269705	1896	1985.47	-1
0	256	-6.01301	3.49677	-1	-1	-1
0	256	-3.09124	-0.395637	431	558.469	-1
0	256	5.67735	5.84466	-1	-1	-1
0	256	-2.76142	8.84064	-1	-1	-1
0	256	-1.19355	-5.00347	590	632.594	-1
0	256	-3.88427	6.68482	-1	-1	-1
0	256	-2.13886	-5.54915	2734	2852.69	-1
0	256	-6.27562	1.639	-1	-1	-1
0	256	0.700729	-3.6211	1258	1393.78	-1
0	256	4.19515	-3.91523	-1	-1	-1
0	256	-7.90514	-0.67226	-1	-1	-1
0	256	-1.30106	-5.62835	-1	-1	-1
0	256	6.0315	-3.85009	-1	-1	-1
0	256	5.9806	-4.68906	-1	-1	-1
0	256	8.12977	3.84385	-1	-1	-1
0	256	9.07507	0.466406	85	169.969	-1
0	256	-6.51779	-4.81444	-1	-1	-1
0	256	3.78098	-5.27018	-1	-1	-1
0	256	5.10965	6.36702	-1	-1	-1
0	256	-2.99982	3.14273	-1	-1	-1
0	256	6.17703	1.81281	-1	-1	-1
0	256	4.56217	-8.66647	-1	-1	-1
0	256	9.56253	1.6175	-1	-1	-1
0	256	0.816002	-5.01298	-1	-1	-1
0	256	0.132971	-6.68512	-1	-1	-1
0	256	-4.62277	-5.17702	-1	-1	-1
0	256	-7.25911	-5.39224	-1	-1	-1
0	256	5.83023	-5.01655	-1	-1	-1
0	256	1.91614	-3.30121	4753	4904.62	-1
0	256	1.7769	-7.3018	-1	-1	-1
0	256	6.55884	-1.29823	-1	-1	-1
0	256	0.935389	3.52917	790	916.906	-1
0	256	-5.62122	-5.95972	-1	-1	-1
0	256	-0.671439	6.06051	-1	-1	-1
0	256	0.322776	-8.30017	-1	-1	-1
0	256	9.39779	3.12148	2525	2597.28	-1
0	256	-3.4693	-3.3806	-1	-1	-1
0	256	-3.21401	9.30823	-1	-1	-1
0	256	7.78213	5.38083	-1	-1	-1
0	256	6.31448	4.03772	-1	-1	-1
0	256	-2.8692	-5.12421	-1	-1	-1
0	256	-0.606949	3.23065	102	130.625	-1
0	256	4.41	-4.00547	-1	-1	-1
0	256	2.19005	-7.62284	-1	-1	-1
0	256	-4.09546	8.08017	-1	-1	-1
0	256	2.29004	4.72051	-1	-1	-1
0	256	-3.65598	-6.53914	-1	-1	-1
0	256	-1.3526	9.48406	2690	2768.19	-1
0	256	6.21962	-1.39678	-1	-1	-1
0	256	5.65638	-4.25251	4917	4968.59	-1
0	256	8.30727	-4.94349	-1	-1	-1
0	256	-1.28953	-6.0888	-1	-1	-1
0	256	2.81182	8.46252	-1	-1	-1
0	256	1.79641	8.23814	4267	4370.34	-1
0	256	3.06417	1.79938	-1	-1	-1
0	256	7.10638	1.56862	-1	-1	-1
0	256	5.62421	-3.94359	-1	-1	-1
0	256	-3.75026	1.16103	1252	1376.5	-1
0	256	7.26193	4.72612	-1	-1	-1
0	256	-3.41756	-2.0794	1716	1870.66	-1
0	256	-9.76708	-0.352658	-1	-1	-1
0	256	2.4441	-4.27227	-1	-1	-1
0	256	-1.57766	9.17034	-1	-1	-1
0	256	-1.5088	0.0416678	1740	1801.97	-1
0	256	6.44039	-2.84394	-1	-1	-1
0	256	-2.47402	-4.00793	1232	1389.19	-1
0	256	-4.03018	-3.78465	-1	-1	-1
0	256	3.0874	-5.70085	-1	-1	-1
0	256	-2.5274	-2.61628	-1	-1	-1
0	256	7.04386	-5.39238	2200	2308.78	-1
0	256	-3.56795	-5.72907	-1	-1	-1
0	256	-5.25393	-5.85649	-1	-1	-1
0	256	-1.79893	-5.67946	-1	-1	-1
0	256	-7.97912	5.11228	-1	-1	-1
0	256	-3.48803	-2.56403	1593	1748.53	-1
0	256	8.98501	-4.32619	-1	-1	-1
0	256	-8.12403	-1.20548	-1	-1	-1
0	256	0.0411865	5.88921	4299	4344.16	-1
0	256	3.72767	8.4934	-1	-1	-1
0	256	-5.28028	-6.02339	-1	-1	-1
0	256	-7.04108	2.5595	-1	-1	-1
0	256	-5.89969	1.01028	-1	-1	-1
0	256	-4.40924	-5.71106	-1	-1	-1
0	256	0.232874	3.49657	-1	-1	-1
0	256	6.05995	-4.18193	-1	-1	-1
0	256	-3.57339	9.23076	-1	-1	-1
0	256	-1.42745	-8.55668	-1	-1	-1
0	256	-5.48541	-8.32367	-1	-1	-1
0	256	7.27097	4.29908	-1	-1	-1
0	256	-8.41544	-1.25694	-1	-1	-1
0	256	-0.163405	-8.32402	-1	-1	-1
0	256	0.503525	-3.81848	2791	2913.38	-1
0	256	4.13446	-1.85538	978	1108.44	-1
0	256	-3.0501	-4.03094	4571	4740.41	-1
0	256	-5.48121	8.19813	-1	-1	-1
0	256	-4.50341	-6.56546	-1	-1	-1
0	256	0.870933	5.48226	2579	2623.72	-1
0	256	-6.57939	-6.90369	-1	-1	-1
0	256	8.21282	1.73356	-1	-1	-1
0	256	-5.06135	-2.21771	-1	-1	-1
0	256	-2.67017	-2.78306	-1	-1	-1
0	256	2.08364	-9.16095	5185	5284.19	-1
0	256	0.914206	-3.59506	-1	-1	-1
0	256	8.51469	4.61409	-1	-1	-1
0	256	7.69585	4.0872	1845	1946.16	-1
0	256	-8.08083	5.27402	-1	-1	-1
0	256	8.27607	3.13799	-1	-1	-1
0	256	6.41609	6.68231	-1	-1	-1
0	256	1.37845	5.35046	3320	3435.25	-1
0	256	-2.70839	8.94543	-1	-1	-1
0	256	-3.02361	7.83793	-1	-1	-1
