Pile ID	Distribution Type	X-Position	Y-Position	Pickup Time	Drop Off Time	Ant ID
1	1	-8.82579	3.26856	-1	-1	-1
1	1	-8.67579	3.26856	-1	-1	-1
1	1	-8.52579	3.26856	-1	-1	-1
1	1	-8.37579	3.26856	-1	-1	-1
1	1	-8.22579	3.26856	-1	-1	-1
1	1	-8.07579	3.26856	-1	-1	-1
1	1	-7.92579	3.26856	-1	-1	-1
1	1	-7.77579	3.26856	-1	-1	-1
1	1	-7.62579	3.26856	-1	-1	-1
1	1	-7.47579	3.26856	-1	-1	-1
1	1	-7.32579	3.26856	-1	-1	-1
1	1	-7.17579	3.26856	-1	-1	-1
1	1	-7.02579	3.26856	-1	-1	-1
1	1	-6.87579	3.26856	-1	-1	-1
1	1	-6.72579	3.26856	3044	3163.34	-1
1	1	-6.57579	3.26856	1631	1743.41	-1
1	1	-8.82579	3.41856	-1	-1	-1
1	1	-8.67579	3.41856	-1	-1	-1
1	1	-8.52579	3.41856	-1	-1	-1
1	1	-8.37579	3.41856	-1	-1	-1
1	1	-8.22579	3.41856	-1	-1	-1
1	1	-8.07579	3.41856	-1	-1	-1
1	1	-7.92579	3.41856	-1	-1	-1
1	1	-7.77579	3.41856	-1	-1	-1
1	1	-7.62579	3.41856	-1	-1	-1
1	1	-7.47579	3.41856	-1	-1	-1
1	1	-7.32579	3.41856	-1	-1	-1
1	1	-7.17579	3.41856	-1	-1	-1
1	1	-7.02579	3.41856	-1	-1	-1
1	1	-6.87579	3.41856	-1	-1	-1
1	1	-6.72579	3.41856	-1	-1	-1
1	1	-6.57579	3.41856	-1	-1	-1
1	1	-8.82579	3.56856	-1	-1	-1
1	1	-8.67579	3.56856	-1	-1	-1
1	1	-8.52579	3.56856	-1	-1	-1
1	1	-8.37579	3.56856	-1	-1	-1
1	1	-8.22579	3.56856	-1	-1	-1
1	1	-8.07579	3.56856	-1	-1	-1
1	1	-7.92579	3.56856	-1	-1	-1
1	1	-7.77579	3.56856	-1	-1	-1
1	1	-7.62579	3.56856	-1	-1	-1
1	1	-7.47579	3.56856	-1	-1	-1
1	1	-7.32579	3.56856	-1	-1	-1
1	1	-7.17579	3.56856	-1	-1	-1
1	1	-7.02579	3.56856	-1	-1	-1
1	1	-6.87579	3.56856	-1	-1	-1
1	1	-6.72579	3.56856	-1	-1	-1
1	1	-6.57579	3.56856	-1	-1	-1
1	1	-8.82579	3.71856	-1	-1	-1
1	1	-8.67579	3.71856	-1	-1	-1
1	1	-8.52579	3.71856	-1	-1	-1
1	1	-8.37579	3.71856	-1	-1	-1
1	1	-8.22579	3.71856	-1	-1	-1
1	1	-8.07579	3.71856	-1	-1	-1
1	1	-7.92579	3.71856	-1	-1	-1
1	1	-7.77579	3.71856	-1	-1	-1
1	1	-7.62579	3.71856	-1	-1	-1
1	1	-7.47579	3.71856	-1	-1	-1
1	1	-7.32579	3.71856	-1	-1	-1
1	1	-7.17579	3.71856	-1	-1	-1
1	1	-7.02579	3.71856	-1	-1	-1
1	1	-6.87579	3.71856	-1	-1	-1
1	1	-6.72579	3.71856	-1	-1	-1
1	1	-6.57579	3.71856	-1	-1	-1
1	1	-8.82579	3.86856	-1	-1	-1
1	1	-8.67579	3.86856	-1	-1	-1
1	1	-8.52579	3.86856	-1	-1	-1
1	1	-8.37579	3.86856	-1	-1	-1
1	1	-8.22579	3.86856	-1	-1	-1
1	1	-8.07579	3.86856	-1	-1	-1
1	1	-7.92579	3.86856	-1	-1	-1
1	1	-7.77579	3.86856	-1	-1	-1
1	1	-7.62579	3.86856	-1	-1	-1
1	1	-7.47579	3.86856	-1	-1	-1
1	1	-7.32579	3.86856	-1	-1	-1
1	1	-7.17579	3.86856	-1	-1	-1
1	1	-7.02579	3.86856	-1	-1	-1
1	1	-6.87579	3.86856	-1	-1	-1
1	1	-6.72579	3.86856	-1	-1	-1
1	1	-6.57579	3.86856	-1	-1	-1
1	1	-8.82579	4.01856	-1	-1	-1
1	1	-8.67579	4.01856	-1	-1	-1
1	1	-8.52579	4.01856	-1	-1	-1
1	1	-8.37579	4.01856	-1	-1	-1
1	1	-8.22579	4.01856	-1	-1	-1
1	1	-8.07579	4.01856	-1	-1	-1
1	1	-7.92579	4.01856	-1	-1	-1
1	1	-7.77579	4.01856	-1	-1	-1
1	1	-7.62579	4.01856	-1	-1	-1
1	1	-7.47579	4.01856	-1	-1	-1
1	1	-7.32579	4.01856	-1	-1	-1
1	1	-7.17579	4.01856	-1	-1	-1
1	1	-7.02579	4.01856	-1	-1	-1
1	1	-6.87579	4.01856	-1	-1	-1
1	1	-6.72579	4.01856	-1	-1	-1
1	1	-6.57579	4.01856	-1	-1	-1
1	1	-8.82579	4.16856	-1	-1	-1
1	1	-8.67579	4.16856	-1	-1	-1
1	1	-8.52579	4.16856	-1	-1	-1
1	1	-8.37579	4.16856	-1	-1	-1
1	1	-8.22579	4.16856	-1	-1	-1
1	1	-8.07579	4.16856	-1	-1	-1
1	1	-7.92579	4.16856	-1	-1	-1
1	1	-7.77579	4.16856	-1	-1	-1
1	1	-7.62579	4.16856	-1	-1	-1
1	1	-7.47579	4.16856	-1	-1	-1
1	1	-7.32579	4.16856	-1	-1	-1
1	1	-7.17579	4.16856	-1	-1	-1
1	1	-7.02579	4.16856	-1	-1	-1
1	1	-6.87579	4.16856	-1	-1	-1
1	1	-6.72579	4.16856	-1	-1	-1
1	1	-6.57579	4.16856	-1	-1	-1
1	1	-8.82579	4.31856	-1	-1	-1
1	1	-8.67579	4.31856	-1	-1	-1
1	1	-8.52579	4.31856	-1	-1	-1
1	1	-8.37579	4.31856	-1	-1	-1
1	1	-8.22579	4.31856	-1	-1	-1
1	1	-8.07579	4.31856	-1	-1	-1
1	1	-7.92579	4.31856	-1	-1	-1
1	1	-7.77579	4.31856	-1	-1	-1
1	1	-7.62579	4.31856	-1	-1	-1
1	1	-7.47579	4.31856	-1	-1	-1
1	1	-7.32579	4.31856	-1	-1	-1
1	1	-7.17579	4.31856	-1	-1	-1
1	1	-7.02579	4.31856	-1	-1	-1
1	1	-6.87579	4.31856	-1	-1	-1
1	1	-6.72579	4.31856	-1	-1	-1
1	1	-6.57579	4.31856	-1	-1	-1
1	1	-8.82579	4.46856	-1	-1	-1
1	1	-8.67579	4.46856	-1	-1	-1
1	1	-8.52579	4.46856	-1	-1	-1
1	1	-8.37579	4.46856	-1	-1	-1
1	1	-8.22579	4.46856	-1	-1	-1
1	1	-8.07579	4.46856	-1	-1	-1
1	1	-7.92579	4.46856	-1	-1	-1
1	1	-7.77579	4.46856	-1	-1	-1
1	1	-7.62579	4.46856	-1	-1	-1
1	1	-7.47579	4.46856	-1	-1	-1
1	1	-7.32579	4.46856	-1	-1	-1
1	1	-7.17579	4.46856	-1	-1	-1
1	1	-7.02579	4.46856	-1	-1	-1
1	1	-6.87579	4.46856	-1	-1	-1
1	1	-6.72579	4.46856	-1	-1	-1
1	1	-6.57579	4.46856	-1	-1	-1
1	1	-8.82579	4.61856	-1	-1	-1
1	1	-8.67579	4.61856	-1	-1	-1
1	1	-8.52579	4.61856	-1	-1	-1
1	1	-8.37579	4.61856	-1	-1	-1
1	1	-8.22579	4.61856	-1	-1	-1
1	1	-8.07579	4.61856	-1	-1	-1
1	1	-7.92579	4.61856	-1	-1	-1
1	1	-7.77579	4.61856	-1	-1	-1
1	1	-7.62579	4.61856	-1	-1	-1
1	1	-7.47579	4.61856	-1	-1	-1
1	1	-7.32579	4.61856	-1	-1	-1
1	1	-7.17579	4.61856	-1	-1	-1
1	1	-7.02579	4.61856	-1	-1	-1
1	1	-6.87579	4.61856	-1	-1	-1
1	1	-6.72579	4.61856	-1	-1	-1
1	1	-6.57579	4.61856	-1	-1	-1
1	1	-8.82579	4.76856	-1	-1	-1
1	1	-8.67579	4.76856	-1	-1	-1
1	1	-8.52579	4.76856	-1	-1	-1
1	1	-8.37579	4.76856	-1	-1	-1
1	1	-8.22579	4.76856	-1	-1	-1
1	1	-8.07579	4.76856	-1	-1	-1
1	1	-7.92579	4.76856	-1	-1	-1
1	1	-7.77579	4.76856	-1	-1	-1
1	1	-7.62579	4.76856	-1	-1	-1
1	1	-7.47579	4.76856	-1	-1	-1
1	1	-7.32579	4.76856	-1	-1	-1
1	1	-7.17579	4.76856	-1	-1	-1
1	1	-7.02579	4.76856	-1	-1	-1
1	1	-6.87579	4.76856	-1	-1	-1
1	1	-6.72579	4.76856	-1	-1	-1
1	1	-6.57579	4.76856	-1	-1	-1
1	1	-8.82579	4.91856	-1	-1	-1
1	1	-8.67579	4.91856	-1	-1	-1
1	1	-8.52579	4.91856	-1	-1	-1
1	1	-8.37579	4.91856	-1	-1	-1
1	1	-8.22579	4.91856	-1	-1	-1
1	1	-8.07579	4.91856	-1	-1	-1
1	1	-7.92579	4.91856	-1	-1	-1
1	1	-7.77579	4.91856	-1	-1	-1
1	1	-7.62579	4.91856	-1	-1	-1
1	1	-7.47579	4.91856	-1	-1	-1
1	1	-7.32579	4.91856	-1	-1	-1
1	1	-7.17579	4.91856	-1	-1	-1
1	1	-7.02579	4.91856	-1	-1	-1
1	1	-6.87579	4.91856	-1	-1	-1
1	1	-6.72579	4.91856	-1	-1	-1
1	1	-6.57579	4.91856	-1	-1	-1
1	1	-8.82579	5.06856	-1	-1	-1
1	1	-8.67579	5.06856	-1	-1	-1
1	1	-8.52579	5.06856	-1	-1	-1
1	1	-8.37579	5.06856	-1	-1	-1
1	1	-8.22579	5.06856	-1	-1	-1
1	1	-8.07579	5.06856	-1	-1	-1
1	1	-7.92579	5.06856	-1	-1	-1
1	1	-7.77579	5.06856	-1	-1	-1
1	1	-7.62579	5.06856	-1	-1	-1
1	1	-7.47579	5.06856	-1	-1	-1
1	1	-7.32579	5.06856	-1	-1	-1
1	1	-7.17579	5.06856	-1	-1	-1
1	1	-7.02579	5.06856	-1	-1	-1
1	1	-6.87579	5.06856	-1	-1	-1
1	1	-6.72579	5.06856	-1	-1	-1
1	1	-6.57579	5.06856	-1	-1	-1
1	1	-8.82579	5.21856	-1	-1	-1
1	1	-8.67579	5.21856	-1	-1	-1
1	1	-8.52579	5.21856	-1	-1	-1
1	1	-8.37579	5.21856	-1	-1	-1
1	1	-8.22579	5.21856	-1	-1	-1
1	1	-8.07579	5.21856	-1	-1	-1
1	1	-7.92579	5.21856	-1	-1	-1
1	1	-7.77579	5.21856	-1	-1	-1
1	1	-7.62579	5.21856	-1	-1	-1
1	1	-7.47579	5.21856	-1	-1	-1
1	1	-7.32579	5.21856	-1	-1	-1
1	1	-7.17579	5.21856	-1	-1	-1
1	1	-7.02579	5.21856	-1	-1	-1
1	1	-6.87579	5.21856	-1	-1	-1
1	1	-6.72579	5.21856	-1	-1	-1
1	1	-6.57579	5.21856	-1	-1	-1
1	1	-8.82579	5.36856	-1	-1	-1
1	1	-8.67579	5.36856	-1	-1	-1
1	1	-8.52579	5.36856	-1	-1	-1
1	1	-8.37579	5.36856	-1	-1	-1
1	1	-8.22579	5.36856	-1	-1	-1
1	1	-8.07579	5.36856	-1	-1	-1
1	1	-7.92579	5.36856	-1	-1	-1
1	1	-7.77579	5.36856	-1	-1	-1
1	1	-7.62579	5.36856	-1	-1	-1
1	1	-7.47579	5.36856	-1	-1	-1
1	1	-7.32579	5.36856	-1	-1	-1
1	1	-7.17579	5.36856	-1	-1	-1
1	1	-7.02579	5.36856	-1	-1	-1
1	1	-6.87579	5.36856	-1	-1	-1
1	1	-6.72579	5.36856	-1	-1	-1
1	1	-6.57579	5.36856	-1	-1	-1
1	1	-8.82579	5.51856	-1	-1	-1
1	1	-8.67579	5.51856	-1	-1	-1
1	1	-8.52579	5.51856	-1	-1	-1
1	1	-8.37579	5.51856	-1	-1	-1
1	1	-8.22579	5.51856	-1	-1	-1
1	1	-8.07579	5.51856	-1	-1	-1
1	1	-7.92579	5.51856	-1	-1	-1
1	1	-7.77579	5.51856	-1	-1	-1
1	1	-7.62579	5.51856	-1	-1	-1
1	1	-7.47579	5.51856	-1	-1	-1
1	1	-7.32579	5.51856	-1	-1	-1
1	1	-7.17579	5.51856	-1	-1	-1
1	1	-7.02579	5.51856	-1	-1	-1
1	1	-6.87579	5.51856	-1	-1	-1
1	1	-6.72579	5.51856	-1	-1	-1
1	1	-6.57579	5.51856	-1	-1	-1
2	4	4.48472	5.52102	460	594.969	-1
2	4	4.63472	5.52102	814	868.938	-1
2	4	4.78472	5.52102	-1	-1	-1
2	4	4.93472	5.52102	-1	-1	-1
2	4	5.08472	5.52102	-1	-1	-1
2	4	5.23472	5.52102	-1	-1	-1
2	4	5.38472	5.52102	-1	-1	-1
2	4	5.53472	5.52102	-1	-1	-1
2	4	4.48472	5.67102	655	711.688	-1
2	4	4.63472	5.67102	918	973.219	-1
2	4	4.78472	5.67102	3034	3174.12	-1
2	4	4.93472	5.67102	-1	-1	-1
2	4	5.08472	5.67102	-1	-1	-1
2	4	5.23472	5.67102	-1	-1	-1
2	4	5.38472	5.67102	-1	-1	-1
2	4	5.53472	5.67102	-1	-1	-1
2	4	4.48472	5.82102	3374	3438.56	-1
2	4	4.63472	5.82102	3250	3305.88	-1
2	4	4.78472	5.82102	3507	3578.25	-1
2	4	4.93472	5.82102	3783	3844.84	-1
2	4	5.08472	5.82102	3976	4046.03	-1
2	4	5.23472	5.82102	-1	-1	-1
2	4	5.38472	5.82102	-1	-1	-1
2	4	5.53472	5.82102	-1	-1	-1
2	4	4.48472	5.97102	3683	3747.5	-1
2	4	4.63472	5.97102	3649	3711.75	-1
2	4	4.78472	5.97102	3696	3753.47	-1
2	4	4.93472	5.97102	3810	3876	-1
2	4	5.08472	5.97102	3914	3986.34	-1
2	4	5.23472	5.97102	4081	4157.31	-1
2	4	5.38472	5.97102	-1	-1	-1
2	4	5.53472	5.97102	-1	-1	-1
2	4	4.48472	6.12102	4072	4133.38	-1
2	4	4.63472	6.12102	3801	3863.12	-1
2	4	4.78472	6.12102	3950	4011.44	-1
2	4	4.93472	6.12102	-1	-1	-1
2	4	5.08472	6.12102	-1	-1	-1
2	4	5.23472	6.12102	-1	-1	-1
2	4	5.38472	6.12102	-1	-1	-1
2	4	5.53472	6.12102	-1	-1	-1
2	4	4.48472	6.27102	-1	-1	-1
2	4	4.63472	6.27102	-1	-1	-1
2	4	4.78472	6.27102	-1	-1	-1
2	4	4.93472	6.27102	-1	-1	-1
2	4	5.08472	6.27102	-1	-1	-1
2	4	5.23472	6.27102	-1	-1	-1
2	4	5.38472	6.27102	-1	-1	-1
2	4	5.53472	6.27102	-1	-1	-1
2	4	4.48472	6.42102	-1	-1	-1
2	4	4.63472	6.42102	-1	-1	-1
2	4	4.78472	6.42102	-1	-1	-1
2	4	4.93472	6.42102	-1	-1	-1
2	4	5.08472	6.42102	-1	-1	-1
2	4	5.23472	6.42102	-1	-1	-1
2	4	5.38472	6.42102	-1	-1	-1
2	4	5.53472	6.42102	-1	-1	-1
2	4	4.48472	6.57102	-1	-1	-1
2	4	4.63472	6.57102	-1	-1	-1
2	4	4.78472	6.57102	-1	-1	-1
2	4	4.93472	6.57102	-1	-1	-1
2	4	5.08472	6.57102	-1	-1	-1
2	4	5.23472	6.57102	-1	-1	-1
2	4	5.38472	6.57102	-1	-1	-1
2	4	5.53472	6.57102	-1	-1	-1
3	4	-3.07709	6.33042	-1	-1	-1
3	4	-2.92709	6.33042	-1	-1	-1
3	4	-2.77709	6.33042	-1	-1	-1
3	4	-2.62709	6.33042	-1	-1	-1
3	4	-2.47709	6.33042	1143	1242.53	-1
3	4	-2.32709	6.33042	1286	1348.44	-1
3	4	-2.17709	6.33042	-1	-1	-1
3	4	-2.02709	6.33042	-1	-1	-1
3	4	-3.07709	6.48042	-1	-1	-1
3	4	-2.92709	6.48042	-1	-1	-1
3	4	-2.77709	6.48042	-1	-1	-1
3	4	-2.62709	6.48042	-1	-1	-1
3	4	-2.47709	6.48042	-1	-1	-1
3	4	-2.32709	6.48042	-1	-1	-1
3	4	-2.17709	6.48042	-1	-1	-1
3	4	-2.02709	6.48042	-1	-1	-1
3	4	-3.07709	6.63042	-1	-1	-1
3	4	-2.92709	6.63042	-1	-1	-1
3	4	-2.77709	6.63042	-1	-1	-1
3	4	-2.62709	6.63042	-1	-1	-1
3	4	-2.47709	6.63042	-1	-1	-1
3	4	-2.32709	6.63042	-1	-1	-1
3	4	-2.17709	6.63042	-1	-1	-1
3	4	-2.02709	6.63042	-1	-1	-1
3	4	-3.07709	6.78042	-1	-1	-1
3	4	-2.92709	6.78042	-1	-1	-1
3	4	-2.77709	6.78042	-1	-1	-1
3	4	-2.62709	6.78042	-1	-1	-1
3	4	-2.47709	6.78042	-1	-1	-1
3	4	-2.32709	6.78042	-1	-1	-1
3	4	-2.17709	6.78042	-1	-1	-1
3	4	-2.02709	6.78042	-1	-1	-1
3	4	-3.07709	6.93042	-1	-1	-1
3	4	-2.92709	6.93042	-1	-1	-1
3	4	-2.77709	6.93042	-1	-1	-1
3	4	-2.62709	6.93042	-1	-1	-1
3	4	-2.47709	6.93042	-1	-1	-1
3	4	-2.32709	6.93042	-1	-1	-1
3	4	-2.17709	6.93042	-1	-1	-1
3	4	-2.02709	6.93042	-1	-1	-1
3	4	-3.07709	7.08042	-1	-1	-1
3	4	-2.92709	7.08042	-1	-1	-1
3	4	-2.77709	7.08042	-1	-1	-1
3	4	-2.62709	7.08042	-1	-1	-1
3	4	-2.47709	7.08042	-1	-1	-1
3	4	-2.32709	7.08042	-1	-1	-1
3	4	-2.17709	7.08042	-1	-1	-1
3	4	-2.02709	7.08042	-1	-1	-1
3	4	-3.07709	7.23042	-1	-1	-1
3	4	-2.92709	7.23042	-1	-1	-1
3	4	-2.77709	7.23042	-1	-1	-1
3	4	-2.62709	7.23042	-1	-1	-1
3	4	-2.47709	7.23042	-1	-1	-1
3	4	-2.32709	7.23042	-1	-1	-1
3	4	-2.17709	7.23042	-1	-1	-1
3	4	-2.02709	7.23042	-1	-1	-1
3	4	-3.07709	7.38042	-1	-1	-1
3	4	-2.92709	7.38042	-1	-1	-1
3	4	-2.77709	7.38042	-1	-1	-1
3	4	-2.62709	7.38042	-1	-1	-1
3	4	-2.47709	7.38042	-1	-1	-1
3	4	-2.32709	7.38042	-1	-1	-1
3	4	-2.17709	7.38042	-1	-1	-1
3	4	-2.02709	7.38042	-1	-1	-1
4	4	1.12898	-1.44613	1389	1430.69	-1
4	4	1.27898	-1.44613	1068	1102.62	-1
4	4	1.42898	-1.44613	1405	1464.94	-1
4	4	1.57898	-1.44613	1457	1495.12	-1
4	4	1.72898	-1.44613	1503	1548.19	-1
4	4	1.87898	-1.44613	1449	1481.06	-1
4	4	2.02898	-1.44613	-1	-1	-1
4	4	2.17898	-1.44613	1807	1954.34	-1
4	4	1.12898	-1.29613	928	975.781	-1
4	4	1.27898	-1.29613	1035	1128	-1
4	4	1.42898	-1.29613	1190	1247.72	-1
4	4	1.57898	-1.29613	1263	1300.06	-1
4	4	1.72898	-1.29613	1216	1270.19	-1
4	4	1.87898	-1.29613	1359	1425.06	-1
4	4	2.02898	-1.29613	1583	1617.31	-1
4	4	2.17898	-1.29613	-1	-1	-1
4	4	1.12898	-1.14613	840	911.719	-1
4	4	1.27898	-1.14613	977	1011.59	-1
4	4	1.42898	-1.14613	1297	1341.03	-1
4	4	1.57898	-1.14613	1119	1160.91	-1
4	4	1.72898	-1.14613	990	1036.66	-1
4	4	1.87898	-1.14613	818	888.688	-1
4	4	2.02898	-1.14613	650	677.062	-1
4	4	2.17898	-1.14613	-1	-1	-1
4	4	1.12898	-0.99613	769	847.969	-1
4	4	1.27898	-0.99613	914	982.906	-1
4	4	1.42898	-0.99613	1120	1157.28	-1
4	4	1.57898	-0.99613	1180	1230.56	-1
4	4	1.72898	-0.99613	1079	1115.53	-1
4	4	1.87898	-0.99613	643	670.812	-1
4	4	2.02898	-0.99613	355	499.812	-1
4	4	2.17898	-0.99613	558	603.875	-1
4	4	1.12898	-0.84613	668	688.312	-1
4	4	1.27898	-0.84613	712	754.781	-1
4	4	1.42898	-0.84613	1024	1064.69	-1
4	4	1.57898	-0.84613	4276	4420.84	-1
4	4	1.72898	-0.84613	4497	4535.97	-1
4	4	1.87898	-0.84613	701	728.531	-1
4	4	2.02898	-0.84613	518	563.062	-1
4	4	2.17898	-0.84613	757	807.469	-1
4	4	1.12898	-0.69613	505	524.656	-1
4	4	1.27898	-0.69613	935	958.5	-1
4	4	1.42898	-0.69613	971	1029.59	-1
4	4	1.57898	-0.69613	4443	4464.72	-1
4	4	1.72898	-0.69613	-1	-1	-1
4	4	1.87898	-0.69613	4622	4758.47	-1
4	4	2.02898	-0.69613	914	949.719	-1
4	4	2.17898	-0.69613	4786	4816.44	-1
4	4	1.12898	-0.54613	337	481.5	-1
4	4	1.27898	-0.54613	725	764.938	-1
4	4	1.42898	-0.54613	798	828.25	-1
4	4	1.57898	-0.54613	-1	-1	-1
4	4	1.72898	-0.54613	-1	-1	-1
4	4	1.87898	-0.54613	171	197.594	-1
4	4	2.02898	-0.54613	215	239.469	-1
4	4	2.17898	-0.54613	4834	4860.12	-1
4	4	1.12898	-0.39613	108	123.531	-1
4	4	1.27898	-0.39613	607	628.156	-1
4	4	1.42898	-0.39613	681	706.156	-1
4	4	1.57898	-0.39613	917	936.75	-1
4	4	1.72898	-0.39613	-1	-1	-1
4	4	1.87898	-0.39613	16	70.0312	-1
4	4	2.02898	-0.39613	109	144.219	-1
4	4	2.17898	-0.39613	4892	4926.53	-1
5	4	7.66586	0.491591	-1	-1	-1
5	4	7.81586	0.491591	-1	-1	-1
5	4	7.96586	0.491591	-1	-1	-1
5	4	8.11586	0.491591	-1	-1	-1
5	4	8.26586	0.491591	-1	-1	-1
5	4	8.41586	0.491591	-1	-1	-1
5	4	8.56586	0.491591	-1	-1	-1
5	4	8.71586	0.491591	-1	-1	-1
5	4	7.66586	0.641591	-1	-1	-1
5	4	7.81586	0.641591	-1	-1	-1
5	4	7.96586	0.641591	-1	-1	-1
5	4	8.11586	0.641591	-1	-1	-1
5	4	8.26586	0.641591	-1	-1	-1
5	4	8.41586	0.641591	-1	-1	-1
5	4	8.56586	0.641591	-1	-1	-1
5	4	8.71586	0.641591	-1	-1	-1
5	4	7.66586	0.791591	4031	4122.19	-1
5	4	7.81586	0.791591	-1	-1	-1
5	4	7.96586	0.791591	-1	-1	-1
5	4	8.11586	0.791591	-1	-1	-1
5	4	8.26586	0.791591	-1	-1	-1
5	4	8.41586	0.791591	-1	-1	-1
5	4	8.56586	0.791591	-1	-1	-1
5	4	8.71586	0.791591	-1	-1	-1
5	4	7.66586	0.941591	4742	4841.28	-1
5	4	7.81586	0.941591	-1	-1	-1
5	4	7.96586	0.941591	-1	-1	-1
5	4	8.11586	0.941591	-1	-1	-1
5	4	8.26586	0.941591	-1	-1	-1
5	4	8.41586	0.941591	-1	-1	-1
5	4	8.56586	0.941591	-1	-1	-1
5	4	8.71586	0.941591	-1	-1	-1
5	4	7.66586	1.09159	-1	-1	-1
5	4	7.81586	1.09159	-1	-1	-1
5	4	7.96586	1.09159	-1	-1	-1
5	4	8.11586	1.09159	-1	-1	-1
5	4	8.26586	1.09159	-1	-1	-1
5	4	8.41586	1.09159	-1	-1	-1
5	4	8.56586	1.09159	-1	-1	-1
5	4	8.71586	1.09159	-1	-1	-1
5	4	7.66586	1.24159	-1	-1	-1
5	4	7.81586	1.24159	-1	-1	-1
5	4	7.96586	1.24159	-1	-1	-1
5	4	8.11586	1.24159	-1	-1	-1
5	4	8.26586	1.24159	-1	-1	-1
5	4	8.41586	1.24159	-1	-1	-1
5	4	8.56586	1.24159	-1	-1	-1
5	4	8.71586	1.24159	-1	-1	-1
5	4	7.66586	1.39159	-1	-1	-1
5	4	7.81586	1.39159	-1	-1	-1
5	4	7.96586	1.39159	-1	-1	-1
5	4	8.11586	1.39159	-1	-1	-1
5	4	8.26586	1.39159	-1	-1	-1
5	4	8.41586	1.39159	-1	-1	-1
5	4	8.56586	1.39159	-1	-1	-1
5	4	8.71586	1.39159	-1	-1	-1
5	4	7.66586	1.54159	-1	-1	-1
5	4	7.81586	1.54159	-1	-1	-1
5	4	7.96586	1.54159	-1	-1	-1
5	4	8.11586	1.54159	-1	-1	-1
5	4	8.26586	1.54159	-1	-1	-1
5	4	8.41586	1.54159	-1	-1	-1
5	4	8.56586	1.54159	-1	-1	-1
5	4	8.71586	1.54159	-1	-1	-1
6	16	0.589153	5.54611	-1	-1	-1
6	16	0.739153	5.54611	567	611.719	-1
6	16	0.889153	5.54611	406	518.75	-1
6	16	1.03915	5.54611	-1	-1	-1
6	16	0.589153	5.69611	-1	-1	-1
6	16	0.739153	5.69611	5355	-1	-1
6	16	0.889153	5.69611	-1	-1	-1
6	16	1.03915	5.69611	-1	-1	-1
6	16	0.589153	5.84611	-1	-1	-1
6	16	0.739153	5.84611	-1	-1	-1
6	16	0.889153	5.84611	-1	-1	-1
6	16	1.03915	5.84611	-1	-1	-1
6	16	0.589153	5.99611	-1	-1	-1
6	16	0.739153	5.99611	-1	-1	-1
6	16	0.889153	5.99611	-1	-1	-1
6	16	1.03915	5.99611	-1	-1	-1
7	16	5.76204	5.04324	-1	-1	-1
7	16	5.91204	5.04324	-1	-1	-1
7	16	6.06204	5.04324	-1	-1	-1
7	16	6.21204	5.04324	-1	-1	-1
7	16	5.76204	5.19324	-1	-1	-1
7	16	5.91204	5.19324	-1	-1	-1
7	16	6.06204	5.19324	-1	-1	-1
7	16	6.21204	5.19324	-1	-1	-1
7	16	5.76204	5.34324	-1	-1	-1
7	16	5.91204	5.34324	-1	-1	-1
7	16	6.06204	5.34324	-1	-1	-1
7	16	6.21204	5.34324	-1	-1	-1
7	16	5.76204	5.49324	-1	-1	-1
7	16	5.91204	5.49324	-1	-1	-1
7	16	6.06204	5.49324	-1	-1	-1
7	16	6.21204	5.49324	-1	-1	-1
8	16	-1.16119	8.2404	5062	5152.03	-1
8	16	-1.01119	8.2404	5257	5321.97	-1
8	16	-0.861194	8.2404	-1	-1	-1
8	16	-0.711194	8.2404	-1	-1	-1
8	16	-1.16119	8.3904	-1	-1	-1
8	16	-1.01119	8.3904	-1	-1	-1
8	16	-0.861194	8.3904	-1	-1	-1
8	16	-0.711194	8.3904	-1	-1	-1
8	16	-1.16119	8.5404	-1	-1	-1
8	16	-1.01119	8.5404	-1	-1	-1
8	16	-0.861194	8.5404	-1	-1	-1
8	16	-0.711194	8.5404	-1	-1	-1
8	16	-1.16119	8.6904	-1	-1	-1
8	16	-1.01119	8.6904	-1	-1	-1
8	16	-0.861194	8.6904	-1	-1	-1
8	16	-0.711194	8.6904	-1	-1	-1
9	16	-2.32254	-9.3793	-1	-1	-1
9	16	-2.17254	-9.3793	-1	-1	-1
9	16	-2.02254	-9.3793	-1	-1	-1
9	16	-1.87254	-9.3793	-1	-1	-1
9	16	-2.32254	-9.2293	-1	-1	-1
9	16	-2.17254	-9.2293	-1	-1	-1
9	16	-2.02254	-9.2293	-1	-1	-1
9	16	-1.87254	-9.2293	-1	-1	-1
9	16	-2.32254	-9.0793	-1	-1	-1
9	16	-2.17254	-9.0793	-1	-1	-1
9	16	-2.02254	-9.0793	-1	-1	-1
9	16	-1.87254	-9.0793	-1	-1	-1
9	16	-2.32254	-8.9293	-1	-1	-1
9	16	-2.17254	-8.9293	-1	-1	-1
9	16	-2.02254	-8.9293	-1	-1	-1
9	16	-1.87254	-8.9293	4258	4342.34	-1
10	16	-6.88871	-5.95429	-1	-1	-1
10	16	-6.73871	-5.95429	-1	-1	-1
10	16	-6.58871	-5.95429	-1	-1	-1
10	16	-6.43871	-5.95429	-1	-1	-1
10	16	-6.88871	-5.80429	-1	-1	-1
10	16	-6.73871	-5.80429	-1	-1	-1
10	16	-6.58871	-5.80429	-1	-1	-1
10	16	-6.43871	-5.80429	-1	-1	-1
10	16	-6.88871	-5.65429	-1	-1	-1
10	16	-6.73871	-5.65429	-1	-1	-1
10	16	-6.58871	-5.65429	-1	-1	-1
10	16	-6.43871	-5.65429	-1	-1	-1
10	16	-6.88871	-5.50429	-1	-1	-1
10	16	-6.73871	-5.50429	-1	-1	-1
10	16	-6.58871	-5.50429	-1	-1	-1
10	16	-6.43871	-5.50429	-1	-1	-1
11	16	5.47099	6.98713	-1	-1	-1
11	16	5.62099	6.98713	-1	-1	-1
11	16	5.77099	6.98713	-1	-1	-1
11	16	5.92099	6.98713	-1	-1	-1
11	16	5.47099	7.13713	-1	-1	-1
11	16	5.62099	7.13713	-1	-1	-1
11	16	5.77099	7.13713	-1	-1	-1
11	16	5.92099	7.13713	-1	-1	-1
11	16	5.47099	7.28713	-1	-1	-1
11	16	5.62099	7.28713	-1	-1	-1
11	16	5.77099	7.28713	-1	-1	-1
11	16	5.92099	7.28713	-1	-1	-1
11	16	5.47099	7.43713	-1	-1	-1
11	16	5.62099	7.43713	-1	-1	-1
11	16	5.77099	7.43713	-1	-1	-1
11	16	5.92099	7.43713	-1	-1	-1
12	16	4.41557	7.30915	-1	-1	-1
12	16	4.56557	7.30915	-1	-1	-1
12	16	4.71557	7.30915	3313	3432.5	-1
12	16	4.86557	7.30915	-1	-1	-1
12	16	4.41557	7.45915	-1	-1	-1
12	16	4.56557	7.45915	-1	-1	-1
12	16	4.71557	7.45915	-1	-1	-1
12	16	4.86557	7.45915	-1	-1	-1
12	16	4.41557	7.60915	-1	-1	-1
12	16	4.56557	7.60915	-1	-1	-1
12	16	4.71557	7.60915	-1	-1	-1
12	16	4.86557	7.60915	-1	-1	-1
12	16	4.41557	7.75915	-1	-1	-1
12	16	4.56557	7.75915	-1	-1	-1
12	16	4.71557	7.75915	-1	-1	-1
12	16	4.86557	7.75915	-1	-1	-1
13	16	6.8199	4.11588	-1	-1	-1
13	16	6.9699	4.11588	-1	-1	-1
13	16	7.1199	4.11588	-1	-1	-1
13	16	7.2699	4.11588	-1	-1	-1
13	16	6.8199	4.26588	-1	-1	-1
13	16	6.9699	4.26588	-1	-1	-1
13	16	7.1199	4.26588	-1	-1	-1
13	16	7.2699	4.26588	-1	-1	-1
13	16	6.8199	4.41588	-1	-1	-1
13	16	6.9699	4.41588	-1	-1	-1
13	16	7.1199	4.41588	-1	-1	-1
13	16	7.2699	4.41588	-1	-1	-1
13	16	6.8199	4.56588	-1	-1	-1
13	16	6.9699	4.56588	-1	-1	-1
13	16	7.1199	4.56588	-1	-1	-1
13	16	7.2699	4.56588	-1	-1	-1
14	16	-4.68291	-5.56018	-1	-1	-1
14	16	-4.53291	-5.56018	-1	-1	-1
14	16	-4.38291	-5.56018	-1	-1	-1
14	16	-4.23291	-5.56018	-1	-1	-1
14	16	-4.68291	-5.41018	-1	-1	-1
14	16	-4.53291	-5.41018	-1	-1	-1
14	16	-4.38291	-5.41018	-1	-1	-1
14	16	-4.23291	-5.41018	-1	-1	-1
14	16	-4.68291	-5.26018	-1	-1	-1
14	16	-4.53291	-5.26018	-1	-1	-1
14	16	-4.38291	-5.26018	-1	-1	-1
14	16	-4.23291	-5.26018	-1	-1	-1
14	16	-4.68291	-5.11018	-1	-1	-1
14	16	-4.53291	-5.11018	716	863.562	-1
14	16	-4.38291	-5.11018	-1	-1	-1
14	16	-4.23291	-5.11018	-1	-1	-1
15	16	-0.382444	6.86598	-1	-1	-1
15	16	-0.232444	6.86598	-1	-1	-1
15	16	-0.0824439	6.86598	-1	-1	-1
15	16	0.0675561	6.86598	-1	-1	-1
15	16	-0.382444	7.01598	-1	-1	-1
15	16	-0.232444	7.01598	-1	-1	-1
15	16	-0.0824439	7.01598	-1	-1	-1
15	16	0.0675561	7.01598	-1	-1	-1
15	16	-0.382444	7.16598	-1	-1	-1
15	16	-0.232444	7.16598	-1	-1	-1
15	16	-0.0824439	7.16598	-1	-1	-1
15	16	0.0675561	7.16598	-1	-1	-1
15	16	-0.382444	7.31598	-1	-1	-1
15	16	-0.232444	7.31598	-1	-1	-1
15	16	-0.0824439	7.31598	-1	-1	-1
15	16	0.0675561	7.31598	-1	-1	-1
16	16	-6.49843	8.89603	-1	-1	-1
16	16	-6.34843	8.89603	-1	-1	-1
16	16	-6.19843	8.89603	-1	-1	-1
16	16	-6.04843	8.89603	-1	-1	-1
16	16	-6.49843	9.04603	-1	-1	-1
16	16	-6.34843	9.04603	-1	-1	-1
16	16	-6.19843	9.04603	3500	3639.94	-1
16	16	-6.04843	9.04603	3130	3221.88	-1
16	16	-6.49843	9.19603	-1	-1	-1
16	16	-6.34843	9.19603	3698	3780.41	-1
16	16	-6.19843	9.19603	3330	3413.97	-1
16	16	-6.04843	9.19603	2958	3049.59	-1
16	16	-6.49843	9.34603	-1	-1	-1
16	16	-6.34843	9.34603	-1	-1	-1
16	16	-6.19843	9.34603	3529	3615.5	-1
16	16	-6.04843	9.34603	3738	3847.88	-1
17	16	-1.90982	7.02322	-1	-1	-1
17	16	-1.75982	7.02322	4801	4906.25	-1
17	16	-1.60982	7.02322	4968	5024.84	-1
17	16	-1.45982	7.02322	-1	-1	-1
17	16	-1.90982	7.17322	-1	-1	-1
17	16	-1.75982	7.17322	-1	-1	-1
17	16	-1.60982	7.17322	5088	5141.22	-1
17	16	-1.45982	7.17322	-1	-1	-1
17	16	-1.90982	7.32322	-1	-1	-1
17	16	-1.75982	7.32322	-1	-1	-1
17	16	-1.60982	7.32322	-1	-1	-1
17	16	-1.45982	7.32322	-1	-1	-1
17	16	-1.90982	7.47322	-1	-1	-1
17	16	-1.75982	7.47322	-1	-1	-1
17	16	-1.60982	7.47322	-1	-1	-1
17	16	-1.45982	7.47322	-1	-1	-1
18	16	-3.11791	-3.8719	5003	5155.91	-1
18	16	-2.96791	-3.8719	5193	5234.22	-1
18	16	-2.81791	-3.8719	538	583.75	-1
18	16	-2.66791	-3.8719	342	475.031	-1
18	16	-3.11791	-3.7219	2662	2714.78	-1
18	16	-2.96791	-3.7219	2750	2799.59	-1
18	16	-2.81791	-3.7219	2838	2882.28	-1
18	16	-2.66791	-3.7219	571	639.625	-1
18	16	-3.11791	-3.5719	2565	2618.94	-1
18	16	-2.96791	-3.5719	2366	2422.56	-1
18	16	-2.81791	-3.5719	2251	2295.09	-1
18	16	-2.66791	-3.5719	2690	2727.25	-1
18	16	-3.11791	-3.4219	2453	2521.47	-1
18	16	-2.96791	-3.4219	2330	2370.53	-1
18	16	-2.81791	-3.4219	2057	2180.44	-1
18	16	-2.66791	-3.4219	2605	2640.47	-1
19	16	2.39055	-6.40048	5048	5162.06	-1
19	16	2.54055	-6.40048	5225	5283.75	-1
19	16	2.69055	-6.40048	-1	-1	-1
19	16	2.84055	-6.40048	-1	-1	-1
19	16	2.39055	-6.25048	3292	3403.56	-1
19	16	2.54055	-6.25048	5331	5386.25	-1
19	16	2.69055	-6.25048	-1	-1	-1
19	16	2.84055	-6.25048	-1	-1	-1
19	16	2.39055	-6.10048	-1	-1	-1
19	16	2.54055	-6.10048	-1	-1	-1
19	16	2.69055	-6.10048	-1	-1	-1
19	16	2.84055	-6.10048	-1	-1	-1
19	16	2.39055	-5.95048	-1	-1	-1
19	16	2.54055	-5.95048	-1	-1	-1
19	16	2.69055	-5.95048	-1	-1	-1
19	16	2.84055	-5.95048	-1	-1	-1
20	16	-7.22167	-2.50107	-1	-1	-1
20	16	-7.07167	-2.50107	-1	-1	-1
20	16	-6.92167	-2.50107	-1	-1	-1
20	16	-6.77167	-2.50107	-1	-1	-1
20	16	-7.22167	-2.35107	2040	2101.5	-1
20	16	-7.07167	-2.35107	2076	2139.28	-1
20	16	-6.92167	-2.35107	2402	2464.72	-1
20	16	-6.77167	-2.35107	2537	2589.78	-1
20	16	-7.22167	-2.20107	1908	1963.41	-1
20	16	-7.07167	-2.20107	1636	1729.44	-1
20	16	-6.92167	-2.20107	2090	2168.44	-1
20	16	-6.77167	-2.20107	2247	2333.91	-1
20	16	-7.22167	-2.05107	2028	2096.56	-1
20	16	-7.07167	-2.05107	1782	1834.31	-1
20	16	-6.92167	-2.05107	2157	2212.91	-1
20	16	-6.77167	-2.05107	2690	2745	-1
21	16	-6.71302	-4.53295	-1	-1	-1
21	16	-6.56302	-4.53295	-1	-1	-1
21	16	-6.41302	-4.53295	-1	-1	-1
21	16	-6.26302	-4.53295	-1	-1	-1
21	16	-6.71302	-4.38295	-1	-1	-1
21	16	-6.56302	-4.38295	-1	-1	-1
21	16	-6.41302	-4.38295	-1	-1	-1
21	16	-6.26302	-4.38295	-1	-1	-1
21	16	-6.71302	-4.23295	-1	-1	-1
21	16	-6.56302	-4.23295	-1	-1	-1
21	16	-6.41302	-4.23295	-1	-1	-1
21	16	-6.26302	-4.23295	-1	-1	-1
21	16	-6.71302	-4.08295	-1	-1	-1
21	16	-6.56302	-4.08295	-1	-1	-1
21	16	-6.41302	-4.08295	-1	-1	-1
21	16	-6.26302	-4.08295	-1	-1	-1
0	256	9.04528	-2.13662	-1	-1	-1
0	256	2.73253	-4.08035	4286	4419.44	-1
0	256	-5.25962	-4.94339	-1	-1	-1
0	256	-3.2713	3.44211	-1	-1	-1
0	256	-9.70265	0.84266	2479	2549.09	-1
0	256	-5.39676	-7.03938	-1	-1	-1
0	256	-7.33052	-6.17588	-1	-1	-1
0	256	6.323	3.11981	-1	-1	-1
0	256	-3.91308	8.30189	-1	-1	-1
0	256	8.12581	-5.55566	-1	-1	-1
0	256	-7.10325	-6.0583	-1	-1	-1
0	256	-3.69294	5.86559	-1	-1	-1
0	256	2.42619	-7.05035	-1	-1	-1
0	256	4.82732	-4.11875	-1	-1	-1
0	256	-4.58515	8.60399	-1	-1	-1
0	256	-7.03825	-5.6665	-1	-1	-1
0	256	-1.72728	5.22789	-1	-1	-1
0	256	-6.45841	-7.06603	-1	-1	-1
0	256	-5.54661	1.58165	4741	4851.25	-1
0	256	2.93582	-1.99175	4671	4820.03	-1
0	256	-2.87415	-9.06844	-1	-1	-1
0	256	-9.0648	4.07957	-1	-1	-1
0	256	-3.23938	6.34244	1730	1845.75	-1
0	256	2.0367	9.57202	-1	-1	-1
0	256	6.6982	-6.76856	-1	-1	-1
0	256	4.5017	1.57627	-1	-1	-1
0	256	-2.75204	-6.46338	-1	-1	-1
0	256	-9.53244	2.0997	132	204.469	-1
0	256	-3.95537	7.19942	-1	-1	-1
0	256	-4.67318	5.75304	4090	4225.44	-1
0	256	-2.25192	7.60853	-1	-1	-1
0	256	8.7469	1.72547	-1	-1	-1
0	256	1.21911	-6.01874	-1	-1	-1
0	256	-4.93932	1.8709	2805	2927.19	-1
0	256	-0.724902	9.26467	-1	-1	-1
0	256	0.830649	-5.08825	-1	-1	-1
0	256	-7.49609	-0.378678	-1	-1	-1
0	256	3.28646	4.54813	1705	1843.22	-1
0	256	1.14865	7.40994	-1	-1	-1
0	256	-4.4172	3.9097	1046	1201.41	-1
0	256	4.71491	-4.07737	-1	-1	-1
0	256	3.807	-2.67845	-1	-1	-1
0	256	5.15194	4.90705	-1	-1	-1
0	256	-4.83421	5.83255	4323	4394.34	-1
0	256	-8.49279	-0.749989	-1	-1	-1
0	256	6.4798	-2.12266	-1	-1	-1
0	256	7.74245	3.53763	-1	-1	-1
0	256	6.6368	-8.81461	-1	-1	-1
0	256	6.03359	2.76103	-1	-1	-1
0	256	4.60862	1.6022	-1	-1	-1
0	256	1.74281	-3.90251	-1	-1	-1
0	256	-1.62194	9.4988	-1	-1	-1
0	256	-5.9618	-4.14504	-1	-1	-1
0	256	3.31148	-7.93989	-1	-1	-1
0	256	6.17242	-3.9415	-1	-1	-1
0	256	1.39276	-6.55363	-1	-1	-1
0	256	7.00571	-5.00515	-1	-1	-1
0	256	0.753011	3.69524	-1	-1	-1
0	256	7.45289	3.99512	-1	-1	-1
0	256	7.37163	-3.05297	-1	-1	-1
0	256	-6.97387	1.21423	-1	-1	-1
0	256	4.71716	-2.87441	-1	-1	-1
0	256	-2.9905	-8.80122	-1	-1	-1
0	256	-7.86491	-2.30389	-1	-1	-1
0	256	-6.74592	-3.2774	-1	-1	-1
0	256	-4.76916	0.390423	-1	-1	-1
0	256	4.62955	-1.57782	-1	-1	-1
0	256	-7.49461	5.85641	-1	-1	-1
0	256	1.38862	-5.22804	-1	-1	-1
0	256	8.16676	5.64963	-1	-1	-1
0	256	-4.04381	8.17091	-1	-1	-1
0	256	7.64112	-6.29903	-1	-1	-1
0	256	3.01397	-0.841359	-1	-1	-1
0	256	0.512446	-4.29781	-1	-1	-1
0	256	5.30776	-5.11066	2565	2698.53	-1
0	256	-4.55379	-0.924868	2884	3000.91	-1
0	256	8.41811	-4.9294	-1	-1	-1
0	256	-0.363744	-8.64613	-1	-1	-1
0	256	-6.5425	5.93515	-1	-1	-1
0	256	0.0985153	5.98961	173	218.719	-1
0	256	7.14514	4.88942	-1	-1	-1
0	256	5.86582	1.15189	4690	4772.91	-1
0	256	4.19256	1.71511	3601	3715.19	-1
0	256	-5.01437	-1.04834	-1	-1	-1
0	256	8.56261	-1.24897	-1	-1	-1
0	256	3.90944	-4.72257	-1	-1	-1
0	256	3.95079	-8.80316	-1	-1	-1
0	256	-3.64688	-7.52839	-1	-1	-1
0	256	-6.68034	7.43588	89	163.812	-1
0	256	-4.68491	-4.09831	-1	-1	-1
0	256	-3.03523	-7.27518	-1	-1	-1
0	256	-0.252608	-6.4342	-1	-1	-1
0	256	4.53186	-6.34327	-1	-1	-1
0	256	7.16823	-2.6278	4715	4829.47	-1
0	256	1.95031	2.81981	-1	-1	-1
0	256	-0.440975	2.99694	2636	2663.53	-1
0	256	3.93347	-4.03386	-1	-1	-1
0	256	8.04415	-0.860266	-1	-1	-1
0	256	7.35948	-3.93228	-1	-1	-1
0	256	4.15906	-7.37098	-1	-1	-1
0	256	1.01612	-3.89746	-1	-1	-1
0	256	2.8778	2.17595	1362	1512.09	-1
0	256	7.94423	-2.55857	-1	-1	-1
0	256	9.51622	0.0192547	-1	-1	-1
0	256	4.73341	-2.62407	-1	-1	-1
0	256	-8.71659	-3.97687	-1	-1	-1
0	256	1.01813	-6.22455	-1	-1	-1
0	256	1.59864	9.47425	-1	-1	-1
0	256	-3.7433	-9.25371	4372	4448.88	-1
0	256	7.19466	1.99487	-1	-1	-1
0	256	-0.71233	-6.16836	-1	-1	-1
0	256	3.30803	-7.7792	-1	-1	-1
0	256	-6.39798	-0.146399	-1	-1	-1
0	256	-1.6006	9.26724	2644	2728.03	-1
0	256	-6.9084	-4.98836	3766	3881.78	-1
0	256	8.34932	-2.2144	4628	4718.62	-1
0	256	-3.50788	8.45196	-1	-1	-1
0	256	0.0484808	5.84767	43	95.9062	-1
0	256	-7.33309	-5.62744	-1	-1	-1
0	256	4.23697	-6.87536	2343	2402.97	-1
0	256	-5.68782	4.92001	4395	4522.94	-1
0	256	3.46838	-4.27522	-1	-1	-1
0	256	-4.30626	-4.00716	-1	-1	-1
0	256	-4.06199	8.52521	-1	-1	-1
0	256	7.48926	-4.50398	-1	-1	-1
0	256	2.44989	4.78232	-1	-1	-1
0	256	0.203271	-5.39066	-1	-1	-1
0	256	-1.29469	-7.70866	2088	2155.19	-1
0	256	-5.67374	-1.44245	-1	-1	-1
0	256	1.77615	8.08194	-1	-1	-1
0	256	-5.18695	-2.20517	2364	2478.97	-1
0	256	-5.305	8.0996	-1	-1	-1
0	256	0.55645	-7.7692	-1	-1	-1
0	256	7.89152	-0.913836	-1	-1	-1
0	256	-3.07094	9.19848	1808	1885.94	-1
0	256	-0.513066	4.78164	1980	2090.53	-1
0	256	9.54984	9.17118	-1	-1	-1
0	256	-1.90582	-6.91799	-1	-1	-1
0	256	-3.44868	0.467174	-1	-1	-1
0	256	-7.70322	8.34899	-1	-1	-1
0	256	5.551	-7.69537	-1	-1	-1
0	256	9.43962	-5.94324	-1	-1	-1
0	256	-5.81689	-0.590125	1921	2025.81	-1
0	256	6.34255	4.6567	-1	-1	-1
0	256	-9.04115	2.69824	-1	-1	-1
0	256	3.31871	9.17696	1736	1816.81	-1
0	256	5.29404	7.41773	-1	-1	-1
0	256	6.40025	-2.34534	-1	-1	-1
0	256	8.1243	3.72423	-1	-1	-1
0	256	7.46349	-1.19664	1507	1613.5	-1
0	256	4.47519	2.55312	4350	4475.69	-1
0	256	1.26637	-8.88032	1281	1357.88	-1
0	256	-4.00532	-1.12182	-1	-1	-1
0	256	4.69416	3.22219	5035	5177.72	-1
0	256	3.3245	-4.34267	-1	-1	-1
0	256	-5.39828	0.444798	-1	-1	-1
0	256	-4.52465	2.04538	-1	-1	-1
0	256	9.21993	-4.71308	-1	-1	-1
0	256	-0.100452	8.19505	-1	-1	-1
0	256	4.25821	2.87353	2898	3029.38	-1
0	256	-4.96568	4.51735	599	751.625	-1
0	256	7.52888	5.54596	-1	-1	-1
0	256	1.78884	-7.17137	-1	-1	-1
0	256	8.93136	-1.52568	-1	-1	-1
0	256	-9.57831	1.26887	-1	-1	-1
0	256	3.13239	-7.46846	-1	-1	-1
0	256	3.52045	-0.123888	-1	-1	-1
0	256	-3.74205	-4.03325	-1	-1	-1
0	256	1.70697	-8.2963	501	566.094	-1
0	256	3.6971	3.43441	-1	-1	-1
0	256	1.31838	9.07634	-1	-1	-1
0	256	-9.58541	-1.7677	-1	-1	-1
0	256	-0.184937	5.8412	705	813.156	-1
0	256	-8.71477	-3.35122	-1	-1	-1
0	256	2.46375	5.57918	1930	2034.12	-1
0	256	1.52676	3.11459	-1	-1	-1
0	256	-8.37019	2.95547	4854	4947.34	-1
0	256	-5.19538	7.33339	-1	-1	-1
0	256	-7.05321	1.47005	-1	-1	-1
0	256	4.13208	3.16214	3112	3155.03	-1
0	256	1.47306	6.56274	-1	-1	-1
0	256	2.0594	-2.2824	-1	-1	-1
0	256	-7.27515	2.66485	-1	-1	-1
0	256	-0.841559	-5.86883	1417	1529.22	-1
0	256	-4.88154	-4.2406	-1	-1	-1
0	256	8.1152	-4.46369	-1	-1	-1
0	256	-5.01328	6.9756	-1	-1	-1
0	256	7.80743	-6.17965	-1	-1	-1
0	256	-7.48768	6.33054	-1	-1	-1
0	256	-7.78089	-3.57094	-1	-1	-1
0	256	-1.01232	-4.71531	2297	2417.16	-1
0	256	-2.61768	-2.55871	-1	-1	-1
0	256	4.45418	-6.45906	-1	-1	-1
0	256	0.560158	8.81049	-1	-1	-1
0	256	-2.68318	7.75354	-1	-1	-1
0	256	-2.87988	2.39932	3659	3803.31	-1
0	256	2.2976	4.26293	-1	-1	-1
0	256	-7.5574	-3.41284	2059	2176.06	-1
0	256	7.0379	7.79637	-1	-1	-1
0	256	2.58072	2.33311	1586	1617	-1
0	256	-4.40306	-2.69264	-1	-1	-1
0	256	2.76899	-2.6899	78	236.125	-1
0	256	-0.725526	4.36037	-1	-1	-1
0	256	-2.09143	6.14908	-1	-1	-1
0	256	1.34365	5.70223	4310	4359.53	-1
0	256	1.84238	-7.57393	-1	-1	-1
0	256	9.56432	-2.54656	3328	3402.84	-1
0	256	-4.36221	7.67012	-1	-1	-1
0	256	-6.17617	-0.49266	1756	1859.12	-1
0	256	3.44573	-1.28053	-1	-1	-1
0	256	-8.75528	-3.75386	1484	1565	-1
0	256	5.29271	2.08069	-1	-1	-1
0	256	-5.18167	-2.79085	1987	2117.94	-1
0	256	-3.09071	-6.61227	-1	-1	-1
0	256	3.68757	1.77146	-1	-1	-1
0	256	4.10324	5.06752	54	102.781	-1
0	256	-6.94135	6.54353	-1	-1	-1
0	256	-0.719382	-3.14658	-1	-1	-1
0	256	9.20766	1.27106	-1	-1	-1
0	256	-3.22463	-4.62888	3857	3992.34	-1
0	256	4.90302	-1.96308	1644	1752.16	-1
0	256	3.4268	-2.9329	-1	-1	-1
0	256	-4.0487	-3.30786	-1	-1	-1
0	256	5.34784	-6.24399	-1	-1	-1
0	256	0.539327	-4.73352	-1	-1	-1
0	256	-2.97697	8.36551	-1	-1	-1
0	256	-4.9278	3.9323	-1	-1	-1
0	256	7.9077	-5.65279	-1	-1	-1
0	256	-5.46612	5.42969	-1	-1	-1
0	256	6.65838	0.312452	-1	-1	-1
0	256	-4.2052	-8.99779	-1	-1	-1
0	256	-1.94854	-7.06741	-1	-1	-1
0	256	-9.58034	-1.49145	-1	-1	-1
0	256	4.23246	-2.72109	-1	-1	-1
0	256	-7.66641	-1.17014	-1	-1	-1
0	256	7.64346	-3.69298	-1	-1	-1
0	256	4.9682	4.6598	-1	-1	-1
0	256	-3.38963	2.29542	-1	-1	-1
0	256	9.2461	5.5597	-1	-1	-1
0	256	7.85088	-1.5192	-1	-1	-1
0	256	1.62949	4.23575	-1	-1	-1
0	256	3.21343	-2.71698	5334	-1	-1
0	256	-6.0361	4.72665	-1	-1	-1
0	256	5.90579	0.894727	-1	-1	-1
0	256	-9.61922	0.331481	3102	3174.56	-1
0	256	5.55627	6.73173	-1	-1	-1
0	256	-2.13627	8.81398	-1	-1	-1
0	256	3.37145	2.82602	4064	4205.78	-1
0	256	6.12445	3.78412	-1	-1	-1
0	256	5.17992	2.95551	-1	-1	-1
0	256	-8.16932	3.01651	-1	-1	-1
0	256	6.04537	-7.73361	5004	5078.81	-1
0	256	-7.94538	-6.01147	-1	-1	-1
0	256	6.38533	2.63997	-1	-1	-1
0	256	-7.0907	2.53249	146	250.25	-1
0	256	6.80069	2.84613	-1	-1	-1
