Pile ID	Distribution Type	X-Position	Y-Position	Pickup Time	Drop Off Time	Ant ID
1	1	-2.09184	-4.51372	-1	-1	-1
1	1	-1.94184	-4.51372	-1	-1	-1
1	1	-1.79184	-4.51372	-1	-1	-1
1	1	-1.64184	-4.51372	2824	2866.78	-1
1	1	-1.49184	-4.51372	2595	2667.38	-1
1	1	-1.34184	-4.51372	1826	1936.75	-1
1	1	-1.19184	-4.51372	1972	2029.62	-1
1	1	-1.04184	-4.51372	2609	2654.59	-1
1	1	-0.891835	-4.51372	2769	2813.81	-1
1	1	-0.741835	-4.51372	2947	2986.34	-1
1	1	-0.591835	-4.51372	-1	-1	-1
1	1	-0.441835	-4.51372	-1	-1	-1
1	1	-0.291835	-4.51372	-1	-1	-1
1	1	-0.141835	-4.51372	-1	-1	-1
1	1	0.00816463	-4.51372	-1	-1	-1
1	1	0.158165	-4.51372	-1	-1	-1
1	1	-2.09184	-4.36372	-1	-1	-1
1	1	-1.94184	-4.36372	-1	-1	-1
1	1	-1.79184	-4.36372	-1	-1	-1
1	1	-1.64184	-4.36372	2736	2776.91	-1
1	1	-1.49184	-4.36372	2276	2324.12	-1
1	1	-1.34184	-4.36372	2101	2139.97	-1
1	1	-1.19184	-4.36372	2173	2212.25	-1
1	1	-1.04184	-4.36372	2302	2380	-1
1	1	-0.891835	-4.36372	2677	2717.22	-1
1	1	-0.741835	-4.36372	2861	2902.25	-1
1	1	-0.591835	-4.36372	-1	-1	-1
1	1	-0.441835	-4.36372	-1	-1	-1
1	1	-0.291835	-4.36372	-1	-1	-1
1	1	-0.141835	-4.36372	-1	-1	-1
1	1	0.00816463	-4.36372	-1	-1	-1
1	1	0.158165	-4.36372	-1	-1	-1
1	1	-2.09184	-4.21372	-1	-1	-1
1	1	-1.94184	-4.21372	-1	-1	-1
1	1	-1.79184	-4.21372	-1	-1	-1
1	1	-1.64184	-4.21372	2954	2993.5	-1
1	1	-1.49184	-4.21372	2412	2451.62	-1
1	1	-1.34184	-4.21372	2489	2543.88	-1
1	1	-1.19184	-4.21372	2434	2477.75	-1
1	1	-1.04184	-4.21372	2478	2519.62	-1
1	1	-0.891835	-4.21372	2574	2611.22	-1
1	1	-0.741835	-4.21372	3053	3089.28	-1
1	1	-0.591835	-4.21372	-1	-1	-1
1	1	-0.441835	-4.21372	-1	-1	-1
1	1	-0.291835	-4.21372	-1	-1	-1
1	1	-0.141835	-4.21372	-1	-1	-1
1	1	0.00816463	-4.21372	-1	-1	-1
1	1	0.158165	-4.21372	-1	-1	-1
1	1	-2.09184	-4.06372	-1	-1	-1
1	1	-1.94184	-4.06372	-1	-1	-1
1	1	-1.79184	-4.06372	-1	-1	-1
1	1	-1.64184	-4.06372	-1	-1	-1
1	1	-1.49184	-4.06372	-1	-1	-1
1	1	-1.34184	-4.06372	-1	-1	-1
1	1	-1.19184	-4.06372	2633	2669.25	-1
1	1	-1.04184	-4.06372	2607	2645.56	-1
1	1	-0.891835	-4.06372	-1	-1	-1
1	1	-0.741835	-4.06372	-1	-1	-1
1	1	-0.591835	-4.06372	-1	-1	-1
1	1	-0.441835	-4.06372	-1	-1	-1
1	1	-0.291835	-4.06372	-1	-1	-1
1	1	-0.141835	-4.06372	-1	-1	-1
1	1	0.00816463	-4.06372	-1	-1	-1
1	1	0.158165	-4.06372	-1	-1	-1
1	1	-2.09184	-3.91372	-1	-1	-1
1	1	-1.94184	-3.91372	-1	-1	-1
1	1	-1.79184	-3.91372	-1	-1	-1
1	1	-1.64184	-3.91372	-1	-1	-1
1	1	-1.49184	-3.91372	-1	-1	-1
1	1	-1.34184	-3.91372	-1	-1	-1
1	1	-1.19184	-3.91372	-1	-1	-1
1	1	-1.04184	-3.91372	-1	-1	-1
1	1	-0.891835	-3.91372	-1	-1	-1
1	1	-0.741835	-3.91372	-1	-1	-1
1	1	-0.591835	-3.91372	-1	-1	-1
1	1	-0.441835	-3.91372	-1	-1	-1
1	1	-0.291835	-3.91372	-1	-1	-1
1	1	-0.141835	-3.91372	-1	-1	-1
1	1	0.00816463	-3.91372	-1	-1	-1
1	1	0.158165	-3.91372	-1	-1	-1
1	1	-2.09184	-3.76372	-1	-1	-1
1	1	-1.94184	-3.76372	-1	-1	-1
1	1	-1.79184	-3.76372	-1	-1	-1
1	1	-1.64184	-3.76372	-1	-1	-1
1	1	-1.49184	-3.76372	-1	-1	-1
1	1	-1.34184	-3.76372	-1	-1	-1
1	1	-1.19184	-3.76372	-1	-1	-1
1	1	-1.04184	-3.76372	-1	-1	-1
1	1	-0.891835	-3.76372	-1	-1	-1
1	1	-0.741835	-3.76372	-1	-1	-1
1	1	-0.591835	-3.76372	-1	-1	-1
1	1	-0.441835	-3.76372	-1	-1	-1
1	1	-0.291835	-3.76372	-1	-1	-1
1	1	-0.141835	-3.76372	-1	-1	-1
1	1	0.00816463	-3.76372	-1	-1	-1
1	1	0.158165	-3.76372	-1	-1	-1
1	1	-2.09184	-3.61372	-1	-1	-1
1	1	-1.94184	-3.61372	-1	-1	-1
1	1	-1.79184	-3.61372	-1	-1	-1
1	1	-1.64184	-3.61372	-1	-1	-1
1	1	-1.49184	-3.61372	-1	-1	-1
1	1	-1.34184	-3.61372	-1	-1	-1
1	1	-1.19184	-3.61372	-1	-1	-1
1	1	-1.04184	-3.61372	-1	-1	-1
1	1	-0.891835	-3.61372	-1	-1	-1
1	1	-0.741835	-3.61372	-1	-1	-1
1	1	-0.591835	-3.61372	-1	-1	-1
1	1	-0.441835	-3.61372	-1	-1	-1
1	1	-0.291835	-3.61372	-1	-1	-1
1	1	-0.141835	-3.61372	-1	-1	-1
1	1	0.00816463	-3.61372	-1	-1	-1
1	1	0.158165	-3.61372	-1	-1	-1
1	1	-2.09184	-3.46372	-1	-1	-1
1	1	-1.94184	-3.46372	-1	-1	-1
1	1	-1.79184	-3.46372	-1	-1	-1
1	1	-1.64184	-3.46372	-1	-1	-1
1	1	-1.49184	-3.46372	5355	-1	-1
1	1	-1.34184	-3.46372	-1	-1	-1
1	1	-1.19184	-3.46372	-1	-1	-1
1	1	-1.04184	-3.46372	-1	-1	-1
1	1	-0.891835	-3.46372	-1	-1	-1
1	1	-0.741835	-3.46372	-1	-1	-1
1	1	-0.591835	-3.46372	-1	-1	-1
1	1	-0.441835	-3.46372	-1	-1	-1
1	1	-0.291835	-3.46372	-1	-1	-1
1	1	-0.141835	-3.46372	-1	-1	-1
1	1	0.00816463	-3.46372	-1	-1	-1
1	1	0.158165	-3.46372	-1	-1	-1
1	1	-2.09184	-3.31372	-1	-1	-1
1	1	-1.94184	-3.31372	-1	-1	-1
1	1	-1.79184	-3.31372	-1	-1	-1
1	1	-1.64184	-3.31372	-1	-1	-1
1	1	-1.49184	-3.31372	5263	5320.88	-1
1	1	-1.34184	-3.31372	5093	5126.81	-1
1	1	-1.19184	-3.31372	-1	-1	-1
1	1	-1.04184	-3.31372	-1	-1	-1
1	1	-0.891835	-3.31372	-1	-1	-1
1	1	-0.741835	-3.31372	-1	-1	-1
1	1	-0.591835	-3.31372	-1	-1	-1
1	1	-0.441835	-3.31372	-1	-1	-1
1	1	-0.291835	-3.31372	-1	-1	-1
1	1	-0.141835	-3.31372	-1	-1	-1
1	1	0.00816463	-3.31372	-1	-1	-1
1	1	0.158165	-3.31372	-1	-1	-1
1	1	-2.09184	-3.16372	-1	-1	-1
1	1	-1.94184	-3.16372	-1	-1	-1
1	1	-1.79184	-3.16372	-1	-1	-1
1	1	-1.64184	-3.16372	-1	-1	-1
1	1	-1.49184	-3.16372	-1	-1	-1
1	1	-1.34184	-3.16372	5154	5208.12	-1
1	1	-1.19184	-3.16372	-1	-1	-1
1	1	-1.04184	-3.16372	-1	-1	-1
1	1	-0.891835	-3.16372	-1	-1	-1
1	1	-0.741835	-3.16372	-1	-1	-1
1	1	-0.591835	-3.16372	-1	-1	-1
1	1	-0.441835	-3.16372	-1	-1	-1
1	1	-0.291835	-3.16372	-1	-1	-1
1	1	-0.141835	-3.16372	-1	-1	-1
1	1	0.00816463	-3.16372	-1	-1	-1
1	1	0.158165	-3.16372	-1	-1	-1
1	1	-2.09184	-3.01372	-1	-1	-1
1	1	-1.94184	-3.01372	-1	-1	-1
1	1	-1.79184	-3.01372	-1	-1	-1
1	1	-1.64184	-3.01372	-1	-1	-1
1	1	-1.49184	-3.01372	-1	-1	-1
1	1	-1.34184	-3.01372	-1	-1	-1
1	1	-1.19184	-3.01372	-1	-1	-1
1	1	-1.04184	-3.01372	-1	-1	-1
1	1	-0.891835	-3.01372	-1	-1	-1
1	1	-0.741835	-3.01372	-1	-1	-1
1	1	-0.591835	-3.01372	-1	-1	-1
1	1	-0.441835	-3.01372	-1	-1	-1
1	1	-0.291835	-3.01372	-1	-1	-1
1	1	-0.141835	-3.01372	-1	-1	-1
1	1	0.00816463	-3.01372	-1	-1	-1
1	1	0.158165	-3.01372	-1	-1	-1
1	1	-2.09184	-2.86372	-1	-1	-1
1	1	-1.94184	-2.86372	-1	-1	-1
1	1	-1.79184	-2.86372	-1	-1	-1
1	1	-1.64184	-2.86372	-1	-1	-1
1	1	-1.49184	-2.86372	-1	-1	-1
1	1	-1.34184	-2.86372	-1	-1	-1
1	1	-1.19184	-2.86372	-1	-1	-1
1	1	-1.04184	-2.86372	-1	-1	-1
1	1	-0.891835	-2.86372	-1	-1	-1
1	1	-0.741835	-2.86372	-1	-1	-1
1	1	-0.591835	-2.86372	-1	-1	-1
1	1	-0.441835	-2.86372	-1	-1	-1
1	1	-0.291835	-2.86372	-1	-1	-1
1	1	-0.141835	-2.86372	-1	-1	-1
1	1	0.00816463	-2.86372	-1	-1	-1
1	1	0.158165	-2.86372	-1	-1	-1
1	1	-2.09184	-2.71372	-1	-1	-1
1	1	-1.94184	-2.71372	-1	-1	-1
1	1	-1.79184	-2.71372	-1	-1	-1
1	1	-1.64184	-2.71372	-1	-1	-1
1	1	-1.49184	-2.71372	-1	-1	-1
1	1	-1.34184	-2.71372	-1	-1	-1
1	1	-1.19184	-2.71372	-1	-1	-1
1	1	-1.04184	-2.71372	-1	-1	-1
1	1	-0.891835	-2.71372	-1	-1	-1
1	1	-0.741835	-2.71372	-1	-1	-1
1	1	-0.591835	-2.71372	-1	-1	-1
1	1	-0.441835	-2.71372	-1	-1	-1
1	1	-0.291835	-2.71372	-1	-1	-1
1	1	-0.141835	-2.71372	-1	-1	-1
1	1	0.00816463	-2.71372	-1	-1	-1
1	1	0.158165	-2.71372	-1	-1	-1
1	1	-2.09184	-2.56372	-1	-1	-1
1	1	-1.94184	-2.56372	-1	-1	-1
1	1	-1.79184	-2.56372	-1	-1	-1
1	1	-1.64184	-2.56372	-1	-1	-1
1	1	-1.49184	-2.56372	-1	-1	-1
1	1	-1.34184	-2.56372	-1	-1	-1
1	1	-1.19184	-2.56372	-1	-1	-1
1	1	-1.04184	-2.56372	-1	-1	-1
1	1	-0.891835	-2.56372	-1	-1	-1
1	1	-0.741835	-2.56372	-1	-1	-1
1	1	-0.591835	-2.56372	-1	-1	-1
1	1	-0.441835	-2.56372	-1	-1	-1
1	1	-0.291835	-2.56372	-1	-1	-1
1	1	-0.141835	-2.56372	-1	-1	-1
1	1	0.00816463	-2.56372	-1	-1	-1
1	1	0.158165	-2.56372	-1	-1	-1
1	1	-2.09184	-2.41372	-1	-1	-1
1	1	-1.94184	-2.41372	2280	2410.16	-1
1	1	-1.79184	-2.41372	-1	-1	-1
1	1	-1.64184	-2.41372	-1	-1	-1
1	1	-1.49184	-2.41372	-1	-1	-1
1	1	-1.34184	-2.41372	-1	-1	-1
1	1	-1.19184	-2.41372	4977	5119.47	-1
1	1	-1.04184	-2.41372	-1	-1	-1
1	1	-0.891835	-2.41372	-1	-1	-1
1	1	-0.741835	-2.41372	-1	-1	-1
1	1	-0.591835	-2.41372	-1	-1	-1
1	1	-0.441835	-2.41372	-1	-1	-1
1	1	-0.291835	-2.41372	-1	-1	-1
1	1	-0.141835	-2.41372	-1	-1	-1
1	1	0.00816463	-2.41372	-1	-1	-1
1	1	0.158165	-2.41372	-1	-1	-1
1	1	-2.09184	-2.26372	777	843.969	-1
1	1	-1.94184	-2.26372	2438	2466.09	-1
1	1	-1.79184	-2.26372	4055	4220.22	-1
1	1	-1.64184	-2.26372	4242	4267.84	-1
1	1	-1.49184	-2.26372	-1	-1	-1
1	1	-1.34184	-2.26372	-1	-1	-1
1	1	-1.19184	-2.26372	5140	5167.47	-1
1	1	-1.04184	-2.26372	-1	-1	-1
1	1	-0.891835	-2.26372	-1	-1	-1
1	1	-0.741835	-2.26372	-1	-1	-1
1	1	-0.591835	-2.26372	-1	-1	-1
1	1	-0.441835	-2.26372	-1	-1	-1
1	1	-0.291835	-2.26372	-1	-1	-1
1	1	-0.141835	-2.26372	732	763.594	-1
1	1	0.00816463	-2.26372	578	712.281	-1
1	1	0.158165	-2.26372	-1	-1	-1
2	4	-7.14534	-5.12901	-1	-1	-1
2	4	-6.99534	-5.12901	-1	-1	-1
2	4	-6.84534	-5.12901	-1	-1	-1
2	4	-6.69534	-5.12901	-1	-1	-1
2	4	-6.54534	-5.12901	-1	-1	-1
2	4	-6.39534	-5.12901	-1	-1	-1
2	4	-6.24534	-5.12901	-1	-1	-1
2	4	-6.09534	-5.12901	-1	-1	-1
2	4	-7.14534	-4.97901	-1	-1	-1
2	4	-6.99534	-4.97901	-1	-1	-1
2	4	-6.84534	-4.97901	-1	-1	-1
2	4	-6.69534	-4.97901	-1	-1	-1
2	4	-6.54534	-4.97901	-1	-1	-1
2	4	-6.39534	-4.97901	-1	-1	-1
2	4	-6.24534	-4.97901	-1	-1	-1
2	4	-6.09534	-4.97901	-1	-1	-1
2	4	-7.14534	-4.82901	-1	-1	-1
2	4	-6.99534	-4.82901	-1	-1	-1
2	4	-6.84534	-4.82901	-1	-1	-1
2	4	-6.69534	-4.82901	-1	-1	-1
2	4	-6.54534	-4.82901	-1	-1	-1
2	4	-6.39534	-4.82901	-1	-1	-1
2	4	-6.24534	-4.82901	-1	-1	-1
2	4	-6.09534	-4.82901	-1	-1	-1
2	4	-7.14534	-4.67901	-1	-1	-1
2	4	-6.99534	-4.67901	-1	-1	-1
2	4	-6.84534	-4.67901	-1	-1	-1
2	4	-6.69534	-4.67901	-1	-1	-1
2	4	-6.54534	-4.67901	-1	-1	-1
2	4	-6.39534	-4.67901	-1	-1	-1
2	4	-6.24534	-4.67901	-1	-1	-1
2	4	-6.09534	-4.67901	3376	3436.56	-1
2	4	-7.14534	-4.52901	-1	-1	-1
2	4	-6.99534	-4.52901	-1	-1	-1
2	4	-6.84534	-4.52901	-1	-1	-1
2	4	-6.69534	-4.52901	-1	-1	-1
2	4	-6.54534	-4.52901	-1	-1	-1
2	4	-6.39534	-4.52901	-1	-1	-1
2	4	-6.24534	-4.52901	3209	3300.06	-1
2	4	-6.09534	-4.52901	2980	3114.03	-1
2	4	-7.14534	-4.37901	-1	-1	-1
2	4	-6.99534	-4.37901	-1	-1	-1
2	4	-6.84534	-4.37901	-1	-1	-1
2	4	-6.69534	-4.37901	-1	-1	-1
2	4	-6.54534	-4.37901	-1	-1	-1
2	4	-6.39534	-4.37901	-1	-1	-1
2	4	-6.24534	-4.37901	3667	3722.03	-1
2	4	-6.09534	-4.37901	1016	1151.59	-1
2	4	-7.14534	-4.22901	-1	-1	-1
2	4	-6.99534	-4.22901	-1	-1	-1
2	4	-6.84534	-4.22901	830	888.906	-1
2	4	-6.69534	-4.22901	-1	-1	-1
2	4	-6.54534	-4.22901	-1	-1	-1
2	4	-6.39534	-4.22901	-1	-1	-1
2	4	-6.24534	-4.22901	3798	3854.75	-1
2	4	-6.09534	-4.22901	3906	3960.94	-1
2	4	-7.14534	-4.07901	744	808.812	-1
2	4	-6.99534	-4.07901	552	610.406	-1
2	4	-6.84534	-4.07901	685	754.188	-1
2	4	-6.69534	-4.07901	927	990.312	-1
2	4	-6.54534	-4.07901	-1	-1	-1
2	4	-6.39534	-4.07901	-1	-1	-1
2	4	-6.24534	-4.07901	-1	-1	-1
2	4	-6.09534	-4.07901	-1	-1	-1
3	4	2.43652	6.49179	82	172.656	-1
3	4	2.58652	6.49179	62	114.344	-1
3	4	2.73652	6.49179	1714	1765.44	-1
3	4	2.88652	6.49179	-1	-1	-1
3	4	3.03652	6.49179	1029	1142.78	-1
3	4	3.18652	6.49179	-1	-1	-1
3	4	3.33652	6.49179	-1	-1	-1
3	4	3.48652	6.49179	-1	-1	-1
3	4	2.43652	6.64179	1160	1298.12	-1
3	4	2.58652	6.64179	1533	1585.5	-1
3	4	2.73652	6.64179	1821	1874.94	-1
3	4	2.88652	6.64179	-1	-1	-1
3	4	3.03652	6.64179	-1	-1	-1
3	4	3.18652	6.64179	-1	-1	-1
3	4	3.33652	6.64179	-1	-1	-1
3	4	3.48652	6.64179	-1	-1	-1
3	4	2.43652	6.79179	1366	1479.16	-1
3	4	2.58652	6.79179	-1	-1	-1
3	4	2.73652	6.79179	-1	-1	-1
3	4	2.88652	6.79179	-1	-1	-1
3	4	3.03652	6.79179	-1	-1	-1
3	4	3.18652	6.79179	-1	-1	-1
3	4	3.33652	6.79179	-1	-1	-1
3	4	3.48652	6.79179	-1	-1	-1
3	4	2.43652	6.94179	1614	1677.22	-1
3	4	2.58652	6.94179	-1	-1	-1
3	4	2.73652	6.94179	-1	-1	-1
3	4	2.88652	6.94179	-1	-1	-1
3	4	3.03652	6.94179	-1	-1	-1
3	4	3.18652	6.94179	-1	-1	-1
3	4	3.33652	6.94179	-1	-1	-1
3	4	3.48652	6.94179	-1	-1	-1
3	4	2.43652	7.09179	1082	1171.91	-1
3	4	2.58652	7.09179	1394	1452.34	-1
3	4	2.73652	7.09179	1990	2045.59	-1
3	4	2.88652	7.09179	-1	-1	-1
3	4	3.03652	7.09179	-1	-1	-1
3	4	3.18652	7.09179	-1	-1	-1
3	4	3.33652	7.09179	-1	-1	-1
3	4	3.48652	7.09179	-1	-1	-1
3	4	2.43652	7.24179	1274	1335.47	-1
3	4	2.58652	7.24179	1509	1573.81	-1
3	4	2.73652	7.24179	1683	1764.22	-1
3	4	2.88652	7.24179	-1	-1	-1
3	4	3.03652	7.24179	-1	-1	-1
3	4	3.18652	7.24179	-1	-1	-1
3	4	3.33652	7.24179	-1	-1	-1
3	4	3.48652	7.24179	-1	-1	-1
3	4	2.43652	7.39179	1405	1464.38	-1
3	4	2.58652	7.39179	1519	1605.31	-1
3	4	2.73652	7.39179	1840	1901.62	-1
3	4	2.88652	7.39179	-1	-1	-1
3	4	3.03652	7.39179	-1	-1	-1
3	4	3.18652	7.39179	-1	-1	-1
3	4	3.33652	7.39179	-1	-1	-1
3	4	3.48652	7.39179	-1	-1	-1
3	4	2.43652	7.54179	1694	1770.91	-1
3	4	2.58652	7.54179	1855	1918.88	-1
3	4	2.73652	7.54179	-1	-1	-1
3	4	2.88652	7.54179	-1	-1	-1
3	4	3.03652	7.54179	-1	-1	-1
3	4	3.18652	7.54179	-1	-1	-1
3	4	3.33652	7.54179	-1	-1	-1
3	4	3.48652	7.54179	-1	-1	-1
4	4	0.955394	-4.07366	-1	-1	-1
4	4	1.10539	-4.07366	-1	-1	-1
4	4	1.25539	-4.07366	-1	-1	-1
4	4	1.40539	-4.07366	-1	-1	-1
4	4	1.55539	-4.07366	-1	-1	-1
4	4	1.70539	-4.07366	-1	-1	-1
4	4	1.85539	-4.07366	-1	-1	-1
4	4	2.00539	-4.07366	-1	-1	-1
4	4	0.955394	-3.92366	-1	-1	-1
4	4	1.10539	-3.92366	-1	-1	-1
4	4	1.25539	-3.92366	-1	-1	-1
4	4	1.40539	-3.92366	-1	-1	-1
4	4	1.55539	-3.92366	-1	-1	-1
4	4	1.70539	-3.92366	-1	-1	-1
4	4	1.85539	-3.92366	-1	-1	-1
4	4	2.00539	-3.92366	-1	-1	-1
4	4	0.955394	-3.77366	3775	3820	-1
4	4	1.10539	-3.77366	3856	3917.78	-1
4	4	1.25539	-3.77366	3975	4011.09	-1
4	4	1.40539	-3.77366	-1	-1	-1
4	4	1.55539	-3.77366	-1	-1	-1
4	4	1.70539	-3.77366	-1	-1	-1
4	4	1.85539	-3.77366	-1	-1	-1
4	4	2.00539	-3.77366	-1	-1	-1
4	4	0.955394	-3.62366	3695	3735.06	-1
4	4	1.10539	-3.62366	3754	3800.66	-1
4	4	1.25539	-3.62366	-1	-1	-1
4	4	1.40539	-3.62366	-1	-1	-1
4	4	1.55539	-3.62366	-1	-1	-1
4	4	1.70539	-3.62366	-1	-1	-1
4	4	1.85539	-3.62366	-1	-1	-1
4	4	2.00539	-3.62366	-1	-1	-1
4	4	0.955394	-3.47366	3444	3566.44	-1
4	4	1.10539	-3.47366	3635	3698.25	-1
4	4	1.25539	-3.47366	3741	3784.91	-1
4	4	1.40539	-3.47366	5381	-1	-1
4	4	1.55539	-3.47366	5333	5390.38	-1
4	4	1.70539	-3.47366	5246	5311.88	-1
4	4	1.85539	-3.47366	5380	-1	-1
4	4	2.00539	-3.47366	-1	-1	-1
4	4	0.955394	-3.32366	108	137.062	-1
4	4	1.10539	-3.32366	3594	3640.16	-1
4	4	1.25539	-3.32366	3852	3884.16	-1
4	4	1.40539	-3.32366	5213	5261.75	-1
4	4	1.55539	-3.32366	5194	5274.06	-1
4	4	1.70539	-3.32366	4914	5037.94	-1
4	4	1.85539	-3.32366	5121	5177.72	-1
4	4	2.00539	-3.32366	5237	5293.47	-1
4	4	0.955394	-3.17366	30	67.125	-1
4	4	1.10539	-3.17366	-1	-1	-1
4	4	1.25539	-3.17366	-1	-1	-1
4	4	1.40539	-3.17366	5310	5348.16	-1
4	4	1.55539	-3.17366	3404	3441.66	-1
4	4	1.70539	-3.17366	3229	3357.06	-1
4	4	1.85539	-3.17366	5078	5154.53	-1
4	4	2.00539	-3.17366	-1	-1	-1
4	4	0.955394	-3.02366	971	998.156	-1
4	4	1.10539	-3.02366	-1	-1	-1
4	4	1.25539	-3.02366	-1	-1	-1
4	4	1.40539	-3.02366	-1	-1	-1
4	4	1.55539	-3.02366	1270	1412.88	-1
4	4	1.70539	-3.02366	1438	1473.62	-1
4	4	1.85539	-3.02366	-1	-1	-1
4	4	2.00539	-3.02366	-1	-1	-1
5	4	-0.703433	7.94029	-1	-1	-1
5	4	-0.553433	7.94029	-1	-1	-1
5	4	-0.403433	7.94029	-1	-1	-1
5	4	-0.253433	7.94029	-1	-1	-1
5	4	-0.103433	7.94029	-1	-1	-1
5	4	0.0465671	7.94029	-1	-1	-1
5	4	0.196567	7.94029	-1	-1	-1
5	4	0.346567	7.94029	-1	-1	-1
5	4	-0.703433	8.09029	-1	-1	-1
5	4	-0.553433	8.09029	-1	-1	-1
5	4	-0.403433	8.09029	-1	-1	-1
5	4	-0.253433	8.09029	-1	-1	-1
5	4	-0.103433	8.09029	-1	-1	-1
5	4	0.0465671	8.09029	-1	-1	-1
5	4	0.196567	8.09029	-1	-1	-1
5	4	0.346567	8.09029	-1	-1	-1
5	4	-0.703433	8.24029	-1	-1	-1
5	4	-0.553433	8.24029	-1	-1	-1
5	4	-0.403433	8.24029	-1	-1	-1
5	4	-0.253433	8.24029	-1	-1	-1
5	4	-0.103433	8.24029	-1	-1	-1
5	4	0.0465671	8.24029	-1	-1	-1
5	4	0.196567	8.24029	-1	-1	-1
5	4	0.346567	8.24029	-1	-1	-1
5	4	-0.703433	8.39029	-1	-1	-1
5	4	-0.553433	8.39029	-1	-1	-1
5	4	-0.403433	8.39029	-1	-1	-1
5	4	-0.253433	8.39029	-1	-1	-1
5	4	-0.103433	8.39029	-1	-1	-1
5	4	0.0465671	8.39029	-1	-1	-1
5	4	0.196567	8.39029	-1	-1	-1
5	4	0.346567	8.39029	-1	-1	-1
5	4	-0.703433	8.54029	-1	-1	-1
5	4	-0.553433	8.54029	-1	-1	-1
5	4	-0.403433	8.54029	-1	-1	-1
5	4	-0.253433	8.54029	-1	-1	-1
5	4	-0.103433	8.54029	-1	-1	-1
5	4	0.0465671	8.54029	-1	-1	-1
5	4	0.196567	8.54029	-1	-1	-1
5	4	0.346567	8.54029	-1	-1	-1
5	4	-0.703433	8.69029	-1	-1	-1
5	4	-0.553433	8.69029	-1	-1	-1
5	4	-0.403433	8.69029	-1	-1	-1
5	4	-0.253433	8.69029	-1	-1	-1
5	4	-0.103433	8.69029	-1	-1	-1
5	4	0.0465671	8.69029	-1	-1	-1
5	4	0.196567	8.69029	-1	-1	-1
5	4	0.346567	8.69029	-1	-1	-1
5	4	-0.703433	8.84029	-1	-1	-1
5	4	-0.553433	8.84029	-1	-1	-1
5	4	-0.403433	8.84029	-1	-1	-1
5	4	-0.253433	8.84029	-1	-1	-1
5	4	-0.103433	8.84029	-1	-1	-1
5	4	0.0465671	8.84029	-1	-1	-1
5	4	0.196567	8.84029	-1	-1	-1
5	4	0.346567	8.84029	-1	-1	-1
5	4	-0.703433	8.99029	-1	-1	-1
5	4	-0.553433	8.99029	-1	-1	-1
5	4	-0.403433	8.99029	-1	-1	-1
5	4	-0.253433	8.99029	-1	-1	-1
5	4	-0.103433	8.99029	-1	-1	-1
5	4	0.0465671	8.99029	-1	-1	-1
5	4	0.196567	8.99029	-1	-1	-1
5	4	0.346567	8.99029	-1	-1	-1
6	16	9.18006	-0.723274	-1	-1	-1
6	16	9.33006	-0.723274	-1	-1	-1
6	16	9.48006	-0.723274	-1	-1	-1
6	16	9.63006	-0.723274	-1	-1	-1
6	16	9.18006	-0.573274	5400	-1	-1
6	16	9.33006	-0.573274	-1	-1	-1
6	16	9.48006	-0.573274	-1	-1	-1
6	16	9.63006	-0.573274	-1	-1	-1
6	16	9.18006	-0.423274	-1	-1	-1
6	16	9.33006	-0.423274	-1	-1	-1
6	16	9.48006	-0.423274	-1	-1	-1
6	16	9.63006	-0.423274	-1	-1	-1
6	16	9.18006	-0.273274	1346	1429.25	-1
6	16	9.33006	-0.273274	-1	-1	-1
6	16	9.48006	-0.273274	-1	-1	-1
6	16	9.63006	-0.273274	-1	-1	-1
7	16	-5.6774	-7.56691	-1	-1	-1
7	16	-5.5274	-7.56691	-1	-1	-1
7	16	-5.3774	-7.56691	-1	-1	-1
7	16	-5.2274	-7.56691	-1	-1	-1
7	16	-5.6774	-7.41691	-1	-1	-1
7	16	-5.5274	-7.41691	-1	-1	-1
7	16	-5.3774	-7.41691	-1	-1	-1
7	16	-5.2274	-7.41691	-1	-1	-1
7	16	-5.6774	-7.26691	-1	-1	-1
7	16	-5.5274	-7.26691	-1	-1	-1
7	16	-5.3774	-7.26691	-1	-1	-1
7	16	-5.2274	-7.26691	-1	-1	-1
7	16	-5.6774	-7.11691	-1	-1	-1
7	16	-5.5274	-7.11691	-1	-1	-1
7	16	-5.3774	-7.11691	-1	-1	-1
7	16	-5.2274	-7.11691	-1	-1	-1
8	16	-5.83845	-3.52594	-1	-1	-1
8	16	-5.68845	-3.52594	-1	-1	-1
8	16	-5.53845	-3.52594	-1	-1	-1
8	16	-5.38845	-3.52594	-1	-1	-1
8	16	-5.83845	-3.37594	3583	3642.09	-1
8	16	-5.68845	-3.37594	3449	3518.31	-1
8	16	-5.53845	-3.37594	3857	3908.88	-1
8	16	-5.38845	-3.37594	3829	3888.03	-1
8	16	-5.83845	-3.22594	3544	3610.56	-1
8	16	-5.68845	-3.22594	3415	3472.66	-1
8	16	-5.53845	-3.22594	3311	3367.84	-1
8	16	-5.38845	-3.22594	3711	3764.94	-1
8	16	-5.83845	-3.07594	3288	3350.19	-1
8	16	-5.68845	-3.07594	3226	3321.78	-1
8	16	-5.53845	-3.07594	2928	3034.31	-1
8	16	-5.38845	-3.07594	3086	3143.88	-1
9	16	-3.83896	-3.54974	-1	-1	-1
9	16	-3.68896	-3.54974	-1	-1	-1
9	16	-3.53896	-3.54974	-1	-1	-1
9	16	-3.38896	-3.54974	-1	-1	-1
9	16	-3.83896	-3.39974	-1	-1	-1
9	16	-3.68896	-3.39974	-1	-1	-1
9	16	-3.53896	-3.39974	-1	-1	-1
9	16	-3.38896	-3.39974	-1	-1	-1
9	16	-3.83896	-3.24974	-1	-1	-1
9	16	-3.68896	-3.24974	-1	-1	-1
9	16	-3.53896	-3.24974	-1	-1	-1
9	16	-3.38896	-3.24974	-1	-1	-1
9	16	-3.83896	-3.09974	-1	-1	-1
9	16	-3.68896	-3.09974	-1	-1	-1
9	16	-3.53896	-3.09974	-1	-1	-1
9	16	-3.38896	-3.09974	2144	2188.59	-1
10	16	4.08362	-0.0885138	-1	-1	-1
10	16	4.23362	-0.0885138	-1	-1	-1
10	16	4.38362	-0.0885138	-1	-1	-1
10	16	4.53362	-0.0885138	-1	-1	-1
10	16	4.08362	0.0614862	-1	-1	-1
10	16	4.23362	0.0614862	-1	-1	-1
10	16	4.38362	0.0614862	-1	-1	-1
10	16	4.53362	0.0614862	-1	-1	-1
10	16	4.08362	0.211486	-1	-1	-1
10	16	4.23362	0.211486	-1	-1	-1
10	16	4.38362	0.211486	-1	-1	-1
10	16	4.53362	0.211486	-1	-1	-1
10	16	4.08362	0.361486	-1	-1	-1
10	16	4.23362	0.361486	-1	-1	-1
10	16	4.38362	0.361486	-1	-1	-1
10	16	4.53362	0.361486	-1	-1	-1
11	16	8.00918	0.806511	-1	-1	-1
11	16	8.15918	0.806511	-1	-1	-1
11	16	8.30918	0.806511	-1	-1	-1
11	16	8.45918	0.806511	-1	-1	-1
11	16	8.00918	0.956511	-1	-1	-1
11	16	8.15918	0.956511	-1	-1	-1
11	16	8.30918	0.956511	-1	-1	-1
11	16	8.45918	0.956511	-1	-1	-1
11	16	8.00918	1.10651	-1	-1	-1
11	16	8.15918	1.10651	-1	-1	-1
11	16	8.30918	1.10651	-1	-1	-1
11	16	8.45918	1.10651	-1	-1	-1
11	16	8.00918	1.25651	-1	-1	-1
11	16	8.15918	1.25651	-1	-1	-1
11	16	8.30918	1.25651	-1	-1	-1
11	16	8.45918	1.25651	-1	-1	-1
12	16	-6.79919	-6.28787	-1	-1	-1
12	16	-6.64919	-6.28787	-1	-1	-1
12	16	-6.49919	-6.28787	-1	-1	-1
12	16	-6.34919	-6.28787	-1	-1	-1
12	16	-6.79919	-6.13787	-1	-1	-1
12	16	-6.64919	-6.13787	-1	-1	-1
12	16	-6.49919	-6.13787	-1	-1	-1
12	16	-6.34919	-6.13787	-1	-1	-1
12	16	-6.79919	-5.98787	-1	-1	-1
12	16	-6.64919	-5.98787	-1	-1	-1
12	16	-6.49919	-5.98787	-1	-1	-1
12	16	-6.34919	-5.98787	-1	-1	-1
12	16	-6.79919	-5.83787	-1	-1	-1
12	16	-6.64919	-5.83787	-1	-1	-1
12	16	-6.49919	-5.83787	-1	-1	-1
12	16	-6.34919	-5.83787	-1	-1	-1
13	16	4.35449	-6.09513	-1	-1	-1
13	16	4.50449	-6.09513	-1	-1	-1
13	16	4.65449	-6.09513	-1	-1	-1
13	16	4.80449	-6.09513	-1	-1	-1
13	16	4.35449	-5.94513	-1	-1	-1
13	16	4.50449	-5.94513	-1	-1	-1
13	16	4.65449	-5.94513	-1	-1	-1
13	16	4.80449	-5.94513	-1	-1	-1
13	16	4.35449	-5.79513	-1	-1	-1
13	16	4.50449	-5.79513	-1	-1	-1
13	16	4.65449	-5.79513	-1	-1	-1
13	16	4.80449	-5.79513	-1	-1	-1
13	16	4.35449	-5.64513	-1	-1	-1
13	16	4.50449	-5.64513	-1	-1	-1
13	16	4.65449	-5.64513	-1	-1	-1
13	16	4.80449	-5.64513	-1	-1	-1
14	16	8.85694	-6.45114	-1	-1	-1
14	16	9.00694	-6.45114	-1	-1	-1
14	16	9.15694	-6.45114	-1	-1	-1
14	16	9.30694	-6.45114	-1	-1	-1
14	16	8.85694	-6.30114	-1	-1	-1
14	16	9.00694	-6.30114	-1	-1	-1
14	16	9.15694	-6.30114	-1	-1	-1
14	16	9.30694	-6.30114	-1	-1	-1
14	16	8.85694	-6.15114	-1	-1	-1
14	16	9.00694	-6.15114	-1	-1	-1
14	16	9.15694	-6.15114	-1	-1	-1
14	16	9.30694	-6.15114	-1	-1	-1
14	16	8.85694	-6.00114	-1	-1	-1
14	16	9.00694	-6.00114	-1	-1	-1
14	16	9.15694	-6.00114	-1	-1	-1
14	16	9.30694	-6.00114	-1	-1	-1
15	16	4.40646	0.654459	2953	3057.75	-1
15	16	4.55646	0.654459	-1	-1	-1
15	16	4.70646	0.654459	-1	-1	-1
15	16	4.85646	0.654459	-1	-1	-1
15	16	4.40646	0.804459	3089	3124.88	-1
15	16	4.55646	0.804459	-1	-1	-1
15	16	4.70646	0.804459	-1	-1	-1
15	16	4.85646	0.804459	-1	-1	-1
15	16	4.40646	0.954459	-1	-1	-1
15	16	4.55646	0.954459	-1	-1	-1
15	16	4.70646	0.954459	-1	-1	-1
15	16	4.85646	0.954459	-1	-1	-1
15	16	4.40646	1.10446	1873	1914.16	-1
15	16	4.55646	1.10446	-1	-1	-1
15	16	4.70646	1.10446	-1	-1	-1
15	16	4.85646	1.10446	-1	-1	-1
16	16	-4.00875	3.48347	-1	-1	-1
16	16	-3.85875	3.48347	5054	5218.88	-1
16	16	-3.70875	3.48347	420	492.688	-1
16	16	-3.55875	3.48347	537	580.719	-1
16	16	-4.00875	3.63347	-1	-1	-1
16	16	-3.85875	3.63347	-1	-1	-1
16	16	-3.70875	3.63347	383	434.375	-1
16	16	-3.55875	3.63347	160	205.375	-1
16	16	-4.00875	3.78347	1378	1425.56	-1
16	16	-3.85875	3.78347	740	786.25	-1
16	16	-3.70875	3.78347	286	337.438	-1
16	16	-3.55875	3.78347	65	121.25	-1
16	16	-4.00875	3.93347	1167	1330.06	-1
16	16	-3.85875	3.93347	628	677.812	-1
16	16	-3.70875	3.93347	402	462.906	-1
16	16	-3.55875	3.93347	529	576.188	-1
17	16	1.27489	-8.1918	-1	-1	-1
17	16	1.42489	-8.1918	-1	-1	-1
17	16	1.57489	-8.1918	-1	-1	-1
17	16	1.72489	-8.1918	-1	-1	-1
17	16	1.27489	-8.0418	-1	-1	-1
17	16	1.42489	-8.0418	-1	-1	-1
17	16	1.57489	-8.0418	-1	-1	-1
17	16	1.72489	-8.0418	2359	2435.06	-1
17	16	1.27489	-7.8918	-1	-1	-1
17	16	1.42489	-7.8918	-1	-1	-1
17	16	1.57489	-7.8918	-1	-1	-1
17	16	1.72489	-7.8918	2185	2288.31	-1
17	16	1.27489	-7.7418	-1	-1	-1
17	16	1.42489	-7.7418	-1	-1	-1
17	16	1.57489	-7.7418	-1	-1	-1
17	16	1.72489	-7.7418	-1	-1	-1
18	16	-3.79083	-2.85336	-1	-1	-1
18	16	-3.64083	-2.85336	-1	-1	-1
18	16	-3.49083	-2.85336	2031	2081.06	-1
18	16	-3.34083	-2.85336	1844	1886.41	-1
18	16	-3.79083	-2.70336	-1	-1	-1
18	16	-3.64083	-2.70336	-1	-1	-1
18	16	-3.49083	-2.70336	2128	2170.41	-1
18	16	-3.34083	-2.70336	1955	1987.84	-1
18	16	-3.79083	-2.55336	-1	-1	-1
18	16	-3.64083	-2.55336	-1	-1	-1
18	16	-3.49083	-2.55336	-1	-1	-1
18	16	-3.34083	-2.55336	-1	-1	-1
18	16	-3.79083	-2.40336	-1	-1	-1
18	16	-3.64083	-2.40336	-1	-1	-1
18	16	-3.49083	-2.40336	-1	-1	-1
18	16	-3.34083	-2.40336	-1	-1	-1
19	16	7.09366	-3.11984	-1	-1	-1
19	16	7.24366	-3.11984	-1	-1	-1
19	16	7.39366	-3.11984	-1	-1	-1
19	16	7.54366	-3.11984	-1	-1	-1
19	16	7.09366	-2.96984	-1	-1	-1
19	16	7.24366	-2.96984	-1	-1	-1
19	16	7.39366	-2.96984	-1	-1	-1
19	16	7.54366	-2.96984	-1	-1	-1
19	16	7.09366	-2.81984	-1	-1	-1
19	16	7.24366	-2.81984	-1	-1	-1
19	16	7.39366	-2.81984	-1	-1	-1
19	16	7.54366	-2.81984	-1	-1	-1
19	16	7.09366	-2.66984	-1	-1	-1
19	16	7.24366	-2.66984	-1	-1	-1
19	16	7.39366	-2.66984	-1	-1	-1
19	16	7.54366	-2.66984	-1	-1	-1
20	16	0.0835978	-5.26391	-1	-1	-1
20	16	0.233598	-5.26391	-1	-1	-1
20	16	0.383598	-5.26391	-1	-1	-1
20	16	0.533598	-5.26391	-1	-1	-1
20	16	0.0835978	-5.11391	-1	-1	-1
20	16	0.233598	-5.11391	-1	-1	-1
20	16	0.383598	-5.11391	-1	-1	-1
20	16	0.533598	-5.11391	-1	-1	-1
20	16	0.0835978	-4.96391	-1	-1	-1
20	16	0.233598	-4.96391	-1	-1	-1
20	16	0.383598	-4.96391	-1	-1	-1
20	16	0.533598	-4.96391	-1	-1	-1
20	16	0.0835978	-4.81391	-1	-1	-1
20	16	0.233598	-4.81391	-1	-1	-1
20	16	0.383598	-4.81391	-1	-1	-1
20	16	0.533598	-4.81391	-1	-1	-1
21	16	9.02863	3.5808	-1	-1	-1
21	16	9.17863	3.5808	-1	-1	-1
21	16	9.32863	3.5808	-1	-1	-1
21	16	9.47863	3.5808	-1	-1	-1
21	16	9.02863	3.7308	-1	-1	-1
21	16	9.17863	3.7308	-1	-1	-1
21	16	9.32863	3.7308	-1	-1	-1
21	16	9.47863	3.7308	-1	-1	-1
21	16	9.02863	3.8808	-1	-1	-1
21	16	9.17863	3.8808	-1	-1	-1
21	16	9.32863	3.8808	-1	-1	-1
21	16	9.47863	3.8808	-1	-1	-1
21	16	9.02863	4.0308	-1	-1	-1
21	16	9.17863	4.0308	-1	-1	-1
21	16	9.32863	4.0308	-1	-1	-1
21	16	9.47863	4.0308	4599	4677.81	-1
0	256	0.719535	9.2592	-1	-1	-1
0	256	3.15969	-5.34638	-1	-1	-1
0	256	-3.90719	-7.90457	-1	-1	-1
0	256	6.58247	6.82402	-1	-1	-1
0	256	-3.55066	-8.90039	-1	-1	-1
0	256	4.55966	6.85801	4348	4422.56	-1
0	256	0.881831	-7.22147	-1	-1	-1
0	256	-0.0962124	3.35441	5063	5093.03	-1
0	256	2.06109	-8.00495	-1	-1	-1
0	256	2.76119	3.45992	3877	4058.78	-1
0	256	-7.00777	1.53811	-1	-1	-1
0	256	2.84502	-1.19272	-1	-1	-1
0	256	5.02049	7.37476	-1	-1	-1
0	256	-7.83724	-4.95037	-1	-1	-1
0	256	3.27721	-6.43719	-1	-1	-1
0	256	7.98117	5.49504	-1	-1	-1
0	256	3.55768	-4.25711	-1	-1	-1
0	256	3.69102	-7.0342	-1	-1	-1
0	256	2.95468	9.1014	-1	-1	-1
0	256	2.60719	5.09915	41	96	-1
0	256	4.4412	-7.69965	-1	-1	-1
0	256	-1.07338	-7.49429	-1	-1	-1
0	256	-6.97242	3.35039	-1	-1	-1
0	256	-7.10017	-0.741846	4537	4635.19	-1
0	256	-8.92966	-3.56342	-1	-1	-1
0	256	-1.30116	4.88998	-1	-1	-1
0	256	-6.32423	1.83766	-1	-1	-1
0	256	-3.55828	-3.89123	-1	-1	-1
0	256	4.96578	-2.77304	714	827.312	-1
0	256	-7.26107	-5.41673	-1	-1	-1
0	256	-7.78231	0.042795	-1	-1	-1
0	256	-5.16455	3.64798	-1	-1	-1
0	256	2.08588	-6.78191	576	684.719	-1
0	256	-4.76785	2.14968	-1	-1	-1
0	256	8.28866	-3.88346	-1	-1	-1
0	256	4.16972	-7.72716	-1	-1	-1
0	256	7.05859	4.08044	-1	-1	-1
0	256	6.47742	5.85894	-1	-1	-1
0	256	1.69735	-4.75575	-1	-1	-1
0	256	0.535197	-3.72195	3861	3893.88	-1
0	256	-4.64942	4.75707	1720	1866.53	-1
0	256	5.59479	-6.141	4402	4531.72	-1
0	256	-7.16368	-0.238764	-1	-1	-1
0	256	8.15184	1.75253	-1	-1	-1
0	256	-2.21486	5.6187	-1	-1	-1
0	256	-5.93808	3.15421	2068	2177.56	-1
0	256	-2.74111	-2.091	-1	-1	-1
0	256	5.70616	7.69919	-1	-1	-1
0	256	-7.71738	-1.93067	-1	-1	-1
0	256	-8.69928	-1.3355	-1	-1	-1
0	256	-1.78145	7.99788	2322	2421.19	-1
0	256	-6.37105	-7.35315	-1	-1	-1
0	256	-8.37038	2.17448	-1	-1	-1
0	256	3.03251	-9.0142	-1	-1	-1
0	256	0.789749	5.5789	49	124.719	-1
0	256	5.27901	0.930501	4921	5024.38	-1
0	256	6.25668	1.86986	-1	-1	-1
0	256	-0.48751	5.61556	4065	4177.69	-1
0	256	7.12548	4.94257	-1	-1	-1
0	256	-1.46527	2.83206	4329	4362.91	-1
0	256	3.09234	0.378922	1079	1201.34	-1
0	256	-0.641534	-5.92029	-1	-1	-1
0	256	8.88349	-1.08662	-1	-1	-1
0	256	-7.16656	-1.859	-1	-1	-1
0	256	-9.56924	-0.427404	-1	-1	-1
0	256	-1.08062	3.89822	-1	-1	-1
0	256	6.83312	-4.11187	1178	1288.09	-1
0	256	2.90055	-1.30571	-1	-1	-1
0	256	9.44911	-1.12483	-1	-1	-1
0	256	7.42085	0.49064	-1	-1	-1
0	256	-2.62007	6.994	-1	-1	-1
0	256	-6.78235	-3.49138	-1	-1	-1
0	256	-8.24801	-2.99086	-1	-1	-1
0	256	2.42622	-2.97676	-1	-1	-1
0	256	4.97568	1.53918	188	234.344	-1
0	256	-2.52917	-6.82809	-1	-1	-1
0	256	2.78461	-8.48915	-1	-1	-1
0	256	-2.72656	-5.11077	-1	-1	-1
0	256	2.68507	-5.14278	3004	3133.06	-1
0	256	-7.16039	2.70084	-1	-1	-1
0	256	5.7838	-3.33951	-1	-1	-1
0	256	-3.37783	6.36621	-1	-1	-1
0	256	1.1176	6.25714	3261	3371.75	-1
0	256	8.56657	4.15287	-1	-1	-1
0	256	8.23798	4.75659	-1	-1	-1
0	256	-3.13636	-4.76373	-1	-1	-1
0	256	-4.33464	5.77572	-1	-1	-1
0	256	-3.00007	0.165982	-1	-1	-1
0	256	-5.72444	-2.45475	-1	-1	-1
0	256	-2.79251	-1.19993	38	67.2188	-1
0	256	7.21221	-2.00262	2753	2854.34	-1
0	256	-4.45693	-8.9078	-1	-1	-1
0	256	-6.22785	2.86848	4928	4978.88	-1
0	256	-0.787793	6.4055	-1	-1	-1
0	256	6.28699	-2.90182	-1	-1	-1
0	256	-1.22844	3.21051	4224	4253.38	-1
0	256	-2.58393	-8.49395	-1	-1	-1
0	256	1.11206	-9.45875	-1	-1	-1
0	256	-1.01961	-5.05001	-1	-1	-1
0	256	-1.05794	0.472827	4773	4787.88	-1
0	256	6.24082	-2.30177	4097	4204.34	-1
0	256	-4.05726	0.473719	1526	1645.31	-1
0	256	-1.07056	8.71166	-1	-1	-1
0	256	-7.52732	1.44122	-1	-1	-1
0	256	-3.61178	-3.98494	-1	-1	-1
0	256	-0.0966436	-6.05611	-1	-1	-1
0	256	-7.85065	-4.72567	-1	-1	-1
0	256	-3.50653	1.20244	-1	-1	-1
0	256	5.76972	4.38251	-1	-1	-1
0	256	1.02768	-7.25878	-1	-1	-1
0	256	-9.59063	-1.23893	-1	-1	-1
0	256	-6.78801	4.63358	-1	-1	-1
0	256	4.97666	2.14292	-1	-1	-1
0	256	2.15044	-7.68106	-1	-1	-1
0	256	7.58148	2.39121	-1	-1	-1
0	256	-4.8548	4.53568	3459	3594.16	-1
0	256	3.81415	-3.19534	-1	-1	-1
0	256	8.62543	6.04278	-1	-1	-1
0	256	-3.52395	-5.23231	-1	-1	-1
0	256	0.122399	6.58791	-1	-1	-1
0	256	6.27174	4.81981	-1	-1	-1
0	256	1.30228	-6.1474	914	1036.91	-1
0	256	-7.46644	-5.33975	-1	-1	-1
0	256	-4.74956	-2.11243	-1	-1	-1
0	256	-3.96021	-8.40676	-1	-1	-1
0	256	-5.50043	-0.84626	-1	-1	-1
0	256	-2.25602	1.98692	1745	1907.34	-1
0	256	6.98578	-2.87421	-1	-1	-1
0	256	8.90043	1.16801	-1	-1	-1
0	256	0.131583	-5.88831	-1	-1	-1
0	256	2.76892	5.22865	-1	-1	-1
0	256	-9.55524	-2.84458	-1	-1	-1
0	256	-1.78537	6.33824	-1	-1	-1
0	256	-1.53268	4.20443	-1	-1	-1
0	256	-7.40805	5.17678	-1	-1	-1
0	256	2.45853	-9.15628	-1	-1	-1
0	256	8.92594	-3.0362	-1	-1	-1
0	256	7.59439	3.33479	-1	-1	-1
0	256	-0.113037	-7.18677	-1	-1	-1
0	256	-9.29986	-1.66715	-1	-1	-1
0	256	-0.00589765	-8.77188	-1	-1	-1
0	256	9.56124	1.47496	-1	-1	-1
0	256	6.21726	-1.52629	-1	-1	-1
0	256	9.66019	0.411369	1170	1266.69	-1
0	256	2.06918	-2.67992	-1	-1	-1
0	256	4.73444	-1.54207	-1	-1	-1
0	256	9.12232	7.11642	273	378.281	-1
0	256	3.2592	-7.79564	-1	-1	-1
0	256	7.88262	9.18516	-1	-1	-1
0	256	-0.559919	-7.97076	-1	-1	-1
0	256	-0.602599	3.56756	-1	-1	-1
0	256	-3.44591	-1.02867	-1	-1	-1
0	256	-3.52506	-7.82752	-1	-1	-1
0	256	2.48809	-7.56732	-1	-1	-1
0	256	5.9352	-2.70523	4615	4664.12	-1
0	256	1.83054	-1.62905	2865	2890.78	-1
0	256	7.43741	6.21326	-1	-1	-1
0	256	-5.06825	-1.09783	-1	-1	-1
0	256	6.22003	0.471937	-1	-1	-1
0	256	3.30007	5.06731	-1	-1	-1
0	256	-8.20979	-3.5122	-1	-1	-1
0	256	1.04144	-4.65228	-1	-1	-1
0	256	8.02004	0.575846	-1	-1	-1
0	256	-6.42062	-7.08355	-1	-1	-1
0	256	5.31261	-3.91752	-1	-1	-1
0	256	5.33873	3.59377	3507	3629.66	-1
0	256	-5.53496	6.41406	-1	-1	-1
0	256	1.07436	-9.71795	-1	-1	-1
0	256	-5.77652	7.47639	-1	-1	-1
0	256	-2.83195	-2.04754	-1	-1	-1
0	256	6.49642	-5.0698	3561	3671.25	-1
0	256	-3.64663	7.08221	-1	-1	-1
0	256	3.09402	5.71623	-1	-1	-1
0	256	2.57966	9.44464	-1	-1	-1
0	256	3.80765	6.41012	2561	2680.12	-1
0	256	-1.82868	-9.18228	4620	4701.91	-1
0	256	-7.32981	-6.76665	-1	-1	-1
0	256	-6.2491	0.450404	-1	-1	-1
0	256	4.11357	7.15918	-1	-1	-1
0	256	4.9125	-7.47357	-1	-1	-1
0	256	0.0319383	-7.15063	-1	-1	-1
0	256	-4.31869	0.571343	-1	-1	-1
0	256	8.69249	-4.51256	-1	-1	-1
0	256	-2.23733	-6.72594	4247	4356.5	-1
0	256	-3.00155	-1.20391	1488	1515.94	-1
0	256	-8.72763	-3.90232	-1	-1	-1
0	256	-5.40665	-1.49921	-1	-1	-1
0	256	-5.47858	0.425462	-1	-1	-1
0	256	5.77456	4.91233	1282	1411.53	-1
0	256	0.153701	5.46239	-1	-1	-1
0	256	-7.9451	-4.23328	-1	-1	-1
0	256	-4.8811	-8.28876	-1	-1	-1
0	256	-1.86382	-7.48638	-1	-1	-1
0	256	-0.864986	5.10813	-1	-1	-1
0	256	6.96541	-2.57377	-1	-1	-1
0	256	8.98535	-2.76389	-1	-1	-1
0	256	4.76747	6.74974	4141	4272.53	-1
0	256	6.89112	2.56692	-1	-1	-1
0	256	-7.85666	-1.92763	-1	-1	-1
0	256	-1.57121	8.88991	4258	4321.28	-1
0	256	-3.72974	6.77104	-1	-1	-1
0	256	6.39661	-6.74369	-1	-1	-1
0	256	6.02296	-7.44327	-1	-1	-1
0	256	2.50315	-3.04109	-1	-1	-1
0	256	-3.52983	2.25292	395	536.594	-1
0	256	-0.670253	-7.8129	-1	-1	-1
0	256	3.75711	-1.12637	3293	3341.22	-1
0	256	5.12	-7.96844	-1	-1	-1
0	256	3.07023	-0.770741	1219	1250.97	-1
0	256	5.30464	7.77551	-1	-1	-1
0	256	6.29764	-1.5975	-1	-1	-1
0	256	0.175946	6.49529	-1	-1	-1
0	256	6.81782	8.09716	3902	3980.06	-1
0	256	-1.4819	6.5567	2050	2157.84	-1
0	256	-6.85128	-0.577504	2310	2416.94	-1
0	256	4.50535	2.34016	-1	-1	-1
0	256	-0.589503	-5.7158	-1	-1	-1
0	256	8.46721	-3.58925	-1	-1	-1
0	256	6.5957	4.81334	-1	-1	-1
0	256	6.16826	3.1969	-1	-1	-1
0	256	4.12751	2.43496	-1	-1	-1
0	256	-1.78992	3.90853	4753	4888.94	-1
0	256	8.23362	-2.61735	-1	-1	-1
0	256	-4.09448	1.60963	-1	-1	-1
0	256	2.19387	-4.94248	-1	-1	-1
0	256	-5.71769	9.18965	-1	-1	-1
0	256	-3.13641	-7.64166	-1	-1	-1
0	256	-8.81759	-3.98037	-1	-1	-1
0	256	-3.12591	-5.48813	-1	-1	-1
0	256	-4.66106	7.14253	3241	3314.97	-1
0	256	-7.06064	-3.77722	346	446.969	-1
0	256	-3.86748	1.67246	-1	-1	-1
0	256	2.42126	2.27772	296	458.156	-1
0	256	-1.03986	7.95716	-1	-1	-1
0	256	-4.39419	8.89673	-1	-1	-1
0	256	5.81828	-2.90847	-1	-1	-1
0	256	6.20613	1.22378	-1	-1	-1
0	256	6.83751	-2.51043	-1	-1	-1
0	256	-3.07588	-4.94395	-1	-1	-1
0	256	-5.80633	0.215967	2284	2388.72	-1
0	256	5.9223	6.35701	-1	-1	-1
0	256	0.587747	9.35746	-1	-1	-1
0	256	5.5794	5.48191	-1	-1	-1
0	256	-0.308948	-5.79513	322	432.906	-1
0	256	2.25226	-6.8091	-1	-1	-1
0	256	-1.03146	6.47358	-1	-1	-1
0	256	-7.84886	4.31508	-1	-1	-1
0	256	0.658746	8.34509	-1	-1	-1
0	256	-3.86406	-2.24863	211	246.625	-1
0	256	-1.83485	9.13139	-1	-1	-1
0	256	-9.00764	-7.48906	-1	-1	-1
0	256	8.82385	0.669519	-1	-1	-1
0	256	-6.94433	-6.13829	-1	-1	-1
0	256	-2.68602	-7.87863	1766	1856.44	-1
0	256	3.30604	-8.14803	-1	-1	-1
0	256	2.36346	8.94398	3946	4011	-1
