Pile ID	Distribution Type	X-Position	Y-Position	Pickup Time	Drop Off Time	Ant ID
1	1	6.67485	3.8719	1772	1827.97	-1
1	1	6.82485	3.8719	-1	-1	-1
1	1	6.97485	3.8719	-1	-1	-1
1	1	7.12485	3.8719	2261	2387.53	-1
1	1	7.27485	3.8719	2444	2525.69	-1
1	1	7.42485	3.8719	-1	-1	-1
1	1	7.57485	3.8719	-1	-1	-1
1	1	7.72485	3.8719	-1	-1	-1
1	1	7.87485	3.8719	-1	-1	-1
1	1	8.02485	3.8719	-1	-1	-1
1	1	8.17485	3.8719	-1	-1	-1
1	1	8.32485	3.8719	-1	-1	-1
1	1	8.47485	3.8719	-1	-1	-1
1	1	8.62485	3.8719	-1	-1	-1
1	1	8.77485	3.8719	-1	-1	-1
1	1	8.92485	3.8719	-1	-1	-1
1	1	6.67485	4.0219	1643	1709.72	-1
1	1	6.82485	4.0219	-1	-1	-1
1	1	6.97485	4.0219	-1	-1	-1
1	1	7.12485	4.0219	-1	-1	-1
1	1	7.27485	4.0219	-1	-1	-1
1	1	7.42485	4.0219	-1	-1	-1
1	1	7.57485	4.0219	-1	-1	-1
1	1	7.72485	4.0219	-1	-1	-1
1	1	7.87485	4.0219	-1	-1	-1
1	1	8.02485	4.0219	-1	-1	-1
1	1	8.17485	4.0219	-1	-1	-1
1	1	8.32485	4.0219	-1	-1	-1
1	1	8.47485	4.0219	-1	-1	-1
1	1	8.62485	4.0219	-1	-1	-1
1	1	8.77485	4.0219	-1	-1	-1
1	1	8.92485	4.0219	-1	-1	-1
1	1	6.67485	4.1719	-1	-1	-1
1	1	6.82485	4.1719	-1	-1	-1
1	1	6.97485	4.1719	-1	-1	-1
1	1	7.12485	4.1719	-1	-1	-1
1	1	7.27485	4.1719	-1	-1	-1
1	1	7.42485	4.1719	-1	-1	-1
1	1	7.57485	4.1719	-1	-1	-1
1	1	7.72485	4.1719	-1	-1	-1
1	1	7.87485	4.1719	-1	-1	-1
1	1	8.02485	4.1719	-1	-1	-1
1	1	8.17485	4.1719	-1	-1	-1
1	1	8.32485	4.1719	-1	-1	-1
1	1	8.47485	4.1719	-1	-1	-1
1	1	8.62485	4.1719	-1	-1	-1
1	1	8.77485	4.1719	-1	-1	-1
1	1	8.92485	4.1719	-1	-1	-1
1	1	6.67485	4.3219	1354	1416.19	-1
1	1	6.82485	4.3219	1487	1555.94	-1
1	1	6.97485	4.3219	1639	1712.97	-1
1	1	7.12485	4.3219	-1	-1	-1
1	1	7.27485	4.3219	-1	-1	-1
1	1	7.42485	4.3219	-1	-1	-1
1	1	7.57485	4.3219	-1	-1	-1
1	1	7.72485	4.3219	-1	-1	-1
1	1	7.87485	4.3219	-1	-1	-1
1	1	8.02485	4.3219	-1	-1	-1
1	1	8.17485	4.3219	-1	-1	-1
1	1	8.32485	4.3219	-1	-1	-1
1	1	8.47485	4.3219	-1	-1	-1
1	1	8.62485	4.3219	-1	-1	-1
1	1	8.77485	4.3219	-1	-1	-1
1	1	8.92485	4.3219	-1	-1	-1
1	1	6.67485	4.4719	788	869.844	-1
1	1	6.82485	4.4719	965	1049.59	-1
1	1	6.97485	4.4719	1224	1307.22	-1
1	1	7.12485	4.4719	-1	-1	-1
1	1	7.27485	4.4719	-1	-1	-1
1	1	7.42485	4.4719	-1	-1	-1
1	1	7.57485	4.4719	-1	-1	-1
1	1	7.72485	4.4719	-1	-1	-1
1	1	7.87485	4.4719	-1	-1	-1
1	1	8.02485	4.4719	-1	-1	-1
1	1	8.17485	4.4719	-1	-1	-1
1	1	8.32485	4.4719	-1	-1	-1
1	1	8.47485	4.4719	-1	-1	-1
1	1	8.62485	4.4719	-1	-1	-1
1	1	8.77485	4.4719	-1	-1	-1
1	1	8.92485	4.4719	-1	-1	-1
1	1	6.67485	4.6219	506	613.5	-1
1	1	6.82485	4.6219	816	886.875	-1
1	1	6.97485	4.6219	1191	1257.91	-1
1	1	7.12485	4.6219	2063	2130.44	-1
1	1	7.27485	4.6219	-1	-1	-1
1	1	7.42485	4.6219	-1	-1	-1
1	1	7.57485	4.6219	-1	-1	-1
1	1	7.72485	4.6219	-1	-1	-1
1	1	7.87485	4.6219	-1	-1	-1
1	1	8.02485	4.6219	-1	-1	-1
1	1	8.17485	4.6219	-1	-1	-1
1	1	8.32485	4.6219	-1	-1	-1
1	1	8.47485	4.6219	-1	-1	-1
1	1	8.62485	4.6219	-1	-1	-1
1	1	8.77485	4.6219	-1	-1	-1
1	1	8.92485	4.6219	-1	-1	-1
1	1	6.67485	4.7719	669	727.312	-1
1	1	6.82485	4.7719	1042	1105.06	-1
1	1	6.97485	4.7719	1387	1457.03	-1
1	1	7.12485	4.7719	1840	1911.06	-1
1	1	7.27485	4.7719	2389	2452.62	-1
1	1	7.42485	4.7719	3038	3110.38	-1
1	1	7.57485	4.7719	-1	-1	-1
1	1	7.72485	4.7719	-1	-1	-1
1	1	7.87485	4.7719	-1	-1	-1
1	1	8.02485	4.7719	-1	-1	-1
1	1	8.17485	4.7719	-1	-1	-1
1	1	8.32485	4.7719	-1	-1	-1
1	1	8.47485	4.7719	-1	-1	-1
1	1	8.62485	4.7719	-1	-1	-1
1	1	8.77485	4.7719	-1	-1	-1
1	1	8.92485	4.7719	428	505.094	-1
1	1	6.67485	4.9219	-1	-1	-1
1	1	6.82485	4.9219	1521	1598.56	-1
1	1	6.97485	4.9219	1722	1782.38	-1
1	1	7.12485	4.9219	2249	2324.78	-1
1	1	7.27485	4.9219	2399	2473.84	-1
1	1	7.42485	4.9219	2579	2662.56	-1
1	1	7.57485	4.9219	-1	-1	-1
1	1	7.72485	4.9219	-1	-1	-1
1	1	7.87485	4.9219	-1	-1	-1
1	1	8.02485	4.9219	-1	-1	-1
1	1	8.17485	4.9219	-1	-1	-1
1	1	8.32485	4.9219	-1	-1	-1
1	1	8.47485	4.9219	-1	-1	-1
1	1	8.62485	4.9219	-1	-1	-1
1	1	8.77485	4.9219	-1	-1	-1
1	1	8.92485	4.9219	-1	-1	-1
1	1	6.67485	5.0719	-1	-1	-1
1	1	6.82485	5.0719	-1	-1	-1
1	1	6.97485	5.0719	2730	2807.75	-1
1	1	7.12485	5.0719	2588	2661.56	-1
1	1	7.27485	5.0719	2729	2793.72	-1
1	1	7.42485	5.0719	2869	2944.31	-1
1	1	7.57485	5.0719	-1	-1	-1
1	1	7.72485	5.0719	-1	-1	-1
1	1	7.87485	5.0719	-1	-1	-1
1	1	8.02485	5.0719	-1	-1	-1
1	1	8.17485	5.0719	-1	-1	-1
1	1	8.32485	5.0719	-1	-1	-1
1	1	8.47485	5.0719	-1	-1	-1
1	1	8.62485	5.0719	-1	-1	-1
1	1	8.77485	5.0719	-1	-1	-1
1	1	8.92485	5.0719	-1	-1	-1
1	1	6.67485	5.2219	3522	3581.12	-1
1	1	6.82485	5.2219	-1	-1	-1
1	1	6.97485	5.2219	-1	-1	-1
1	1	7.12485	5.2219	-1	-1	-1
1	1	7.27485	5.2219	-1	-1	-1
1	1	7.42485	5.2219	-1	-1	-1
1	1	7.57485	5.2219	-1	-1	-1
1	1	7.72485	5.2219	-1	-1	-1
1	1	7.87485	5.2219	-1	-1	-1
1	1	8.02485	5.2219	-1	-1	-1
1	1	8.17485	5.2219	-1	-1	-1
1	1	8.32485	5.2219	-1	-1	-1
1	1	8.47485	5.2219	-1	-1	-1
1	1	8.62485	5.2219	-1	-1	-1
1	1	8.77485	5.2219	-1	-1	-1
1	1	8.92485	5.2219	-1	-1	-1
1	1	6.67485	5.3719	3827	3946.97	-1
1	1	6.82485	5.3719	-1	-1	-1
1	1	6.97485	5.3719	-1	-1	-1
1	1	7.12485	5.3719	-1	-1	-1
1	1	7.27485	5.3719	-1	-1	-1
1	1	7.42485	5.3719	-1	-1	-1
1	1	7.57485	5.3719	-1	-1	-1
1	1	7.72485	5.3719	-1	-1	-1
1	1	7.87485	5.3719	-1	-1	-1
1	1	8.02485	5.3719	-1	-1	-1
1	1	8.17485	5.3719	-1	-1	-1
1	1	8.32485	5.3719	-1	-1	-1
1	1	8.47485	5.3719	-1	-1	-1
1	1	8.62485	5.3719	-1	-1	-1
1	1	8.77485	5.3719	-1	-1	-1
1	1	8.92485	5.3719	-1	-1	-1
1	1	6.67485	5.5219	-1	-1	-1
1	1	6.82485	5.5219	-1	-1	-1
1	1	6.97485	5.5219	-1	-1	-1
1	1	7.12485	5.5219	-1	-1	-1
1	1	7.27485	5.5219	-1	-1	-1
1	1	7.42485	5.5219	-1	-1	-1
1	1	7.57485	5.5219	-1	-1	-1
1	1	7.72485	5.5219	-1	-1	-1
1	1	7.87485	5.5219	-1	-1	-1
1	1	8.02485	5.5219	-1	-1	-1
1	1	8.17485	5.5219	-1	-1	-1
1	1	8.32485	5.5219	-1	-1	-1
1	1	8.47485	5.5219	-1	-1	-1
1	1	8.62485	5.5219	-1	-1	-1
1	1	8.77485	5.5219	-1	-1	-1
1	1	8.92485	5.5219	-1	-1	-1
1	1	6.67485	5.6719	-1	-1	-1
1	1	6.82485	5.6719	-1	-1	-1
1	1	6.97485	5.6719	-1	-1	-1
1	1	7.12485	5.6719	-1	-1	-1
1	1	7.27485	5.6719	-1	-1	-1
1	1	7.42485	5.6719	-1	-1	-1
1	1	7.57485	5.6719	-1	-1	-1
1	1	7.72485	5.6719	-1	-1	-1
1	1	7.87485	5.6719	-1	-1	-1
1	1	8.02485	5.6719	-1	-1	-1
1	1	8.17485	5.6719	-1	-1	-1
1	1	8.32485	5.6719	-1	-1	-1
1	1	8.47485	5.6719	-1	-1	-1
1	1	8.62485	5.6719	-1	-1	-1
1	1	8.77485	5.6719	-1	-1	-1
1	1	8.92485	5.6719	-1	-1	-1
1	1	6.67485	5.8219	-1	-1	-1
1	1	6.82485	5.8219	-1	-1	-1
1	1	6.97485	5.8219	-1	-1	-1
1	1	7.12485	5.8219	-1	-1	-1
1	1	7.27485	5.8219	-1	-1	-1
1	1	7.42485	5.8219	-1	-1	-1
1	1	7.57485	5.8219	-1	-1	-1
1	1	7.72485	5.8219	-1	-1	-1
1	1	7.87485	5.8219	-1	-1	-1
1	1	8.02485	5.8219	-1	-1	-1
1	1	8.17485	5.8219	-1	-1	-1
1	1	8.32485	5.8219	-1	-1	-1
1	1	8.47485	5.8219	-1	-1	-1
1	1	8.62485	5.8219	-1	-1	-1
1	1	8.77485	5.8219	-1	-1	-1
1	1	8.92485	5.8219	-1	-1	-1
1	1	6.67485	5.9719	-1	-1	-1
1	1	6.82485	5.9719	-1	-1	-1
1	1	6.97485	5.9719	-1	-1	-1
1	1	7.12485	5.9719	-1	-1	-1
1	1	7.27485	5.9719	-1	-1	-1
1	1	7.42485	5.9719	-1	-1	-1
1	1	7.57485	5.9719	-1	-1	-1
1	1	7.72485	5.9719	-1	-1	-1
1	1	7.87485	5.9719	-1	-1	-1
1	1	8.02485	5.9719	-1	-1	-1
1	1	8.17485	5.9719	-1	-1	-1
1	1	8.32485	5.9719	-1	-1	-1
1	1	8.47485	5.9719	-1	-1	-1
1	1	8.62485	5.9719	-1	-1	-1
1	1	8.77485	5.9719	-1	-1	-1
1	1	8.92485	5.9719	2138	2221.66	-1
1	1	6.67485	6.1219	-1	-1	-1
1	1	6.82485	6.1219	-1	-1	-1
1	1	6.97485	6.1219	-1	-1	-1
1	1	7.12485	6.1219	-1	-1	-1
1	1	7.27485	6.1219	-1	-1	-1
1	1	7.42485	6.1219	-1	-1	-1
1	1	7.57485	6.1219	-1	-1	-1
1	1	7.72485	6.1219	-1	-1	-1
1	1	7.87485	6.1219	-1	-1	-1
1	1	8.02485	6.1219	-1	-1	-1
1	1	8.17485	6.1219	-1	-1	-1
1	1	8.32485	6.1219	-1	-1	-1
1	1	8.47485	6.1219	-1	-1	-1
1	1	8.62485	6.1219	-1	-1	-1
1	1	8.77485	6.1219	-1	-1	-1
1	1	8.92485	6.1219	-1	-1	-1
2	4	-5.90097	5.31943	-1	-1	-1
2	4	-5.75097	5.31943	-1	-1	-1
2	4	-5.60097	5.31943	-1	-1	-1
2	4	-5.45097	5.31943	-1	-1	-1
2	4	-5.30097	5.31943	-1	-1	-1
2	4	-5.15097	5.31943	-1	-1	-1
2	4	-5.00097	5.31943	-1	-1	-1
2	4	-4.85097	5.31943	-1	-1	-1
2	4	-5.90097	5.46943	-1	-1	-1
2	4	-5.75097	5.46943	-1	-1	-1
2	4	-5.60097	5.46943	-1	-1	-1
2	4	-5.45097	5.46943	-1	-1	-1
2	4	-5.30097	5.46943	-1	-1	-1
2	4	-5.15097	5.46943	-1	-1	-1
2	4	-5.00097	5.46943	-1	-1	-1
2	4	-4.85097	5.46943	537	607.062	-1
2	4	-5.90097	5.61943	-1	-1	-1
2	4	-5.75097	5.61943	-1	-1	-1
2	4	-5.60097	5.61943	-1	-1	-1
2	4	-5.45097	5.61943	-1	-1	-1
2	4	-5.30097	5.61943	-1	-1	-1
2	4	-5.15097	5.61943	-1	-1	-1
2	4	-5.00097	5.61943	-1	-1	-1
2	4	-4.85097	5.61943	354	486.875	-1
2	4	-5.90097	5.76943	-1	-1	-1
2	4	-5.75097	5.76943	-1	-1	-1
2	4	-5.60097	5.76943	-1	-1	-1
2	4	-5.45097	5.76943	-1	-1	-1
2	4	-5.30097	5.76943	-1	-1	-1
2	4	-5.15097	5.76943	-1	-1	-1
2	4	-5.00097	5.76943	-1	-1	-1
2	4	-4.85097	5.76943	-1	-1	-1
2	4	-5.90097	5.91943	-1	-1	-1
2	4	-5.75097	5.91943	-1	-1	-1
2	4	-5.60097	5.91943	-1	-1	-1
2	4	-5.45097	5.91943	-1	-1	-1
2	4	-5.30097	5.91943	-1	-1	-1
2	4	-5.15097	5.91943	-1	-1	-1
2	4	-5.00097	5.91943	-1	-1	-1
2	4	-4.85097	5.91943	-1	-1	-1
2	4	-5.90097	6.06943	-1	-1	-1
2	4	-5.75097	6.06943	-1	-1	-1
2	4	-5.60097	6.06943	-1	-1	-1
2	4	-5.45097	6.06943	-1	-1	-1
2	4	-5.30097	6.06943	-1	-1	-1
2	4	-5.15097	6.06943	-1	-1	-1
2	4	-5.00097	6.06943	-1	-1	-1
2	4	-4.85097	6.06943	-1	-1	-1
2	4	-5.90097	6.21943	-1	-1	-1
2	4	-5.75097	6.21943	-1	-1	-1
2	4	-5.60097	6.21943	-1	-1	-1
2	4	-5.45097	6.21943	-1	-1	-1
2	4	-5.30097	6.21943	-1	-1	-1
2	4	-5.15097	6.21943	-1	-1	-1
2	4	-5.00097	6.21943	-1	-1	-1
2	4	-4.85097	6.21943	-1	-1	-1
2	4	-5.90097	6.36943	-1	-1	-1
2	4	-5.75097	6.36943	-1	-1	-1
2	4	-5.60097	6.36943	-1	-1	-1
2	4	-5.45097	6.36943	-1	-1	-1
2	4	-5.30097	6.36943	-1	-1	-1
2	4	-5.15097	6.36943	-1	-1	-1
2	4	-5.00097	6.36943	-1	-1	-1
2	4	-4.85097	6.36943	-1	-1	-1
3	4	-9.02088	3.55991	-1	-1	-1
3	4	-8.87088	3.55991	-1	-1	-1
3	4	-8.72088	3.55991	-1	-1	-1
3	4	-8.57088	3.55991	-1	-1	-1
3	4	-8.42088	3.55991	-1	-1	-1
3	4	-8.27088	3.55991	-1	-1	-1
3	4	-8.12088	3.55991	-1	-1	-1
3	4	-7.97088	3.55991	-1	-1	-1
3	4	-9.02088	3.70991	-1	-1	-1
3	4	-8.87088	3.70991	-1	-1	-1
3	4	-8.72088	3.70991	-1	-1	-1
3	4	-8.57088	3.70991	-1	-1	-1
3	4	-8.42088	3.70991	-1	-1	-1
3	4	-8.27088	3.70991	-1	-1	-1
3	4	-8.12088	3.70991	-1	-1	-1
3	4	-7.97088	3.70991	-1	-1	-1
3	4	-9.02088	3.85991	-1	-1	-1
3	4	-8.87088	3.85991	-1	-1	-1
3	4	-8.72088	3.85991	-1	-1	-1
3	4	-8.57088	3.85991	-1	-1	-1
3	4	-8.42088	3.85991	-1	-1	-1
3	4	-8.27088	3.85991	-1	-1	-1
3	4	-8.12088	3.85991	-1	-1	-1
3	4	-7.97088	3.85991	-1	-1	-1
3	4	-9.02088	4.00991	-1	-1	-1
3	4	-8.87088	4.00991	-1	-1	-1
3	4	-8.72088	4.00991	-1	-1	-1
3	4	-8.57088	4.00991	-1	-1	-1
3	4	-8.42088	4.00991	-1	-1	-1
3	4	-8.27088	4.00991	-1	-1	-1
3	4	-8.12088	4.00991	-1	-1	-1
3	4	-7.97088	4.00991	4818	4911.62	-1
3	4	-9.02088	4.15991	-1	-1	-1
3	4	-8.87088	4.15991	-1	-1	-1
3	4	-8.72088	4.15991	-1	-1	-1
3	4	-8.57088	4.15991	-1	-1	-1
3	4	-8.42088	4.15991	-1	-1	-1
3	4	-8.27088	4.15991	-1	-1	-1
3	4	-8.12088	4.15991	-1	-1	-1
3	4	-7.97088	4.15991	4974	5053.03	-1
3	4	-9.02088	4.30991	-1	-1	-1
3	4	-8.87088	4.30991	-1	-1	-1
3	4	-8.72088	4.30991	-1	-1	-1
3	4	-8.57088	4.30991	-1	-1	-1
3	4	-8.42088	4.30991	-1	-1	-1
3	4	-8.27088	4.30991	-1	-1	-1
3	4	-8.12088	4.30991	-1	-1	-1
3	4	-7.97088	4.30991	-1	-1	-1
3	4	-9.02088	4.45991	-1	-1	-1
3	4	-8.87088	4.45991	-1	-1	-1
3	4	-8.72088	4.45991	-1	-1	-1
3	4	-8.57088	4.45991	-1	-1	-1
3	4	-8.42088	4.45991	-1	-1	-1
3	4	-8.27088	4.45991	-1	-1	-1
3	4	-8.12088	4.45991	-1	-1	-1
3	4	-7.97088	4.45991	-1	-1	-1
3	4	-9.02088	4.60991	-1	-1	-1
3	4	-8.87088	4.60991	-1	-1	-1
3	4	-8.72088	4.60991	-1	-1	-1
3	4	-8.57088	4.60991	-1	-1	-1
3	4	-8.42088	4.60991	-1	-1	-1
3	4	-8.27088	4.60991	-1	-1	-1
3	4	-8.12088	4.60991	-1	-1	-1
3	4	-7.97088	4.60991	-1	-1	-1
4	4	-9.29289	-0.374493	-1	-1	-1
4	4	-9.14289	-0.374493	-1	-1	-1
4	4	-8.99289	-0.374493	-1	-1	-1
4	4	-8.84289	-0.374493	-1	-1	-1
4	4	-8.69289	-0.374493	-1	-1	-1
4	4	-8.54289	-0.374493	-1	-1	-1
4	4	-8.39289	-0.374493	-1	-1	-1
4	4	-8.24289	-0.374493	-1	-1	-1
4	4	-9.29289	-0.224493	-1	-1	-1
4	4	-9.14289	-0.224493	-1	-1	-1
4	4	-8.99289	-0.224493	-1	-1	-1
4	4	-8.84289	-0.224493	-1	-1	-1
4	4	-8.69289	-0.224493	-1	-1	-1
4	4	-8.54289	-0.224493	-1	-1	-1
4	4	-8.39289	-0.224493	-1	-1	-1
4	4	-8.24289	-0.224493	-1	-1	-1
4	4	-9.29289	-0.0744927	-1	-1	-1
4	4	-9.14289	-0.0744927	-1	-1	-1
4	4	-8.99289	-0.0744927	-1	-1	-1
4	4	-8.84289	-0.0744927	-1	-1	-1
4	4	-8.69289	-0.0744927	-1	-1	-1
4	4	-8.54289	-0.0744927	-1	-1	-1
4	4	-8.39289	-0.0744927	-1	-1	-1
4	4	-8.24289	-0.0744927	-1	-1	-1
4	4	-9.29289	0.0755073	-1	-1	-1
4	4	-9.14289	0.0755073	-1	-1	-1
4	4	-8.99289	0.0755073	-1	-1	-1
4	4	-8.84289	0.0755073	-1	-1	-1
4	4	-8.69289	0.0755073	-1	-1	-1
4	4	-8.54289	0.0755073	-1	-1	-1
4	4	-8.39289	0.0755073	-1	-1	-1
4	4	-8.24289	0.0755073	-1	-1	-1
4	4	-9.29289	0.225507	-1	-1	-1
4	4	-9.14289	0.225507	-1	-1	-1
4	4	-8.99289	0.225507	-1	-1	-1
4	4	-8.84289	0.225507	-1	-1	-1
4	4	-8.69289	0.225507	-1	-1	-1
4	4	-8.54289	0.225507	-1	-1	-1
4	4	-8.39289	0.225507	-1	-1	-1
4	4	-8.24289	0.225507	-1	-1	-1
4	4	-9.29289	0.375507	-1	-1	-1
4	4	-9.14289	0.375507	-1	-1	-1
4	4	-8.99289	0.375507	-1	-1	-1
4	4	-8.84289	0.375507	-1	-1	-1
4	4	-8.69289	0.375507	-1	-1	-1
4	4	-8.54289	0.375507	-1	-1	-1
4	4	-8.39289	0.375507	-1	-1	-1
4	4	-8.24289	0.375507	-1	-1	-1
4	4	-9.29289	0.525507	-1	-1	-1
4	4	-9.14289	0.525507	-1	-1	-1
4	4	-8.99289	0.525507	-1	-1	-1
4	4	-8.84289	0.525507	-1	-1	-1
4	4	-8.69289	0.525507	-1	-1	-1
4	4	-8.54289	0.525507	-1	-1	-1
4	4	-8.39289	0.525507	-1	-1	-1
4	4	-8.24289	0.525507	-1	-1	-1
4	4	-9.29289	0.675507	-1	-1	-1
4	4	-9.14289	0.675507	-1	-1	-1
4	4	-8.99289	0.675507	-1	-1	-1
4	4	-8.84289	0.675507	-1	-1	-1
4	4	-8.69289	0.675507	-1	-1	-1
4	4	-8.54289	0.675507	-1	-1	-1
4	4	-8.39289	0.675507	-1	-1	-1
4	4	-8.24289	0.675507	-1	-1	-1
5	4	4.70246	-3.62787	-1	-1	-1
5	4	4.85246	-3.62787	-1	-1	-1
5	4	5.00246	-3.62787	-1	-1	-1
5	4	5.15246	-3.62787	-1	-1	-1
5	4	5.30246	-3.62787	-1	-1	-1
5	4	5.45246	-3.62787	-1	-1	-1
5	4	5.60246	-3.62787	-1	-1	-1
5	4	5.75246	-3.62787	-1	-1	-1
5	4	4.70246	-3.47787	-1	-1	-1
5	4	4.85246	-3.47787	-1	-1	-1
5	4	5.00246	-3.47787	-1	-1	-1
5	4	5.15246	-3.47787	-1	-1	-1
5	4	5.30246	-3.47787	-1	-1	-1
5	4	5.45246	-3.47787	-1	-1	-1
5	4	5.60246	-3.47787	-1	-1	-1
5	4	5.75246	-3.47787	-1	-1	-1
5	4	4.70246	-3.32787	-1	-1	-1
5	4	4.85246	-3.32787	-1	-1	-1
5	4	5.00246	-3.32787	-1	-1	-1
5	4	5.15246	-3.32787	-1	-1	-1
5	4	5.30246	-3.32787	-1	-1	-1
5	4	5.45246	-3.32787	-1	-1	-1
5	4	5.60246	-3.32787	-1	-1	-1
5	4	5.75246	-3.32787	-1	-1	-1
5	4	4.70246	-3.17787	-1	-1	-1
5	4	4.85246	-3.17787	-1	-1	-1
5	4	5.00246	-3.17787	-1	-1	-1
5	4	5.15246	-3.17787	-1	-1	-1
5	4	5.30246	-3.17787	-1	-1	-1
5	4	5.45246	-3.17787	-1	-1	-1
5	4	5.60246	-3.17787	-1	-1	-1
5	4	5.75246	-3.17787	-1	-1	-1
5	4	4.70246	-3.02787	-1	-1	-1
5	4	4.85246	-3.02787	-1	-1	-1
5	4	5.00246	-3.02787	-1	-1	-1
5	4	5.15246	-3.02787	-1	-1	-1
5	4	5.30246	-3.02787	-1	-1	-1
5	4	5.45246	-3.02787	-1	-1	-1
5	4	5.60246	-3.02787	-1	-1	-1
5	4	5.75246	-3.02787	-1	-1	-1
5	4	4.70246	-2.87787	-1	-1	-1
5	4	4.85246	-2.87787	-1	-1	-1
5	4	5.00246	-2.87787	-1	-1	-1
5	4	5.15246	-2.87787	-1	-1	-1
5	4	5.30246	-2.87787	-1	-1	-1
5	4	5.45246	-2.87787	-1	-1	-1
5	4	5.60246	-2.87787	-1	-1	-1
5	4	5.75246	-2.87787	-1	-1	-1
5	4	4.70246	-2.72787	4670	4804.34	-1
5	4	4.85246	-2.72787	-1	-1	-1
5	4	5.00246	-2.72787	-1	-1	-1
5	4	5.15246	-2.72787	-1	-1	-1
5	4	5.30246	-2.72787	-1	-1	-1
5	4	5.45246	-2.72787	-1	-1	-1
5	4	5.60246	-2.72787	-1	-1	-1
5	4	5.75246	-2.72787	-1	-1	-1
5	4	4.70246	-2.57787	4843	4885.69	-1
5	4	4.85246	-2.57787	-1	-1	-1
5	4	5.00246	-2.57787	-1	-1	-1
5	4	5.15246	-2.57787	-1	-1	-1
5	4	5.30246	-2.57787	-1	-1	-1
5	4	5.45246	-2.57787	-1	-1	-1
5	4	5.60246	-2.57787	-1	-1	-1
5	4	5.75246	-2.57787	115	217.781	-1
6	16	3.28308	0.738616	4035	4156.84	-1
6	16	3.43308	0.738616	-1	-1	-1
6	16	3.58308	0.738616	1580	1622.34	-1
6	16	3.73308	0.738616	1428	1547.81	-1
6	16	3.28308	0.888616	4192	4225.69	-1
6	16	3.43308	0.888616	-1	-1	-1
6	16	3.58308	0.888616	-1	-1	-1
6	16	3.73308	0.888616	1700	1734.69	-1
6	16	3.28308	1.03862	-1	-1	-1
6	16	3.43308	1.03862	-1	-1	-1
6	16	3.58308	1.03862	-1	-1	-1
6	16	3.73308	1.03862	-1	-1	-1
6	16	3.28308	1.18862	-1	-1	-1
6	16	3.43308	1.18862	-1	-1	-1
6	16	3.58308	1.18862	-1	-1	-1
6	16	3.73308	1.18862	-1	-1	-1
7	16	0.0333031	-8.19665	-1	-1	-1
7	16	0.183303	-8.19665	-1	-1	-1
7	16	0.333303	-8.19665	-1	-1	-1
7	16	0.483303	-8.19665	-1	-1	-1
7	16	0.0333031	-8.04665	-1	-1	-1
7	16	0.183303	-8.04665	-1	-1	-1
7	16	0.333303	-8.04665	-1	-1	-1
7	16	0.483303	-8.04665	-1	-1	-1
7	16	0.0333031	-7.89665	-1	-1	-1
7	16	0.183303	-7.89665	-1	-1	-1
7	16	0.333303	-7.89665	1535	1592.28	-1
7	16	0.483303	-7.89665	1644	1704.25	-1
7	16	0.0333031	-7.74665	-1	-1	-1
7	16	0.183303	-7.74665	1272	1330.69	-1
7	16	0.333303	-7.74665	1121	1218.25	-1
7	16	0.483303	-7.74665	1409	1468.19	-1
8	16	-1.65019	-6.5043	-1	-1	-1
8	16	-1.50019	-6.5043	-1	-1	-1
8	16	-1.35019	-6.5043	-1	-1	-1
8	16	-1.20019	-6.5043	-1	-1	-1
8	16	-1.65019	-6.3543	-1	-1	-1
8	16	-1.50019	-6.3543	-1	-1	-1
8	16	-1.35019	-6.3543	-1	-1	-1
8	16	-1.20019	-6.3543	-1	-1	-1
8	16	-1.65019	-6.2043	-1	-1	-1
8	16	-1.50019	-6.2043	-1	-1	-1
8	16	-1.35019	-6.2043	-1	-1	-1
8	16	-1.20019	-6.2043	-1	-1	-1
8	16	-1.65019	-6.0543	-1	-1	-1
8	16	-1.50019	-6.0543	-1	-1	-1
8	16	-1.35019	-6.0543	-1	-1	-1
8	16	-1.20019	-6.0543	-1	-1	-1
9	16	3.24362	-2.07822	132	268.781	-1
9	16	3.39362	-2.07822	-1	-1	-1
9	16	3.54362	-2.07822	-1	-1	-1
9	16	3.69362	-2.07822	-1	-1	-1
9	16	3.24362	-1.92822	-1	-1	-1
9	16	3.39362	-1.92822	-1	-1	-1
9	16	3.54362	-1.92822	-1	-1	-1
9	16	3.69362	-1.92822	-1	-1	-1
9	16	3.24362	-1.77822	4183	4214.53	-1
9	16	3.39362	-1.77822	4119	4153.88	-1
9	16	3.54362	-1.77822	-1	-1	-1
9	16	3.69362	-1.77822	-1	-1	-1
9	16	3.24362	-1.62822	3302	3393.34	-1
9	16	3.39362	-1.62822	4241	4275.06	-1
9	16	3.54362	-1.62822	-1	-1	-1
9	16	3.69362	-1.62822	-1	-1	-1
10	16	-4.91394	4.27594	3549	3600.91	-1
10	16	-4.76394	4.27594	-1	-1	-1
10	16	-4.61394	4.27594	-1	-1	-1
10	16	-4.46394	4.27594	-1	-1	-1
10	16	-4.91394	4.42594	-1	-1	-1
10	16	-4.76394	4.42594	-1	-1	-1
10	16	-4.61394	4.42594	-1	-1	-1
10	16	-4.46394	4.42594	-1	-1	-1
10	16	-4.91394	4.57594	-1	-1	-1
10	16	-4.76394	4.57594	2774	2833.25	-1
10	16	-4.61394	4.57594	3045	3103.12	-1
10	16	-4.46394	4.57594	-1	-1	-1
10	16	-4.91394	4.72594	2910	2968.5	-1
10	16	-4.76394	4.72594	2658	2715.47	-1
10	16	-4.61394	4.72594	2417	2563.06	-1
10	16	-4.46394	4.72594	2627	2680.28	-1
11	16	-7.43348	-9.49195	-1	-1	-1
11	16	-7.28348	-9.49195	3356	3462.41	-1
11	16	-7.13348	-9.49195	3150	3248.5	-1
11	16	-6.98348	-9.49195	3343	3445.44	-1
11	16	-7.43348	-9.34195	-1	-1	-1
11	16	-7.28348	-9.34195	-1	-1	-1
11	16	-7.13348	-9.34195	3559	3653.34	-1
11	16	-6.98348	-9.34195	3742	3829.97	-1
11	16	-7.43348	-9.19195	3110	3202.97	-1
11	16	-7.28348	-9.19195	-1	-1	-1
11	16	-7.13348	-9.19195	-1	-1	-1
11	16	-6.98348	-9.19195	-1	-1	-1
11	16	-7.43348	-9.04195	160	268.688	-1
11	16	-7.28348	-9.04195	-1	-1	-1
11	16	-7.13348	-9.04195	-1	-1	-1
11	16	-6.98348	-9.04195	-1	-1	-1
12	16	-5.74144	-1.27215	-1	-1	-1
12	16	-5.59144	-1.27215	-1	-1	-1
12	16	-5.44144	-1.27215	-1	-1	-1
12	16	-5.29144	-1.27215	-1	-1	-1
12	16	-5.74144	-1.12215	-1	-1	-1
12	16	-5.59144	-1.12215	-1	-1	-1
12	16	-5.44144	-1.12215	-1	-1	-1
12	16	-5.29144	-1.12215	-1	-1	-1
12	16	-5.74144	-0.97215	-1	-1	-1
12	16	-5.59144	-0.97215	-1	-1	-1
12	16	-5.44144	-0.97215	-1	-1	-1
12	16	-5.29144	-0.97215	-1	-1	-1
12	16	-5.74144	-0.82215	-1	-1	-1
12	16	-5.59144	-0.82215	-1	-1	-1
12	16	-5.44144	-0.82215	-1	-1	-1
12	16	-5.29144	-0.82215	-1	-1	-1
13	16	-6.45696	0.0708537	-1	-1	-1
13	16	-6.30696	0.0708537	-1	-1	-1
13	16	-6.15696	0.0708537	-1	-1	-1
13	16	-6.00696	0.0708537	-1	-1	-1
13	16	-6.45696	0.220854	-1	-1	-1
13	16	-6.30696	0.220854	-1	-1	-1
13	16	-6.15696	0.220854	-1	-1	-1
13	16	-6.00696	0.220854	1200	1252.72	-1
13	16	-6.45696	0.370854	-1	-1	-1
13	16	-6.30696	0.370854	-1	-1	-1
13	16	-6.15696	0.370854	-1	-1	-1
13	16	-6.00696	0.370854	1022	1137.69	-1
13	16	-6.45696	0.520854	-1	-1	-1
13	16	-6.30696	0.520854	-1	-1	-1
13	16	-6.15696	0.520854	-1	-1	-1
13	16	-6.00696	0.520854	-1	-1	-1
14	16	-6.43148	-1.26357	-1	-1	-1
14	16	-6.28148	-1.26357	-1	-1	-1
14	16	-6.13148	-1.26357	-1	-1	-1
14	16	-5.98148	-1.26357	-1	-1	-1
14	16	-6.43148	-1.11357	-1	-1	-1
14	16	-6.28148	-1.11357	-1	-1	-1
14	16	-6.13148	-1.11357	-1	-1	-1
14	16	-5.98148	-1.11357	-1	-1	-1
14	16	-6.43148	-0.963572	-1	-1	-1
14	16	-6.28148	-0.963572	-1	-1	-1
14	16	-6.13148	-0.963572	-1	-1	-1
14	16	-5.98148	-0.963572	-1	-1	-1
14	16	-6.43148	-0.813572	-1	-1	-1
14	16	-6.28148	-0.813572	-1	-1	-1
14	16	-6.13148	-0.813572	-1	-1	-1
14	16	-5.98148	-0.813572	-1	-1	-1
15	16	6.05452	7.76348	5280	5369.31	-1
15	16	6.20452	7.76348	-1	-1	-1
15	16	6.35452	7.76348	5135	5212.81	-1
15	16	6.50452	7.76348	4838	4957.5	-1
15	16	6.05452	7.91348	5118	5192.09	-1
15	16	6.20452	7.91348	-1	-1	-1
15	16	6.35452	7.91348	-1	-1	-1
15	16	6.50452	7.91348	-1	-1	-1
15	16	6.05452	8.06348	5273	5368.97	-1
15	16	6.20452	8.06348	-1	-1	-1
15	16	6.35452	8.06348	-1	-1	-1
15	16	6.50452	8.06348	-1	-1	-1
15	16	6.05452	8.21348	-1	-1	-1
15	16	6.20452	8.21348	-1	-1	-1
15	16	6.35452	8.21348	-1	-1	-1
15	16	6.50452	8.21348	-1	-1	-1
16	16	5.29633	-4.35447	2903	3030.41	-1
16	16	5.44633	-4.35447	-1	-1	-1
16	16	5.59633	-4.35447	-1	-1	-1
16	16	5.74633	-4.35447	-1	-1	-1
16	16	5.29633	-4.20447	3092	3145.81	-1
16	16	5.44633	-4.20447	-1	-1	-1
16	16	5.59633	-4.20447	-1	-1	-1
16	16	5.74633	-4.20447	-1	-1	-1
16	16	5.29633	-4.05447	-1	-1	-1
16	16	5.44633	-4.05447	-1	-1	-1
16	16	5.59633	-4.05447	-1	-1	-1
16	16	5.74633	-4.05447	-1	-1	-1
16	16	5.29633	-3.90447	-1	-1	-1
16	16	5.44633	-3.90447	-1	-1	-1
16	16	5.59633	-3.90447	-1	-1	-1
16	16	5.74633	-3.90447	-1	-1	-1
17	16	5.70692	-2.23706	271	326.406	-1
17	16	5.85692	-2.23706	-1	-1	-1
17	16	6.00692	-2.23706	-1	-1	-1
17	16	6.15692	-2.23706	-1	-1	-1
17	16	5.70692	-2.08706	-1	-1	-1
17	16	5.85692	-2.08706	-1	-1	-1
17	16	6.00692	-2.08706	-1	-1	-1
17	16	6.15692	-2.08706	-1	-1	-1
17	16	5.70692	-1.93706	3761	3874.28	-1
17	16	5.85692	-1.93706	-1	-1	-1
17	16	6.00692	-1.93706	-1	-1	-1
17	16	6.15692	-1.93706	-1	-1	-1
17	16	5.70692	-1.78706	3922	3970.88	-1
17	16	5.85692	-1.78706	-1	-1	-1
17	16	6.00692	-1.78706	-1	-1	-1
17	16	6.15692	-1.78706	-1	-1	-1
18	16	5.80771	0.910157	-1	-1	-1
18	16	5.95771	0.910157	-1	-1	-1
18	16	6.10771	0.910157	-1	-1	-1
18	16	6.25771	0.910157	-1	-1	-1
18	16	5.80771	1.06016	-1	-1	-1
18	16	5.95771	1.06016	-1	-1	-1
18	16	6.10771	1.06016	-1	-1	-1
18	16	6.25771	1.06016	-1	-1	-1
18	16	5.80771	1.21016	1924	1982.44	-1
18	16	5.95771	1.21016	-1	-1	-1
18	16	6.10771	1.21016	-1	-1	-1
18	16	6.25771	1.21016	-1	-1	-1
18	16	5.80771	1.36016	1827	1873.5	-1
18	16	5.95771	1.36016	-1	-1	-1
18	16	6.10771	1.36016	-1	-1	-1
18	16	6.25771	1.36016	-1	-1	-1
19	16	7.61414	-2.73358	-1	-1	-1
19	16	7.76414	-2.73358	-1	-1	-1
19	16	7.91414	-2.73358	-1	-1	-1
19	16	8.06414	-2.73358	-1	-1	-1
19	16	7.61414	-2.58358	5019	5090.66	-1
19	16	7.76414	-2.58358	-1	-1	-1
19	16	7.91414	-2.58358	-1	-1	-1
19	16	8.06414	-2.58358	-1	-1	-1
19	16	7.61414	-2.43358	4848	4944.53	-1
19	16	7.76414	-2.43358	5148	5207.22	-1
19	16	7.91414	-2.43358	-1	-1	-1
19	16	8.06414	-2.43358	-1	-1	-1
19	16	7.61414	-2.28358	5154	5222.09	-1
19	16	7.76414	-2.28358	5216	5289.09	-1
19	16	7.91414	-2.28358	5387	-1	-1
19	16	8.06414	-2.28358	-1	-1	-1
20	16	2.35038	7.44239	-1	-1	-1
20	16	2.50038	7.44239	-1	-1	-1
20	16	2.65038	7.44239	-1	-1	-1
20	16	2.80038	7.44239	-1	-1	-1
20	16	2.35038	7.59239	-1	-1	-1
20	16	2.50038	7.59239	-1	-1	-1
20	16	2.65038	7.59239	-1	-1	-1
20	16	2.80038	7.59239	-1	-1	-1
20	16	2.35038	7.74239	-1	-1	-1
20	16	2.50038	7.74239	-1	-1	-1
20	16	2.65038	7.74239	-1	-1	-1
20	16	2.80038	7.74239	-1	-1	-1
20	16	2.35038	7.89239	-1	-1	-1
20	16	2.50038	7.89239	-1	-1	-1
20	16	2.65038	7.89239	-1	-1	-1
20	16	2.80038	7.89239	-1	-1	-1
21	16	4.07379	-1.78527	-1	-1	-1
21	16	4.22379	-1.78527	-1	-1	-1
21	16	4.37379	-1.78527	-1	-1	-1
21	16	4.52379	-1.78527	-1	-1	-1
21	16	4.07379	-1.63527	-1	-1	-1
21	16	4.22379	-1.63527	-1	-1	-1
21	16	4.37379	-1.63527	-1	-1	-1
21	16	4.52379	-1.63527	-1	-1	-1
21	16	4.07379	-1.48527	-1	-1	-1
21	16	4.22379	-1.48527	-1	-1	-1
21	16	4.37379	-1.48527	-1	-1	-1
21	16	4.52379	-1.48527	-1	-1	-1
21	16	4.07379	-1.33527	-1	-1	-1
21	16	4.22379	-1.33527	-1	-1	-1
21	16	4.37379	-1.33527	-1	-1	-1
21	16	4.52379	-1.33527	-1	-1	-1
0	256	-5.92383	3.17225	-1	-1	-1
0	256	2.29063	4.66462	-1	-1	-1
0	256	-1.98935	-9.78644	247	319.094	-1
0	256	3.83306	-7.05159	-1	-1	-1
0	256	-2.33428	3.92423	-1	-1	-1
0	256	-3.55539	2.92209	-1	-1	-1
0	256	-6.14782	-5.37296	-1	-1	-1
0	256	-1.08297	-4.29633	-1	-1	-1
0	256	-7.26285	1.98316	-1	-1	-1
0	256	-7.40616	2.58958	-1	-1	-1
0	256	-6.9195	-1.27098	-1	-1	-1
0	256	-6.15793	7.85917	-1	-1	-1
0	256	2.01829	2.37812	1198	1358.03	-1
0	256	-3.18003	-6.57823	-1	-1	-1
0	256	-0.117775	-4.67394	2230	2346.34	-1
0	256	-2.70488	-1.4189	4108	4256.28	-1
0	256	7.02293	-5.56369	2487	2587.88	-1
0	256	3.82302	4.84346	2160	2307.44	-1
0	256	-6.02962	2.31382	-1	-1	-1
0	256	3.00912	4.83425	1291	1418.62	-1
0	256	-2.11591	-4.15569	-1	-1	-1
0	256	-3.45879	-0.558057	3784	3907.81	-1
0	256	0.939426	9.23684	-1	-1	-1
0	256	3.47399	-8.68262	-1	-1	-1
0	256	-9.21769	-3.36974	2646	2722.97	-1
0	256	-4.36526	6.27827	-1	-1	-1
0	256	-2.39699	7.72499	-1	-1	-1
0	256	-7.04484	1.50634	-1	-1	-1
0	256	-6.95688	2.30502	-1	-1	-1
0	256	0.868963	-5.44652	1970	2081.16	-1
0	256	3.24617	2.66014	1522	1587.44	-1
0	256	-2.51733	-5.56714	4123	4173.31	-1
0	256	-5.64596	-0.569908	90	195.531	-1
0	256	-3.04709	5.20586	126	251.625	-1
0	256	-5.98724	1.18764	-1	-1	-1
0	256	-7.23177	2.31605	-1	-1	-1
0	256	-3.06436	-8.90554	-1	-1	-1
0	256	0.796202	4.17009	-1	-1	-1
0	256	6.33061	5.34235	3295	3424.09	-1
0	256	-2.90685	0.9758	144	174.125	-1
0	256	3.33099	-2.76424	-1	-1	-1
0	256	0.108958	8.75801	-1	-1	-1
0	256	-1.08122	6.30992	-1	-1	-1
0	256	-4.70037	6.66349	-1	-1	-1
0	256	-4.90555	5.05939	-1	-1	-1
0	256	-0.531899	-6.87404	3231	3336.22	-1
0	256	-1.65	-5.35179	-1	-1	-1
0	256	2.63604	6.6861	-1	-1	-1
0	256	-5.79578	-2.85565	-1	-1	-1
0	256	5.41081	6.91467	-1	-1	-1
0	256	0.852439	-8.93114	-1	-1	-1
0	256	-4.41828	0.512197	-1	-1	-1
0	256	-5.51465	1.45616	5208	5318.38	-1
0	256	1.69831	-4.34315	-1	-1	-1
0	256	1.56781	-4.78348	-1	-1	-1
0	256	-4.48896	2.05116	-1	-1	-1
0	256	-8.80516	-1.15621	1892	1958.5	-1
0	256	5.00541	0.5502	-1	-1	-1
0	256	5.92909	-2.32237	-1	-1	-1
0	256	2.17632	5.60056	-1	-1	-1
0	256	-5.14538	-6.37534	-1	-1	-1
0	256	-5.78521	6.83476	-1	-1	-1
0	256	-1.82595	5.87196	-1	-1	-1
0	256	-0.22162	-4.15393	-1	-1	-1
0	256	-6.98241	6.2117	-1	-1	-1
0	256	-0.256772	-3.09707	-1	-1	-1
0	256	7.07295	-2.01207	-1	-1	-1
0	256	3.69738	4.99282	2353	2399.31	-1
0	256	1.04118	-1.38638	-1	-1	-1
0	256	-7.68959	-0.957837	-1	-1	-1
0	256	-1.50859	8.22248	-1	-1	-1
0	256	-2.98115	7.47157	3047	3154.47	-1
0	256	-6.33224	-3.58552	-1	-1	-1
0	256	-5.04641	3.90761	-1	-1	-1
0	256	-6.49141	3.25118	-1	-1	-1
0	256	2.42158	2.00275	702	852.844	-1
0	256	3.50566	0.232738	4581	4700.34	-1
0	256	-1.63056	-2.95125	-1	-1	-1
0	256	-9.55972	0.358531	-1	-1	-1
0	256	1.3917	-8.66858	2352	2433	-1
0	256	7.14702	-0.183172	-1	-1	-1
0	256	-6.44166	-2.07715	-1	-1	-1
0	256	7.22692	2.1563	-1	-1	-1
0	256	3.15755	5.54523	-1	-1	-1
0	256	6.88666	1.99651	-1	-1	-1
0	256	9.30362	-0.817922	-1	-1	-1
0	256	-3.75773	5.06004	-1	-1	-1
0	256	-3.21026	8.74526	-1	-1	-1
0	256	9.42224	-1.85531	-1	-1	-1
0	256	2.53052	-3.76508	-1	-1	-1
0	256	-6.87055	-3.48998	-1	-1	-1
0	256	7.09964	0.775045	-1	-1	-1
0	256	5.54261	1.56508	1577	1682.03	-1
0	256	3.66964	7.90435	3771	3874.5	-1
0	256	-4.19061	-2.41323	-1	-1	-1
0	256	-1.92115	-7.54777	-1	-1	-1
0	256	3.20758	-8.69758	-1	-1	-1
0	256	-7.25187	5.15676	-1	-1	-1
0	256	0.405732	3.70189	-1	-1	-1
0	256	5.30086	0.892006	-1	-1	-1
0	256	6.14349	-1.46879	-1	-1	-1
0	256	4.07377	-7.80926	-1	-1	-1
0	256	-4.14484	0.577602	-1	-1	-1
0	256	7.73682	1.33876	-1	-1	-1
0	256	3.46527	1.4082	-1	-1	-1
0	256	8.99464	1.14952	-1	-1	-1
0	256	1.60797	-9.80282	2175	2250.31	-1
0	256	5.66308	8.13905	4083	4182.53	-1
0	256	-3.62152	-6.8842	485	598.344	-1
0	256	-9.63512	1.48942	-1	-1	-1
0	256	-4.12892	7.83057	-1	-1	-1
0	256	-0.555758	3.06487	-1	-1	-1
0	256	-6.88059	-3.19231	-1	-1	-1
0	256	5.66442	5.58136	-1	-1	-1
0	256	-3.91287	4.19474	-1	-1	-1
0	256	-3.64482	-3.60984	-1	-1	-1
0	256	3.81375	-2.61551	-1	-1	-1
0	256	0.406926	5.81767	3776	3884.03	-1
0	256	0.98642	3.50247	2100	2229.53	-1
0	256	1.50717	-4.18203	-1	-1	-1
0	256	-4.40842	5.70459	-1	-1	-1
0	256	1.51777	4.40492	-1	-1	-1
0	256	5.16808	-1.35989	-1	-1	-1
0	256	6.55641	-4.29304	-1	-1	-1
0	256	2.19105	3.89759	1930	1965.88	-1
0	256	4.11739	7.70039	-1	-1	-1
0	256	-5.50793	3.40179	1490	1612.03	-1
0	256	0.441105	8.9534	-1	-1	-1
0	256	-6.95372	-6.5425	2560	2688.34	-1
0	256	0.331134	5.16388	-1	-1	-1
0	256	0.589377	3.29029	767	893.469	-1
0	256	2.41683	-9.19261	4569	4637.84	-1
0	256	-5.42532	-3.97198	-1	-1	-1
0	256	-4.98763	-8.12569	-1	-1	-1
0	256	-3.04776	-4.46291	-1	-1	-1
0	256	2.46179	-4.25425	-1	-1	-1
0	256	-5.29612	3.12097	-1	-1	-1
0	256	4.35715	-0.352307	807	922.25	-1
0	256	-5.80638	-5.95961	4540	4670.94	-1
0	256	1.07488	-8.71362	-1	-1	-1
0	256	-3.59057	6.50225	-1	-1	-1
0	256	3.73739	3.86316	3232	3389.03	-1
0	256	-8.82524	-3.29702	-1	-1	-1
0	256	-2.05548	3.92682	-1	-1	-1
0	256	3.2248	-5.34917	-1	-1	-1
0	256	8.65979	1.9751	-1	-1	-1
0	256	0.778485	9.4585	-1	-1	-1
0	256	8.2187	3.77664	-1	-1	-1
0	256	3.76419	3.52795	1847	1979.31	-1
0	256	-1.04995	9.48745	-1	-1	-1
0	256	5.92581	3.10213	-1	-1	-1
0	256	-6.69554	-5.22116	-1	-1	-1
0	256	4.62281	2.23146	4098	4211.75	-1
0	256	5.62114	7.23275	-1	-1	-1
0	256	2.78008	-9.32827	4162	4232.84	-1
0	256	0.634866	7.91575	-1	-1	-1
0	256	7.19721	-8.84594	4504	4591.66	-1
0	256	9.44623	0.0122604	-1	-1	-1
0	256	-2.3968	7.97162	-1	-1	-1
0	256	-4.79446	7.4061	-1	-1	-1
0	256	2.44139	8.14363	-1	-1	-1
0	256	4.92618	0.0686989	-1	-1	-1
0	256	-7.02366	-5.90347	-1	-1	-1
0	256	2.66265	-6.50436	-1	-1	-1
0	256	8.22286	-0.909056	-1	-1	-1
0	256	9.15163	-3.59409	3604	3675.81	-1
0	256	-6.6544	-5.75975	-1	-1	-1
0	256	8.62382	2.4519	-1	-1	-1
0	256	-2.76483	4.79194	-1	-1	-1
0	256	-3.90127	6.79932	-1	-1	-1
0	256	-3.67729	-5.60674	-1	-1	-1
0	256	-4.71873	7.65794	-1	-1	-1
0	256	9.08229	-2.01761	-1	-1	-1
0	256	7.06269	3.32938	4614	4716.19	-1
0	256	-4.94187	-1.29198	4368	4492.94	-1
0	256	-8.17088	-5.13612	-1	-1	-1
0	256	6.83285	-5.83131	-1	-1	-1
0	256	-1.30294	-4.03586	4833	4868.94	-1
0	256	3.90773	-3.99979	2462	2622.16	-1
0	256	-0.466139	-3.33489	-1	-1	-1
0	256	0.341797	7.68791	-1	-1	-1
0	256	-3.09536	4.92271	316	370.875	-1
0	256	-4.36736	-8.20519	-1	-1	-1
0	256	-1.93152	-3.99152	152	277.094	-1
0	256	-1.72223	7.23031	-1	-1	-1
0	256	7.7548	-3.57938	3291	3384.28	-1
0	256	3.42962	7.86289	-1	-1	-1
0	256	-6.81533	-5.72593	-1	-1	-1
0	256	-0.916689	-2.90351	-1	-1	-1
0	256	-6.60643	0.733363	-1	-1	-1
0	256	3.39732	2.53518	-1	-1	-1
0	256	-6.65832	0.916087	-1	-1	-1
0	256	6.31195	7.20782	-1	-1	-1
0	256	5.65112	2.02473	4807	4920.66	-1
0	256	2.7521	-1.60002	5276	-1	-1
0	256	3.11288	1.12634	-1	-1	-1
0	256	-3.21083	4.80503	-1	-1	-1
0	256	-8.14258	-2.64616	-1	-1	-1
0	256	7.80002	2.83023	-1	-1	-1
0	256	-3.73043	-1.52944	4078	4191.53	-1
0	256	3.16427	-1.46515	146	285.594	-1
0	256	4.81393	-0.117436	-1	-1	-1
0	256	4.75756	5.56021	-1	-1	-1
0	256	2.01528	0.855695	442	586.594	-1
0	256	4.36812	7.49395	-1	-1	-1
0	256	-6.78519	5.89643	-1	-1	-1
0	256	-8.06013	-4.51889	-1	-1	-1
0	256	6.65624	-3.08782	-1	-1	-1
0	256	4.17657	-4.74121	-1	-1	-1
0	256	2.13449	-7.76847	-1	-1	-1
0	256	-3.47882	9.15852	4903	4995.03	-1
0	256	-2.66024	5.84095	1078	1181.34	-1
0	256	-1.98512	-6.33009	-1	-1	-1
0	256	-6.76624	4.64352	-1	-1	-1
0	256	-2.08208	6.10375	-1	-1	-1
0	256	1.61557	-7.2384	1039	1146.28	-1
0	256	-3.83981	-7.42913	-1	-1	-1
0	256	-3.77662	-6.73634	679	747.875	-1
0	256	2.36737	7.124	4719	4818.03	-1
0	256	-2.84992	5.13338	317	375.75	-1
0	256	4.99573	7.00469	-1	-1	-1
0	256	3.67763	-1.31993	-1	-1	-1
0	256	-5.56888	3.26523	1709	1764.56	-1
0	256	1.4199	9.36335	-1	-1	-1
0	256	-2.89878	-7.64516	-1	-1	-1
0	256	4.73857	6.58486	-1	-1	-1
0	256	9.13183	-4.07757	-1	-1	-1
0	256	1.99923	-5.37833	-1	-1	-1
0	256	3.21548	5.17965	-1	-1	-1
0	256	0.955056	-4.75279	1001	1151.22	-1
0	256	3.58225	0.331756	1485	1515.19	-1
0	256	4.64957	0.663833	3843	3961.72	-1
0	256	-4.60595	2.5003	-1	-1	-1
0	256	-1.02457	-3.48555	-1	-1	-1
0	256	2.71707	7.15107	-1	-1	-1
0	256	-1.97972	4.22813	-1	-1	-1
0	256	1.4233	-5.87345	4848	4951.25	-1
0	256	-2.67509	8.0145	-1	-1	-1
0	256	-5.26956	5.05352	-1	-1	-1
0	256	-0.730709	-9.51662	-1	-1	-1
0	256	2.50538	9.61321	1061	1130.19	-1
0	256	3.39606	-9.11805	-1	-1	-1
0	256	1.75957	-6.57877	-1	-1	-1
0	256	6.04239	-7.7824	-1	-1	-1
0	256	-1.95939	-4.38278	2928	3045.88	-1
0	256	2.90684	-7.38197	-1	-1	-1
0	256	-0.320925	-3.24308	-1	-1	-1
0	256	-3.1695	-3.01937	2942	3144.38	-1
0	256	1.57613	6.19757	-1	-1	-1
0	256	2.49931	-4.45681	-1	-1	-1
0	256	-8.93593	-3.68952	5192	5259.84	-1
0	256	5.26039	5.93655	-1	-1	-1
0	256	2.38896	-8.6136	-1	-1	-1
0	256	8.68157	2.61002	-1	-1	-1
0	256	-2.50063	5.26726	504	549.844	-1
0	256	-0.0522441	4.86702	-1	-1	-1
