Pile ID	Distribution Type	X-Position	Y-Position	Pickup Time	Drop Off Time	Ant ID
1	1	6.37705	6.35013	-1	-1	-1
1	1	6.52705	6.35013	1726	1850.44	-1
1	1	6.67705	6.35013	1941	2009	-1
1	1	6.82705	6.35013	-1	-1	-1
1	1	6.97705	6.35013	-1	-1	-1
1	1	7.12705	6.35013	-1	-1	-1
1	1	7.27705	6.35013	3292	3421.16	-1
1	1	7.42705	6.35013	3485	3557	-1
1	1	7.57705	6.35013	-1	-1	-1
1	1	7.72705	6.35013	2183	2296.5	-1
1	1	7.87705	6.35013	-1	-1	-1
1	1	8.02705	6.35013	-1	-1	-1
1	1	8.17705	6.35013	-1	-1	-1
1	1	8.32705	6.35013	-1	-1	-1
1	1	8.47705	6.35013	-1	-1	-1
1	1	8.62705	6.35013	-1	-1	-1
1	1	6.37705	6.50013	-1	-1	-1
1	1	6.52705	6.50013	1967	2038.19	-1
1	1	6.67705	6.50013	2118	2187.56	-1
1	1	6.82705	6.50013	-1	-1	-1
1	1	6.97705	6.50013	-1	-1	-1
1	1	7.12705	6.50013	-1	-1	-1
1	1	7.27705	6.50013	-1	-1	-1
1	1	7.42705	6.50013	-1	-1	-1
1	1	7.57705	6.50013	-1	-1	-1
1	1	7.72705	6.50013	-1	-1	-1
1	1	7.87705	6.50013	-1	-1	-1
1	1	8.02705	6.50013	-1	-1	-1
1	1	8.17705	6.50013	-1	-1	-1
1	1	8.32705	6.50013	-1	-1	-1
1	1	8.47705	6.50013	-1	-1	-1
1	1	8.62705	6.50013	-1	-1	-1
1	1	6.37705	6.65013	-1	-1	-1
1	1	6.52705	6.65013	-1	-1	-1
1	1	6.67705	6.65013	-1	-1	-1
1	1	6.82705	6.65013	-1	-1	-1
1	1	6.97705	6.65013	-1	-1	-1
1	1	7.12705	6.65013	-1	-1	-1
1	1	7.27705	6.65013	-1	-1	-1
1	1	7.42705	6.65013	-1	-1	-1
1	1	7.57705	6.65013	-1	-1	-1
1	1	7.72705	6.65013	-1	-1	-1
1	1	7.87705	6.65013	-1	-1	-1
1	1	8.02705	6.65013	-1	-1	-1
1	1	8.17705	6.65013	-1	-1	-1
1	1	8.32705	6.65013	-1	-1	-1
1	1	8.47705	6.65013	-1	-1	-1
1	1	8.62705	6.65013	-1	-1	-1
1	1	6.37705	6.80013	-1	-1	-1
1	1	6.52705	6.80013	-1	-1	-1
1	1	6.67705	6.80013	-1	-1	-1
1	1	6.82705	6.80013	-1	-1	-1
1	1	6.97705	6.80013	-1	-1	-1
1	1	7.12705	6.80013	-1	-1	-1
1	1	7.27705	6.80013	-1	-1	-1
1	1	7.42705	6.80013	-1	-1	-1
1	1	7.57705	6.80013	-1	-1	-1
1	1	7.72705	6.80013	-1	-1	-1
1	1	7.87705	6.80013	-1	-1	-1
1	1	8.02705	6.80013	-1	-1	-1
1	1	8.17705	6.80013	-1	-1	-1
1	1	8.32705	6.80013	-1	-1	-1
1	1	8.47705	6.80013	-1	-1	-1
1	1	8.62705	6.80013	-1	-1	-1
1	1	6.37705	6.95013	-1	-1	-1
1	1	6.52705	6.95013	-1	-1	-1
1	1	6.67705	6.95013	-1	-1	-1
1	1	6.82705	6.95013	-1	-1	-1
1	1	6.97705	6.95013	-1	-1	-1
1	1	7.12705	6.95013	-1	-1	-1
1	1	7.27705	6.95013	-1	-1	-1
1	1	7.42705	6.95013	-1	-1	-1
1	1	7.57705	6.95013	-1	-1	-1
1	1	7.72705	6.95013	-1	-1	-1
1	1	7.87705	6.95013	-1	-1	-1
1	1	8.02705	6.95013	-1	-1	-1
1	1	8.17705	6.95013	-1	-1	-1
1	1	8.32705	6.95013	-1	-1	-1
1	1	8.47705	6.95013	-1	-1	-1
1	1	8.62705	6.95013	-1	-1	-1
1	1	6.37705	7.10013	-1	-1	-1
1	1	6.52705	7.10013	-1	-1	-1
1	1	6.67705	7.10013	-1	-1	-1
1	1	6.82705	7.10013	-1	-1	-1
1	1	6.97705	7.10013	-1	-1	-1
1	1	7.12705	7.10013	-1	-1	-1
1	1	7.27705	7.10013	-1	-1	-1
1	1	7.42705	7.10013	-1	-1	-1
1	1	7.57705	7.10013	-1	-1	-1
1	1	7.72705	7.10013	-1	-1	-1
1	1	7.87705	7.10013	-1	-1	-1
1	1	8.02705	7.10013	-1	-1	-1
1	1	8.17705	7.10013	-1	-1	-1
1	1	8.32705	7.10013	-1	-1	-1
1	1	8.47705	7.10013	-1	-1	-1
1	1	8.62705	7.10013	-1	-1	-1
1	1	6.37705	7.25013	-1	-1	-1
1	1	6.52705	7.25013	-1	-1	-1
1	1	6.67705	7.25013	-1	-1	-1
1	1	6.82705	7.25013	-1	-1	-1
1	1	6.97705	7.25013	-1	-1	-1
1	1	7.12705	7.25013	-1	-1	-1
1	1	7.27705	7.25013	-1	-1	-1
1	1	7.42705	7.25013	-1	-1	-1
1	1	7.57705	7.25013	-1	-1	-1
1	1	7.72705	7.25013	-1	-1	-1
1	1	7.87705	7.25013	-1	-1	-1
1	1	8.02705	7.25013	-1	-1	-1
1	1	8.17705	7.25013	-1	-1	-1
1	1	8.32705	7.25013	-1	-1	-1
1	1	8.47705	7.25013	-1	-1	-1
1	1	8.62705	7.25013	-1	-1	-1
1	1	6.37705	7.40013	-1	-1	-1
1	1	6.52705	7.40013	-1	-1	-1
1	1	6.67705	7.40013	-1	-1	-1
1	1	6.82705	7.40013	-1	-1	-1
1	1	6.97705	7.40013	-1	-1	-1
1	1	7.12705	7.40013	-1	-1	-1
1	1	7.27705	7.40013	-1	-1	-1
1	1	7.42705	7.40013	-1	-1	-1
1	1	7.57705	7.40013	-1	-1	-1
1	1	7.72705	7.40013	-1	-1	-1
1	1	7.87705	7.40013	-1	-1	-1
1	1	8.02705	7.40013	-1	-1	-1
1	1	8.17705	7.40013	-1	-1	-1
1	1	8.32705	7.40013	-1	-1	-1
1	1	8.47705	7.40013	-1	-1	-1
1	1	8.62705	7.40013	-1	-1	-1
1	1	6.37705	7.55013	-1	-1	-1
1	1	6.52705	7.55013	-1	-1	-1
1	1	6.67705	7.55013	-1	-1	-1
1	1	6.82705	7.55013	-1	-1	-1
1	1	6.97705	7.55013	-1	-1	-1
1	1	7.12705	7.55013	-1	-1	-1
1	1	7.27705	7.55013	-1	-1	-1
1	1	7.42705	7.55013	-1	-1	-1
1	1	7.57705	7.55013	-1	-1	-1
1	1	7.72705	7.55013	-1	-1	-1
1	1	7.87705	7.55013	-1	-1	-1
1	1	8.02705	7.55013	-1	-1	-1
1	1	8.17705	7.55013	-1	-1	-1
1	1	8.32705	7.55013	-1	-1	-1
1	1	8.47705	7.55013	-1	-1	-1
1	1	8.62705	7.55013	-1	-1	-1
1	1	6.37705	7.70013	-1	-1	-1
1	1	6.52705	7.70013	-1	-1	-1
1	1	6.67705	7.70013	-1	-1	-1
1	1	6.82705	7.70013	-1	-1	-1
1	1	6.97705	7.70013	-1	-1	-1
1	1	7.12705	7.70013	-1	-1	-1
1	1	7.27705	7.70013	-1	-1	-1
1	1	7.42705	7.70013	-1	-1	-1
1	1	7.57705	7.70013	-1	-1	-1
1	1	7.72705	7.70013	-1	-1	-1
1	1	7.87705	7.70013	-1	-1	-1
1	1	8.02705	7.70013	-1	-1	-1
1	1	8.17705	7.70013	-1	-1	-1
1	1	8.32705	7.70013	-1	-1	-1
1	1	8.47705	7.70013	-1	-1	-1
1	1	8.62705	7.70013	-1	-1	-1
1	1	6.37705	7.85013	-1	-1	-1
1	1	6.52705	7.85013	-1	-1	-1
1	1	6.67705	7.85013	-1	-1	-1
1	1	6.82705	7.85013	-1	-1	-1
1	1	6.97705	7.85013	-1	-1	-1
1	1	7.12705	7.85013	-1	-1	-1
1	1	7.27705	7.85013	-1	-1	-1
1	1	7.42705	7.85013	-1	-1	-1
1	1	7.57705	7.85013	-1	-1	-1
1	1	7.72705	7.85013	-1	-1	-1
1	1	7.87705	7.85013	-1	-1	-1
1	1	8.02705	7.85013	-1	-1	-1
1	1	8.17705	7.85013	-1	-1	-1
1	1	8.32705	7.85013	-1	-1	-1
1	1	8.47705	7.85013	-1	-1	-1
1	1	8.62705	7.85013	-1	-1	-1
1	1	6.37705	8.00013	-1	-1	-1
1	1	6.52705	8.00013	-1	-1	-1
1	1	6.67705	8.00013	-1	-1	-1
1	1	6.82705	8.00013	-1	-1	-1
1	1	6.97705	8.00013	-1	-1	-1
1	1	7.12705	8.00013	-1	-1	-1
1	1	7.27705	8.00013	-1	-1	-1
1	1	7.42705	8.00013	-1	-1	-1
1	1	7.57705	8.00013	-1	-1	-1
1	1	7.72705	8.00013	-1	-1	-1
1	1	7.87705	8.00013	-1	-1	-1
1	1	8.02705	8.00013	-1	-1	-1
1	1	8.17705	8.00013	-1	-1	-1
1	1	8.32705	8.00013	-1	-1	-1
1	1	8.47705	8.00013	-1	-1	-1
1	1	8.62705	8.00013	-1	-1	-1
1	1	6.37705	8.15013	2698	2770.47	-1
1	1	6.52705	8.15013	-1	-1	-1
1	1	6.67705	8.15013	-1	-1	-1
1	1	6.82705	8.15013	-1	-1	-1
1	1	6.97705	8.15013	-1	-1	-1
1	1	7.12705	8.15013	-1	-1	-1
1	1	7.27705	8.15013	-1	-1	-1
1	1	7.42705	8.15013	-1	-1	-1
1	1	7.57705	8.15013	-1	-1	-1
1	1	7.72705	8.15013	-1	-1	-1
1	1	7.87705	8.15013	-1	-1	-1
1	1	8.02705	8.15013	-1	-1	-1
1	1	8.17705	8.15013	-1	-1	-1
1	1	8.32705	8.15013	-1	-1	-1
1	1	8.47705	8.15013	-1	-1	-1
1	1	8.62705	8.15013	-1	-1	-1
1	1	6.37705	8.30013	-1	-1	-1
1	1	6.52705	8.30013	-1	-1	-1
1	1	6.67705	8.30013	-1	-1	-1
1	1	6.82705	8.30013	-1	-1	-1
1	1	6.97705	8.30013	-1	-1	-1
1	1	7.12705	8.30013	-1	-1	-1
1	1	7.27705	8.30013	-1	-1	-1
1	1	7.42705	8.30013	-1	-1	-1
1	1	7.57705	8.30013	-1	-1	-1
1	1	7.72705	8.30013	-1	-1	-1
1	1	7.87705	8.30013	-1	-1	-1
1	1	8.02705	8.30013	-1	-1	-1
1	1	8.17705	8.30013	-1	-1	-1
1	1	8.32705	8.30013	-1	-1	-1
1	1	8.47705	8.30013	-1	-1	-1
1	1	8.62705	8.30013	-1	-1	-1
1	1	6.37705	8.45013	-1	-1	-1
1	1	6.52705	8.45013	-1	-1	-1
1	1	6.67705	8.45013	-1	-1	-1
1	1	6.82705	8.45013	-1	-1	-1
1	1	6.97705	8.45013	-1	-1	-1
1	1	7.12705	8.45013	-1	-1	-1
1	1	7.27705	8.45013	-1	-1	-1
1	1	7.42705	8.45013	-1	-1	-1
1	1	7.57705	8.45013	-1	-1	-1
1	1	7.72705	8.45013	-1	-1	-1
1	1	7.87705	8.45013	-1	-1	-1
1	1	8.02705	8.45013	-1	-1	-1
1	1	8.17705	8.45013	-1	-1	-1
1	1	8.32705	8.45013	-1	-1	-1
1	1	8.47705	8.45013	-1	-1	-1
1	1	8.62705	8.45013	-1	-1	-1
1	1	6.37705	8.60013	-1	-1	-1
1	1	6.52705	8.60013	-1	-1	-1
1	1	6.67705	8.60013	-1	-1	-1
1	1	6.82705	8.60013	-1	-1	-1
1	1	6.97705	8.60013	-1	-1	-1
1	1	7.12705	8.60013	-1	-1	-1
1	1	7.27705	8.60013	-1	-1	-1
1	1	7.42705	8.60013	-1	-1	-1
1	1	7.57705	8.60013	-1	-1	-1
1	1	7.72705	8.60013	-1	-1	-1
1	1	7.87705	8.60013	-1	-1	-1
1	1	8.02705	8.60013	-1	-1	-1
1	1	8.17705	8.60013	-1	-1	-1
1	1	8.32705	8.60013	-1	-1	-1
1	1	8.47705	8.60013	-1	-1	-1
1	1	8.62705	8.60013	-1	-1	-1
2	4	-5.61762	2.55605	-1	-1	-1
2	4	-5.46762	2.55605	-1	-1	-1
2	4	-5.31762	2.55605	-1	-1	-1
2	4	-5.16762	2.55605	-1	-1	-1
2	4	-5.01762	2.55605	-1	-1	-1
2	4	-4.86762	2.55605	-1	-1	-1
2	4	-4.71762	2.55605	977	1029.06	-1
2	4	-4.56762	2.55605	776	896	-1
2	4	-5.61762	2.70605	-1	-1	-1
2	4	-5.46762	2.70605	-1	-1	-1
2	4	-5.31762	2.70605	-1	-1	-1
2	4	-5.16762	2.70605	4235	4318.69	-1
2	4	-5.01762	2.70605	-1	-1	-1
2	4	-4.86762	2.70605	-1	-1	-1
2	4	-4.71762	2.70605	-1	-1	-1
2	4	-4.56762	2.70605	943	991.312	-1
2	4	-5.61762	2.85605	-1	-1	-1
2	4	-5.46762	2.85605	-1	-1	-1
2	4	-5.31762	2.85605	4125	4177.38	-1
2	4	-5.16762	2.85605	3795	3848.53	-1
2	4	-5.01762	2.85605	3395	3518.53	-1
2	4	-4.86762	2.85605	3576	3642.34	-1
2	4	-4.71762	2.85605	-1	-1	-1
2	4	-4.56762	2.85605	-1	-1	-1
2	4	-5.61762	3.00605	-1	-1	-1
2	4	-5.46762	3.00605	-1	-1	-1
2	4	-5.31762	3.00605	4031	4077.25	-1
2	4	-5.16762	3.00605	3891	3946.31	-1
2	4	-5.01762	3.00605	3562	3611.66	-1
2	4	-4.86762	3.00605	3667	3715.22	-1
2	4	-4.71762	3.00605	4033	4077.47	-1
2	4	-4.56762	3.00605	-1	-1	-1
2	4	-5.61762	3.15605	-1	-1	-1
2	4	-5.46762	3.15605	-1	-1	-1
2	4	-5.31762	3.15605	-1	-1	-1
2	4	-5.16762	3.15605	4203	4256.72	-1
2	4	-5.01762	3.15605	-1	-1	-1
2	4	-4.86762	3.15605	3807	3858.31	-1
2	4	-4.71762	3.15605	3902	3948.78	-1
2	4	-4.56762	3.15605	-1	-1	-1
2	4	-5.61762	3.30605	-1	-1	-1
2	4	-5.46762	3.30605	-1	-1	-1
2	4	-5.31762	3.30605	-1	-1	-1
2	4	-5.16762	3.30605	-1	-1	-1
2	4	-5.01762	3.30605	-1	-1	-1
2	4	-4.86762	3.30605	-1	-1	-1
2	4	-4.71762	3.30605	-1	-1	-1
2	4	-4.56762	3.30605	-1	-1	-1
2	4	-5.61762	3.45605	-1	-1	-1
2	4	-5.46762	3.45605	-1	-1	-1
2	4	-5.31762	3.45605	-1	-1	-1
2	4	-5.16762	3.45605	-1	-1	-1
2	4	-5.01762	3.45605	-1	-1	-1
2	4	-4.86762	3.45605	-1	-1	-1
2	4	-4.71762	3.45605	-1	-1	-1
2	4	-4.56762	3.45605	-1	-1	-1
2	4	-5.61762	3.60605	-1	-1	-1
2	4	-5.46762	3.60605	-1	-1	-1
2	4	-5.31762	3.60605	-1	-1	-1
2	4	-5.16762	3.60605	-1	-1	-1
2	4	-5.01762	3.60605	-1	-1	-1
2	4	-4.86762	3.60605	-1	-1	-1
2	4	-4.71762	3.60605	-1	-1	-1
2	4	-4.56762	3.60605	-1	-1	-1
3	4	-2.26164	3.46985	4165	4206.47	-1
3	4	-2.11164	3.46985	3765	3903.06	-1
3	4	-1.96164	3.46985	3944	3980.53	-1
3	4	-1.81164	3.46985	4027	4122.19	-1
3	4	-1.66164	3.46985	4211	4244.84	-1
3	4	-1.51164	3.46985	-1	-1	-1
3	4	-1.36164	3.46985	-1	-1	-1
3	4	-1.21164	3.46985	-1	-1	-1
3	4	-2.26164	3.61985	4261	4329.5	-1
3	4	-2.11164	3.61985	4309	4349.94	-1
3	4	-1.96164	3.61985	4159	4219.97	-1
3	4	-1.81164	3.61985	4211	4253.09	-1
3	4	-1.66164	3.61985	4307	4357.94	-1
3	4	-1.51164	3.61985	-1	-1	-1
3	4	-1.36164	3.61985	-1	-1	-1
3	4	-1.21164	3.61985	-1	-1	-1
3	4	-2.26164	3.76985	4657	4790.16	-1
3	4	-2.11164	3.76985	4831	4864.34	-1
3	4	-1.96164	3.76985	-1	-1	-1
3	4	-1.81164	3.76985	-1	-1	-1
3	4	-1.66164	3.76985	-1	-1	-1
3	4	-1.51164	3.76985	-1	-1	-1
3	4	-1.36164	3.76985	-1	-1	-1
3	4	-1.21164	3.76985	-1	-1	-1
3	4	-2.26164	3.91985	4911	4946.19	-1
3	4	-2.11164	3.91985	4978	5013.66	-1
3	4	-1.96164	3.91985	-1	-1	-1
3	4	-1.81164	3.91985	-1	-1	-1
3	4	-1.66164	3.91985	-1	-1	-1
3	4	-1.51164	3.91985	-1	-1	-1
3	4	-1.36164	3.91985	-1	-1	-1
3	4	-1.21164	3.91985	-1	-1	-1
3	4	-2.26164	4.06985	-1	-1	-1
3	4	-2.11164	4.06985	-1	-1	-1
3	4	-1.96164	4.06985	-1	-1	-1
3	4	-1.81164	4.06985	-1	-1	-1
3	4	-1.66164	4.06985	-1	-1	-1
3	4	-1.51164	4.06985	-1	-1	-1
3	4	-1.36164	4.06985	-1	-1	-1
3	4	-1.21164	4.06985	-1	-1	-1
3	4	-2.26164	4.21985	-1	-1	-1
3	4	-2.11164	4.21985	-1	-1	-1
3	4	-1.96164	4.21985	-1	-1	-1
3	4	-1.81164	4.21985	-1	-1	-1
3	4	-1.66164	4.21985	-1	-1	-1
3	4	-1.51164	4.21985	-1	-1	-1
3	4	-1.36164	4.21985	-1	-1	-1
3	4	-1.21164	4.21985	-1	-1	-1
3	4	-2.26164	4.36985	-1	-1	-1
3	4	-2.11164	4.36985	-1	-1	-1
3	4	-1.96164	4.36985	-1	-1	-1
3	4	-1.81164	4.36985	-1	-1	-1
3	4	-1.66164	4.36985	-1	-1	-1
3	4	-1.51164	4.36985	-1	-1	-1
3	4	-1.36164	4.36985	-1	-1	-1
3	4	-1.21164	4.36985	-1	-1	-1
3	4	-2.26164	4.51985	-1	-1	-1
3	4	-2.11164	4.51985	-1	-1	-1
3	4	-1.96164	4.51985	-1	-1	-1
3	4	-1.81164	4.51985	-1	-1	-1
3	4	-1.66164	4.51985	-1	-1	-1
3	4	-1.51164	4.51985	-1	-1	-1
3	4	-1.36164	4.51985	-1	-1	-1
3	4	-1.21164	4.51985	-1	-1	-1
4	4	-1.20608	5.97432	306	422.219	-1
4	4	-1.05608	5.97432	502	548.562	-1
4	4	-0.906076	5.97432	3001	3111.41	-1
4	4	-0.756076	5.97432	-1	-1	-1
4	4	-0.606076	5.97432	-1	-1	-1
4	4	-0.456076	5.97432	-1	-1	-1
4	4	-0.306076	5.97432	-1	-1	-1
4	4	-0.156076	5.97432	-1	-1	-1
4	4	-1.20608	6.12432	320	416.969	-1
4	4	-1.05608	6.12432	1267	1326.78	-1
4	4	-0.906076	6.12432	3198	3255.38	-1
4	4	-0.756076	6.12432	-1	-1	-1
4	4	-0.606076	6.12432	-1	-1	-1
4	4	-0.456076	6.12432	-1	-1	-1
4	4	-0.306076	6.12432	-1	-1	-1
4	4	-0.156076	6.12432	-1	-1	-1
4	4	-1.20608	6.27432	1172	1220.56	-1
4	4	-1.05608	6.27432	3316	3378.22	-1
4	4	-0.906076	6.27432	3445	3492.94	-1
4	4	-0.756076	6.27432	-1	-1	-1
4	4	-0.606076	6.27432	-1	-1	-1
4	4	-0.456076	6.27432	-1	-1	-1
4	4	-0.306076	6.27432	-1	-1	-1
4	4	-0.156076	6.27432	-1	-1	-1
4	4	-1.20608	6.42432	-1	-1	-1
4	4	-1.05608	6.42432	-1	-1	-1
4	4	-0.906076	6.42432	-1	-1	-1
4	4	-0.756076	6.42432	-1	-1	-1
4	4	-0.606076	6.42432	-1	-1	-1
4	4	-0.456076	6.42432	-1	-1	-1
4	4	-0.306076	6.42432	-1	-1	-1
4	4	-0.156076	6.42432	-1	-1	-1
4	4	-1.20608	6.57432	-1	-1	-1
4	4	-1.05608	6.57432	-1	-1	-1
4	4	-0.906076	6.57432	-1	-1	-1
4	4	-0.756076	6.57432	-1	-1	-1
4	4	-0.606076	6.57432	-1	-1	-1
4	4	-0.456076	6.57432	-1	-1	-1
4	4	-0.306076	6.57432	-1	-1	-1
4	4	-0.156076	6.57432	-1	-1	-1
4	4	-1.20608	6.72432	-1	-1	-1
4	4	-1.05608	6.72432	-1	-1	-1
4	4	-0.906076	6.72432	-1	-1	-1
4	4	-0.756076	6.72432	-1	-1	-1
4	4	-0.606076	6.72432	-1	-1	-1
4	4	-0.456076	6.72432	-1	-1	-1
4	4	-0.306076	6.72432	2616	2667.88	-1
4	4	-0.156076	6.72432	2158	2259.62	-1
4	4	-1.20608	6.87432	-1	-1	-1
4	4	-1.05608	6.87432	-1	-1	-1
4	4	-0.906076	6.87432	-1	-1	-1
4	4	-0.756076	6.87432	-1	-1	-1
4	4	-0.606076	6.87432	-1	-1	-1
4	4	-0.456076	6.87432	-1	-1	-1
4	4	-0.306076	6.87432	2455	2509.12	-1
4	4	-0.156076	6.87432	2308	2360.53	-1
4	4	-1.20608	7.02432	-1	-1	-1
4	4	-1.05608	7.02432	-1	-1	-1
4	4	-0.906076	7.02432	-1	-1	-1
4	4	-0.756076	7.02432	-1	-1	-1
4	4	-0.606076	7.02432	-1	-1	-1
4	4	-0.456076	7.02432	-1	-1	-1
4	4	-0.306076	7.02432	-1	-1	-1
4	4	-0.156076	7.02432	2570	2643	-1
5	4	2.9144	-8.36919	-1	-1	-1
5	4	3.0644	-8.36919	-1	-1	-1
5	4	3.2144	-8.36919	-1	-1	-1
5	4	3.3644	-8.36919	-1	-1	-1
5	4	3.5144	-8.36919	-1	-1	-1
5	4	3.6644	-8.36919	-1	-1	-1
5	4	3.8144	-8.36919	-1	-1	-1
5	4	3.9644	-8.36919	-1	-1	-1
5	4	2.9144	-8.21919	-1	-1	-1
5	4	3.0644	-8.21919	-1	-1	-1
5	4	3.2144	-8.21919	-1	-1	-1
5	4	3.3644	-8.21919	-1	-1	-1
5	4	3.5144	-8.21919	-1	-1	-1
5	4	3.6644	-8.21919	-1	-1	-1
5	4	3.8144	-8.21919	-1	-1	-1
5	4	3.9644	-8.21919	-1	-1	-1
5	4	2.9144	-8.06919	-1	-1	-1
5	4	3.0644	-8.06919	-1	-1	-1
5	4	3.2144	-8.06919	-1	-1	-1
5	4	3.3644	-8.06919	-1	-1	-1
5	4	3.5144	-8.06919	-1	-1	-1
5	4	3.6644	-8.06919	-1	-1	-1
5	4	3.8144	-8.06919	-1	-1	-1
5	4	3.9644	-8.06919	-1	-1	-1
5	4	2.9144	-7.91919	-1	-1	-1
5	4	3.0644	-7.91919	-1	-1	-1
5	4	3.2144	-7.91919	-1	-1	-1
5	4	3.3644	-7.91919	-1	-1	-1
5	4	3.5144	-7.91919	-1	-1	-1
5	4	3.6644	-7.91919	-1	-1	-1
5	4	3.8144	-7.91919	-1	-1	-1
5	4	3.9644	-7.91919	-1	-1	-1
5	4	2.9144	-7.76919	-1	-1	-1
5	4	3.0644	-7.76919	-1	-1	-1
5	4	3.2144	-7.76919	-1	-1	-1
5	4	3.3644	-7.76919	-1	-1	-1
5	4	3.5144	-7.76919	-1	-1	-1
5	4	3.6644	-7.76919	-1	-1	-1
5	4	3.8144	-7.76919	-1	-1	-1
5	4	3.9644	-7.76919	-1	-1	-1
5	4	2.9144	-7.61919	-1	-1	-1
5	4	3.0644	-7.61919	-1	-1	-1
5	4	3.2144	-7.61919	-1	-1	-1
5	4	3.3644	-7.61919	-1	-1	-1
5	4	3.5144	-7.61919	-1	-1	-1
5	4	3.6644	-7.61919	-1	-1	-1
5	4	3.8144	-7.61919	-1	-1	-1
5	4	3.9644	-7.61919	-1	-1	-1
5	4	2.9144	-7.46919	-1	-1	-1
5	4	3.0644	-7.46919	-1	-1	-1
5	4	3.2144	-7.46919	-1	-1	-1
5	4	3.3644	-7.46919	-1	-1	-1
5	4	3.5144	-7.46919	-1	-1	-1
5	4	3.6644	-7.46919	-1	-1	-1
5	4	3.8144	-7.46919	-1	-1	-1
5	4	3.9644	-7.46919	-1	-1	-1
5	4	2.9144	-7.31919	-1	-1	-1
5	4	3.0644	-7.31919	-1	-1	-1
5	4	3.2144	-7.31919	-1	-1	-1
5	4	3.3644	-7.31919	-1	-1	-1
5	4	3.5144	-7.31919	-1	-1	-1
5	4	3.6644	-7.31919	-1	-1	-1
5	4	3.8144	-7.31919	-1	-1	-1
5	4	3.9644	-7.31919	-1	-1	-1
6	16	1.56136	7.97111	-1	-1	-1
6	16	1.71136	7.97111	-1	-1	-1
6	16	1.86136	7.97111	-1	-1	-1
6	16	2.01136	7.97111	-1	-1	-1
6	16	1.56136	8.12111	-1	-1	-1
6	16	1.71136	8.12111	-1	-1	-1
6	16	1.86136	8.12111	-1	-1	-1
6	16	2.01136	8.12111	-1	-1	-1
6	16	1.56136	8.27111	-1	-1	-1
6	16	1.71136	8.27111	-1	-1	-1
6	16	1.86136	8.27111	-1	-1	-1
6	16	2.01136	8.27111	-1	-1	-1
6	16	1.56136	8.42111	-1	-1	-1
6	16	1.71136	8.42111	-1	-1	-1
6	16	1.86136	8.42111	-1	-1	-1
6	16	2.01136	8.42111	-1	-1	-1
7	16	-2.4946	-8.72363	-1	-1	-1
7	16	-2.3446	-8.72363	-1	-1	-1
7	16	-2.1946	-8.72363	1956	2050.62	-1
7	16	-2.0446	-8.72363	-1	-1	-1
7	16	-2.4946	-8.57363	-1	-1	-1
7	16	-2.3446	-8.57363	-1	-1	-1
7	16	-2.1946	-8.57363	-1	-1	-1
7	16	-2.0446	-8.57363	-1	-1	-1
7	16	-2.4946	-8.42363	-1	-1	-1
7	16	-2.3446	-8.42363	-1	-1	-1
7	16	-2.1946	-8.42363	-1	-1	-1
7	16	-2.0446	-8.42363	-1	-1	-1
7	16	-2.4946	-8.27363	-1	-1	-1
7	16	-2.3446	-8.27363	-1	-1	-1
7	16	-2.1946	-8.27363	-1	-1	-1
7	16	-2.0446	-8.27363	-1	-1	-1
8	16	4.61945	-5.53363	-1	-1	-1
8	16	4.76945	-5.53363	-1	-1	-1
8	16	4.91945	-5.53363	-1	-1	-1
8	16	5.06945	-5.53363	-1	-1	-1
8	16	4.61945	-5.38363	-1	-1	-1
8	16	4.76945	-5.38363	1787	1843.59	-1
8	16	4.91945	-5.38363	-1	-1	-1
8	16	5.06945	-5.38363	-1	-1	-1
8	16	4.61945	-5.23363	1458	1510.75	-1
8	16	4.76945	-5.23363	1559	1609.91	-1
8	16	4.91945	-5.23363	1666	1732.91	-1
8	16	5.06945	-5.23363	3127	3180.38	-1
8	16	4.61945	-5.08363	1116	1268.94	-1
8	16	4.76945	-5.08363	1319	1372.03	-1
8	16	4.91945	-5.08363	2739	2888.84	-1
8	16	5.06945	-5.08363	2979	3039.22	-1
9	16	2.42694	6.74318	778	840.938	-1
9	16	2.57694	6.74318	485	547.125	-1
9	16	2.72694	6.74318	257	356.219	-1
9	16	2.87694	6.74318	445	501.406	-1
9	16	2.42694	6.89318	763	822	-1
9	16	2.57694	6.89318	611	697.125	-1
9	16	2.72694	6.89318	654	717.875	-1
9	16	2.87694	6.89318	807	870.5	-1
9	16	2.42694	7.04318	-1	-1	-1
9	16	2.57694	7.04318	-1	-1	-1
9	16	2.72694	7.04318	936	1004.47	-1
9	16	2.87694	7.04318	1056	1147.72	-1
9	16	2.42694	7.19318	-1	-1	-1
9	16	2.57694	7.19318	-1	-1	-1
9	16	2.72694	7.19318	1223	1283.47	-1
9	16	2.87694	7.19318	1338	1395.44	-1
10	16	-2.04029	-4.86859	-1	-1	-1
10	16	-1.89029	-4.86859	-1	-1	-1
10	16	-1.74029	-4.86859	-1	-1	-1
10	16	-1.59029	-4.86859	-1	-1	-1
10	16	-2.04029	-4.71859	-1	-1	-1
10	16	-1.89029	-4.71859	-1	-1	-1
10	16	-1.74029	-4.71859	-1	-1	-1
10	16	-1.59029	-4.71859	-1	-1	-1
10	16	-2.04029	-4.56859	-1	-1	-1
10	16	-1.89029	-4.56859	-1	-1	-1
10	16	-1.74029	-4.56859	-1	-1	-1
10	16	-1.59029	-4.56859	-1	-1	-1
10	16	-2.04029	-4.41859	-1	-1	-1
10	16	-1.89029	-4.41859	-1	-1	-1
10	16	-1.74029	-4.41859	-1	-1	-1
10	16	-1.59029	-4.41859	-1	-1	-1
11	16	0.547532	3.39041	4604	4733.16	-1
11	16	0.697532	3.39041	4792	4823.91	-1
11	16	0.847532	3.39041	-1	-1	-1
11	16	0.997532	3.39041	-1	-1	-1
11	16	0.547532	3.54041	5246	5291.5	-1
11	16	0.697532	3.54041	-1	-1	-1
11	16	0.847532	3.54041	-1	-1	-1
11	16	0.997532	3.54041	-1	-1	-1
11	16	0.547532	3.69041	-1	-1	-1
11	16	0.697532	3.69041	-1	-1	-1
11	16	0.847532	3.69041	-1	-1	-1
11	16	0.997532	3.69041	-1	-1	-1
11	16	0.547532	3.84041	-1	-1	-1
11	16	0.697532	3.84041	-1	-1	-1
11	16	0.847532	3.84041	-1	-1	-1
11	16	0.997532	3.84041	-1	-1	-1
12	16	3.14301	7.33225	2984	3104.5	-1
12	16	3.29301	7.33225	3174	3238.28	-1
12	16	3.44301	7.33225	-1	-1	-1
12	16	3.59301	7.33225	-1	-1	-1
12	16	3.14301	7.48225	3318	3387.12	-1
12	16	3.29301	7.48225	3448	3506.09	-1
12	16	3.44301	7.48225	-1	-1	-1
12	16	3.59301	7.48225	-1	-1	-1
12	16	3.14301	7.63225	-1	-1	-1
12	16	3.29301	7.63225	-1	-1	-1
12	16	3.44301	7.63225	-1	-1	-1
12	16	3.59301	7.63225	-1	-1	-1
12	16	3.14301	7.78225	-1	-1	-1
12	16	3.29301	7.78225	-1	-1	-1
12	16	3.44301	7.78225	-1	-1	-1
12	16	3.59301	7.78225	-1	-1	-1
13	16	1.06566	-3.13144	3154	3195.5	-1
13	16	1.21566	-3.13144	3023	3054	-1
13	16	1.36566	-3.13144	1608	1756.34	-1
13	16	1.51566	-3.13144	1785	1818.75	-1
13	16	1.06566	-2.98144	3212	3252.66	-1
13	16	1.21566	-2.98144	3085	3114.81	-1
13	16	1.36566	-2.98144	-1	-1	-1
13	16	1.51566	-2.98144	2453	2490.41	-1
13	16	1.06566	-2.83144	-1	-1	-1
13	16	1.21566	-2.83144	-1	-1	-1
13	16	1.36566	-2.83144	2327	2359.28	-1
13	16	1.51566	-2.83144	2292	2323.72	-1
13	16	1.06566	-2.68144	3426	3549.66	-1
13	16	1.21566	-2.68144	4878	5027	-1
13	16	1.36566	-2.68144	2250	2291.59	-1
13	16	1.51566	-2.68144	2121	2149.06	-1
14	16	-6.33812	-5.87337	-1	-1	-1
14	16	-6.18812	-5.87337	-1	-1	-1
14	16	-6.03812	-5.87337	-1	-1	-1
14	16	-5.88812	-5.87337	-1	-1	-1
14	16	-6.33812	-5.72337	-1	-1	-1
14	16	-6.18812	-5.72337	-1	-1	-1
14	16	-6.03812	-5.72337	-1	-1	-1
14	16	-5.88812	-5.72337	-1	-1	-1
14	16	-6.33812	-5.57337	-1	-1	-1
14	16	-6.18812	-5.57337	-1	-1	-1
14	16	-6.03812	-5.57337	-1	-1	-1
14	16	-5.88812	-5.57337	-1	-1	-1
14	16	-6.33812	-5.42337	-1	-1	-1
14	16	-6.18812	-5.42337	-1	-1	-1
14	16	-6.03812	-5.42337	-1	-1	-1
14	16	-5.88812	-5.42337	-1	-1	-1
15	16	-5.75185	4.49449	-1	-1	-1
15	16	-5.60185	4.49449	-1	-1	-1
15	16	-5.45185	4.49449	-1	-1	-1
15	16	-5.30185	4.49449	-1	-1	-1
15	16	-5.75185	4.64449	-1	-1	-1
15	16	-5.60185	4.64449	-1	-1	-1
15	16	-5.45185	4.64449	-1	-1	-1
15	16	-5.30185	4.64449	3544	3598.09	-1
15	16	-5.75185	4.79449	-1	-1	-1
15	16	-5.60185	4.79449	-1	-1	-1
15	16	-5.45185	4.79449	-1	-1	-1
15	16	-5.30185	4.79449	3341	3486.22	-1
15	16	-5.75185	4.94449	-1	-1	-1
15	16	-5.60185	4.94449	-1	-1	-1
15	16	-5.45185	4.94449	-1	-1	-1
15	16	-5.30185	4.94449	-1	-1	-1
16	16	-7.60168	-5.50782	-1	-1	-1
16	16	-7.45168	-5.50782	-1	-1	-1
16	16	-7.30168	-5.50782	-1	-1	-1
16	16	-7.15168	-5.50782	4786	4926.75	-1
16	16	-7.60168	-5.35782	-1	-1	-1
16	16	-7.45168	-5.35782	-1	-1	-1
16	16	-7.30168	-5.35782	-1	-1	-1
16	16	-7.15168	-5.35782	4987	5054.09	-1
16	16	-7.60168	-5.20782	-1	-1	-1
16	16	-7.45168	-5.20782	-1	-1	-1
16	16	-7.30168	-5.20782	-1	-1	-1
16	16	-7.15168	-5.20782	-1	-1	-1
16	16	-7.60168	-5.05782	-1	-1	-1
16	16	-7.45168	-5.05782	-1	-1	-1
16	16	-7.30168	-5.05782	-1	-1	-1
16	16	-7.15168	-5.05782	-1	-1	-1
17	16	6.79327	3.05363	-1	-1	-1
17	16	6.94327	3.05363	-1	-1	-1
17	16	7.09327	3.05363	-1	-1	-1
17	16	7.24327	3.05363	-1	-1	-1
17	16	6.79327	3.20363	-1	-1	-1
17	16	6.94327	3.20363	-1	-1	-1
17	16	7.09327	3.20363	-1	-1	-1
17	16	7.24327	3.20363	-1	-1	-1
17	16	6.79327	3.35363	-1	-1	-1
17	16	6.94327	3.35363	-1	-1	-1
17	16	7.09327	3.35363	-1	-1	-1
17	16	7.24327	3.35363	-1	-1	-1
17	16	6.79327	3.50363	-1	-1	-1
17	16	6.94327	3.50363	-1	-1	-1
17	16	7.09327	3.50363	-1	-1	-1
17	16	7.24327	3.50363	-1	-1	-1
18	16	-4.16688	8.20116	-1	-1	-1
18	16	-4.01688	8.20116	-1	-1	-1
18	16	-3.86688	8.20116	-1	-1	-1
18	16	-3.71688	8.20116	-1	-1	-1
18	16	-4.16688	8.35116	-1	-1	-1
18	16	-4.01688	8.35116	-1	-1	-1
18	16	-3.86688	8.35116	-1	-1	-1
18	16	-3.71688	8.35116	-1	-1	-1
18	16	-4.16688	8.50116	-1	-1	-1
18	16	-4.01688	8.50116	-1	-1	-1
18	16	-3.86688	8.50116	-1	-1	-1
18	16	-3.71688	8.50116	-1	-1	-1
18	16	-4.16688	8.65116	-1	-1	-1
18	16	-4.01688	8.65116	-1	-1	-1
18	16	-3.86688	8.65116	-1	-1	-1
18	16	-3.71688	8.65116	-1	-1	-1
19	16	3.38722	-6.12007	-1	-1	-1
19	16	3.53722	-6.12007	-1	-1	-1
19	16	3.68722	-6.12007	-1	-1	-1
19	16	3.83722	-6.12007	-1	-1	-1
19	16	3.38722	-5.97007	-1	-1	-1
19	16	3.53722	-5.97007	-1	-1	-1
19	16	3.68722	-5.97007	-1	-1	-1
19	16	3.83722	-5.97007	-1	-1	-1
19	16	3.38722	-5.82007	-1	-1	-1
19	16	3.53722	-5.82007	2965	3019.44	-1
19	16	3.68722	-5.82007	2774	2861.28	-1
19	16	3.83722	-5.82007	2926	3000.59	-1
19	16	3.38722	-5.67007	-1	-1	-1
19	16	3.53722	-5.67007	2755	2828.53	-1
19	16	3.68722	-5.67007	2446	2577.69	-1
19	16	3.83722	-5.67007	2636	2700.28	-1
20	16	-5.19344	-5.24761	-1	-1	-1
20	16	-5.04344	-5.24761	-1	-1	-1
20	16	-4.89344	-5.24761	-1	-1	-1
20	16	-4.74344	-5.24761	-1	-1	-1
20	16	-5.19344	-5.09761	-1	-1	-1
20	16	-5.04344	-5.09761	-1	-1	-1
20	16	-4.89344	-5.09761	-1	-1	-1
20	16	-4.74344	-5.09761	290	425.844	-1
20	16	-5.19344	-4.94761	-1	-1	-1
20	16	-5.04344	-4.94761	-1	-1	-1
20	16	-4.89344	-4.94761	1794	1854.94	-1
20	16	-4.74344	-4.94761	-1	-1	-1
20	16	-5.19344	-4.79761	-1	-1	-1
20	16	-5.04344	-4.79761	1590	1742.03	-1
20	16	-4.89344	-4.79761	644	779.688	-1
20	16	-4.74344	-4.79761	871	928.031	-1
21	16	1.97847	9.01696	-1	-1	-1
21	16	2.12847	9.01696	-1	-1	-1
21	16	2.27847	9.01696	-1	-1	-1
21	16	2.42847	9.01696	-1	-1	-1
21	16	1.97847	9.16696	-1	-1	-1
21	16	2.12847	9.16696	-1	-1	-1
21	16	2.27847	9.16696	-1	-1	-1
21	16	2.42847	9.16696	-1	-1	-1
21	16	1.97847	9.31696	-1	-1	-1
21	16	2.12847	9.31696	-1	-1	-1
21	16	2.27847	9.31696	-1	-1	-1
21	16	2.42847	9.31696	-1	-1	-1
21	16	1.97847	9.46696	-1	-1	-1
21	16	2.12847	9.46696	-1	-1	-1
21	16	2.27847	9.46696	-1	-1	-1
21	16	2.42847	9.46696	-1	-1	-1
0	256	0.113633	9.38192	-1	-1	-1
0	256	7.26394	0.226691	-1	-1	-1
0	256	8.46553	1.69697	-1	-1	-1
0	256	-6.07052	7.69515	-1	-1	-1
0	256	9.30578	-3.01116	-1	-1	-1
0	256	0.298487	5.81406	-1	-1	-1
0	256	4.46519	0.0374497	2158	2271.44	-1
0	256	4.73789	2.00334	-1	-1	-1
0	256	-4.20393	2.04441	-1	-1	-1
0	256	3.84866	7.21028	-1	-1	-1
0	256	4.18876	-3.8191	-1	-1	-1
0	256	1.88251	8.60386	-1	-1	-1
0	256	-4.31541	-1.12473	2955	3066.94	-1
0	256	-2.36923	8.67554	-1	-1	-1
0	256	-7.33557	3.66339	-1	-1	-1
0	256	1.75007	5.11316	-1	-1	-1
0	256	5.18277	-4.0968	-1	-1	-1
0	256	-3.01242	-1.93463	-1	-1	-1
0	256	6.09964	3.65896	-1	-1	-1
0	256	-1.27657	2.87677	-1	-1	-1
0	256	-0.636666	-3.71646	30	99.2812	-1
0	256	4.00134	1.87614	-1	-1	-1
0	256	-5.54811	5.93249	-1	-1	-1
0	256	6.50299	-2.41566	-1	-1	-1
0	256	-9.35382	-7.26759	2112	2197.09	-1
0	256	4.2917	4.60073	5186	5323.34	-1
0	256	4.13244	8.93622	-1	-1	-1
0	256	1.32408	-7.97856	-1	-1	-1
0	256	-1.94918	-2.28868	52	97.9375	-1
0	256	-6.47596	-1.90113	1045	1095.72	-1
0	256	4.10149	-0.405484	-1	-1	-1
0	256	-8.70456	-4.28189	-1	-1	-1
0	256	5.11204	-1.77462	-1	-1	-1
0	256	3.20588	5.38009	2426	2473.03	-1
0	256	2.50063	7.65486	-1	-1	-1
0	256	1.90236	-3.33028	-1	-1	-1
0	256	-2.19928	-7.03679	-1	-1	-1
0	256	-4.96115	-1.7192	4890	5014.59	-1
0	256	2.02695	8.88532	-1	-1	-1
0	256	-6.56376	0.476633	-1	-1	-1
0	256	7.84176	-3.49469	-1	-1	-1
0	256	2.34591	-2.85146	-1	-1	-1
0	256	8.53712	2.26904	-1	-1	-1
0	256	-4.1057	0.670567	-1	-1	-1
0	256	3.89426	-3.95659	3630	3776.28	-1
0	256	-6.77566	6.07863	739	877.469	-1
0	256	0.389135	-6.70756	-1	-1	-1
0	256	3.0034	-8.82751	-1	-1	-1
0	256	9.34321	-2.63653	-1	-1	-1
0	256	-9.04081	3.33502	-1	-1	-1
0	256	0.635772	0.254481	76	218.625	-1
0	256	6.13698	4.06099	-1	-1	-1
0	256	-1.34857	-4.93854	-1	-1	-1
0	256	-7.04157	2.1918	4817	4911.62	-1
0	256	-2.08584	-3.9183	1556	1594.34	-1
0	256	-8.12085	-4.241	-1	-1	-1
0	256	-6.29418	-2.29092	-1	-1	-1
0	256	4.22951	-6.8072	-1	-1	-1
0	256	6.88768	0.9422	3509	3628.78	-1
0	256	-6.91647	0.238174	-1	-1	-1
0	256	-5.16876	-7.02559	-1	-1	-1
0	256	-2.80396	-1.70658	27	90.8438	-1
0	256	4.046	8.22708	-1	-1	-1
0	256	-7.96656	-4.79678	-1	-1	-1
0	256	-3.30917	7.0857	-1	-1	-1
0	256	-3.57512	4.45851	-1	-1	-1
0	256	3.27703	-4.94466	1402	1452.84	-1
0	256	2.29515	2.75684	3866	4031.03	-1
0	256	0.463577	-8.51538	1820	1886.62	-1
0	256	6.39958	1.9128	1842	1944.53	-1
0	256	-8.07282	9.65816	-1	-1	-1
0	256	2.39256	4.93686	-1	-1	-1
0	256	-8.58144	1.55771	4807	4877.88	-1
0	256	-7.15179	-6.94417	-1	-1	-1
0	256	7.96277	-1.26989	2455	2546.28	-1
0	256	-5.21763	3.76816	-1	-1	-1
0	256	7.78754	2.51976	-1	-1	-1
0	256	1.89179	2.83135	-1	-1	-1
0	256	-4.71747	8.41683	1012	1102.53	-1
0	256	-1.23987	9.38407	-1	-1	-1
0	256	-1.0131	8.51541	-1	-1	-1
0	256	1.43411	-9.50272	4570	4638.5	-1
0	256	8.50521	-2.59483	-1	-1	-1
0	256	-8.73964	-3.51334	4793	4889.09	-1
0	256	-2.55795	9.48006	5231	5302.5	-1
0	256	-3.17666	7.60376	2467	2570.41	-1
0	256	-5.15537	-2.72852	132	180.844	-1
0	256	-1.51771	-4.00718	4040	4160.12	-1
0	256	7.12556	-3.59937	-1	-1	-1
0	256	-3.11958	0.0357761	5120	5235.94	-1
0	256	-8.03197	4.15944	-1	-1	-1
0	256	1.25233	7.99022	-1	-1	-1
0	256	6.23952	-0.0333711	-1	-1	-1
0	256	3.45675	4.69671	-1	-1	-1
0	256	-0.60452	4.41609	4492	4604.34	-1
0	256	1.00714	-6.36862	-1	-1	-1
0	256	4.30516	-3.66179	-1	-1	-1
0	256	-6.94121	1.94589	4966	5031.41	-1
0	256	4.22941	1.87525	-1	-1	-1
0	256	-6.69738	7.06671	-1	-1	-1
0	256	-7.28554	-6.65511	-1	-1	-1
0	256	-3.77179	4.71903	-1	-1	-1
0	256	-6.06018	-5.29002	-1	-1	-1
0	256	-3.50154	-3.0022	-1	-1	-1
0	256	4.76189	1.82842	-1	-1	-1
0	256	3.37997	-6.91189	3947	4050.03	-1
0	256	-7.42754	0.608919	-1	-1	-1
0	256	4.1042	0.198289	102	137.781	-1
0	256	1.7113	-9.63562	-1	-1	-1
0	256	-2.08045	8.79809	-1	-1	-1
0	256	3.65401	-6.67415	-1	-1	-1
0	256	2.77993	-4.954	1170	1292.53	-1
0	256	-8.7148	1.98541	-1	-1	-1
0	256	5.54669	3.66219	-1	-1	-1
0	256	2.11887	-8.63862	-1	-1	-1
0	256	7.31364	-6.32489	-1	-1	-1
0	256	-7.25355	-1.4682	583	724.594	-1
0	256	-7.26418	5.47139	-1	-1	-1
0	256	-2.65169	5.12248	-1	-1	-1
0	256	5.95882	6.02679	-1	-1	-1
0	256	0.534346	-9.53592	-1	-1	-1
0	256	-4.92563	-2.9498	4188	4307.91	-1
0	256	-6.43342	4.5906	-1	-1	-1
0	256	-3.22202	5.97402	-1	-1	-1
0	256	-2.95829	2.34065	4476	4604.69	-1
0	256	1.53281	-3.55945	-1	-1	-1
0	256	-6.50609	-6.54738	-1	-1	-1
0	256	6.57395	-0.86239	-1	-1	-1
0	256	-5.89873	0.497183	-1	-1	-1
0	256	-1.26684	-9.40671	-1	-1	-1
0	256	0.0639097	-5.07634	1008	1135.31	-1
0	256	-0.755427	8.80632	-1	-1	-1
0	256	-3.00471	1.9813	-1	-1	-1
0	256	-1.67459	4.77689	-1	-1	-1
0	256	7.55068	-4.62747	2472	2578.91	-1
0	256	-3.54628	4.01029	4150	4300.91	-1
0	256	4.90062	5.09294	3179	3312.75	-1
0	256	-5.45337	-2.99373	245	300.562	-1
0	256	1.69038	3.92026	-1	-1	-1
0	256	-2.49078	-4.96799	-1	-1	-1
0	256	-8.82292	3.46046	-1	-1	-1
0	256	-4.43371	2.10848	-1	-1	-1
0	256	-5.65391	7.23056	-1	-1	-1
0	256	-8.95975	-1.96825	-1	-1	-1
0	256	-7.16514	2.23345	-1	-1	-1
0	256	-2.682	3.21859	-1	-1	-1
0	256	5.67225	-0.0798904	-1	-1	-1
0	256	6.77722	-1.43668	-1	-1	-1
0	256	-7.72	1.84904	-1	-1	-1
0	256	3.7371	3.7189	5308	-1	-1
0	256	2.57474	8.86072	-1	-1	-1
0	256	-8.04603	-5.24441	-1	-1	-1
0	256	1.65097	8.51507	-1	-1	-1
0	256	3.18325	6.12172	-1	-1	-1
0	256	-9.05857	3.94142	3644	3754.56	-1
0	256	-2.98006	8.04845	-1	-1	-1
0	256	6.43759	-1.23136	-1	-1	-1
0	256	1.80174	-8.87116	767	836.812	-1
0	256	-8.08711	0.998673	-1	-1	-1
0	256	5.09471	-5.7971	-1	-1	-1
0	256	-3.22386	3.14018	-1	-1	-1
0	256	7.03402	-6.36307	-1	-1	-1
0	256	4.52234	-8.45343	-1	-1	-1
0	256	7.05326	5.62268	-1	-1	-1
0	256	4.25657	3.94359	-1	-1	-1
0	256	0.662466	-7.79889	-1	-1	-1
0	256	4.62858	2.4675	-1	-1	-1
0	256	-9.37789	-3.98812	5232	5334.75	-1
0	256	-6.31628	-3.64286	-1	-1	-1
0	256	-8.22912	-4.16531	-1	-1	-1
0	256	3.1303	-5.34344	-1	-1	-1
0	256	4.52196	2.71409	4437	4555.66	-1
0	256	-1.47484	1.4069	303	469.656	-1
0	256	0.596071	-9.08859	2175	2246.41	-1
0	256	0.153859	-8.3439	-1	-1	-1
0	256	6.85247	-4.32651	-1	-1	-1
0	256	5.62554	-2.22599	1611	1721.75	-1
0	256	8.41571	-4.87556	-1	-1	-1
0	256	-2.47677	3.67493	-1	-1	-1
0	256	-5.54618	1.76696	-1	-1	-1
0	256	-5.123	-7.1425	5132	5242.31	-1
0	256	7.12483	0.579968	-1	-1	-1
0	256	1.58835	4.15445	-1	-1	-1
0	256	5.26747	-6.9036	-1	-1	-1
0	256	-4.28471	7.6307	1617	1686.06	-1
0	256	2.79974	-7.60676	-1	-1	-1
0	256	4.83193	7.18867	-1	-1	-1
0	256	-1.59716	-6.65274	-1	-1	-1
0	256	-1.09437	-8.77994	-1	-1	-1
0	256	0.11525	7.0521	-1	-1	-1
0	256	-7.22788	4.94124	-1	-1	-1
0	256	0.174126	1.30785	22	75.4688	-1
0	256	9.17733	-3.94892	-1	-1	-1
0	256	6.76198	-0.0056317	-1	-1	-1
0	256	7.59172	-1.05886	-1	-1	-1
0	256	6.30839	-0.732193	-1	-1	-1
0	256	-1.81692	-3.47198	1305	1437.06	-1
0	256	0.503464	-8.39384	-1	-1	-1
0	256	-6.65198	5.75153	4211	4343.16	-1
0	256	-6.41143	5.64111	-1	-1	-1
0	256	0.176295	4.03689	2668	2712.16	-1
0	256	7.50477	1.60573	-1	-1	-1
0	256	-6.40372	4.77497	-1	-1	-1
0	256	8.98091	-1.15403	-1	-1	-1
0	256	5.10637	-6.3364	-1	-1	-1
0	256	7.98461	1.48804	-1	-1	-1
0	256	-3.64962	3.37946	-1	-1	-1
0	256	-6.32415	4.47181	-1	-1	-1
0	256	0.0576795	-6.87323	-1	-1	-1
0	256	6.50071	-7.9491	-1	-1	-1
0	256	-2.41793	6.54696	-1	-1	-1
0	256	6.7628	1.26404	-1	-1	-1
0	256	-6.74188	0.499466	-1	-1	-1
0	256	4.1895	3.22718	4461	4590.75	-1
0	256	-5.6106	9.06927	-1	-1	-1
0	256	-1.77007	7.05504	-1	-1	-1
0	256	2.6362	-3.3042	-1	-1	-1
0	256	-3.34346	1.08352	-1	-1	-1
0	256	5.75744	5.67578	-1	-1	-1
0	256	-7.49654	0.365947	-1	-1	-1
0	256	-7.29	-3.2475	-1	-1	-1
0	256	4.67173	-8.08663	-1	-1	-1
0	256	-3.93993	4.19204	-1	-1	-1
0	256	-6.67336	1.1874	-1	-1	-1
0	256	0.65182	-6.27054	-1	-1	-1
0	256	9.18936	2.10262	-1	-1	-1
0	256	-7.10135	6.934	4474	4596.19	-1
0	256	4.06382	5.54561	-1	-1	-1
0	256	-3.23176	-8.76169	-1	-1	-1
0	256	4.00909	-5.74059	3075	3135.34	-1
0	256	-1.65925	-6.83359	-1	-1	-1
0	256	6.39217	-2.90249	-1	-1	-1
0	256	7.4472	2.63119	-1	-1	-1
0	256	-5.83911	3.77158	-1	-1	-1
0	256	-0.387374	-4.74696	4144	4254.41	-1
0	256	-3.20003	8.17688	-1	-1	-1
0	256	8.44299	3.84864	-1	-1	-1
0	256	2.65962	-0.258927	78	105.531	-1
0	256	-4.74561	7.96668	1236	1316	-1
0	256	-3.6886	-7.69431	-1	-1	-1
0	256	4.32568	5.50054	-1	-1	-1
0	256	-2.18519	6.2715	-1	-1	-1
0	256	-5.27479	7.697	-1	-1	-1
0	256	-5.91045	2.52144	-1	-1	-1
0	256	-7.08607	-0.268438	-1	-1	-1
0	256	2.37314	-3.54005	349	494.281	-1
0	256	-3.24646	2.82546	-1	-1	-1
0	256	-7.94856	4.38883	-1	-1	-1
0	256	4.73652	5.642	-1	-1	-1
0	256	-1.43921	7.44995	-1	-1	-1
0	256	-4.58451	7.95471	1392	1463.88	-1
0	256	5.63004	5.18823	-1	-1	-1
0	256	0.61797	-7.63085	-1	-1	-1
0	256	-2.19308	9.50166	-1	-1	-1
0	256	5.85517	-2.52256	4423	4537.5	-1
0	256	-3.6822	-7.87203	-1	-1	-1
