Pile ID	Distribution Type	X-Position	Y-Position	Pickup Time	Drop Off Time	Ant ID
1	1	6.48663	-4.47164	-1	-1	-1
1	1	6.63663	-4.47164	-1	-1	-1
1	1	6.78663	-4.47164	-1	-1	-1
1	1	6.93663	-4.47164	-1	-1	-1
1	1	7.08663	-4.47164	-1	-1	-1
1	1	7.23663	-4.47164	-1	-1	-1
1	1	7.38663	-4.47164	-1	-1	-1
1	1	7.53663	-4.47164	-1	-1	-1
1	1	7.68663	-4.47164	-1	-1	-1
1	1	7.83663	-4.47164	-1	-1	-1
1	1	7.98663	-4.47164	-1	-1	-1
1	1	8.13663	-4.47164	-1	-1	-1
1	1	8.28663	-4.47164	-1	-1	-1
1	1	8.43663	-4.47164	-1	-1	-1
1	1	8.58663	-4.47164	-1	-1	-1
1	1	8.73663	-4.47164	-1	-1	-1
1	1	6.48663	-4.32164	-1	-1	-1
1	1	6.63663	-4.32164	-1	-1	-1
1	1	6.78663	-4.32164	-1	-1	-1
1	1	6.93663	-4.32164	-1	-1	-1
1	1	7.08663	-4.32164	-1	-1	-1
1	1	7.23663	-4.32164	-1	-1	-1
1	1	7.38663	-4.32164	-1	-1	-1
1	1	7.53663	-4.32164	-1	-1	-1
1	1	7.68663	-4.32164	-1	-1	-1
1	1	7.83663	-4.32164	-1	-1	-1
1	1	7.98663	-4.32164	-1	-1	-1
1	1	8.13663	-4.32164	-1	-1	-1
1	1	8.28663	-4.32164	-1	-1	-1
1	1	8.43663	-4.32164	-1	-1	-1
1	1	8.58663	-4.32164	-1	-1	-1
1	1	8.73663	-4.32164	4591	4669.38	-1
1	1	6.48663	-4.17164	-1	-1	-1
1	1	6.63663	-4.17164	-1	-1	-1
1	1	6.78663	-4.17164	-1	-1	-1
1	1	6.93663	-4.17164	-1	-1	-1
1	1	7.08663	-4.17164	-1	-1	-1
1	1	7.23663	-4.17164	-1	-1	-1
1	1	7.38663	-4.17164	-1	-1	-1
1	1	7.53663	-4.17164	-1	-1	-1
1	1	7.68663	-4.17164	-1	-1	-1
1	1	7.83663	-4.17164	-1	-1	-1
1	1	7.98663	-4.17164	-1	-1	-1
1	1	8.13663	-4.17164	-1	-1	-1
1	1	8.28663	-4.17164	-1	-1	-1
1	1	8.43663	-4.17164	-1	-1	-1
1	1	8.58663	-4.17164	5065	5138.22	-1
1	1	8.73663	-4.17164	4739	4820.06	-1
1	1	6.48663	-4.02164	-1	-1	-1
1	1	6.63663	-4.02164	-1	-1	-1
1	1	6.78663	-4.02164	-1	-1	-1
1	1	6.93663	-4.02164	-1	-1	-1
1	1	7.08663	-4.02164	-1	-1	-1
1	1	7.23663	-4.02164	-1	-1	-1
1	1	7.38663	-4.02164	-1	-1	-1
1	1	7.53663	-4.02164	-1	-1	-1
1	1	7.68663	-4.02164	-1	-1	-1
1	1	7.83663	-4.02164	-1	-1	-1
1	1	7.98663	-4.02164	-1	-1	-1
1	1	8.13663	-4.02164	-1	-1	-1
1	1	8.28663	-4.02164	-1	-1	-1
1	1	8.43663	-4.02164	-1	-1	-1
1	1	8.58663	-4.02164	5049	5129.97	-1
1	1	8.73663	-4.02164	4901	4978.72	-1
1	1	6.48663	-3.87164	-1	-1	-1
1	1	6.63663	-3.87164	-1	-1	-1
1	1	6.78663	-3.87164	-1	-1	-1
1	1	6.93663	-3.87164	-1	-1	-1
1	1	7.08663	-3.87164	-1	-1	-1
1	1	7.23663	-3.87164	-1	-1	-1
1	1	7.38663	-3.87164	-1	-1	-1
1	1	7.53663	-3.87164	-1	-1	-1
1	1	7.68663	-3.87164	-1	-1	-1
1	1	7.83663	-3.87164	-1	-1	-1
1	1	7.98663	-3.87164	-1	-1	-1
1	1	8.13663	-3.87164	-1	-1	-1
1	1	8.28663	-3.87164	-1	-1	-1
1	1	8.43663	-3.87164	-1	-1	-1
1	1	8.58663	-3.87164	-1	-1	-1
1	1	8.73663	-3.87164	-1	-1	-1
1	1	6.48663	-3.72164	-1	-1	-1
1	1	6.63663	-3.72164	-1	-1	-1
1	1	6.78663	-3.72164	-1	-1	-1
1	1	6.93663	-3.72164	-1	-1	-1
1	1	7.08663	-3.72164	-1	-1	-1
1	1	7.23663	-3.72164	-1	-1	-1
1	1	7.38663	-3.72164	-1	-1	-1
1	1	7.53663	-3.72164	-1	-1	-1
1	1	7.68663	-3.72164	-1	-1	-1
1	1	7.83663	-3.72164	-1	-1	-1
1	1	7.98663	-3.72164	-1	-1	-1
1	1	8.13663	-3.72164	-1	-1	-1
1	1	8.28663	-3.72164	-1	-1	-1
1	1	8.43663	-3.72164	-1	-1	-1
1	1	8.58663	-3.72164	-1	-1	-1
1	1	8.73663	-3.72164	-1	-1	-1
1	1	6.48663	-3.57164	-1	-1	-1
1	1	6.63663	-3.57164	-1	-1	-1
1	1	6.78663	-3.57164	-1	-1	-1
1	1	6.93663	-3.57164	-1	-1	-1
1	1	7.08663	-3.57164	-1	-1	-1
1	1	7.23663	-3.57164	-1	-1	-1
1	1	7.38663	-3.57164	-1	-1	-1
1	1	7.53663	-3.57164	-1	-1	-1
1	1	7.68663	-3.57164	-1	-1	-1
1	1	7.83663	-3.57164	-1	-1	-1
1	1	7.98663	-3.57164	-1	-1	-1
1	1	8.13663	-3.57164	-1	-1	-1
1	1	8.28663	-3.57164	-1	-1	-1
1	1	8.43663	-3.57164	-1	-1	-1
1	1	8.58663	-3.57164	-1	-1	-1
1	1	8.73663	-3.57164	-1	-1	-1
1	1	6.48663	-3.42164	-1	-1	-1
1	1	6.63663	-3.42164	-1	-1	-1
1	1	6.78663	-3.42164	-1	-1	-1
1	1	6.93663	-3.42164	-1	-1	-1
1	1	7.08663	-3.42164	-1	-1	-1
1	1	7.23663	-3.42164	-1	-1	-1
1	1	7.38663	-3.42164	-1	-1	-1
1	1	7.53663	-3.42164	-1	-1	-1
1	1	7.68663	-3.42164	-1	-1	-1
1	1	7.83663	-3.42164	-1	-1	-1
1	1	7.98663	-3.42164	-1	-1	-1
1	1	8.13663	-3.42164	-1	-1	-1
1	1	8.28663	-3.42164	-1	-1	-1
1	1	8.43663	-3.42164	-1	-1	-1
1	1	8.58663	-3.42164	-1	-1	-1
1	1	8.73663	-3.42164	-1	-1	-1
1	1	6.48663	-3.27164	4906	4959.88	-1
1	1	6.63663	-3.27164	-1	-1	-1
1	1	6.78663	-3.27164	-1	-1	-1
1	1	6.93663	-3.27164	-1	-1	-1
1	1	7.08663	-3.27164	-1	-1	-1
1	1	7.23663	-3.27164	-1	-1	-1
1	1	7.38663	-3.27164	-1	-1	-1
1	1	7.53663	-3.27164	-1	-1	-1
1	1	7.68663	-3.27164	-1	-1	-1
1	1	7.83663	-3.27164	-1	-1	-1
1	1	7.98663	-3.27164	-1	-1	-1
1	1	8.13663	-3.27164	-1	-1	-1
1	1	8.28663	-3.27164	-1	-1	-1
1	1	8.43663	-3.27164	-1	-1	-1
1	1	8.58663	-3.27164	-1	-1	-1
1	1	8.73663	-3.27164	-1	-1	-1
1	1	6.48663	-3.12164	4673	4784	-1
1	1	6.63663	-3.12164	-1	-1	-1
1	1	6.78663	-3.12164	-1	-1	-1
1	1	6.93663	-3.12164	-1	-1	-1
1	1	7.08663	-3.12164	-1	-1	-1
1	1	7.23663	-3.12164	-1	-1	-1
1	1	7.38663	-3.12164	-1	-1	-1
1	1	7.53663	-3.12164	-1	-1	-1
1	1	7.68663	-3.12164	-1	-1	-1
1	1	7.83663	-3.12164	-1	-1	-1
1	1	7.98663	-3.12164	-1	-1	-1
1	1	8.13663	-3.12164	-1	-1	-1
1	1	8.28663	-3.12164	-1	-1	-1
1	1	8.43663	-3.12164	-1	-1	-1
1	1	8.58663	-3.12164	-1	-1	-1
1	1	8.73663	-3.12164	-1	-1	-1
1	1	6.48663	-2.97164	-1	-1	-1
1	1	6.63663	-2.97164	-1	-1	-1
1	1	6.78663	-2.97164	-1	-1	-1
1	1	6.93663	-2.97164	-1	-1	-1
1	1	7.08663	-2.97164	-1	-1	-1
1	1	7.23663	-2.97164	-1	-1	-1
1	1	7.38663	-2.97164	-1	-1	-1
1	1	7.53663	-2.97164	-1	-1	-1
1	1	7.68663	-2.97164	-1	-1	-1
1	1	7.83663	-2.97164	-1	-1	-1
1	1	7.98663	-2.97164	-1	-1	-1
1	1	8.13663	-2.97164	-1	-1	-1
1	1	8.28663	-2.97164	-1	-1	-1
1	1	8.43663	-2.97164	-1	-1	-1
1	1	8.58663	-2.97164	-1	-1	-1
1	1	8.73663	-2.97164	-1	-1	-1
1	1	6.48663	-2.82164	-1	-1	-1
1	1	6.63663	-2.82164	-1	-1	-1
1	1	6.78663	-2.82164	-1	-1	-1
1	1	6.93663	-2.82164	-1	-1	-1
1	1	7.08663	-2.82164	-1	-1	-1
1	1	7.23663	-2.82164	-1	-1	-1
1	1	7.38663	-2.82164	-1	-1	-1
1	1	7.53663	-2.82164	-1	-1	-1
1	1	7.68663	-2.82164	-1	-1	-1
1	1	7.83663	-2.82164	-1	-1	-1
1	1	7.98663	-2.82164	-1	-1	-1
1	1	8.13663	-2.82164	-1	-1	-1
1	1	8.28663	-2.82164	-1	-1	-1
1	1	8.43663	-2.82164	-1	-1	-1
1	1	8.58663	-2.82164	-1	-1	-1
1	1	8.73663	-2.82164	-1	-1	-1
1	1	6.48663	-2.67164	-1	-1	-1
1	1	6.63663	-2.67164	-1	-1	-1
1	1	6.78663	-2.67164	-1	-1	-1
1	1	6.93663	-2.67164	-1	-1	-1
1	1	7.08663	-2.67164	-1	-1	-1
1	1	7.23663	-2.67164	-1	-1	-1
1	1	7.38663	-2.67164	-1	-1	-1
1	1	7.53663	-2.67164	-1	-1	-1
1	1	7.68663	-2.67164	-1	-1	-1
1	1	7.83663	-2.67164	-1	-1	-1
1	1	7.98663	-2.67164	-1	-1	-1
1	1	8.13663	-2.67164	-1	-1	-1
1	1	8.28663	-2.67164	-1	-1	-1
1	1	8.43663	-2.67164	-1	-1	-1
1	1	8.58663	-2.67164	-1	-1	-1
1	1	8.73663	-2.67164	-1	-1	-1
1	1	6.48663	-2.52164	-1	-1	-1
1	1	6.63663	-2.52164	-1	-1	-1
1	1	6.78663	-2.52164	-1	-1	-1
1	1	6.93663	-2.52164	-1	-1	-1
1	1	7.08663	-2.52164	-1	-1	-1
1	1	7.23663	-2.52164	-1	-1	-1
1	1	7.38663	-2.52164	-1	-1	-1
1	1	7.53663	-2.52164	-1	-1	-1
1	1	7.68663	-2.52164	-1	-1	-1
1	1	7.83663	-2.52164	-1	-1	-1
1	1	7.98663	-2.52164	-1	-1	-1
1	1	8.13663	-2.52164	-1	-1	-1
1	1	8.28663	-2.52164	-1	-1	-1
1	1	8.43663	-2.52164	-1	-1	-1
1	1	8.58663	-2.52164	-1	-1	-1
1	1	8.73663	-2.52164	-1	-1	-1
1	1	6.48663	-2.37164	-1	-1	-1
1	1	6.63663	-2.37164	-1	-1	-1
1	1	6.78663	-2.37164	-1	-1	-1
1	1	6.93663	-2.37164	-1	-1	-1
1	1	7.08663	-2.37164	-1	-1	-1
1	1	7.23663	-2.37164	-1	-1	-1
1	1	7.38663	-2.37164	-1	-1	-1
1	1	7.53663	-2.37164	-1	-1	-1
1	1	7.68663	-2.37164	-1	-1	-1
1	1	7.83663	-2.37164	-1	-1	-1
1	1	7.98663	-2.37164	-1	-1	-1
1	1	8.13663	-2.37164	-1	-1	-1
1	1	8.28663	-2.37164	-1	-1	-1
1	1	8.43663	-2.37164	-1	-1	-1
1	1	8.58663	-2.37164	-1	-1	-1
1	1	8.73663	-2.37164	-1	-1	-1
1	1	6.48663	-2.22164	-1	-1	-1
1	1	6.63663	-2.22164	-1	-1	-1
1	1	6.78663	-2.22164	-1	-1	-1
1	1	6.93663	-2.22164	-1	-1	-1
1	1	7.08663	-2.22164	-1	-1	-1
1	1	7.23663	-2.22164	-1	-1	-1
1	1	7.38663	-2.22164	-1	-1	-1
1	1	7.53663	-2.22164	-1	-1	-1
1	1	7.68663	-2.22164	-1	-1	-1
1	1	7.83663	-2.22164	-1	-1	-1
1	1	7.98663	-2.22164	-1	-1	-1
1	1	8.13663	-2.22164	-1	-1	-1
1	1	8.28663	-2.22164	-1	-1	-1
1	1	8.43663	-2.22164	-1	-1	-1
1	1	8.58663	-2.22164	-1	-1	-1
1	1	8.73663	-2.22164	-1	-1	-1
2	4	1.5679	-5.60214	-1	-1	-1
2	4	1.7179	-5.60214	-1	-1	-1
2	4	1.8679	-5.60214	-1	-1	-1
2	4	2.0179	-5.60214	-1	-1	-1
2	4	2.1679	-5.60214	-1	-1	-1
2	4	2.3179	-5.60214	-1	-1	-1
2	4	2.4679	-5.60214	-1	-1	-1
2	4	2.6179	-5.60214	-1	-1	-1
2	4	1.5679	-5.45214	-1	-1	-1
2	4	1.7179	-5.45214	-1	-1	-1
2	4	1.8679	-5.45214	-1	-1	-1
2	4	2.0179	-5.45214	-1	-1	-1
2	4	2.1679	-5.45214	-1	-1	-1
2	4	2.3179	-5.45214	-1	-1	-1
2	4	2.4679	-5.45214	-1	-1	-1
2	4	2.6179	-5.45214	-1	-1	-1
2	4	1.5679	-5.30214	-1	-1	-1
2	4	1.7179	-5.30214	-1	-1	-1
2	4	1.8679	-5.30214	-1	-1	-1
2	4	2.0179	-5.30214	-1	-1	-1
2	4	2.1679	-5.30214	-1	-1	-1
2	4	2.3179	-5.30214	-1	-1	-1
2	4	2.4679	-5.30214	-1	-1	-1
2	4	2.6179	-5.30214	-1	-1	-1
2	4	1.5679	-5.15214	-1	-1	-1
2	4	1.7179	-5.15214	-1	-1	-1
2	4	1.8679	-5.15214	-1	-1	-1
2	4	2.0179	-5.15214	-1	-1	-1
2	4	2.1679	-5.15214	-1	-1	-1
2	4	2.3179	-5.15214	-1	-1	-1
2	4	2.4679	-5.15214	-1	-1	-1
2	4	2.6179	-5.15214	-1	-1	-1
2	4	1.5679	-5.00214	-1	-1	-1
2	4	1.7179	-5.00214	-1	-1	-1
2	4	1.8679	-5.00214	-1	-1	-1
2	4	2.0179	-5.00214	-1	-1	-1
2	4	2.1679	-5.00214	-1	-1	-1
2	4	2.3179	-5.00214	-1	-1	-1
2	4	2.4679	-5.00214	-1	-1	-1
2	4	2.6179	-5.00214	-1	-1	-1
2	4	1.5679	-4.85214	-1	-1	-1
2	4	1.7179	-4.85214	-1	-1	-1
2	4	1.8679	-4.85214	-1	-1	-1
2	4	2.0179	-4.85214	-1	-1	-1
2	4	2.1679	-4.85214	-1	-1	-1
2	4	2.3179	-4.85214	-1	-1	-1
2	4	2.4679	-4.85214	-1	-1	-1
2	4	2.6179	-4.85214	-1	-1	-1
2	4	1.5679	-4.70214	-1	-1	-1
2	4	1.7179	-4.70214	-1	-1	-1
2	4	1.8679	-4.70214	3098	3154.5	-1
2	4	2.0179	-4.70214	3196	3238.31	-1
2	4	2.1679	-4.70214	2758	2818.44	-1
2	4	2.3179	-4.70214	4089	4213.34	-1
2	4	2.4679	-4.70214	-1	-1	-1
2	4	2.6179	-4.70214	-1	-1	-1
2	4	1.5679	-4.55214	-1	-1	-1
2	4	1.7179	-4.55214	-1	-1	-1
2	4	1.8679	-4.55214	2996	3043.75	-1
2	4	2.0179	-4.55214	2892	2942.53	-1
2	4	2.1679	-4.55214	2635	2679.5	-1
2	4	2.3179	-4.55214	2476	2598.34	-1
2	4	2.4679	-4.55214	1572	1685.97	-1
2	4	2.6179	-4.55214	-1	-1	-1
3	4	-2.88483	6.27401	-1	-1	-1
3	4	-2.73483	6.27401	-1	-1	-1
3	4	-2.58483	6.27401	-1	-1	-1
3	4	-2.43483	6.27401	-1	-1	-1
3	4	-2.28483	6.27401	-1	-1	-1
3	4	-2.13483	6.27401	3406	3516.66	-1
3	4	-1.98483	6.27401	3786	3885.75	-1
3	4	-1.83483	6.27401	3932	3981.91	-1
3	4	-2.88483	6.42401	-1	-1	-1
3	4	-2.73483	6.42401	-1	-1	-1
3	4	-2.58483	6.42401	-1	-1	-1
3	4	-2.43483	6.42401	-1	-1	-1
3	4	-2.28483	6.42401	-1	-1	-1
3	4	-2.13483	6.42401	-1	-1	-1
3	4	-1.98483	6.42401	-1	-1	-1
3	4	-1.83483	6.42401	-1	-1	-1
3	4	-2.88483	6.57401	-1	-1	-1
3	4	-2.73483	6.57401	-1	-1	-1
3	4	-2.58483	6.57401	-1	-1	-1
3	4	-2.43483	6.57401	-1	-1	-1
3	4	-2.28483	6.57401	-1	-1	-1
3	4	-2.13483	6.57401	-1	-1	-1
3	4	-1.98483	6.57401	-1	-1	-1
3	4	-1.83483	6.57401	-1	-1	-1
3	4	-2.88483	6.72401	-1	-1	-1
3	4	-2.73483	6.72401	-1	-1	-1
3	4	-2.58483	6.72401	-1	-1	-1
3	4	-2.43483	6.72401	-1	-1	-1
3	4	-2.28483	6.72401	-1	-1	-1
3	4	-2.13483	6.72401	-1	-1	-1
3	4	-1.98483	6.72401	-1	-1	-1
3	4	-1.83483	6.72401	-1	-1	-1
3	4	-2.88483	6.87401	-1	-1	-1
3	4	-2.73483	6.87401	-1	-1	-1
3	4	-2.58483	6.87401	-1	-1	-1
3	4	-2.43483	6.87401	-1	-1	-1
3	4	-2.28483	6.87401	-1	-1	-1
3	4	-2.13483	6.87401	-1	-1	-1
3	4	-1.98483	6.87401	-1	-1	-1
3	4	-1.83483	6.87401	-1	-1	-1
3	4	-2.88483	7.02401	-1	-1	-1
3	4	-2.73483	7.02401	-1	-1	-1
3	4	-2.58483	7.02401	-1	-1	-1
3	4	-2.43483	7.02401	-1	-1	-1
3	4	-2.28483	7.02401	-1	-1	-1
3	4	-2.13483	7.02401	-1	-1	-1
3	4	-1.98483	7.02401	-1	-1	-1
3	4	-1.83483	7.02401	-1	-1	-1
3	4	-2.88483	7.17401	-1	-1	-1
3	4	-2.73483	7.17401	-1	-1	-1
3	4	-2.58483	7.17401	-1	-1	-1
3	4	-2.43483	7.17401	-1	-1	-1
3	4	-2.28483	7.17401	-1	-1	-1
3	4	-2.13483	7.17401	-1	-1	-1
3	4	-1.98483	7.17401	-1	-1	-1
3	4	-1.83483	7.17401	-1	-1	-1
3	4	-2.88483	7.32401	-1	-1	-1
3	4	-2.73483	7.32401	-1	-1	-1
3	4	-2.58483	7.32401	-1	-1	-1
3	4	-2.43483	7.32401	-1	-1	-1
3	4	-2.28483	7.32401	-1	-1	-1
3	4	-2.13483	7.32401	-1	-1	-1
3	4	-1.98483	7.32401	-1	-1	-1
3	4	-1.83483	7.32401	-1	-1	-1
4	4	4.16166	-2.68892	1954	2036.41	-1
4	4	4.31166	-2.68892	2176	2251.22	-1
4	4	4.46166	-2.68892	2335	2396.53	-1
4	4	4.61166	-2.68892	2448	2499.91	-1
4	4	4.76166	-2.68892	-1	-1	-1
4	4	4.91166	-2.68892	-1	-1	-1
4	4	5.06166	-2.68892	-1	-1	-1
4	4	5.21166	-2.68892	-1	-1	-1
4	4	4.16166	-2.53892	1864	1915.78	-1
4	4	4.31166	-2.53892	2093	2140.38	-1
4	4	4.46166	-2.53892	2238	2286.75	-1
4	4	4.61166	-2.53892	-1	-1	-1
4	4	4.76166	-2.53892	-1	-1	-1
4	4	4.91166	-2.53892	-1	-1	-1
4	4	5.06166	-2.53892	-1	-1	-1
4	4	5.21166	-2.53892	-1	-1	-1
4	4	4.16166	-2.38892	1675	1816.91	-1
4	4	4.31166	-2.38892	1712	1813.84	-1
4	4	4.46166	-2.38892	3269	3399.44	-1
4	4	4.61166	-2.38892	-1	-1	-1
4	4	4.76166	-2.38892	-1	-1	-1
4	4	4.91166	-2.38892	-1	-1	-1
4	4	5.06166	-2.38892	-1	-1	-1
4	4	5.21166	-2.38892	-1	-1	-1
4	4	4.16166	-2.23892	431	467.406	-1
4	4	4.31166	-2.23892	609	659.625	-1
4	4	4.46166	-2.23892	-1	-1	-1
4	4	4.61166	-2.23892	-1	-1	-1
4	4	4.76166	-2.23892	-1	-1	-1
4	4	4.91166	-2.23892	-1	-1	-1
4	4	5.06166	-2.23892	-1	-1	-1
4	4	5.21166	-2.23892	-1	-1	-1
4	4	4.16166	-2.08892	528	564.844	-1
4	4	4.31166	-2.08892	1964	2008.78	-1
4	4	4.46166	-2.08892	-1	-1	-1
4	4	4.61166	-2.08892	-1	-1	-1
4	4	4.76166	-2.08892	-1	-1	-1
4	4	4.91166	-2.08892	-1	-1	-1
4	4	5.06166	-2.08892	-1	-1	-1
4	4	5.21166	-2.08892	-1	-1	-1
4	4	4.16166	-1.93892	-1	-1	-1
4	4	4.31166	-1.93892	-1	-1	-1
4	4	4.46166	-1.93892	-1	-1	-1
4	4	4.61166	-1.93892	-1	-1	-1
4	4	4.76166	-1.93892	-1	-1	-1
4	4	4.91166	-1.93892	-1	-1	-1
4	4	5.06166	-1.93892	-1	-1	-1
4	4	5.21166	-1.93892	-1	-1	-1
4	4	4.16166	-1.78892	-1	-1	-1
4	4	4.31166	-1.78892	-1	-1	-1
4	4	4.46166	-1.78892	-1	-1	-1
4	4	4.61166	-1.78892	-1	-1	-1
4	4	4.76166	-1.78892	-1	-1	-1
4	4	4.91166	-1.78892	-1	-1	-1
4	4	5.06166	-1.78892	-1	-1	-1
4	4	5.21166	-1.78892	-1	-1	-1
4	4	4.16166	-1.63892	-1	-1	-1
4	4	4.31166	-1.63892	-1	-1	-1
4	4	4.46166	-1.63892	-1	-1	-1
4	4	4.61166	-1.63892	-1	-1	-1
4	4	4.76166	-1.63892	-1	-1	-1
4	4	4.91166	-1.63892	-1	-1	-1
4	4	5.06166	-1.63892	-1	-1	-1
4	4	5.21166	-1.63892	4124	4234.75	-1
5	4	5.61235	3.9417	-1	-1	-1
5	4	5.76235	3.9417	-1	-1	-1
5	4	5.91235	3.9417	-1	-1	-1
5	4	6.06235	3.9417	-1	-1	-1
5	4	6.21235	3.9417	-1	-1	-1
5	4	6.36235	3.9417	-1	-1	-1
5	4	6.51235	3.9417	-1	-1	-1
5	4	6.66235	3.9417	-1	-1	-1
5	4	5.61235	4.0917	-1	-1	-1
5	4	5.76235	4.0917	-1	-1	-1
5	4	5.91235	4.0917	-1	-1	-1
5	4	6.06235	4.0917	-1	-1	-1
5	4	6.21235	4.0917	-1	-1	-1
5	4	6.36235	4.0917	-1	-1	-1
5	4	6.51235	4.0917	-1	-1	-1
5	4	6.66235	4.0917	-1	-1	-1
5	4	5.61235	4.2417	-1	-1	-1
5	4	5.76235	4.2417	-1	-1	-1
5	4	5.91235	4.2417	-1	-1	-1
5	4	6.06235	4.2417	-1	-1	-1
5	4	6.21235	4.2417	-1	-1	-1
5	4	6.36235	4.2417	-1	-1	-1
5	4	6.51235	4.2417	-1	-1	-1
5	4	6.66235	4.2417	-1	-1	-1
5	4	5.61235	4.3917	-1	-1	-1
5	4	5.76235	4.3917	-1	-1	-1
5	4	5.91235	4.3917	-1	-1	-1
5	4	6.06235	4.3917	-1	-1	-1
5	4	6.21235	4.3917	-1	-1	-1
5	4	6.36235	4.3917	-1	-1	-1
5	4	6.51235	4.3917	-1	-1	-1
5	4	6.66235	4.3917	-1	-1	-1
5	4	5.61235	4.5417	2747	2881.69	-1
5	4	5.76235	4.5417	-1	-1	-1
5	4	5.91235	4.5417	-1	-1	-1
5	4	6.06235	4.5417	-1	-1	-1
5	4	6.21235	4.5417	-1	-1	-1
5	4	6.36235	4.5417	-1	-1	-1
5	4	6.51235	4.5417	-1	-1	-1
5	4	6.66235	4.5417	-1	-1	-1
5	4	5.61235	4.6917	-1	-1	-1
5	4	5.76235	4.6917	-1	-1	-1
5	4	5.91235	4.6917	-1	-1	-1
5	4	6.06235	4.6917	-1	-1	-1
5	4	6.21235	4.6917	-1	-1	-1
5	4	6.36235	4.6917	-1	-1	-1
5	4	6.51235	4.6917	-1	-1	-1
5	4	6.66235	4.6917	-1	-1	-1
5	4	5.61235	4.8417	-1	-1	-1
5	4	5.76235	4.8417	-1	-1	-1
5	4	5.91235	4.8417	-1	-1	-1
5	4	6.06235	4.8417	-1	-1	-1
5	4	6.21235	4.8417	-1	-1	-1
5	4	6.36235	4.8417	-1	-1	-1
5	4	6.51235	4.8417	-1	-1	-1
5	4	6.66235	4.8417	-1	-1	-1
5	4	5.61235	4.9917	4929	5062.94	-1
5	4	5.76235	4.9917	-1	-1	-1
5	4	5.91235	4.9917	-1	-1	-1
5	4	6.06235	4.9917	-1	-1	-1
5	4	6.21235	4.9917	-1	-1	-1
5	4	6.36235	4.9917	-1	-1	-1
5	4	6.51235	4.9917	-1	-1	-1
5	4	6.66235	4.9917	-1	-1	-1
6	16	-1.84652	-3.42652	-1	-1	-1
6	16	-1.69652	-3.42652	-1	-1	-1
6	16	-1.54652	-3.42652	-1	-1	-1
6	16	-1.39652	-3.42652	-1	-1	-1
6	16	-1.84652	-3.27652	-1	-1	-1
6	16	-1.69652	-3.27652	-1	-1	-1
6	16	-1.54652	-3.27652	-1	-1	-1
6	16	-1.39652	-3.27652	-1	-1	-1
6	16	-1.84652	-3.12652	-1	-1	-1
6	16	-1.69652	-3.12652	-1	-1	-1
6	16	-1.54652	-3.12652	-1	-1	-1
6	16	-1.39652	-3.12652	-1	-1	-1
6	16	-1.84652	-2.97652	-1	-1	-1
6	16	-1.69652	-2.97652	4716	4855.59	-1
6	16	-1.54652	-2.97652	4886	4920.31	-1
6	16	-1.39652	-2.97652	-1	-1	-1
7	16	-7.00831	-0.254511	-1	-1	-1
7	16	-6.85831	-0.254511	5161	5220.41	-1
7	16	-6.70831	-0.254511	5338	5386.5	-1
7	16	-6.55831	-0.254511	4197	4319.38	-1
7	16	-7.00831	-0.104511	-1	-1	-1
7	16	-6.85831	-0.104511	5016	5084.66	-1
7	16	-6.70831	-0.104511	4898	4948.16	-1
7	16	-6.55831	-0.104511	4506	4555.72	-1
7	16	-7.00831	0.0454892	5393	-1	-1
7	16	-6.85831	0.0454892	4913	4966.31	-1
7	16	-6.70831	0.0454892	4650	4702.38	-1
7	16	-6.55831	0.0454892	4619	4674.34	-1
7	16	-7.00831	0.195489	-1	-1	-1
7	16	-6.85831	0.195489	5283	5336.56	-1
7	16	-6.70831	0.195489	4779	4828.84	-1
7	16	-6.55831	0.195489	4753	4807.59	-1
8	16	7.02817	-0.977901	-1	-1	-1
8	16	7.17817	-0.977901	-1	-1	-1
8	16	7.32817	-0.977901	-1	-1	-1
8	16	7.47817	-0.977901	-1	-1	-1
8	16	7.02817	-0.827901	-1	-1	-1
8	16	7.17817	-0.827901	-1	-1	-1
8	16	7.32817	-0.827901	-1	-1	-1
8	16	7.47817	-0.827901	-1	-1	-1
8	16	7.02817	-0.677901	-1	-1	-1
8	16	7.17817	-0.677901	-1	-1	-1
8	16	7.32817	-0.677901	-1	-1	-1
8	16	7.47817	-0.677901	-1	-1	-1
8	16	7.02817	-0.527901	-1	-1	-1
8	16	7.17817	-0.527901	-1	-1	-1
8	16	7.32817	-0.527901	-1	-1	-1
8	16	7.47817	-0.527901	-1	-1	-1
9	16	3.24091	-0.707973	2245	2274.69	-1
9	16	3.39091	-0.707973	-1	-1	-1
9	16	3.54091	-0.707973	1754	1789.25	-1
9	16	3.69091	-0.707973	1863	1901.94	-1
9	16	3.24091	-0.557973	-1	-1	-1
9	16	3.39091	-0.557973	-1	-1	-1
9	16	3.54091	-0.557973	1496	1615	-1
9	16	3.69091	-0.557973	1644	1688.5	-1
9	16	3.24091	-0.407973	-1	-1	-1
9	16	3.39091	-0.407973	-1	-1	-1
9	16	3.54091	-0.407973	1669	1702.25	-1
9	16	3.69091	-0.407973	1732	1772.41	-1
9	16	3.24091	-0.257973	-1	-1	-1
9	16	3.39091	-0.257973	-1	-1	-1
9	16	3.54091	-0.257973	-1	-1	-1
9	16	3.69091	-0.257973	-1	-1	-1
10	16	1.25499	5.42552	-1	-1	-1
10	16	1.40499	5.42552	5255	5369.34	-1
10	16	1.55499	5.42552	-1	-1	-1
10	16	1.70499	5.42552	-1	-1	-1
10	16	1.25499	5.57552	-1	-1	-1
10	16	1.40499	5.57552	-1	-1	-1
10	16	1.55499	5.57552	-1	-1	-1
10	16	1.70499	5.57552	-1	-1	-1
10	16	1.25499	5.72552	-1	-1	-1
10	16	1.40499	5.72552	-1	-1	-1
10	16	1.55499	5.72552	-1	-1	-1
10	16	1.70499	5.72552	-1	-1	-1
10	16	1.25499	5.87552	-1	-1	-1
10	16	1.40499	5.87552	-1	-1	-1
10	16	1.55499	5.87552	-1	-1	-1
10	16	1.70499	5.87552	-1	-1	-1
11	16	3.14553	-1.39918	1246	1278.25	-1
11	16	3.29553	-1.39918	-1	-1	-1
11	16	3.44553	-1.39918	-1	-1	-1
11	16	3.59553	-1.39918	-1	-1	-1
11	16	3.14553	-1.24918	1100	1128.66	-1
11	16	3.29553	-1.24918	1180	1210.06	-1
11	16	3.44553	-1.24918	-1	-1	-1
11	16	3.59553	-1.24918	-1	-1	-1
11	16	3.14553	-1.09918	-1	-1	-1
11	16	3.29553	-1.09918	-1	-1	-1
11	16	3.44553	-1.09918	-1	-1	-1
11	16	3.59553	-1.09918	-1	-1	-1
11	16	3.14553	-0.949183	-1	-1	-1
11	16	3.29553	-0.949183	-1	-1	-1
11	16	3.44553	-0.949183	-1	-1	-1
11	16	3.59553	-0.949183	-1	-1	-1
12	16	-3.89781	-0.569317	-1	-1	-1
12	16	-3.74781	-0.569317	-1	-1	-1
12	16	-3.59781	-0.569317	-1	-1	-1
12	16	-3.44781	-0.569317	-1	-1	-1
12	16	-3.89781	-0.419317	-1	-1	-1
12	16	-3.74781	-0.419317	-1	-1	-1
12	16	-3.59781	-0.419317	631	666.531	-1
12	16	-3.44781	-0.419317	408	439.469	-1
12	16	-3.89781	-0.269317	-1	-1	-1
12	16	-3.74781	-0.269317	-1	-1	-1
12	16	-3.59781	-0.269317	564	594.375	-1
12	16	-3.44781	-0.269317	351	380.406	-1
12	16	-3.89781	-0.119317	-1	-1	-1
12	16	-3.74781	-0.119317	-1	-1	-1
12	16	-3.59781	-0.119317	1785	1908.34	-1
12	16	-3.44781	-0.119317	470	508.844	-1
13	16	-2.68002	7.83744	-1	-1	-1
13	16	-2.53002	7.83744	-1	-1	-1
13	16	-2.38002	7.83744	-1	-1	-1
13	16	-2.23002	7.83744	-1	-1	-1
13	16	-2.68002	7.98744	-1	-1	-1
13	16	-2.53002	7.98744	-1	-1	-1
13	16	-2.38002	7.98744	-1	-1	-1
13	16	-2.23002	7.98744	2589	2653.34	-1
13	16	-2.68002	8.13744	-1	-1	-1
13	16	-2.53002	8.13744	-1	-1	-1
13	16	-2.38002	8.13744	-1	-1	-1
13	16	-2.23002	8.13744	-1	-1	-1
13	16	-2.68002	8.28744	-1	-1	-1
13	16	-2.53002	8.28744	-1	-1	-1
13	16	-2.38002	8.28744	-1	-1	-1
13	16	-2.23002	8.28744	-1	-1	-1
14	16	5.92094	-0.281206	-1	-1	-1
14	16	6.07094	-0.281206	-1	-1	-1
14	16	6.22094	-0.281206	-1	-1	-1
14	16	6.37094	-0.281206	-1	-1	-1
14	16	5.92094	-0.131206	-1	-1	-1
14	16	6.07094	-0.131206	-1	-1	-1
14	16	6.22094	-0.131206	-1	-1	-1
14	16	6.37094	-0.131206	-1	-1	-1
14	16	5.92094	0.0187944	-1	-1	-1
14	16	6.07094	0.0187944	-1	-1	-1
14	16	6.22094	0.0187944	-1	-1	-1
14	16	6.37094	0.0187944	-1	-1	-1
14	16	5.92094	0.168794	-1	-1	-1
14	16	6.07094	0.168794	-1	-1	-1
14	16	6.22094	0.168794	-1	-1	-1
14	16	6.37094	0.168794	-1	-1	-1
15	16	7.42515	-6.03143	-1	-1	-1
15	16	7.57515	-6.03143	-1	-1	-1
15	16	7.72515	-6.03143	-1	-1	-1
15	16	7.87515	-6.03143	-1	-1	-1
15	16	7.42515	-5.88143	-1	-1	-1
15	16	7.57515	-5.88143	-1	-1	-1
15	16	7.72515	-5.88143	-1	-1	-1
15	16	7.87515	-5.88143	-1	-1	-1
15	16	7.42515	-5.73143	-1	-1	-1
15	16	7.57515	-5.73143	-1	-1	-1
15	16	7.72515	-5.73143	-1	-1	-1
15	16	7.87515	-5.73143	-1	-1	-1
15	16	7.42515	-5.58143	-1	-1	-1
15	16	7.57515	-5.58143	-1	-1	-1
15	16	7.72515	-5.58143	-1	-1	-1
15	16	7.87515	-5.58143	-1	-1	-1
16	16	-5.89341	1.39471	-1	-1	-1
16	16	-5.74341	1.39471	-1	-1	-1
16	16	-5.59341	1.39471	1360	1449.44	-1
16	16	-5.44341	1.39471	1374	1427.12	-1
16	16	-5.89341	1.54471	-1	-1	-1
16	16	-5.74341	1.54471	-1	-1	-1
16	16	-5.59341	1.54471	-1	-1	-1
16	16	-5.44341	1.54471	-1	-1	-1
16	16	-5.89341	1.69471	-1	-1	-1
16	16	-5.74341	1.69471	-1	-1	-1
16	16	-5.59341	1.69471	-1	-1	-1
16	16	-5.44341	1.69471	-1	-1	-1
16	16	-5.89341	1.84471	-1	-1	-1
16	16	-5.74341	1.84471	-1	-1	-1
16	16	-5.59341	1.84471	-1	-1	-1
16	16	-5.44341	1.84471	3909	4011.12	-1
17	16	-7.81048	0.982791	-1	-1	-1
17	16	-7.66048	0.982791	-1	-1	-1
17	16	-7.51048	0.982791	-1	-1	-1
17	16	-7.36048	0.982791	-1	-1	-1
17	16	-7.81048	1.13279	-1	-1	-1
17	16	-7.66048	1.13279	-1	-1	-1
17	16	-7.51048	1.13279	-1	-1	-1
17	16	-7.36048	1.13279	-1	-1	-1
17	16	-7.81048	1.28279	-1	-1	-1
17	16	-7.66048	1.28279	-1	-1	-1
17	16	-7.51048	1.28279	-1	-1	-1
17	16	-7.36048	1.28279	-1	-1	-1
17	16	-7.81048	1.43279	-1	-1	-1
17	16	-7.66048	1.43279	-1	-1	-1
17	16	-7.51048	1.43279	-1	-1	-1
17	16	-7.36048	1.43279	-1	-1	-1
18	16	-0.620302	-8.82194	-1	-1	-1
18	16	-0.470302	-8.82194	-1	-1	-1
18	16	-0.320302	-8.82194	-1	-1	-1
18	16	-0.170302	-8.82194	-1	-1	-1
18	16	-0.620302	-8.67194	-1	-1	-1
18	16	-0.470302	-8.67194	-1	-1	-1
18	16	-0.320302	-8.67194	-1	-1	-1
18	16	-0.170302	-8.67194	-1	-1	-1
18	16	-0.620302	-8.52194	-1	-1	-1
18	16	-0.470302	-8.52194	-1	-1	-1
18	16	-0.320302	-8.52194	-1	-1	-1
18	16	-0.170302	-8.52194	-1	-1	-1
18	16	-0.620302	-8.37194	-1	-1	-1
18	16	-0.470302	-8.37194	-1	-1	-1
18	16	-0.320302	-8.37194	-1	-1	-1
18	16	-0.170302	-8.37194	-1	-1	-1
19	16	7.41087	-7.41382	2876	2982.28	-1
19	16	7.56087	-7.41382	3090	3176.09	-1
19	16	7.71087	-7.41382	3496	3569.03	-1
19	16	7.86087	-7.41382	-1	-1	-1
19	16	7.41087	-7.26382	2313	2450.28	-1
19	16	7.56087	-7.26382	2690	2804	-1
19	16	7.71087	-7.26382	3308	3391	-1
19	16	7.86087	-7.26382	3676	3750.31	-1
19	16	7.41087	-7.11382	2520	2597.66	-1
19	16	7.56087	-7.11382	2680	2762.62	-1
19	16	7.71087	-7.11382	3131	3211.34	-1
19	16	7.86087	-7.11382	3883	3959.25	-1
19	16	7.41087	-6.96382	2846	2920.22	-1
19	16	7.56087	-6.96382	2900	3008.41	-1
19	16	7.71087	-6.96382	3921	4008.69	-1
19	16	7.86087	-6.96382	4142	4221.31	-1
20	16	4.08675	1.09514	5209	5320.91	-1
20	16	4.23675	1.09514	5353	5394.75	-1
20	16	4.38675	1.09514	-1	-1	-1
20	16	4.53675	1.09514	-1	-1	-1
20	16	4.08675	1.24514	-1	-1	-1
20	16	4.23675	1.24514	-1	-1	-1
20	16	4.38675	1.24514	-1	-1	-1
20	16	4.53675	1.24514	-1	-1	-1
20	16	4.08675	1.39514	-1	-1	-1
20	16	4.23675	1.39514	-1	-1	-1
20	16	4.38675	1.39514	-1	-1	-1
20	16	4.53675	1.39514	-1	-1	-1
20	16	4.08675	1.54514	370	493.125	-1
20	16	4.23675	1.54514	-1	-1	-1
20	16	4.38675	1.54514	-1	-1	-1
20	16	4.53675	1.54514	-1	-1	-1
21	16	0.795346	-3.22098	-1	-1	-1
21	16	0.945346	-3.22098	-1	-1	-1
21	16	1.09535	-3.22098	-1	-1	-1
21	16	1.24535	-3.22098	-1	-1	-1
21	16	0.795346	-3.07098	-1	-1	-1
21	16	0.945346	-3.07098	-1	-1	-1
21	16	1.09535	-3.07098	-1	-1	-1
21	16	1.24535	-3.07098	-1	-1	-1
21	16	0.795346	-2.92098	5338	-1	-1
21	16	0.945346	-2.92098	-1	-1	-1
21	16	1.09535	-2.92098	-1	-1	-1
21	16	1.24535	-2.92098	-1	-1	-1
21	16	0.795346	-2.77098	4389	4516.78	-1
21	16	0.945346	-2.77098	4558	4592.84	-1
21	16	1.09535	-2.77098	-1	-1	-1
21	16	1.24535	-2.77098	125	269.625	-1
0	256	-2.46973	3.35318	42	79.8125	-1
0	256	-3.09994	3.92075	-1	-1	-1
0	256	8.81017	-4.65714	-1	-1	-1
0	256	-4.166	5.81395	-1	-1	-1
0	256	-0.616585	-9.44371	-1	-1	-1
0	256	-7.41952	4.00221	-1	-1	-1
0	256	4.4394	0.498012	-1	-1	-1
0	256	6.90569	0.657309	-1	-1	-1
0	256	-2.06978	-8.93555	-1	-1	-1
0	256	4.53873	2.11024	-1	-1	-1
0	256	4.54114	-8.11144	-1	-1	-1
0	256	-2.88539	9.26725	-1	-1	-1
0	256	-6.8636	0.675317	-1	-1	-1
0	256	3.96692	-2.38908	248	374.656	-1
0	256	4.90384	1.16297	-1	-1	-1
0	256	5.62514	-5.504	-1	-1	-1
0	256	-2.24357	-8.9887	-1	-1	-1
0	256	-5.23819	-7.44415	2099	2217.94	-1
0	256	-3.53256	-7.62355	-1	-1	-1
0	256	-2.5692	-6.16062	-1	-1	-1
0	256	-9.32321	-0.63209	3757	3825.56	-1
0	256	-4.30141	-1.15821	52	175.656	-1
0	256	3.58333	-8.59323	-1	-1	-1
0	256	-0.426372	8.82617	-1	-1	-1
0	256	0.719144	3.98587	712	840.5	-1
0	256	6.17273	-2.57756	-1	-1	-1
0	256	-7.16177	3.13296	-1	-1	-1
0	256	-3.3709	6.33077	-1	-1	-1
0	256	-8.11186	-1.07659	-1	-1	-1
0	256	-5.40996	4.48625	794	849.625	-1
0	256	-5.38094	4.07045	-1	-1	-1
0	256	-5.0913	8.0541	-1	-1	-1
0	256	4.7097	-7.33919	-1	-1	-1
0	256	-4.17981	3.34779	3371	3509.75	-1
0	256	-4.91695	-6.78075	-1	-1	-1
0	256	7.88839	4.01179	-1	-1	-1
0	256	-1.29649	5.79711	1958	2004.19	-1
0	256	7.27897	1.62204	-1	-1	-1
0	256	6.29972	-4.48213	-1	-1	-1
0	256	0.966147	-4.78506	-1	-1	-1
0	256	-2.48969	-8.87245	-1	-1	-1
0	256	4.6125	8.05802	-1	-1	-1
0	256	6.85223	5.36819	-1	-1	-1
0	256	-1.85933	-7.63866	-1	-1	-1
0	256	4.366	-4.50292	-1	-1	-1
0	256	-3.87611	2.06168	3836	3957.03	-1
0	256	-5.71268	-4.33954	-1	-1	-1
0	256	-6.61272	1.73604	-1	-1	-1
0	256	-1.72203	-5.26916	-1	-1	-1
0	256	5.86989	-4.01322	482	603.594	-1
0	256	-6.18942	-2.05103	-1	-1	-1
0	256	3.50309	5.57953	-1	-1	-1
0	256	-2.11033	-4.0087	-1	-1	-1
0	256	4.0771	0.608836	-1	-1	-1
0	256	3.53629	0.856225	4403	4439.97	-1
0	256	-4.18588	-6.60837	-1	-1	-1
0	256	-4.2146	1.61951	-1	-1	-1
0	256	-5.15935	-2.73679	-1	-1	-1
0	256	-8.42427	-3.41794	-1	-1	-1
0	256	-7.94194	-4.82734	-1	-1	-1
0	256	-8.11083	-4.0783	-1	-1	-1
0	256	8.90976	-2.76723	-1	-1	-1
0	256	-0.499442	-9.70597	1910	1985.19	-1
0	256	-7.09218	-2.59972	-1	-1	-1
0	256	3.06891	4.53379	2396	2445.44	-1
0	256	0.312434	8.20945	-1	-1	-1
0	256	1.67539	-5.77541	-1	-1	-1
0	256	6.62332	2.94463	-1	-1	-1
0	256	3.23248	-8.76419	4090	4175.56	-1
0	256	-2.47248	-2.07961	-1	-1	-1
0	256	1.4797	-7.41152	-1	-1	-1
0	256	-3.20157	6.03268	-1	-1	-1
0	256	-5.77401	-1.98063	-1	-1	-1
0	256	-3.28025	-2.07727	839	966.031	-1
0	256	-3.39501	-2.95938	-1	-1	-1
0	256	1.1089	8.22802	-1	-1	-1
0	256	-6.7725	-0.876121	-1	-1	-1
0	256	-3.56514	-5.02345	1027	1164.44	-1
0	256	5.73846	-6.53936	-1	-1	-1
0	256	3.58635	-1.8096	-1	-1	-1
0	256	-3.81402	0.48421	-1	-1	-1
0	256	-6.89793	3.0759	-1	-1	-1
0	256	3.01652	7.54713	-1	-1	-1
0	256	-0.540938	8.82042	-1	-1	-1
0	256	4.98821	0.286017	3887	3996.38	-1
0	256	-3.54465	-0.970274	346	476.5	-1
0	256	-7.30584	-4.25716	3321	3420.91	-1
0	256	7.81405	3.62187	-1	-1	-1
0	256	-4.16374	-0.452258	5288	-1	-1
0	256	-0.00898524	-3.84392	-1	-1	-1
0	256	6.95258	-1.41039	-1	-1	-1
0	256	1.82875	-5.85473	-1	-1	-1
0	256	7.86262	1.44556	-1	-1	-1
0	256	5.7294	-3.00107	-1	-1	-1
0	256	3.4985	7.69956	-1	-1	-1
0	256	2.17208	2.57544	1689	1833.88	-1
0	256	-8.84953	3.28047	-1	-1	-1
0	256	-0.260312	5.21915	-1	-1	-1
0	256	3.63283	-5.55552	-1	-1	-1
0	256	0.412452	-8.94248	-1	-1	-1
0	256	7.88238	-1.97128	4201	4301.62	-1
0	256	-7.07762	5.56604	-1	-1	-1
0	256	-7.30648	-0.44261	-1	-1	-1
0	256	-2.67607	8.99517	-1	-1	-1
0	256	-4.18821	-6.45375	-1	-1	-1
0	256	5.62116	-4.71485	-1	-1	-1
0	256	5.88454	2.13198	-1	-1	-1
0	256	-7.58621	1.85431	-1	-1	-1
0	256	-1.62426	8.59811	-1	-1	-1
0	256	-8.35135	4.09548	2784	2875.38	-1
0	256	2.39858	3.76581	-1	-1	-1
0	256	-3.9584	4.7804	-1	-1	-1
0	256	-7.03307	-1.09545	-1	-1	-1
0	256	-2.94888	-8.56417	-1	-1	-1
0	256	-2.55994	3.75058	-1	-1	-1
0	256	-5.80523	4.89576	-1	-1	-1
0	256	8.30729	3.13171	-1	-1	-1
0	256	-1.01854	-4.17368	-1	-1	-1
0	256	4.16596	-1.00882	-1	-1	-1
0	256	3.44894	-1.7575	-1	-1	-1
0	256	-3.69246	0.627952	-1	-1	-1
0	256	8.27032	5.19467	-1	-1	-1
0	256	5.36604	2.83803	-1	-1	-1
0	256	1.72023	-9.68741	3341	3413.88	-1
0	256	-3.84281	7.28296	-1	-1	-1
0	256	7.78959	5.59916	872	940.938	-1
0	256	-3.71212	-8.49347	-1	-1	-1
0	256	-1.09306	8.71918	-1	-1	-1
0	256	0.450294	-7.37405	-1	-1	-1
0	256	0.769494	4.2747	-1	-1	-1
0	256	2.48646	-8.07223	813	903.25	-1
0	256	-7.41846	5.85984	-1	-1	-1
0	256	-1.64233	9.4112	-1	-1	-1
0	256	-4.51398	7.10469	3429	3539.53	-1
0	256	-6.99594	1.40024	-1	-1	-1
0	256	0.508833	5.11006	1435	1556.75	-1
0	256	-3.58429	-5.64325	-1	-1	-1
0	256	6.67729	1.6393	-1	-1	-1
0	256	-2.78645	5.35944	377	499.062	-1
0	256	4.05477	6.57875	-1	-1	-1
0	256	-6.80856	-1.39912	1366	1475.16	-1
0	256	-4.62813	8.0109	-1	-1	-1
0	256	3.87868	8.36216	-1	-1	-1
0	256	6.37401	-7.31081	-1	-1	-1
0	256	2.23953	-6.52201	-1	-1	-1
0	256	2.03713	-9.69411	-1	-1	-1
0	256	-3.5038	-1.96862	1009	1045.53	-1
0	256	-0.0415299	-8.28237	-1	-1	-1
0	256	0.761975	-3.93151	1445	1570.22	-1
0	256	0.242056	7.78288	57	116.688	-1
0	256	-1.52527	-3.73998	-1	-1	-1
0	256	5.4044	5.08837	-1	-1	-1
0	256	-9.70865	-1.90992	-1	-1	-1
0	256	-5.21827	-1.56039	3391	3497.94	-1
0	256	-4.14493	2.17384	-1	-1	-1
0	256	-4.16301	7.85334	-1	-1	-1
0	256	3.53939	2.38061	3061	3196.25	-1
0	256	-5.65732	4.03145	217	271.844	-1
0	256	-3.74296	-6.14679	-1	-1	-1
0	256	1.1253	0.784232	185	354.812	-1
0	256	5.04512	-7.65216	-1	-1	-1
0	256	5.9629	-3.64712	-1	-1	-1
0	256	1.08798	0.289848	36	55.9688	-1
0	256	7.53199	5.35891	-1	-1	-1
0	256	-9.27679	0.894749	-1	-1	-1
0	256	4.85525	7.30107	1147	1255.09	-1
0	256	-1.65068	-7.07348	-1	-1	-1
0	256	-4.89373	-2.29086	-1	-1	-1
0	256	-4.29867	1.77509	-1	-1	-1
0	256	-4.96265	-1.31206	4813	4927.19	-1
0	256	-2.74146	9.13119	-1	-1	-1
0	256	-8.2111	-5.60933	2441	2538.34	-1
0	256	1.40412	9.35212	-1	-1	-1
0	256	-1.04573	4.39061	4685	4799.62	-1
0	256	-2.31635	9.03557	-1	-1	-1
0	256	3.3443	-7.27986	-1	-1	-1
0	256	-1.43351	-3.97197	-1	-1	-1
0	256	3.88848	-4.63706	-1	-1	-1
0	256	8.6994	0.107902	-1	-1	-1
0	256	8.20109	-0.574895	-1	-1	-1
0	256	-2.21812	5.69832	-1	-1	-1
0	256	-5.05248	-3.22841	1194	1328.31	-1
0	256	0.372099	3.54967	1373	1496.12	-1
0	256	-4.38185	6.58577	760	875.562	-1
0	256	4.1417	-5.33037	375	511.375	-1
0	256	-3.16763	-8.13613	-1	-1	-1
0	256	6.65312	-7.98864	-1	-1	-1
0	256	2.16876	-8.74936	170	257.25	-1
0	256	6.82988	2.18086	-1	-1	-1
0	256	5.01673	0.466576	-1	-1	-1
0	256	0.602632	-4.04977	30	67.5938	-1
0	256	-3.41544	-7.02347	-1	-1	-1
0	256	2.13444	0.894458	5041	5062.84	-1
0	256	-9.01534	1.88179	-1	-1	-1
0	256	5.87017	1.26078	-1	-1	-1
0	256	-3.49192	1.59845	796	827.719	-1
0	256	-3.60455	-2.76988	952	1096.75	-1
0	256	-3.05095	5.75309	-1	-1	-1
0	256	-0.61902	-5.656	1342	1445.84	-1
0	256	-3.7815	-8.0834	-1	-1	-1
0	256	-3.59166	8.18104	-1	-1	-1
0	256	-4.11493	-0.310233	-1	-1	-1
0	256	-2.39832	-9.293	-1	-1	-1
0	256	-5.85566	-2.07494	-1	-1	-1
0	256	-9.47485	2.78999	3687	3766.53	-1
0	256	1.10149	-7.16326	-1	-1	-1
0	256	4.08786	-2.80966	2040	2094.75	-1
0	256	1.13341	-5.17895	-1	-1	-1
0	256	3.03704	1.45282	2054	2176.88	-1
0	256	0.117629	-5.20724	-1	-1	-1
0	256	1.94477	-2.70146	-1	-1	-1
0	256	7.38135	-1.14991	-1	-1	-1
0	256	2.66132	-4.29792	-1	-1	-1
0	256	-6.63829	1.0756	-1	-1	-1
0	256	-8.33572	-2.96751	-1	-1	-1
0	256	-5.57758	2.95082	-1	-1	-1
0	256	6.66791	-6.87393	-1	-1	-1
0	256	6.31953	-1.51068	-1	-1	-1
0	256	-0.115306	6.9559	-1	-1	-1
0	256	4.80206	-6.35698	-1	-1	-1
0	256	1.36346	6.00221	-1	-1	-1
0	256	-1.72578	3.33281	-1	-1	-1
0	256	4.59315	-7.3067	-1	-1	-1
0	256	-6.06194	1.88712	-1	-1	-1
0	256	-9.54686	-0.0802755	2839	2906.12	-1
0	256	6.86892	0.150169	-1	-1	-1
0	256	6.43349	2.04592	-1	-1	-1
0	256	8.156	-0.817532	-1	-1	-1
0	256	-2.05646	4.56658	-1	-1	-1
0	256	-6.48656	2.14675	-1	-1	-1
0	256	-5.85315	-5.7393	-1	-1	-1
0	256	9.27529	-0.795014	-1	-1	-1
0	256	-8.82283	4.11255	-1	-1	-1
0	256	-5.43523	1.07879	1163	1275.75	-1
0	256	0.787857	-8.3363	-1	-1	-1
0	256	2.71649	-9.24319	-1	-1	-1
0	256	7.52408	4.64516	4597	4661.44	-1
0	256	9.54187	1.32549	-1	-1	-1
0	256	8.02399	2.49426	-1	-1	-1
0	256	7.98775	2.75504	-1	-1	-1
0	256	1.4901	6.99879	2570	2623.5	-1
0	256	1.98257	-2.44342	2503	2667.31	-1
0	256	3.21404	-9.10127	-1	-1	-1
0	256	7.10602	3.40065	-1	-1	-1
0	256	-1.05084	2.54754	1674	1699.19	-1
0	256	7.70389	6.34594	-1	-1	-1
0	256	5.18761	1.74925	-1	-1	-1
0	256	-9.15143	0.953246	-1	-1	-1
0	256	-3.82006	-4.35841	571	722.5	-1
0	256	-3.57737	-4.53325	1666	1717.53	-1
0	256	-4.05015	-5.23358	-1	-1	-1
0	256	6.58297	6.12877	-1	-1	-1
0	256	-6.10546	7.7045	5039	5115.88	-1
0	256	-5.06865	1.60493	1241	1359.69	-1
0	256	2.22754	-3.77912	1098	1234.31	-1
0	256	-5.71463	2.19988	-1	-1	-1
