Pile ID	Distribution Type	X-Position	Y-Position	Pickup Time	Drop Off Time	Ant ID
1	1	7.20055	2.95082	-1	-1	-1
1	1	7.35055	2.95082	-1	-1	-1
1	1	7.50055	2.95082	-1	-1	-1
1	1	7.65055	2.95082	-1	-1	-1
1	1	7.80055	2.95082	-1	-1	-1
1	1	7.95055	2.95082	-1	-1	-1
1	1	8.10055	2.95082	-1	-1	-1
1	1	8.25055	2.95082	-1	-1	-1
1	1	8.40055	2.95082	-1	-1	-1
1	1	8.55055	2.95082	-1	-1	-1
1	1	8.70055	2.95082	-1	-1	-1
1	1	8.85055	2.95082	-1	-1	-1
1	1	9.00055	2.95082	-1	-1	-1
1	1	9.15055	2.95082	-1	-1	-1
1	1	9.30055	2.95082	-1	-1	-1
1	1	9.45055	2.95082	1458	1550	-1
1	1	7.20055	3.10082	-1	-1	-1
1	1	7.35055	3.10082	-1	-1	-1
1	1	7.50055	3.10082	-1	-1	-1
1	1	7.65055	3.10082	-1	-1	-1
1	1	7.80055	3.10082	-1	-1	-1
1	1	7.95055	3.10082	-1	-1	-1
1	1	8.10055	3.10082	-1	-1	-1
1	1	8.25055	3.10082	-1	-1	-1
1	1	8.40055	3.10082	-1	-1	-1
1	1	8.55055	3.10082	-1	-1	-1
1	1	8.70055	3.10082	-1	-1	-1
1	1	8.85055	3.10082	-1	-1	-1
1	1	9.00055	3.10082	-1	-1	-1
1	1	9.15055	3.10082	-1	-1	-1
1	1	9.30055	3.10082	-1	-1	-1
1	1	9.45055	3.10082	2435	2513.62	-1
1	1	7.20055	3.25082	-1	-1	-1
1	1	7.35055	3.25082	-1	-1	-1
1	1	7.50055	3.25082	-1	-1	-1
1	1	7.65055	3.25082	-1	-1	-1
1	1	7.80055	3.25082	-1	-1	-1
1	1	7.95055	3.25082	-1	-1	-1
1	1	8.10055	3.25082	-1	-1	-1
1	1	8.25055	3.25082	-1	-1	-1
1	1	8.40055	3.25082	-1	-1	-1
1	1	8.55055	3.25082	-1	-1	-1
1	1	8.70055	3.25082	-1	-1	-1
1	1	8.85055	3.25082	-1	-1	-1
1	1	9.00055	3.25082	-1	-1	-1
1	1	9.15055	3.25082	-1	-1	-1
1	1	9.30055	3.25082	2270	2345.47	-1
1	1	9.45055	3.25082	1827	1910.19	-1
1	1	7.20055	3.40082	-1	-1	-1
1	1	7.35055	3.40082	-1	-1	-1
1	1	7.50055	3.40082	-1	-1	-1
1	1	7.65055	3.40082	-1	-1	-1
1	1	7.80055	3.40082	-1	-1	-1
1	1	7.95055	3.40082	-1	-1	-1
1	1	8.10055	3.40082	-1	-1	-1
1	1	8.25055	3.40082	-1	-1	-1
1	1	8.40055	3.40082	-1	-1	-1
1	1	8.55055	3.40082	-1	-1	-1
1	1	8.70055	3.40082	-1	-1	-1
1	1	8.85055	3.40082	-1	-1	-1
1	1	9.00055	3.40082	-1	-1	-1
1	1	9.15055	3.40082	2506	2580.78	-1
1	1	9.30055	3.40082	1979	2050.56	-1
1	1	9.45055	3.40082	2119	2191	-1
1	1	7.20055	3.55082	-1	-1	-1
1	1	7.35055	3.55082	-1	-1	-1
1	1	7.50055	3.55082	-1	-1	-1
1	1	7.65055	3.55082	-1	-1	-1
1	1	7.80055	3.55082	-1	-1	-1
1	1	7.95055	3.55082	-1	-1	-1
1	1	8.10055	3.55082	-1	-1	-1
1	1	8.25055	3.55082	-1	-1	-1
1	1	8.40055	3.55082	-1	-1	-1
1	1	8.55055	3.55082	-1	-1	-1
1	1	8.70055	3.55082	-1	-1	-1
1	1	8.85055	3.55082	-1	-1	-1
1	1	9.00055	3.55082	-1	-1	-1
1	1	9.15055	3.55082	-1	-1	-1
1	1	9.30055	3.55082	2347	2421.31	-1
1	1	9.45055	3.55082	-1	-1	-1
1	1	7.20055	3.70082	-1	-1	-1
1	1	7.35055	3.70082	-1	-1	-1
1	1	7.50055	3.70082	-1	-1	-1
1	1	7.65055	3.70082	-1	-1	-1
1	1	7.80055	3.70082	-1	-1	-1
1	1	7.95055	3.70082	-1	-1	-1
1	1	8.10055	3.70082	-1	-1	-1
1	1	8.25055	3.70082	-1	-1	-1
1	1	8.40055	3.70082	-1	-1	-1
1	1	8.55055	3.70082	-1	-1	-1
1	1	8.70055	3.70082	-1	-1	-1
1	1	8.85055	3.70082	-1	-1	-1
1	1	9.00055	3.70082	-1	-1	-1
1	1	9.15055	3.70082	-1	-1	-1
1	1	9.30055	3.70082	-1	-1	-1
1	1	9.45055	3.70082	-1	-1	-1
1	1	7.20055	3.85082	-1	-1	-1
1	1	7.35055	3.85082	-1	-1	-1
1	1	7.50055	3.85082	-1	-1	-1
1	1	7.65055	3.85082	-1	-1	-1
1	1	7.80055	3.85082	-1	-1	-1
1	1	7.95055	3.85082	-1	-1	-1
1	1	8.10055	3.85082	-1	-1	-1
1	1	8.25055	3.85082	-1	-1	-1
1	1	8.40055	3.85082	-1	-1	-1
1	1	8.55055	3.85082	-1	-1	-1
1	1	8.70055	3.85082	-1	-1	-1
1	1	8.85055	3.85082	-1	-1	-1
1	1	9.00055	3.85082	-1	-1	-1
1	1	9.15055	3.85082	-1	-1	-1
1	1	9.30055	3.85082	-1	-1	-1
1	1	9.45055	3.85082	-1	-1	-1
1	1	7.20055	4.00082	-1	-1	-1
1	1	7.35055	4.00082	-1	-1	-1
1	1	7.50055	4.00082	-1	-1	-1
1	1	7.65055	4.00082	-1	-1	-1
1	1	7.80055	4.00082	-1	-1	-1
1	1	7.95055	4.00082	-1	-1	-1
1	1	8.10055	4.00082	-1	-1	-1
1	1	8.25055	4.00082	-1	-1	-1
1	1	8.40055	4.00082	-1	-1	-1
1	1	8.55055	4.00082	-1	-1	-1
1	1	8.70055	4.00082	-1	-1	-1
1	1	8.85055	4.00082	-1	-1	-1
1	1	9.00055	4.00082	-1	-1	-1
1	1	9.15055	4.00082	-1	-1	-1
1	1	9.30055	4.00082	-1	-1	-1
1	1	9.45055	4.00082	-1	-1	-1
1	1	7.20055	4.15082	-1	-1	-1
1	1	7.35055	4.15082	-1	-1	-1
1	1	7.50055	4.15082	-1	-1	-1
1	1	7.65055	4.15082	-1	-1	-1
1	1	7.80055	4.15082	-1	-1	-1
1	1	7.95055	4.15082	-1	-1	-1
1	1	8.10055	4.15082	-1	-1	-1
1	1	8.25055	4.15082	-1	-1	-1
1	1	8.40055	4.15082	-1	-1	-1
1	1	8.55055	4.15082	-1	-1	-1
1	1	8.70055	4.15082	-1	-1	-1
1	1	8.85055	4.15082	-1	-1	-1
1	1	9.00055	4.15082	-1	-1	-1
1	1	9.15055	4.15082	-1	-1	-1
1	1	9.30055	4.15082	-1	-1	-1
1	1	9.45055	4.15082	-1	-1	-1
1	1	7.20055	4.30082	-1	-1	-1
1	1	7.35055	4.30082	-1	-1	-1
1	1	7.50055	4.30082	-1	-1	-1
1	1	7.65055	4.30082	-1	-1	-1
1	1	7.80055	4.30082	-1	-1	-1
1	1	7.95055	4.30082	-1	-1	-1
1	1	8.10055	4.30082	-1	-1	-1
1	1	8.25055	4.30082	-1	-1	-1
1	1	8.40055	4.30082	-1	-1	-1
1	1	8.55055	4.30082	-1	-1	-1
1	1	8.70055	4.30082	-1	-1	-1
1	1	8.85055	4.30082	-1	-1	-1
1	1	9.00055	4.30082	-1	-1	-1
1	1	9.15055	4.30082	-1	-1	-1
1	1	9.30055	4.30082	-1	-1	-1
1	1	9.45055	4.30082	-1	-1	-1
1	1	7.20055	4.45082	-1	-1	-1
1	1	7.35055	4.45082	-1	-1	-1
1	1	7.50055	4.45082	-1	-1	-1
1	1	7.65055	4.45082	-1	-1	-1
1	1	7.80055	4.45082	-1	-1	-1
1	1	7.95055	4.45082	-1	-1	-1
1	1	8.10055	4.45082	-1	-1	-1
1	1	8.25055	4.45082	-1	-1	-1
1	1	8.40055	4.45082	-1	-1	-1
1	1	8.55055	4.45082	-1	-1	-1
1	1	8.70055	4.45082	-1	-1	-1
1	1	8.85055	4.45082	-1	-1	-1
1	1	9.00055	4.45082	-1	-1	-1
1	1	9.15055	4.45082	-1	-1	-1
1	1	9.30055	4.45082	-1	-1	-1
1	1	9.45055	4.45082	-1	-1	-1
1	1	7.20055	4.60082	-1	-1	-1
1	1	7.35055	4.60082	-1	-1	-1
1	1	7.50055	4.60082	-1	-1	-1
1	1	7.65055	4.60082	-1	-1	-1
1	1	7.80055	4.60082	-1	-1	-1
1	1	7.95055	4.60082	-1	-1	-1
1	1	8.10055	4.60082	-1	-1	-1
1	1	8.25055	4.60082	-1	-1	-1
1	1	8.40055	4.60082	-1	-1	-1
1	1	8.55055	4.60082	-1	-1	-1
1	1	8.70055	4.60082	-1	-1	-1
1	1	8.85055	4.60082	-1	-1	-1
1	1	9.00055	4.60082	-1	-1	-1
1	1	9.15055	4.60082	-1	-1	-1
1	1	9.30055	4.60082	-1	-1	-1
1	1	9.45055	4.60082	-1	-1	-1
1	1	7.20055	4.75082	-1	-1	-1
1	1	7.35055	4.75082	-1	-1	-1
1	1	7.50055	4.75082	-1	-1	-1
1	1	7.65055	4.75082	-1	-1	-1
1	1	7.80055	4.75082	-1	-1	-1
1	1	7.95055	4.75082	-1	-1	-1
1	1	8.10055	4.75082	-1	-1	-1
1	1	8.25055	4.75082	-1	-1	-1
1	1	8.40055	4.75082	-1	-1	-1
1	1	8.55055	4.75082	-1	-1	-1
1	1	8.70055	4.75082	-1	-1	-1
1	1	8.85055	4.75082	-1	-1	-1
1	1	9.00055	4.75082	-1	-1	-1
1	1	9.15055	4.75082	-1	-1	-1
1	1	9.30055	4.75082	-1	-1	-1
1	1	9.45055	4.75082	-1	-1	-1
1	1	7.20055	4.90082	-1	-1	-1
1	1	7.35055	4.90082	-1	-1	-1
1	1	7.50055	4.90082	-1	-1	-1
1	1	7.65055	4.90082	-1	-1	-1
1	1	7.80055	4.90082	-1	-1	-1
1	1	7.95055	4.90082	-1	-1	-1
1	1	8.10055	4.90082	-1	-1	-1
1	1	8.25055	4.90082	-1	-1	-1
1	1	8.40055	4.90082	-1	-1	-1
1	1	8.55055	4.90082	-1	-1	-1
1	1	8.70055	4.90082	-1	-1	-1
1	1	8.85055	4.90082	-1	-1	-1
1	1	9.00055	4.90082	-1	-1	-1
1	1	9.15055	4.90082	-1	-1	-1
1	1	9.30055	4.90082	-1	-1	-1
1	1	9.45055	4.90082	-1	-1	-1
1	1	7.20055	5.05082	-1	-1	-1
1	1	7.35055	5.05082	-1	-1	-1
1	1	7.50055	5.05082	-1	-1	-1
1	1	7.65055	5.05082	-1	-1	-1
1	1	7.80055	5.05082	-1	-1	-1
1	1	7.95055	5.05082	-1	-1	-1
1	1	8.10055	5.05082	-1	-1	-1
1	1	8.25055	5.05082	-1	-1	-1
1	1	8.40055	5.05082	-1	-1	-1
1	1	8.55055	5.05082	-1	-1	-1
1	1	8.70055	5.05082	-1	-1	-1
1	1	8.85055	5.05082	-1	-1	-1
1	1	9.00055	5.05082	-1	-1	-1
1	1	9.15055	5.05082	-1	-1	-1
1	1	9.30055	5.05082	-1	-1	-1
1	1	9.45055	5.05082	-1	-1	-1
1	1	7.20055	5.20082	-1	-1	-1
1	1	7.35055	5.20082	-1	-1	-1
1	1	7.50055	5.20082	-1	-1	-1
1	1	7.65055	5.20082	-1	-1	-1
1	1	7.80055	5.20082	-1	-1	-1
1	1	7.95055	5.20082	-1	-1	-1
1	1	8.10055	5.20082	-1	-1	-1
1	1	8.25055	5.20082	-1	-1	-1
1	1	8.40055	5.20082	-1	-1	-1
1	1	8.55055	5.20082	-1	-1	-1
1	1	8.70055	5.20082	-1	-1	-1
1	1	8.85055	5.20082	-1	-1	-1
1	1	9.00055	5.20082	-1	-1	-1
1	1	9.15055	5.20082	-1	-1	-1
1	1	9.30055	5.20082	-1	-1	-1
1	1	9.45055	5.20082	-1	-1	-1
2	4	5.03087	-6.56637	-1	-1	-1
2	4	5.18087	-6.56637	-1	-1	-1
2	4	5.33087	-6.56637	-1	-1	-1
2	4	5.48087	-6.56637	-1	-1	-1
2	4	5.63087	-6.56637	-1	-1	-1
2	4	5.78087	-6.56637	-1	-1	-1
2	4	5.93087	-6.56637	-1	-1	-1
2	4	6.08087	-6.56637	-1	-1	-1
2	4	5.03087	-6.41637	-1	-1	-1
2	4	5.18087	-6.41637	-1	-1	-1
2	4	5.33087	-6.41637	-1	-1	-1
2	4	5.48087	-6.41637	-1	-1	-1
2	4	5.63087	-6.41637	-1	-1	-1
2	4	5.78087	-6.41637	-1	-1	-1
2	4	5.93087	-6.41637	-1	-1	-1
2	4	6.08087	-6.41637	-1	-1	-1
2	4	5.03087	-6.26637	-1	-1	-1
2	4	5.18087	-6.26637	-1	-1	-1
2	4	5.33087	-6.26637	-1	-1	-1
2	4	5.48087	-6.26637	-1	-1	-1
2	4	5.63087	-6.26637	-1	-1	-1
2	4	5.78087	-6.26637	-1	-1	-1
2	4	5.93087	-6.26637	-1	-1	-1
2	4	6.08087	-6.26637	-1	-1	-1
2	4	5.03087	-6.11637	-1	-1	-1
2	4	5.18087	-6.11637	-1	-1	-1
2	4	5.33087	-6.11637	-1	-1	-1
2	4	5.48087	-6.11637	-1	-1	-1
2	4	5.63087	-6.11637	-1	-1	-1
2	4	5.78087	-6.11637	-1	-1	-1
2	4	5.93087	-6.11637	-1	-1	-1
2	4	6.08087	-6.11637	-1	-1	-1
2	4	5.03087	-5.96637	-1	-1	-1
2	4	5.18087	-5.96637	-1	-1	-1
2	4	5.33087	-5.96637	-1	-1	-1
2	4	5.48087	-5.96637	-1	-1	-1
2	4	5.63087	-5.96637	-1	-1	-1
2	4	5.78087	-5.96637	-1	-1	-1
2	4	5.93087	-5.96637	-1	-1	-1
2	4	6.08087	-5.96637	-1	-1	-1
2	4	5.03087	-5.81637	-1	-1	-1
2	4	5.18087	-5.81637	-1	-1	-1
2	4	5.33087	-5.81637	-1	-1	-1
2	4	5.48087	-5.81637	-1	-1	-1
2	4	5.63087	-5.81637	-1	-1	-1
2	4	5.78087	-5.81637	-1	-1	-1
2	4	5.93087	-5.81637	-1	-1	-1
2	4	6.08087	-5.81637	-1	-1	-1
2	4	5.03087	-5.66637	4684	4741.94	-1
2	4	5.18087	-5.66637	4935	4991.59	-1
2	4	5.33087	-5.66637	-1	-1	-1
2	4	5.48087	-5.66637	-1	-1	-1
2	4	5.63087	-5.66637	-1	-1	-1
2	4	5.78087	-5.66637	-1	-1	-1
2	4	5.93087	-5.66637	-1	-1	-1
2	4	6.08087	-5.66637	-1	-1	-1
2	4	5.03087	-5.51637	4491	4632.38	-1
2	4	5.18087	-5.51637	4796	4850.75	-1
2	4	5.33087	-5.51637	-1	-1	-1
2	4	5.48087	-5.51637	-1	-1	-1
2	4	5.63087	-5.51637	-1	-1	-1
2	4	5.78087	-5.51637	-1	-1	-1
2	4	5.93087	-5.51637	-1	-1	-1
2	4	6.08087	-5.51637	-1	-1	-1
3	4	-5.64247	-2.47959	-1	-1	-1
3	4	-5.49247	-2.47959	-1	-1	-1
3	4	-5.34247	-2.47959	-1	-1	-1
3	4	-5.19247	-2.47959	-1	-1	-1
3	4	-5.04247	-2.47959	-1	-1	-1
3	4	-4.89247	-2.47959	-1	-1	-1
3	4	-4.74247	-2.47959	561	627.062	-1
3	4	-4.59247	-2.47959	473	512.5	-1
3	4	-5.64247	-2.32959	-1	-1	-1
3	4	-5.49247	-2.32959	-1	-1	-1
3	4	-5.34247	-2.32959	-1	-1	-1
3	4	-5.19247	-2.32959	-1	-1	-1
3	4	-5.04247	-2.32959	-1	-1	-1
3	4	-4.89247	-2.32959	-1	-1	-1
3	4	-4.74247	-2.32959	-1	-1	-1
3	4	-4.59247	-2.32959	2429	2568.31	-1
3	4	-5.64247	-2.17959	-1	-1	-1
3	4	-5.49247	-2.17959	-1	-1	-1
3	4	-5.34247	-2.17959	-1	-1	-1
3	4	-5.19247	-2.17959	-1	-1	-1
3	4	-5.04247	-2.17959	-1	-1	-1
3	4	-4.89247	-2.17959	-1	-1	-1
3	4	-4.74247	-2.17959	-1	-1	-1
3	4	-4.59247	-2.17959	-1	-1	-1
3	4	-5.64247	-2.02959	-1	-1	-1
3	4	-5.49247	-2.02959	-1	-1	-1
3	4	-5.34247	-2.02959	-1	-1	-1
3	4	-5.19247	-2.02959	-1	-1	-1
3	4	-5.04247	-2.02959	-1	-1	-1
3	4	-4.89247	-2.02959	-1	-1	-1
3	4	-4.74247	-2.02959	-1	-1	-1
3	4	-4.59247	-2.02959	-1	-1	-1
3	4	-5.64247	-1.87959	-1	-1	-1
3	4	-5.49247	-1.87959	-1	-1	-1
3	4	-5.34247	-1.87959	-1	-1	-1
3	4	-5.19247	-1.87959	-1	-1	-1
3	4	-5.04247	-1.87959	-1	-1	-1
3	4	-4.89247	-1.87959	-1	-1	-1
3	4	-4.74247	-1.87959	-1	-1	-1
3	4	-4.59247	-1.87959	-1	-1	-1
3	4	-5.64247	-1.72959	-1	-1	-1
3	4	-5.49247	-1.72959	-1	-1	-1
3	4	-5.34247	-1.72959	-1	-1	-1
3	4	-5.19247	-1.72959	-1	-1	-1
3	4	-5.04247	-1.72959	-1	-1	-1
3	4	-4.89247	-1.72959	-1	-1	-1
3	4	-4.74247	-1.72959	-1	-1	-1
3	4	-4.59247	-1.72959	-1	-1	-1
3	4	-5.64247	-1.57959	-1	-1	-1
3	4	-5.49247	-1.57959	-1	-1	-1
3	4	-5.34247	-1.57959	-1	-1	-1
3	4	-5.19247	-1.57959	-1	-1	-1
3	4	-5.04247	-1.57959	-1	-1	-1
3	4	-4.89247	-1.57959	-1	-1	-1
3	4	-4.74247	-1.57959	-1	-1	-1
3	4	-4.59247	-1.57959	-1	-1	-1
3	4	-5.64247	-1.42959	-1	-1	-1
3	4	-5.49247	-1.42959	-1	-1	-1
3	4	-5.34247	-1.42959	-1	-1	-1
3	4	-5.19247	-1.42959	-1	-1	-1
3	4	-5.04247	-1.42959	-1	-1	-1
3	4	-4.89247	-1.42959	-1	-1	-1
3	4	-4.74247	-1.42959	-1	-1	-1
3	4	-4.59247	-1.42959	-1	-1	-1
4	4	7.25403	-0.179666	-1	-1	-1
4	4	7.40403	-0.179666	-1	-1	-1
4	4	7.55403	-0.179666	-1	-1	-1
4	4	7.70403	-0.179666	-1	-1	-1
4	4	7.85403	-0.179666	-1	-1	-1
4	4	8.00403	-0.179666	-1	-1	-1
4	4	8.15403	-0.179666	-1	-1	-1
4	4	8.30403	-0.179666	-1	-1	-1
4	4	7.25403	-0.0296662	-1	-1	-1
4	4	7.40403	-0.0296662	-1	-1	-1
4	4	7.55403	-0.0296662	-1	-1	-1
4	4	7.70403	-0.0296662	-1	-1	-1
4	4	7.85403	-0.0296662	-1	-1	-1
4	4	8.00403	-0.0296662	-1	-1	-1
4	4	8.15403	-0.0296662	-1	-1	-1
4	4	8.30403	-0.0296662	-1	-1	-1
4	4	7.25403	0.120334	-1	-1	-1
4	4	7.40403	0.120334	-1	-1	-1
4	4	7.55403	0.120334	-1	-1	-1
4	4	7.70403	0.120334	3611	3678.62	-1
4	4	7.85403	0.120334	-1	-1	-1
4	4	8.00403	0.120334	-1	-1	-1
4	4	8.15403	0.120334	-1	-1	-1
4	4	8.30403	0.120334	-1	-1	-1
4	4	7.25403	0.270334	-1	-1	-1
4	4	7.40403	0.270334	3417	3481.28	-1
4	4	7.55403	0.270334	2987	3051.78	-1
4	4	7.70403	0.270334	2881	2956.56	-1
4	4	7.85403	0.270334	3487	3551.81	-1
4	4	8.00403	0.270334	3491	3570.03	-1
4	4	8.15403	0.270334	3666	3734.41	-1
4	4	8.30403	0.270334	-1	-1	-1
4	4	7.25403	0.420334	-1	-1	-1
4	4	7.40403	0.420334	3286	3348.94	-1
4	4	7.55403	0.420334	2849	2923.5	-1
4	4	7.70403	0.420334	2549	2641.69	-1
4	4	7.85403	0.420334	2711	2769.56	-1
4	4	8.00403	0.420334	2836	2905.72	-1
4	4	8.15403	0.420334	3136	3206.06	-1
4	4	8.30403	0.420334	-1	-1	-1
4	4	7.25403	0.570334	-1	-1	-1
4	4	7.40403	0.570334	3438	3499.62	-1
4	4	7.55403	0.570334	3039	3119.5	-1
4	4	7.70403	0.570334	2696	2753.72	-1
4	4	7.85403	0.570334	2808	2870.06	-1
4	4	8.00403	0.570334	2989	3065.47	-1
4	4	8.15403	0.570334	3263	3340.16	-1
4	4	8.30403	0.570334	-1	-1	-1
4	4	7.25403	0.720334	-1	-1	-1
4	4	7.40403	0.720334	-1	-1	-1
4	4	7.55403	0.720334	-1	-1	-1
4	4	7.70403	0.720334	3195	3283	-1
4	4	7.85403	0.720334	3126	3199.25	-1
4	4	8.00403	0.720334	-1	-1	-1
4	4	8.15403	0.720334	-1	-1	-1
4	4	8.30403	0.720334	-1	-1	-1
4	4	7.25403	0.870334	-1	-1	-1
4	4	7.40403	0.870334	-1	-1	-1
4	4	7.55403	0.870334	-1	-1	-1
4	4	7.70403	0.870334	-1	-1	-1
4	4	7.85403	0.870334	-1	-1	-1
4	4	8.00403	0.870334	-1	-1	-1
4	4	8.15403	0.870334	-1	-1	-1
4	4	8.30403	0.870334	-1	-1	-1
5	4	-0.343921	-8.79539	-1	-1	-1
5	4	-0.193921	-8.79539	-1	-1	-1
5	4	-0.0439209	-8.79539	-1	-1	-1
5	4	0.106079	-8.79539	-1	-1	-1
5	4	0.256079	-8.79539	-1	-1	-1
5	4	0.406079	-8.79539	-1	-1	-1
5	4	0.556079	-8.79539	-1	-1	-1
5	4	0.706079	-8.79539	-1	-1	-1
5	4	-0.343921	-8.64539	-1	-1	-1
5	4	-0.193921	-8.64539	-1	-1	-1
5	4	-0.0439209	-8.64539	-1	-1	-1
5	4	0.106079	-8.64539	-1	-1	-1
5	4	0.256079	-8.64539	-1	-1	-1
5	4	0.406079	-8.64539	-1	-1	-1
5	4	0.556079	-8.64539	-1	-1	-1
5	4	0.706079	-8.64539	-1	-1	-1
5	4	-0.343921	-8.49539	-1	-1	-1
5	4	-0.193921	-8.49539	-1	-1	-1
5	4	-0.0439209	-8.49539	-1	-1	-1
5	4	0.106079	-8.49539	-1	-1	-1
5	4	0.256079	-8.49539	-1	-1	-1
5	4	0.406079	-8.49539	-1	-1	-1
5	4	0.556079	-8.49539	-1	-1	-1
5	4	0.706079	-8.49539	-1	-1	-1
5	4	-0.343921	-8.34539	-1	-1	-1
5	4	-0.193921	-8.34539	-1	-1	-1
5	4	-0.0439209	-8.34539	-1	-1	-1
5	4	0.106079	-8.34539	-1	-1	-1
5	4	0.256079	-8.34539	-1	-1	-1
5	4	0.406079	-8.34539	-1	-1	-1
5	4	0.556079	-8.34539	-1	-1	-1
5	4	0.706079	-8.34539	-1	-1	-1
5	4	-0.343921	-8.19539	-1	-1	-1
5	4	-0.193921	-8.19539	-1	-1	-1
5	4	-0.0439209	-8.19539	-1	-1	-1
5	4	0.106079	-8.19539	-1	-1	-1
5	4	0.256079	-8.19539	-1	-1	-1
5	4	0.406079	-8.19539	-1	-1	-1
5	4	0.556079	-8.19539	-1	-1	-1
5	4	0.706079	-8.19539	-1	-1	-1
5	4	-0.343921	-8.04539	-1	-1	-1
5	4	-0.193921	-8.04539	-1	-1	-1
5	4	-0.0439209	-8.04539	-1	-1	-1
5	4	0.106079	-8.04539	-1	-1	-1
5	4	0.256079	-8.04539	-1	-1	-1
5	4	0.406079	-8.04539	-1	-1	-1
5	4	0.556079	-8.04539	-1	-1	-1
5	4	0.706079	-8.04539	-1	-1	-1
5	4	-0.343921	-7.89539	-1	-1	-1
5	4	-0.193921	-7.89539	-1	-1	-1
5	4	-0.0439209	-7.89539	2832	2896.72	-1
5	4	0.106079	-7.89539	2629	2727.19	-1
5	4	0.256079	-7.89539	2806	2869.12	-1
5	4	0.406079	-7.89539	-1	-1	-1
5	4	0.556079	-7.89539	-1	-1	-1
5	4	0.706079	-7.89539	-1	-1	-1
5	4	-0.343921	-7.74539	-1	-1	-1
5	4	-0.193921	-7.74539	2701	2761.31	-1
5	4	-0.0439209	-7.74539	2686	2749.66	-1
5	4	0.106079	-7.74539	2490	2547.16	-1
5	4	0.256079	-7.74539	2339	2436.12	-1
5	4	0.406079	-7.74539	-1	-1	-1
5	4	0.556079	-7.74539	-1	-1	-1
5	4	0.706079	-7.74539	-1	-1	-1
6	16	-7.10764	2.68227	-1	-1	-1
6	16	-6.95764	2.68227	-1	-1	-1
6	16	-6.80764	2.68227	-1	-1	-1
6	16	-6.65764	2.68227	-1	-1	-1
6	16	-7.10764	2.83227	-1	-1	-1
6	16	-6.95764	2.83227	-1	-1	-1
6	16	-6.80764	2.83227	-1	-1	-1
6	16	-6.65764	2.83227	-1	-1	-1
6	16	-7.10764	2.98227	-1	-1	-1
6	16	-6.95764	2.98227	-1	-1	-1
6	16	-6.80764	2.98227	-1	-1	-1
6	16	-6.65764	2.98227	-1	-1	-1
6	16	-7.10764	3.13227	-1	-1	-1
6	16	-6.95764	3.13227	-1	-1	-1
6	16	-6.80764	3.13227	-1	-1	-1
6	16	-6.65764	3.13227	-1	-1	-1
7	16	-1.90152	-3.26836	-1	-1	-1
7	16	-1.75152	-3.26836	-1	-1	-1
7	16	-1.60152	-3.26836	-1	-1	-1
7	16	-1.45152	-3.26836	-1	-1	-1
7	16	-1.90152	-3.11836	-1	-1	-1
7	16	-1.75152	-3.11836	-1	-1	-1
7	16	-1.60152	-3.11836	-1	-1	-1
7	16	-1.45152	-3.11836	-1	-1	-1
7	16	-1.90152	-2.96836	-1	-1	-1
7	16	-1.75152	-2.96836	-1	-1	-1
7	16	-1.60152	-2.96836	-1	-1	-1
7	16	-1.45152	-2.96836	2527	2655.34	-1
7	16	-1.90152	-2.81836	-1	-1	-1
7	16	-1.75152	-2.81836	-1	-1	-1
7	16	-1.60152	-2.81836	5143	5286.69	-1
7	16	-1.45152	-2.81836	115	145.406	-1
8	16	2.01618	-6.85061	-1	-1	-1
8	16	2.16618	-6.85061	-1	-1	-1
8	16	2.31618	-6.85061	-1	-1	-1
8	16	2.46618	-6.85061	-1	-1	-1
8	16	2.01618	-6.70061	1592	1673.31	-1
8	16	2.16618	-6.70061	-1	-1	-1
8	16	2.31618	-6.70061	-1	-1	-1
8	16	2.46618	-6.70061	-1	-1	-1
8	16	2.01618	-6.55061	1319	1415.47	-1
8	16	2.16618	-6.55061	1465	1520.69	-1
8	16	2.31618	-6.55061	-1	-1	-1
8	16	2.46618	-6.55061	-1	-1	-1
8	16	2.01618	-6.40061	1606	1664.38	-1
8	16	2.16618	-6.40061	1485	1541	-1
8	16	2.31618	-6.40061	-1	-1	-1
8	16	2.46618	-6.40061	-1	-1	-1
9	16	-0.0927785	-4.72568	-1	-1	-1
9	16	0.0572215	-4.72568	-1	-1	-1
9	16	0.207221	-4.72568	-1	-1	-1
9	16	0.357221	-4.72568	-1	-1	-1
9	16	-0.0927785	-4.57568	4924	4974.88	-1
9	16	0.0572215	-4.57568	5012	5063.91	-1
9	16	0.207221	-4.57568	5204	5280.16	-1
9	16	0.357221	-4.57568	-1	-1	-1
9	16	-0.0927785	-4.42568	4647	4684.62	-1
9	16	0.0572215	-4.42568	4732	4779.66	-1
9	16	0.207221	-4.42568	5117	5155.44	-1
9	16	0.357221	-4.42568	-1	-1	-1
9	16	-0.0927785	-4.27568	4493	4605.47	-1
9	16	0.0572215	-4.27568	4816	4885.66	-1
9	16	0.207221	-4.27568	5350	5385.88	-1
9	16	0.357221	-4.27568	-1	-1	-1
10	16	-3.8624	-8.17198	-1	-1	-1
10	16	-3.7124	-8.17198	-1	-1	-1
10	16	-3.5624	-8.17198	-1	-1	-1
10	16	-3.4124	-8.17198	-1	-1	-1
10	16	-3.8624	-8.02198	-1	-1	-1
10	16	-3.7124	-8.02198	-1	-1	-1
10	16	-3.5624	-8.02198	-1	-1	-1
10	16	-3.4124	-8.02198	-1	-1	-1
10	16	-3.8624	-7.87198	-1	-1	-1
10	16	-3.7124	-7.87198	-1	-1	-1
10	16	-3.5624	-7.87198	-1	-1	-1
10	16	-3.4124	-7.87198	-1	-1	-1
10	16	-3.8624	-7.72198	-1	-1	-1
10	16	-3.7124	-7.72198	-1	-1	-1
10	16	-3.5624	-7.72198	-1	-1	-1
10	16	-3.4124	-7.72198	-1	-1	-1
11	16	0.148408	7.66922	4655	4753.97	-1
11	16	0.298408	7.66922	4847	4921.69	-1
11	16	0.448408	7.66922	-1	-1	-1
11	16	0.598408	7.66922	-1	-1	-1
11	16	0.148408	7.81922	4840	4899.09	-1
11	16	0.298408	7.81922	4984	5051.16	-1
11	16	0.448408	7.81922	-1	-1	-1
11	16	0.598408	7.81922	-1	-1	-1
11	16	0.148408	7.96922	-1	-1	-1
11	16	0.298408	7.96922	-1	-1	-1
11	16	0.448408	7.96922	-1	-1	-1
11	16	0.598408	7.96922	-1	-1	-1
11	16	0.148408	8.11922	-1	-1	-1
11	16	0.298408	8.11922	-1	-1	-1
11	16	0.448408	8.11922	-1	-1	-1
11	16	0.598408	8.11922	-1	-1	-1
12	16	-7.06597	-1.92429	-1	-1	-1
12	16	-6.91597	-1.92429	-1	-1	-1
12	16	-6.76597	-1.92429	-1	-1	-1
12	16	-6.61597	-1.92429	-1	-1	-1
12	16	-7.06597	-1.77429	-1	-1	-1
12	16	-6.91597	-1.77429	-1	-1	-1
12	16	-6.76597	-1.77429	-1	-1	-1
12	16	-6.61597	-1.77429	-1	-1	-1
12	16	-7.06597	-1.62429	-1	-1	-1
12	16	-6.91597	-1.62429	-1	-1	-1
12	16	-6.76597	-1.62429	-1	-1	-1
12	16	-6.61597	-1.62429	-1	-1	-1
12	16	-7.06597	-1.47429	-1	-1	-1
12	16	-6.91597	-1.47429	-1	-1	-1
12	16	-6.76597	-1.47429	-1	-1	-1
12	16	-6.61597	-1.47429	-1	-1	-1
13	16	-2.78307	2.38106	-1	-1	-1
13	16	-2.63307	2.38106	-1	-1	-1
13	16	-2.48307	2.38106	-1	-1	-1
13	16	-2.33307	2.38106	66	230	-1
13	16	-2.78307	2.53106	-1	-1	-1
13	16	-2.63307	2.53106	-1	-1	-1
13	16	-2.48307	2.53106	312	344.219	-1
13	16	-2.33307	2.53106	128	158.125	-1
13	16	-2.78307	2.68106	-1	-1	-1
13	16	-2.63307	2.68106	-1	-1	-1
13	16	-2.48307	2.68106	-1	-1	-1
13	16	-2.33307	2.68106	196	243.781	-1
13	16	-2.78307	2.83106	-1	-1	-1
13	16	-2.63307	2.83106	-1	-1	-1
13	16	-2.48307	2.83106	5217	5367.53	-1
13	16	-2.33307	2.83106	1350	1505.91	-1
14	16	4.22914	2.02762	298	409.25	-1
14	16	4.37914	2.02762	525	581.25	-1
14	16	4.52914	2.02762	662	752	-1
14	16	4.67914	2.02762	904	946.531	-1
14	16	4.22914	2.17762	443	480.562	-1
14	16	4.37914	2.17762	620	671.562	-1
14	16	4.52914	2.17762	799	843.531	-1
14	16	4.67914	2.17762	996	1058.22	-1
14	16	4.22914	2.32762	1118	1158.28	-1
14	16	4.37914	2.32762	731	778.781	-1
14	16	4.52914	2.32762	-1	-1	-1
14	16	4.67914	2.32762	1151	1204.12	-1
14	16	4.22914	2.47762	-1	-1	-1
14	16	4.37914	2.47762	-1	-1	-1
14	16	4.52914	2.47762	-1	-1	-1
14	16	4.67914	2.47762	-1	-1	-1
15	16	-8.56583	2.10812	-1	-1	-1
15	16	-8.41583	2.10812	5390	-1	-1
15	16	-8.26583	2.10812	5252	5314.19	-1
15	16	-8.11583	2.10812	-1	-1	-1
15	16	-8.56583	2.25812	-1	-1	-1
15	16	-8.41583	2.25812	-1	-1	-1
15	16	-8.26583	2.25812	-1	-1	-1
15	16	-8.11583	2.25812	-1	-1	-1
15	16	-8.56583	2.40812	-1	-1	-1
15	16	-8.41583	2.40812	-1	-1	-1
15	16	-8.26583	2.40812	-1	-1	-1
15	16	-8.11583	2.40812	-1	-1	-1
15	16	-8.56583	2.55812	-1	-1	-1
15	16	-8.41583	2.55812	-1	-1	-1
15	16	-8.26583	2.55812	-1	-1	-1
15	16	-8.11583	2.55812	-1	-1	-1
16	16	-2.33957	-6.42374	-1	-1	-1
16	16	-2.18957	-6.42374	-1	-1	-1
16	16	-2.03957	-6.42374	-1	-1	-1
16	16	-1.88957	-6.42374	-1	-1	-1
16	16	-2.33957	-6.27374	-1	-1	-1
16	16	-2.18957	-6.27374	2972	3030.53	-1
16	16	-2.03957	-6.27374	2838	2905.47	-1
16	16	-1.88957	-6.27374	-1	-1	-1
16	16	-2.33957	-6.12374	3111	3175.59	-1
16	16	-2.18957	-6.12374	2729	2790.56	-1
16	16	-2.03957	-6.12374	2624	2680.81	-1
16	16	-1.88957	-6.12374	3016	3071.59	-1
16	16	-2.33957	-5.97374	-1	-1	-1
16	16	-2.18957	-5.97374	2514	2567.72	-1
16	16	-2.03957	-5.97374	1022	1074.53	-1
16	16	-1.88957	-5.97374	2344	2450.12	-1
17	16	-3.34864	8.05539	-1	-1	-1
17	16	-3.19864	8.05539	-1	-1	-1
17	16	-3.04864	8.05539	-1	-1	-1
17	16	-2.89864	8.05539	-1	-1	-1
17	16	-3.34864	8.20539	-1	-1	-1
17	16	-3.19864	8.20539	-1	-1	-1
17	16	-3.04864	8.20539	-1	-1	-1
17	16	-2.89864	8.20539	-1	-1	-1
17	16	-3.34864	8.35539	-1	-1	-1
17	16	-3.19864	8.35539	-1	-1	-1
17	16	-3.04864	8.35539	-1	-1	-1
17	16	-2.89864	8.35539	-1	-1	-1
17	16	-3.34864	8.50539	-1	-1	-1
17	16	-3.19864	8.50539	-1	-1	-1
17	16	-3.04864	8.50539	-1	-1	-1
17	16	-2.89864	8.50539	3728	3820.44	-1
18	16	6.66308	6.70804	-1	-1	-1
18	16	6.81308	6.70804	-1	-1	-1
18	16	6.96308	6.70804	-1	-1	-1
18	16	7.11308	6.70804	-1	-1	-1
18	16	6.66308	6.85804	3980	4100.66	-1
18	16	6.81308	6.85804	-1	-1	-1
18	16	6.96308	6.85804	-1	-1	-1
18	16	7.11308	6.85804	-1	-1	-1
18	16	6.66308	7.00804	4169	4246.78	-1
18	16	6.81308	7.00804	-1	-1	-1
18	16	6.96308	7.00804	-1	-1	-1
18	16	7.11308	7.00804	-1	-1	-1
18	16	6.66308	7.15804	-1	-1	-1
18	16	6.81308	7.15804	-1	-1	-1
18	16	6.96308	7.15804	-1	-1	-1
18	16	7.11308	7.15804	-1	-1	-1
19	16	6.30783	0.0590853	3652	3762.97	-1
19	16	6.45783	0.0590853	-1	-1	-1
19	16	6.60783	0.0590853	-1	-1	-1
19	16	6.75783	0.0590853	2146	2207.03	-1
19	16	6.30783	0.209085	62	111.906	-1
19	16	6.45783	0.209085	-1	-1	-1
19	16	6.60783	0.209085	-1	-1	-1
19	16	6.75783	0.209085	-1	-1	-1
19	16	6.30783	0.359085	189	244.625	-1
19	16	6.45783	0.359085	-1	-1	-1
19	16	6.60783	0.359085	-1	-1	-1
19	16	6.75783	0.359085	-1	-1	-1
19	16	6.30783	0.509085	330	377.969	-1
19	16	6.45783	0.509085	-1	-1	-1
19	16	6.60783	0.509085	-1	-1	-1
19	16	6.75783	0.509085	-1	-1	-1
20	16	-7.90999	3.4006	-1	-1	-1
20	16	-7.75999	3.4006	-1	-1	-1
20	16	-7.60999	3.4006	-1	-1	-1
20	16	-7.45999	3.4006	-1	-1	-1
20	16	-7.90999	3.5506	-1	-1	-1
20	16	-7.75999	3.5506	-1	-1	-1
20	16	-7.60999	3.5506	-1	-1	-1
20	16	-7.45999	3.5506	-1	-1	-1
20	16	-7.90999	3.7006	-1	-1	-1
20	16	-7.75999	3.7006	-1	-1	-1
20	16	-7.60999	3.7006	-1	-1	-1
20	16	-7.45999	3.7006	-1	-1	-1
20	16	-7.90999	3.8506	-1	-1	-1
20	16	-7.75999	3.8506	-1	-1	-1
20	16	-7.60999	3.8506	-1	-1	-1
20	16	-7.45999	3.8506	-1	-1	-1
21	16	1.04078	8.73795	-1	-1	-1
21	16	1.19078	8.73795	-1	-1	-1
21	16	1.34078	8.73795	-1	-1	-1
21	16	1.49078	8.73795	-1	-1	-1
21	16	1.04078	8.88795	-1	-1	-1
21	16	1.19078	8.88795	-1	-1	-1
21	16	1.34078	8.88795	-1	-1	-1
21	16	1.49078	8.88795	-1	-1	-1
21	16	1.04078	9.03795	-1	-1	-1
21	16	1.19078	9.03795	-1	-1	-1
21	16	1.34078	9.03795	-1	-1	-1
21	16	1.49078	9.03795	-1	-1	-1
21	16	1.04078	9.18795	-1	-1	-1
21	16	1.19078	9.18795	-1	-1	-1
21	16	1.34078	9.18795	-1	-1	-1
21	16	1.49078	9.18795	-1	-1	-1
0	256	-7.22355	-0.943339	-1	-1	-1
0	256	-2.13454	9.1096	-1	-1	-1
0	256	-1.10363	3.58339	746	873.125	-1
0	256	2.28268	-2.44622	672	819.531	-1
0	256	-8.20028	-3.86496	-1	-1	-1
0	256	-6.30726	0.260609	3696	3797.81	-1
0	256	-6.43801	2.29067	-1	-1	-1
0	256	0.533834	-9.06447	-1	-1	-1
0	256	-7.92238	2.4654	-1	-1	-1
0	256	-3.03069	-6.51521	-1	-1	-1
0	256	-3.41406	0.125335	-1	-1	-1
0	256	5.43872	7.34894	-1	-1	-1
0	256	3.83507	1.36906	2976	3091	-1
0	256	-3.04492	-2.5744	-1	-1	-1
0	256	-6.28316	-6.64686	-1	-1	-1
0	256	-4.14968	8.23264	-1	-1	-1
0	256	-3.25206	3.79376	-1	-1	-1
0	256	-4.47449	-2.5629	321	436.312	-1
0	256	-3.22162	4.64043	-1	-1	-1
0	256	-7.88422	-3.98265	-1	-1	-1
0	256	-7.66209	2.71479	-1	-1	-1
0	256	-7.07757	-2.14498	-1	-1	-1
0	256	-3.32698	1.68539	759	883.625	-1
0	256	4.81796	2.02406	1142	1193.5	-1
0	256	1.10183	8.10526	-1	-1	-1
0	256	-4.32196	-1.52953	-1	-1	-1
0	256	8.55482	-4.85054	-1	-1	-1
0	256	4.88965	1.33327	-1	-1	-1
0	256	-1.49638	-2.4041	-1	-1	-1
0	256	6.8209	-6.00551	-1	-1	-1
0	256	9.05858	2.35493	-1	-1	-1
0	256	-0.888716	6.17613	-1	-1	-1
0	256	2.25259	-1.44848	1953	2095.25	-1
0	256	-2.93636	7.51237	-1	-1	-1
0	256	1.64327	8.2327	1719	1785.47	-1
0	256	4.32618	6.25843	-1	-1	-1
0	256	-5.74564	-4.69137	-1	-1	-1
0	256	-8.69668	4.92726	-1	-1	-1
0	256	0.395121	-5.64827	-1	-1	-1
0	256	-4.86654	-2.64738	1032	1168.53	-1
0	256	-1.08544	-9.53056	-1	-1	-1
0	256	-2.55714	-9.65374	2559	2634.78	-1
0	256	6.41021	6.4618	-1	-1	-1
0	256	4.14456	0.212556	-1	-1	-1
0	256	3.17434	5.19652	-1	-1	-1
0	256	2.61679	1.55677	-1	-1	-1
0	256	3.40015	0.733231	-1	-1	-1
0	256	7.36737	-0.45743	-1	-1	-1
0	256	4.75711	3.1549	-1	-1	-1
0	256	1.51872	2.93766	304	444.781	-1
0	256	-9.70582	-0.689769	590	661.594	-1
0	256	5.02861	1.09264	-1	-1	-1
0	256	0.760402	-5.49865	-1	-1	-1
0	256	0.589844	-9.19687	-1	-1	-1
0	256	-1.9997	3.38572	54	106.219	-1
0	256	-8.64596	3.88478	-1	-1	-1
0	256	7.85191	6.19189	-1	-1	-1
0	256	-0.662763	-9.72689	-1	-1	-1
0	256	8.46975	1.35903	-1	-1	-1
0	256	-2.87535	-6.56651	-1	-1	-1
0	256	-7.18876	-5.28155	-1	-1	-1
0	256	-4.47359	-1.32909	-1	-1	-1
0	256	3.2537	5.2792	-1	-1	-1
0	256	-5.66321	2.35699	-1	-1	-1
0	256	6.98522	-0.391491	1898	1994.91	-1
0	256	-2.81158	4.1444	-1	-1	-1
0	256	4.98593	-4.42936	1744	1884.03	-1
0	256	-5.39845	-4.35655	1092	1234.75	-1
0	256	3.95684	-4.44329	2168	2220.66	-1
0	256	-5.26927	3.99342	447	583.094	-1
0	256	1.37234	3.12502	4501	4624.59	-1
0	256	4.878	-1.64901	-1	-1	-1
0	256	6.38043	5.7537	-1	-1	-1
0	256	6.67044	-7.1167	-1	-1	-1
0	256	0.565244	5.8557	4180	4230.09	-1
0	256	2.04838	3.84176	-1	-1	-1
0	256	-5.92811	4.98092	1716	1776.22	-1
0	256	-6.12532	-0.507551	-1	-1	-1
0	256	-4.69939	-8.57688	3778	3881.78	-1
0	256	3.66347	0.473046	-1	-1	-1
0	256	0.764789	6.07166	4236	4345.72	-1
0	256	0.248664	-5.89419	-1	-1	-1
0	256	-1.97752	-0.960463	-1	-1	-1
0	256	-2.61446	-8.82659	-1	-1	-1
0	256	6.57971	-5.13017	3996	4120.34	-1
0	256	-4.4175	5.18857	-1	-1	-1
0	256	-0.829007	-9.51824	-1	-1	-1
0	256	-4.90018	-3.22944	4092	4212.31	-1
0	256	9.2655	1.24197	-1	-1	-1
0	256	1.6809	-3.02126	1797	1857.69	-1
0	256	0.350588	-3.3552	-1	-1	-1
0	256	-0.0497052	3.55259	-1	-1	-1
0	256	-5.96483	-2.16533	-1	-1	-1
0	256	-0.443602	4.41076	4837	4873.41	-1
0	256	9.27867	-3.02506	-1	-1	-1
0	256	3.39807	-3.26158	-1	-1	-1
0	256	-3.26514	-5.24721	-1	-1	-1
0	256	5.46536	5.78587	1443	1567.34	-1
0	256	0.681942	7.35948	-1	-1	-1
0	256	-6.18645	5.89986	-1	-1	-1
0	256	2.45951	5.3962	4374	4491.53	-1
0	256	-5.92482	7.41008	-1	-1	-1
0	256	2.05673	-5.95489	-1	-1	-1
0	256	-9.17923	-1.21375	-1	-1	-1
0	256	6.51896	-0.843424	-1	-1	-1
0	256	-4.10769	4.95644	2749	2886.47	-1
0	256	-8.09533	-5.15774	690	759.594	-1
0	256	9.31162	-1.9065	4072	4158.72	-1
0	256	-5.74133	6.43616	-1	-1	-1
0	256	4.45368	-5.44242	-1	-1	-1
0	256	-1.67905	-7.88602	2427	2518.19	-1
0	256	2.08134	-7.5298	-1	-1	-1
0	256	-2.85422	9.54396	-1	-1	-1
0	256	3.49158	-8.92354	-1	-1	-1
0	256	-1.17208	-8.40121	-1	-1	-1
0	256	-1.17756	-9.77581	4946	5021.19	-1
0	256	2.02529	-6.07452	-1	-1	-1
0	256	-2.18178	-3.03579	-1	-1	-1
0	256	7.48232	-5.80554	4738	4851.03	-1
0	256	2.0688	-9.30106	1885	1953.5	-1
0	256	-6.97	5.95479	-1	-1	-1
0	256	-8.77473	-2.97517	-1	-1	-1
0	256	0.188404	8.90581	361	450.188	-1
0	256	0.861172	4.90332	-1	-1	-1
0	256	-1.17842	-9.34703	-1	-1	-1
0	256	1.70958	4.9485	-1	-1	-1
0	256	4.84502	7.1033	-1	-1	-1
0	256	4.17573	3.90573	-1	-1	-1
0	256	-0.953193	8.54671	-1	-1	-1
0	256	8.88325	-4.06728	3076	3167.41	-1
0	256	8.58197	1.34784	-1	-1	-1
0	256	-2.27495	-3.66651	-1	-1	-1
0	256	-6.84196	-1.3346	-1	-1	-1
0	256	3.24805	0.813019	1336	1449.94	-1
0	256	6.73512	2.85065	-1	-1	-1
0	256	-5.40988	-2.88801	-1	-1	-1
0	256	2.54691	-4.77491	-1	-1	-1
0	256	-7.03332	1.94023	-1	-1	-1
0	256	-1.04735	9.14468	-1	-1	-1
0	256	1.9507	-3.39908	223	365.656	-1
0	256	-0.273197	6.54318	-1	-1	-1
0	256	-0.580786	4.41906	501	620.844	-1
0	256	0.416405	6.85853	-1	-1	-1
0	256	0.519058	-4.07827	4336	4448.59	-1
0	256	-8.43153	2.97193	-1	-1	-1
0	256	4.85099	5.41072	3979	4110.56	-1
0	256	-6.94098	-6.80568	-1	-1	-1
0	256	-3.70618	-8.61057	-1	-1	-1
0	256	1.51048	-6.0522	-1	-1	-1
0	256	5.76344	5.5036	1728	1803.78	-1
0	256	-1.63261	-9.34667	-1	-1	-1
0	256	-7.66626	-1.98011	-1	-1	-1
0	256	6.03364	-7.9338	-1	-1	-1
0	256	3.77838	-8.48011	-1	-1	-1
0	256	7.38709	1.54268	-1	-1	-1
0	256	-2.42643	6.5083	-1	-1	-1
0	256	3.22199	4.80778	-1	-1	-1
0	256	-9.28059	1.102	1540	1628	-1
0	256	0.705489	1.19996	4744	4771.84	-1
0	256	5.25552	7.67222	-1	-1	-1
0	256	-0.863614	-8.72896	3390	3484.19	-1
0	256	0.643763	-9.11085	4105	4174.78	-1
0	256	5.9528	7.30285	-1	-1	-1
0	256	4.44188	1.21234	4530	4566.22	-1
0	256	-1.01697	-8.21145	-1	-1	-1
0	256	6.93014	3.53203	-1	-1	-1
0	256	-4.74042	6.09025	3429	3550.47	-1
0	256	6.74626	5.04857	-1	-1	-1
0	256	4.24813	-3.99399	-1	-1	-1
0	256	-3.86666	-4.83854	-1	-1	-1
0	256	-1.95227	-2.54009	1412	1560.19	-1
0	256	-4.70497	2.97488	-1	-1	-1
0	256	-1.16259	-9.60648	-1	-1	-1
0	256	4.28224	8.56002	-1	-1	-1
0	256	-2.01236	-5.20511	-1	-1	-1
0	256	7.95237	2.62029	-1	-1	-1
0	256	7.00052	-2.70247	-1	-1	-1
0	256	8.40905	-2.5426	-1	-1	-1
0	256	-3.63138	-0.482303	629	665.781	-1
0	256	-1.45618	8.3707	-1	-1	-1
0	256	-6.13152	0.538384	-1	-1	-1
0	256	-4.29236	1.82013	-1	-1	-1
0	256	1.2697	-5.437	106	206.156	-1
0	256	-7.9621	4.88276	-1	-1	-1
0	256	6.41451	-2.43004	-1	-1	-1
0	256	8.66675	0.820163	-1	-1	-1
0	256	-3.90599	2.21898	3138	3260.88	-1
0	256	0.0927345	-5.79788	-1	-1	-1
0	256	-4.15852	-0.476835	1152	1271.72	-1
0	256	3.76338	2.52288	-1	-1	-1
0	256	0.757347	5.89622	3992	4100.19	-1
0	256	-8.01503	-4.72466	-1	-1	-1
0	256	-9.00907	-0.167136	3499	3561.19	-1
0	256	-7.49836	8.31705	-1	-1	-1
0	256	-3.27149	7.94698	-1	-1	-1
0	256	8.53226	5.68244	-1	-1	-1
0	256	-5.61074	1.89892	-1	-1	-1
0	256	-3.04105	5.2519	3272	3393.78	-1
0	256	3.85545	3.64762	-1	-1	-1
0	256	-7.85361	2.8936	-1	-1	-1
0	256	3.57997	-3.76946	1050	1213.47	-1
0	256	2.81437	9.44136	4230	4303.06	-1
0	256	5.90975	-8.0168	-1	-1	-1
0	256	-0.957664	-6.35288	-1	-1	-1
0	256	-1.30142	3.76222	-1	-1	-1
0	256	7.10685	-0.252251	2073	2132.16	-1
0	256	-1.21758	7.02737	-1	-1	-1
0	256	-1.08701	3.8642	5331	-1	-1
0	256	9.18045	0.723225	-1	-1	-1
0	256	-3.81369	-3.56282	1729	1878.75	-1
0	256	-2.7088	-6.21419	-1	-1	-1
0	256	-2.74716	-8.55834	-1	-1	-1
0	256	3.76084	3.35927	-1	-1	-1
0	256	-5.95615	-1.70483	-1	-1	-1
0	256	-0.0879207	-5.5878	-1	-1	-1
0	256	-2.9741	6.655	-1	-1	-1
0	256	5.09528	5.84082	-1	-1	-1
0	256	7.27795	2.75291	-1	-1	-1
0	256	-5.46364	1.76909	-1	-1	-1
0	256	5.29295	1.06534	-1	-1	-1
0	256	3.10892	5.6042	-1	-1	-1
0	256	-4.41522	-5.64789	-1	-1	-1
0	256	4.25068	3.22748	-1	-1	-1
0	256	-3.93292	-4.94312	-1	-1	-1
0	256	-8.70481	3.06318	-1	-1	-1
0	256	3.69441	-1.36257	2365	2397.31	-1
0	256	3.95966	5.2542	4558	4704.19	-1
0	256	7.98873	1.31954	-1	-1	-1
0	256	-2.65938	-9.31261	-1	-1	-1
0	256	8.71756	-0.500616	-1	-1	-1
0	256	-7.19291	6.27959	-1	-1	-1
0	256	-4.42313	1.20262	-1	-1	-1
0	256	-5.10581	-2.67866	-1	-1	-1
0	256	7.28382	6.30673	3730	3846.22	-1
0	256	5.57876	2.77869	-1	-1	-1
0	256	-0.909938	6.84505	-1	-1	-1
0	256	-3.51322	-6.82743	-1	-1	-1
0	256	-4.03955	7.12626	-1	-1	-1
0	256	-1.45466	-3.38555	-1	-1	-1
0	256	-3.58421	-5.20055	791	923.531	-1
0	256	6.86075	-6.5856	-1	-1	-1
0	256	4.23834	6.74177	-1	-1	-1
0	256	-6.32781	-3.93776	-1	-1	-1
0	256	7.34182	6.74001	-1	-1	-1
0	256	3.80637	-4.72758	-1	-1	-1
0	256	1.74389	-8.19557	1059	1147.88	-1
0	256	-5.90964	-2.29895	-1	-1	-1
0	256	7.78405	2.44714	3762	3859.19	-1
0	256	-6.10457	-4.62002	-1	-1	-1
0	256	9.22425	-3.64727	1106	1180.66	-1
0	256	-2.56499	-6.27689	-1	-1	-1
0	256	-9.429	-2.56169	-1	-1	-1
0	256	7.15717	1.13341	-1	-1	-1
0	256	-4.04567	-7.83312	-1	-1	-1
0	256	-8.19594	4.57572	4478	4568.72	-1
0	256	0.0631325	9.41651	-1	-1	-1
