Pile ID	Distribution Type	X-Position	Y-Position	Pickup Time	Drop Off Time	Ant ID
1	1	-1.63714	-2.65873	-1	-1	-1
1	1	-1.48714	-2.65873	-1	-1	-1
1	1	-1.33714	-2.65873	-1	-1	-1
1	1	-1.18714	-2.65873	-1	-1	-1
1	1	-1.03714	-2.65873	-1	-1	-1
1	1	-0.887138	-2.65873	-1	-1	-1
1	1	-0.737138	-2.65873	-1	-1	-1
1	1	-0.587138	-2.65873	-1	-1	-1
1	1	-0.437138	-2.65873	-1	-1	-1
1	1	-0.287138	-2.65873	-1	-1	-1
1	1	-0.137138	-2.65873	-1	-1	-1
1	1	0.012862	-2.65873	-1	-1	-1
1	1	0.162862	-2.65873	4190	4228.09	-1
1	1	0.312862	-2.65873	4103	4161.44	-1
1	1	0.462862	-2.65873	-1	-1	-1
1	1	0.612862	-2.65873	-1	-1	-1
1	1	-1.63714	-2.50873	-1	-1	-1
1	1	-1.48714	-2.50873	-1	-1	-1
1	1	-1.33714	-2.50873	-1	-1	-1
1	1	-1.18714	-2.50873	-1	-1	-1
1	1	-1.03714	-2.50873	-1	-1	-1
1	1	-0.887138	-2.50873	-1	-1	-1
1	1	-0.737138	-2.50873	-1	-1	-1
1	1	-0.587138	-2.50873	-1	-1	-1
1	1	-0.437138	-2.50873	-1	-1	-1
1	1	-0.287138	-2.50873	-1	-1	-1
1	1	-0.137138	-2.50873	-1	-1	-1
1	1	0.012862	-2.50873	-1	-1	-1
1	1	0.162862	-2.50873	4044	4079.72	-1
1	1	0.312862	-2.50873	3948	3996.31	-1
1	1	0.462862	-2.50873	4027	4109.22	-1
1	1	0.612862	-2.50873	-1	-1	-1
1	1	-1.63714	-2.35873	-1	-1	-1
1	1	-1.48714	-2.35873	-1	-1	-1
1	1	-1.33714	-2.35873	-1	-1	-1
1	1	-1.18714	-2.35873	-1	-1	-1
1	1	-1.03714	-2.35873	-1	-1	-1
1	1	-0.887138	-2.35873	-1	-1	-1
1	1	-0.737138	-2.35873	-1	-1	-1
1	1	-0.587138	-2.35873	-1	-1	-1
1	1	-0.437138	-2.35873	-1	-1	-1
1	1	-0.287138	-2.35873	-1	-1	-1
1	1	-0.137138	-2.35873	-1	-1	-1
1	1	0.012862	-2.35873	-1	-1	-1
1	1	0.162862	-2.35873	3839	3888.19	-1
1	1	0.312862	-2.35873	3821	3854.97	-1
1	1	0.462862	-2.35873	3755	3783.19	-1
1	1	0.612862	-2.35873	3926	3958.59	-1
1	1	-1.63714	-2.20873	-1	-1	-1
1	1	-1.48714	-2.20873	-1	-1	-1
1	1	-1.33714	-2.20873	-1	-1	-1
1	1	-1.18714	-2.20873	-1	-1	-1
1	1	-1.03714	-2.20873	-1	-1	-1
1	1	-0.887138	-2.20873	-1	-1	-1
1	1	-0.737138	-2.20873	2110	2154.72	-1
1	1	-0.587138	-2.20873	-1	-1	-1
1	1	-0.437138	-2.20873	-1	-1	-1
1	1	-0.287138	-2.20873	-1	-1	-1
1	1	-0.137138	-2.20873	-1	-1	-1
1	1	0.012862	-2.20873	-1	-1	-1
1	1	0.162862	-2.20873	3947	3975.16	-1
1	1	0.312862	-2.20873	3654	3696.06	-1
1	1	0.462862	-2.20873	3714	3764.94	-1
1	1	0.612862	-2.20873	3987	4014.22	-1
1	1	-1.63714	-2.05873	-1	-1	-1
1	1	-1.48714	-2.05873	3245	3409.5	-1
1	1	-1.33714	-2.05873	-1	-1	-1
1	1	-1.18714	-2.05873	-1	-1	-1
1	1	-1.03714	-2.05873	-1	-1	-1
1	1	-0.887138	-2.05873	2016	2076.09	-1
1	1	-0.737138	-2.05873	1887	1937.72	-1
1	1	-0.587138	-2.05873	1824	1859.88	-1
1	1	-0.437138	-2.05873	-1	-1	-1
1	1	-0.287138	-2.05873	-1	-1	-1
1	1	-0.137138	-2.05873	-1	-1	-1
1	1	0.012862	-2.05873	-1	-1	-1
1	1	0.162862	-2.05873	3596	3636.03	-1
1	1	0.312862	-2.05873	3532	3560.91	-1
1	1	0.462862	-2.05873	3612	3634.25	-1
1	1	0.612862	-2.05873	-1	-1	-1
1	1	-1.63714	-1.90873	3433	3457.38	-1
1	1	-1.48714	-1.90873	2709	2754.69	-1
1	1	-1.33714	-1.90873	2657	2682.09	-1
1	1	-1.18714	-1.90873	-1	-1	-1
1	1	-1.03714	-1.90873	-1	-1	-1
1	1	-0.887138	-1.90873	-1	-1	-1
1	1	-0.737138	-1.90873	1960	1982.56	-1
1	1	-0.587138	-1.90873	1720	1753.78	-1
1	1	-0.437138	-1.90873	1649	1692.47	-1
1	1	-0.287138	-1.90873	-1	-1	-1
1	1	-0.137138	-1.90873	-1	-1	-1
1	1	0.012862	-1.90873	-1	-1	-1
1	1	0.162862	-1.90873	2233	2271.97	-1
1	1	0.312862	-1.90873	3355	3492.66	-1
1	1	0.462862	-1.90873	2373	2403.62	-1
1	1	0.612862	-1.90873	3664	3685.72	-1
1	1	-1.63714	-1.75873	4121	4143.84	-1
1	1	-1.48714	-1.75873	2583	2625.31	-1
1	1	-1.33714	-1.75873	2563	2601.5	-1
1	1	-1.18714	-1.75873	2478	2517.44	-1
1	1	-1.03714	-1.75873	4774	4808.06	-1
1	1	-0.887138	-1.75873	-1	-1	-1
1	1	-0.737138	-1.75873	1577	1645.5	-1
1	1	-0.587138	-1.75873	1447	1479.75	-1
1	1	-0.437138	-1.75873	1515	1597.81	-1
1	1	-0.287138	-1.75873	-1	-1	-1
1	1	-0.137138	-1.75873	1988	2008.03	-1
1	1	0.012862	-1.75873	-1	-1	-1
1	1	0.162862	-1.75873	2141	2208.38	-1
1	1	0.312862	-1.75873	2181	2229.59	-1
1	1	0.462862	-1.75873	2143	2162.31	-1
1	1	0.612862	-1.75873	2304	2334.47	-1
1	1	-1.63714	-1.60873	4162	4194.59	-1
1	1	-1.48714	-1.60873	2241	2261.72	-1
1	1	-1.33714	-1.60873	2322	2369.78	-1
1	1	-1.18714	-1.60873	2417	2438.59	-1
1	1	-1.03714	-1.60873	1904	1937.47	-1
1	1	-0.887138	-1.60873	1696	1822.72	-1
1	1	-0.737138	-1.60873	1669	1688.88	-1
1	1	-0.587138	-1.60873	1334	1385.09	-1
1	1	-0.437138	-1.60873	1800	1853.88	-1
1	1	-0.287138	-1.60873	1941	1962.66	-1
1	1	-0.137138	-1.60873	1892	1913.59	-1
1	1	0.012862	-1.60873	1934	2023.16	-1
1	1	0.162862	-1.60873	1869	1916.97	-1
1	1	0.312862	-1.60873	2020	2080.28	-1
1	1	0.462862	-1.60873	2095	2124.28	-1
1	1	0.612862	-1.60873	2238	2271.78	-1
1	1	-1.63714	-1.45873	2316	2348.88	-1
1	1	-1.48714	-1.45873	2174	2218.09	-1
1	1	-1.33714	-1.45873	1912	2100.5	-1
1	1	-1.18714	-1.45873	1499	1531.88	-1
1	1	-1.03714	-1.45873	1289	1366.19	-1
1	1	-0.887138	-1.45873	1741	1775.66	-1
1	1	-0.737138	-1.45873	1390	1482.72	-1
1	1	-0.587138	-1.45873	1276	1299.38	-1
1	1	-0.437138	-1.45873	1368	1413.31	-1
1	1	-0.287138	-1.45873	1462	1513.31	-1
1	1	-0.137138	-1.45873	1554	1569.62	-1
1	1	0.012862	-1.45873	1668	1703.41	-1
1	1	0.162862	-1.45873	1723	1742.44	-1
1	1	0.312862	-1.45873	1741	1794.91	-1
1	1	0.462862	-1.45873	1913	1946.72	-1
1	1	0.612862	-1.45873	3759	3788.03	-1
1	1	-1.63714	-1.30873	2255	2286.44	-1
1	1	-1.48714	-1.30873	2116	2139.62	-1
1	1	-1.33714	-1.30873	1457	1554.25	-1
1	1	-1.18714	-1.30873	1390	1442.94	-1
1	1	-1.03714	-1.30873	1207	1253.97	-1
1	1	-0.887138	-1.30873	1086	1147.88	-1
1	1	-0.737138	-1.30873	1303	1330.53	-1
1	1	-0.587138	-1.30873	1154	1187.47	-1
1	1	-0.437138	-1.30873	1180	1213.94	-1
1	1	-0.287138	-1.30873	1255	1312.22	-1
1	1	-0.137138	-1.30873	1383	1398.19	-1
1	1	0.012862	-1.30873	1627	1660.03	-1
1	1	0.162862	-1.30873	1698	1722.94	-1
1	1	0.312862	-1.30873	1828	1850.75	-1
1	1	0.462862	-1.30873	1999	2027.44	-1
1	1	0.612862	-1.30873	3243	3277.5	-1
1	1	-1.63714	-1.15873	-1	-1	-1
1	1	-1.48714	-1.15873	-1	-1	-1
1	1	-1.33714	-1.15873	1391	1415.69	-1
1	1	-1.18714	-1.15873	1314	1359.28	-1
1	1	-1.03714	-1.15873	921	972.594	-1
1	1	-0.887138	-1.15873	810	905.844	-1
1	1	-0.737138	-1.15873	922	1045.78	-1
1	1	-0.587138	-1.15873	981	1017.47	-1
1	1	-0.437138	-1.15873	1082	1113.16	-1
1	1	-0.287138	-1.15873	1336	1372.94	-1
1	1	-0.137138	-1.15873	656	714.344	-1
1	1	0.012862	-1.15873	787	810.438	-1
1	1	0.162862	-1.15873	1745	1788.19	-1
1	1	0.312862	-1.15873	3150	3169.22	-1
1	1	0.462862	-1.15873	3200	3244.91	-1
1	1	0.612862	-1.15873	3154	3184.19	-1
1	1	-1.63714	-1.00873	2516	2539.47	-1
1	1	-1.48714	-1.00873	2384	2408.75	-1
1	1	-1.33714	-1.00873	1236	1268.59	-1
1	1	-1.18714	-1.00873	987	1074.09	-1
1	1	-1.03714	-1.00873	783	828.781	-1
1	1	-0.887138	-1.00873	757	778.969	-1
1	1	-0.737138	-1.00873	847	933.75	-1
1	1	-0.587138	-1.00873	1028	1082.72	-1
1	1	-0.437138	-1.00873	779	837.906	-1
1	1	-0.287138	-1.00873	814	837.906	-1
1	1	-0.137138	-1.00873	527	558.344	-1
1	1	0.012862	-1.00873	753	800.25	-1
1	1	0.162862	-1.00873	3026	3040.28	-1
1	1	0.312862	-1.00873	2988	3014.09	-1
1	1	0.462862	-1.00873	3111	3125.19	-1
1	1	0.612862	-1.00873	3099	3125.56	-1
1	1	-1.63714	-0.85873	2425	2484.62	-1
1	1	-1.48714	-0.85873	2281	2306.44	-1
1	1	-1.33714	-0.85873	1080	1142.84	-1
1	1	-1.18714	-0.85873	1008	1065.84	-1
1	1	-1.03714	-0.85873	909	975.938	-1
1	1	-0.887138	-0.85873	642	667.094	-1
1	1	-0.737138	-0.85873	694	730.312	-1
1	1	-0.587138	-0.85873	794	912.969	-1
1	1	-0.437138	-0.85873	601	772.156	-1
1	1	-0.287138	-0.85873	675	695.25	-1
1	1	-0.137138	-0.85873	407	444.781	-1
1	1	0.012862	-0.85873	338	395.594	-1
1	1	0.162862	-0.85873	856	885.75	-1
1	1	0.312862	-0.85873	2868	2900.16	-1
1	1	0.462862	-0.85873	2929	2957.72	-1
1	1	0.612862	-0.85873	3054	3067.56	-1
1	1	-1.63714	-0.70873	2131	2267.34	-1
1	1	-1.48714	-0.70873	2321	2339.38	-1
1	1	-1.33714	-0.70873	2569	2593.59	-1
1	1	-1.18714	-0.70873	797	870.281	-1
1	1	-1.03714	-0.70873	712	761.25	-1
1	1	-0.887138	-0.70873	582	612.719	-1
1	1	-0.737138	-0.70873	307	408.656	-1
1	1	-0.587138	-0.70873	325	414.875	-1
1	1	-0.437138	-0.70873	517	553.656	-1
1	1	-0.287138	-0.70873	478	598.562	-1
1	1	-0.137138	-0.70873	177	241.125	-1
1	1	0.012862	-0.70873	55	160.75	-1
1	1	0.162862	-0.70873	253	348.156	-1
1	1	0.312862	-0.70873	2824	2836.56	-1
1	1	0.462862	-0.70873	2886	2916.47	-1
1	1	0.612862	-0.70873	3008	3027.66	-1
1	1	-1.63714	-0.55873	1976	1999.72	-1
1	1	-1.48714	-0.55873	2037	2063.5	-1
1	1	-1.33714	-0.55873	-1	-1	-1
1	1	-1.18714	-0.55873	1171	1186.84	-1
1	1	-1.03714	-0.55873	939	980.656	-1
1	1	-0.887138	-0.55873	208	239.875	-1
1	1	-0.737138	-0.55873	170	227.25	-1
1	1	-0.587138	-0.55873	247	306.531	-1
1	1	-0.437138	-0.55873	481	512.75	-1
1	1	-0.287138	-0.55873	409	467.625	-1
1	1	-0.137138	-0.55873	135	260.188	-1
1	1	0.012862	-0.55873	16	45.125	-1
1	1	0.162862	-0.55873	80	116.75	-1
1	1	0.312862	-0.55873	301	336.469	-1
1	1	0.462862	-0.55873	3115	3173.41	-1
1	1	0.612862	-0.55873	5177	5202.41	-1
1	1	-1.63714	-0.40873	1791	1918.66	-1
1	1	-1.48714	-0.40873	1935	1957.22	-1
1	1	-1.33714	-0.40873	2113	2130.78	-1
1	1	-1.18714	-0.40873	4562	4717.53	-1
1	1	-1.03714	-0.40873	2995	3155.59	-1
1	1	-0.887138	-0.40873	95	168.125	-1
1	1	-0.737138	-0.40873	6	62.0938	-1
1	1	-0.587138	-0.40873	107	128.625	-1
1	1	-0.437138	-0.40873	366	496.938	-1
1	1	-0.287138	-0.40873	96	315.938	-1
1	1	-0.137138	-0.40873	9	42.7812	-1
1	1	0.012862	-0.40873	71	82.7188	-1
1	1	0.162862	-0.40873	150	170.125	-1
1	1	0.312862	-0.40873	407	501.938	-1
1	1	0.462862	-0.40873	5078	5089.12	-1
1	1	0.612862	-0.40873	1826	1838.16	-1
2	4	4.32369	-5.23049	-1	-1	-1
2	4	4.47369	-5.23049	-1	-1	-1
2	4	4.62369	-5.23049	-1	-1	-1
2	4	4.77369	-5.23049	-1	-1	-1
2	4	4.92369	-5.23049	-1	-1	-1
2	4	5.07369	-5.23049	-1	-1	-1
2	4	5.22369	-5.23049	-1	-1	-1
2	4	5.37369	-5.23049	-1	-1	-1
2	4	4.32369	-5.08049	-1	-1	-1
2	4	4.47369	-5.08049	-1	-1	-1
2	4	4.62369	-5.08049	-1	-1	-1
2	4	4.77369	-5.08049	-1	-1	-1
2	4	4.92369	-5.08049	-1	-1	-1
2	4	5.07369	-5.08049	-1	-1	-1
2	4	5.22369	-5.08049	-1	-1	-1
2	4	5.37369	-5.08049	-1	-1	-1
2	4	4.32369	-4.93049	4236	4380.53	-1
2	4	4.47369	-4.93049	4480	4535.25	-1
2	4	4.62369	-4.93049	-1	-1	-1
2	4	4.77369	-4.93049	-1	-1	-1
2	4	4.92369	-4.93049	-1	-1	-1
2	4	5.07369	-4.93049	-1	-1	-1
2	4	5.22369	-4.93049	-1	-1	-1
2	4	5.37369	-4.93049	-1	-1	-1
2	4	4.32369	-4.78049	-1	-1	-1
2	4	4.47369	-4.78049	-1	-1	-1
2	4	4.62369	-4.78049	-1	-1	-1
2	4	4.77369	-4.78049	-1	-1	-1
2	4	4.92369	-4.78049	-1	-1	-1
2	4	5.07369	-4.78049	-1	-1	-1
2	4	5.22369	-4.78049	-1	-1	-1
2	4	5.37369	-4.78049	-1	-1	-1
2	4	4.32369	-4.63049	-1	-1	-1
2	4	4.47369	-4.63049	-1	-1	-1
2	4	4.62369	-4.63049	-1	-1	-1
2	4	4.77369	-4.63049	-1	-1	-1
2	4	4.92369	-4.63049	-1	-1	-1
2	4	5.07369	-4.63049	-1	-1	-1
2	4	5.22369	-4.63049	-1	-1	-1
2	4	5.37369	-4.63049	-1	-1	-1
2	4	4.32369	-4.48049	-1	-1	-1
2	4	4.47369	-4.48049	-1	-1	-1
2	4	4.62369	-4.48049	-1	-1	-1
2	4	4.77369	-4.48049	-1	-1	-1
2	4	4.92369	-4.48049	-1	-1	-1
2	4	5.07369	-4.48049	-1	-1	-1
2	4	5.22369	-4.48049	-1	-1	-1
2	4	5.37369	-4.48049	-1	-1	-1
2	4	4.32369	-4.33049	-1	-1	-1
2	4	4.47369	-4.33049	-1	-1	-1
2	4	4.62369	-4.33049	-1	-1	-1
2	4	4.77369	-4.33049	-1	-1	-1
2	4	4.92369	-4.33049	-1	-1	-1
2	4	5.07369	-4.33049	-1	-1	-1
2	4	5.22369	-4.33049	-1	-1	-1
2	4	5.37369	-4.33049	-1	-1	-1
2	4	4.32369	-4.18049	-1	-1	-1
2	4	4.47369	-4.18049	-1	-1	-1
2	4	4.62369	-4.18049	-1	-1	-1
2	4	4.77369	-4.18049	-1	-1	-1
2	4	4.92369	-4.18049	-1	-1	-1
2	4	5.07369	-4.18049	-1	-1	-1
2	4	5.22369	-4.18049	-1	-1	-1
2	4	5.37369	-4.18049	-1	-1	-1
3	4	-0.32023	6.76848	-1	-1	-1
3	4	-0.17023	6.76848	-1	-1	-1
3	4	-0.02023	6.76848	-1	-1	-1
3	4	0.12977	6.76848	-1	-1	-1
3	4	0.27977	6.76848	-1	-1	-1
3	4	0.42977	6.76848	-1	-1	-1
3	4	0.57977	6.76848	-1	-1	-1
3	4	0.72977	6.76848	-1	-1	-1
3	4	-0.32023	6.91848	-1	-1	-1
3	4	-0.17023	6.91848	-1	-1	-1
3	4	-0.02023	6.91848	-1	-1	-1
3	4	0.12977	6.91848	-1	-1	-1
3	4	0.27977	6.91848	-1	-1	-1
3	4	0.42977	6.91848	-1	-1	-1
3	4	0.57977	6.91848	-1	-1	-1
3	4	0.72977	6.91848	-1	-1	-1
3	4	-0.32023	7.06848	-1	-1	-1
3	4	-0.17023	7.06848	-1	-1	-1
3	4	-0.02023	7.06848	-1	-1	-1
3	4	0.12977	7.06848	-1	-1	-1
3	4	0.27977	7.06848	-1	-1	-1
3	4	0.42977	7.06848	-1	-1	-1
3	4	0.57977	7.06848	-1	-1	-1
3	4	0.72977	7.06848	-1	-1	-1
3	4	-0.32023	7.21848	-1	-1	-1
3	4	-0.17023	7.21848	-1	-1	-1
3	4	-0.02023	7.21848	-1	-1	-1
3	4	0.12977	7.21848	-1	-1	-1
3	4	0.27977	7.21848	-1	-1	-1
3	4	0.42977	7.21848	-1	-1	-1
3	4	0.57977	7.21848	-1	-1	-1
3	4	0.72977	7.21848	-1	-1	-1
3	4	-0.32023	7.36848	-1	-1	-1
3	4	-0.17023	7.36848	-1	-1	-1
3	4	-0.02023	7.36848	-1	-1	-1
3	4	0.12977	7.36848	-1	-1	-1
3	4	0.27977	7.36848	-1	-1	-1
3	4	0.42977	7.36848	-1	-1	-1
3	4	0.57977	7.36848	-1	-1	-1
3	4	0.72977	7.36848	-1	-1	-1
3	4	-0.32023	7.51848	-1	-1	-1
3	4	-0.17023	7.51848	-1	-1	-1
3	4	-0.02023	7.51848	-1	-1	-1
3	4	0.12977	7.51848	-1	-1	-1
3	4	0.27977	7.51848	-1	-1	-1
3	4	0.42977	7.51848	-1	-1	-1
3	4	0.57977	7.51848	-1	-1	-1
3	4	0.72977	7.51848	-1	-1	-1
3	4	-0.32023	7.66848	-1	-1	-1
3	4	-0.17023	7.66848	-1	-1	-1
3	4	-0.02023	7.66848	-1	-1	-1
3	4	0.12977	7.66848	-1	-1	-1
3	4	0.27977	7.66848	-1	-1	-1
3	4	0.42977	7.66848	-1	-1	-1
3	4	0.57977	7.66848	-1	-1	-1
3	4	0.72977	7.66848	-1	-1	-1
3	4	-0.32023	7.81848	-1	-1	-1
3	4	-0.17023	7.81848	-1	-1	-1
3	4	-0.02023	7.81848	-1	-1	-1
3	4	0.12977	7.81848	-1	-1	-1
3	4	0.27977	7.81848	-1	-1	-1
3	4	0.42977	7.81848	-1	-1	-1
3	4	0.57977	7.81848	-1	-1	-1
3	4	0.72977	7.81848	-1	-1	-1
4	4	5.81139	4.53653	644	765.719	-1
4	4	5.96139	4.53653	-1	-1	-1
4	4	6.11139	4.53653	-1	-1	-1
4	4	6.26139	4.53653	-1	-1	-1
4	4	6.41139	4.53653	-1	-1	-1
4	4	6.56139	4.53653	-1	-1	-1
4	4	6.71139	4.53653	-1	-1	-1
4	4	6.86139	4.53653	-1	-1	-1
4	4	5.81139	4.68653	5203	5327.94	-1
4	4	5.96139	4.68653	-1	-1	-1
4	4	6.11139	4.68653	-1	-1	-1
4	4	6.26139	4.68653	-1	-1	-1
4	4	6.41139	4.68653	-1	-1	-1
4	4	6.56139	4.68653	-1	-1	-1
4	4	6.71139	4.68653	-1	-1	-1
4	4	6.86139	4.68653	-1	-1	-1
4	4	5.81139	4.83653	-1	-1	-1
4	4	5.96139	4.83653	-1	-1	-1
4	4	6.11139	4.83653	-1	-1	-1
4	4	6.26139	4.83653	-1	-1	-1
4	4	6.41139	4.83653	-1	-1	-1
4	4	6.56139	4.83653	-1	-1	-1
4	4	6.71139	4.83653	-1	-1	-1
4	4	6.86139	4.83653	-1	-1	-1
4	4	5.81139	4.98653	-1	-1	-1
4	4	5.96139	4.98653	-1	-1	-1
4	4	6.11139	4.98653	-1	-1	-1
4	4	6.26139	4.98653	-1	-1	-1
4	4	6.41139	4.98653	-1	-1	-1
4	4	6.56139	4.98653	-1	-1	-1
4	4	6.71139	4.98653	-1	-1	-1
4	4	6.86139	4.98653	-1	-1	-1
4	4	5.81139	5.13653	-1	-1	-1
4	4	5.96139	5.13653	-1	-1	-1
4	4	6.11139	5.13653	-1	-1	-1
4	4	6.26139	5.13653	-1	-1	-1
4	4	6.41139	5.13653	-1	-1	-1
4	4	6.56139	5.13653	-1	-1	-1
4	4	6.71139	5.13653	-1	-1	-1
4	4	6.86139	5.13653	-1	-1	-1
4	4	5.81139	5.28653	-1	-1	-1
4	4	5.96139	5.28653	-1	-1	-1
4	4	6.11139	5.28653	-1	-1	-1
4	4	6.26139	5.28653	-1	-1	-1
4	4	6.41139	5.28653	-1	-1	-1
4	4	6.56139	5.28653	-1	-1	-1
4	4	6.71139	5.28653	-1	-1	-1
4	4	6.86139	5.28653	-1	-1	-1
4	4	5.81139	5.43653	-1	-1	-1
4	4	5.96139	5.43653	-1	-1	-1
4	4	6.11139	5.43653	-1	-1	-1
4	4	6.26139	5.43653	-1	-1	-1
4	4	6.41139	5.43653	-1	-1	-1
4	4	6.56139	5.43653	-1	-1	-1
4	4	6.71139	5.43653	-1	-1	-1
4	4	6.86139	5.43653	-1	-1	-1
4	4	5.81139	5.58653	-1	-1	-1
4	4	5.96139	5.58653	-1	-1	-1
4	4	6.11139	5.58653	-1	-1	-1
4	4	6.26139	5.58653	-1	-1	-1
4	4	6.41139	5.58653	-1	-1	-1
4	4	6.56139	5.58653	-1	-1	-1
4	4	6.71139	5.58653	-1	-1	-1
4	4	6.86139	5.58653	-1	-1	-1
5	4	-7.96792	7.49766	-1	-1	-1
5	4	-7.81792	7.49766	-1	-1	-1
5	4	-7.66792	7.49766	-1	-1	-1
5	4	-7.51792	7.49766	-1	-1	-1
5	4	-7.36792	7.49766	-1	-1	-1
5	4	-7.21792	7.49766	-1	-1	-1
5	4	-7.06792	7.49766	-1	-1	-1
5	4	-6.91792	7.49766	-1	-1	-1
5	4	-7.96792	7.64766	-1	-1	-1
5	4	-7.81792	7.64766	-1	-1	-1
5	4	-7.66792	7.64766	-1	-1	-1
5	4	-7.51792	7.64766	-1	-1	-1
5	4	-7.36792	7.64766	-1	-1	-1
5	4	-7.21792	7.64766	-1	-1	-1
5	4	-7.06792	7.64766	-1	-1	-1
5	4	-6.91792	7.64766	-1	-1	-1
5	4	-7.96792	7.79766	-1	-1	-1
5	4	-7.81792	7.79766	-1	-1	-1
5	4	-7.66792	7.79766	-1	-1	-1
5	4	-7.51792	7.79766	-1	-1	-1
5	4	-7.36792	7.79766	-1	-1	-1
5	4	-7.21792	7.79766	-1	-1	-1
5	4	-7.06792	7.79766	-1	-1	-1
5	4	-6.91792	7.79766	-1	-1	-1
5	4	-7.96792	7.94766	-1	-1	-1
5	4	-7.81792	7.94766	-1	-1	-1
5	4	-7.66792	7.94766	-1	-1	-1
5	4	-7.51792	7.94766	-1	-1	-1
5	4	-7.36792	7.94766	-1	-1	-1
5	4	-7.21792	7.94766	-1	-1	-1
5	4	-7.06792	7.94766	-1	-1	-1
5	4	-6.91792	7.94766	-1	-1	-1
5	4	-7.96792	8.09766	-1	-1	-1
5	4	-7.81792	8.09766	-1	-1	-1
5	4	-7.66792	8.09766	-1	-1	-1
5	4	-7.51792	8.09766	-1	-1	-1
5	4	-7.36792	8.09766	-1	-1	-1
5	4	-7.21792	8.09766	-1	-1	-1
5	4	-7.06792	8.09766	-1	-1	-1
5	4	-6.91792	8.09766	-1	-1	-1
5	4	-7.96792	8.24766	-1	-1	-1
5	4	-7.81792	8.24766	-1	-1	-1
5	4	-7.66792	8.24766	-1	-1	-1
5	4	-7.51792	8.24766	-1	-1	-1
5	4	-7.36792	8.24766	-1	-1	-1
5	4	-7.21792	8.24766	-1	-1	-1
5	4	-7.06792	8.24766	-1	-1	-1
5	4	-6.91792	8.24766	-1	-1	-1
5	4	-7.96792	8.39766	-1	-1	-1
5	4	-7.81792	8.39766	-1	-1	-1
5	4	-7.66792	8.39766	-1	-1	-1
5	4	-7.51792	8.39766	-1	-1	-1
5	4	-7.36792	8.39766	-1	-1	-1
5	4	-7.21792	8.39766	-1	-1	-1
5	4	-7.06792	8.39766	-1	-1	-1
5	4	-6.91792	8.39766	-1	-1	-1
5	4	-7.96792	8.54766	-1	-1	-1
5	4	-7.81792	8.54766	-1	-1	-1
5	4	-7.66792	8.54766	-1	-1	-1
5	4	-7.51792	8.54766	-1	-1	-1
5	4	-7.36792	8.54766	-1	-1	-1
5	4	-7.21792	8.54766	-1	-1	-1
5	4	-7.06792	8.54766	-1	-1	-1
5	4	-6.91792	8.54766	5165	5246.78	-1
6	16	3.32597	4.49745	-1	-1	-1
6	16	3.47597	4.49745	-1	-1	-1
6	16	3.62597	4.49745	1949	2094.28	-1
6	16	3.77597	4.49745	-1	-1	-1
6	16	3.32597	4.64745	-1	-1	-1
6	16	3.47597	4.64745	-1	-1	-1
6	16	3.62597	4.64745	-1	-1	-1
6	16	3.77597	4.64745	-1	-1	-1
6	16	3.32597	4.79745	-1	-1	-1
6	16	3.47597	4.79745	-1	-1	-1
6	16	3.62597	4.79745	-1	-1	-1
6	16	3.77597	4.79745	-1	-1	-1
6	16	3.32597	4.94745	-1	-1	-1
6	16	3.47597	4.94745	-1	-1	-1
6	16	3.62597	4.94745	-1	-1	-1
6	16	3.77597	4.94745	-1	-1	-1
7	16	-4.33451	-6.2322	-1	-1	-1
7	16	-4.18451	-6.2322	-1	-1	-1
7	16	-4.03451	-6.2322	-1	-1	-1
7	16	-3.88451	-6.2322	-1	-1	-1
7	16	-4.33451	-6.0822	-1	-1	-1
7	16	-4.18451	-6.0822	-1	-1	-1
7	16	-4.03451	-6.0822	-1	-1	-1
7	16	-3.88451	-6.0822	-1	-1	-1
7	16	-4.33451	-5.9322	-1	-1	-1
7	16	-4.18451	-5.9322	-1	-1	-1
7	16	-4.03451	-5.9322	4778	4844.94	-1
7	16	-3.88451	-5.9322	4937	5004.88	-1
7	16	-4.33451	-5.7822	-1	-1	-1
7	16	-4.18451	-5.7822	-1	-1	-1
7	16	-4.03451	-5.7822	4638	4698.06	-1
7	16	-3.88451	-5.7822	4458	4585.38	-1
8	16	8.95041	-4.34746	-1	-1	-1
8	16	9.10041	-4.34746	-1	-1	-1
8	16	9.25041	-4.34746	-1	-1	-1
8	16	9.40041	-4.34746	-1	-1	-1
8	16	8.95041	-4.19746	-1	-1	-1
8	16	9.10041	-4.19746	-1	-1	-1
8	16	9.25041	-4.19746	-1	-1	-1
8	16	9.40041	-4.19746	-1	-1	-1
8	16	8.95041	-4.04746	-1	-1	-1
8	16	9.10041	-4.04746	-1	-1	-1
8	16	9.25041	-4.04746	-1	-1	-1
8	16	9.40041	-4.04746	-1	-1	-1
8	16	8.95041	-3.89746	-1	-1	-1
8	16	9.10041	-3.89746	-1	-1	-1
8	16	9.25041	-3.89746	3474	3545.62	-1
8	16	9.40041	-3.89746	3636	3713.78	-1
9	16	5.74023	0.487694	-1	-1	-1
9	16	5.89023	0.487694	-1	-1	-1
9	16	6.04023	0.487694	-1	-1	-1
9	16	6.19023	0.487694	-1	-1	-1
9	16	5.74023	0.637694	3281	3379.88	-1
9	16	5.89023	0.637694	-1	-1	-1
9	16	6.04023	0.637694	-1	-1	-1
9	16	6.19023	0.637694	-1	-1	-1
9	16	5.74023	0.787694	3420	3466.56	-1
9	16	5.89023	0.787694	-1	-1	-1
9	16	6.04023	0.787694	-1	-1	-1
9	16	6.19023	0.787694	-1	-1	-1
9	16	5.74023	0.937694	-1	-1	-1
9	16	5.89023	0.937694	-1	-1	-1
9	16	6.04023	0.937694	-1	-1	-1
9	16	6.19023	0.937694	-1	-1	-1
10	16	8.16099	2.4269	-1	-1	-1
10	16	8.31099	2.4269	-1	-1	-1
10	16	8.46099	2.4269	-1	-1	-1
10	16	8.61099	2.4269	-1	-1	-1
10	16	8.16099	2.5769	-1	-1	-1
10	16	8.31099	2.5769	-1	-1	-1
10	16	8.46099	2.5769	-1	-1	-1
10	16	8.61099	2.5769	-1	-1	-1
10	16	8.16099	2.7269	-1	-1	-1
10	16	8.31099	2.7269	-1	-1	-1
10	16	8.46099	2.7269	-1	-1	-1
10	16	8.61099	2.7269	-1	-1	-1
10	16	8.16099	2.8769	-1	-1	-1
10	16	8.31099	2.8769	-1	-1	-1
10	16	8.46099	2.8769	-1	-1	-1
10	16	8.61099	2.8769	-1	-1	-1
11	16	1.35466	3.49508	4810	4929.47	-1
11	16	1.50466	3.49508	-1	-1	-1
11	16	1.65466	3.49508	-1	-1	-1
11	16	1.80466	3.49508	-1	-1	-1
11	16	1.35466	3.64508	4997	5031.19	-1
11	16	1.50466	3.64508	5090	5122.72	-1
11	16	1.65466	3.64508	-1	-1	-1
11	16	1.80466	3.64508	-1	-1	-1
11	16	1.35466	3.79508	-1	-1	-1
11	16	1.50466	3.79508	-1	-1	-1
11	16	1.65466	3.79508	-1	-1	-1
11	16	1.80466	3.79508	-1	-1	-1
11	16	1.35466	3.94508	-1	-1	-1
11	16	1.50466	3.94508	-1	-1	-1
11	16	1.65466	3.94508	-1	-1	-1
11	16	1.80466	3.94508	-1	-1	-1
12	16	-3.31247	-2.75748	-1	-1	-1
12	16	-3.16247	-2.75748	-1	-1	-1
12	16	-3.01247	-2.75748	-1	-1	-1
12	16	-2.86247	-2.75748	-1	-1	-1
12	16	-3.31247	-2.60748	-1	-1	-1
12	16	-3.16247	-2.60748	-1	-1	-1
12	16	-3.01247	-2.60748	-1	-1	-1
12	16	-2.86247	-2.60748	-1	-1	-1
12	16	-3.31247	-2.45748	-1	-1	-1
12	16	-3.16247	-2.45748	-1	-1	-1
12	16	-3.01247	-2.45748	-1	-1	-1
12	16	-2.86247	-2.45748	-1	-1	-1
12	16	-3.31247	-2.30748	-1	-1	-1
12	16	-3.16247	-2.30748	-1	-1	-1
12	16	-3.01247	-2.30748	-1	-1	-1
12	16	-2.86247	-2.30748	2765	2930.31	-1
13	16	6.14875	1.19956	-1	-1	-1
13	16	6.29875	1.19956	-1	-1	-1
13	16	6.44875	1.19956	-1	-1	-1
13	16	6.59875	1.19956	-1	-1	-1
13	16	6.14875	1.34956	-1	-1	-1
13	16	6.29875	1.34956	-1	-1	-1
13	16	6.44875	1.34956	-1	-1	-1
13	16	6.59875	1.34956	-1	-1	-1
13	16	6.14875	1.49956	-1	-1	-1
13	16	6.29875	1.49956	-1	-1	-1
13	16	6.44875	1.49956	-1	-1	-1
13	16	6.59875	1.49956	-1	-1	-1
13	16	6.14875	1.64956	-1	-1	-1
13	16	6.29875	1.64956	-1	-1	-1
13	16	6.44875	1.64956	-1	-1	-1
13	16	6.59875	1.64956	-1	-1	-1
14	16	-6.69917	-6.2809	-1	-1	-1
14	16	-6.54917	-6.2809	-1	-1	-1
14	16	-6.39917	-6.2809	-1	-1	-1
14	16	-6.24917	-6.2809	-1	-1	-1
14	16	-6.69917	-6.1309	-1	-1	-1
14	16	-6.54917	-6.1309	-1	-1	-1
14	16	-6.39917	-6.1309	-1	-1	-1
14	16	-6.24917	-6.1309	-1	-1	-1
14	16	-6.69917	-5.9809	-1	-1	-1
14	16	-6.54917	-5.9809	-1	-1	-1
14	16	-6.39917	-5.9809	-1	-1	-1
14	16	-6.24917	-5.9809	-1	-1	-1
14	16	-6.69917	-5.8309	-1	-1	-1
14	16	-6.54917	-5.8309	-1	-1	-1
14	16	-6.39917	-5.8309	-1	-1	-1
14	16	-6.24917	-5.8309	-1	-1	-1
15	16	5.89449	-4.30343	-1	-1	-1
15	16	6.04449	-4.30343	-1	-1	-1
15	16	6.19449	-4.30343	-1	-1	-1
15	16	6.34449	-4.30343	-1	-1	-1
15	16	5.89449	-4.15343	-1	-1	-1
15	16	6.04449	-4.15343	-1	-1	-1
15	16	6.19449	-4.15343	-1	-1	-1
15	16	6.34449	-4.15343	-1	-1	-1
15	16	5.89449	-4.00343	-1	-1	-1
15	16	6.04449	-4.00343	-1	-1	-1
15	16	6.19449	-4.00343	-1	-1	-1
15	16	6.34449	-4.00343	-1	-1	-1
15	16	5.89449	-3.85343	-1	-1	-1
15	16	6.04449	-3.85343	-1	-1	-1
15	16	6.19449	-3.85343	-1	-1	-1
15	16	6.34449	-3.85343	-1	-1	-1
16	16	4.74312	1.62177	-1	-1	-1
16	16	4.89312	1.62177	3618	3666.78	-1
16	16	5.04312	1.62177	3849	3896.06	-1
16	16	5.19312	1.62177	-1	-1	-1
16	16	4.74312	1.77177	3267	3313.88	-1
16	16	4.89312	1.77177	3503	3560.66	-1
16	16	5.04312	1.77177	3726	3772.59	-1
16	16	5.19312	1.77177	-1	-1	-1
16	16	4.74312	1.92177	3094	3205.44	-1
16	16	4.89312	1.92177	3354	3438.91	-1
16	16	5.04312	1.92177	3525	3585.38	-1
16	16	5.19312	1.92177	3757	3805.5	-1
16	16	4.74312	2.07177	3252	3301.81	-1
16	16	4.89312	2.07177	3388	3455.28	-1
16	16	5.04312	2.07177	3499	3549.44	-1
16	16	5.19312	2.07177	3644	3708.53	-1
17	16	-2.20471	-2.6744	-1	-1	-1
17	16	-2.05471	-2.6744	-1	-1	-1
17	16	-1.90471	-2.6744	-1	-1	-1
17	16	-1.75471	-2.6744	-1	-1	-1
17	16	-2.20471	-2.5244	-1	-1	-1
17	16	-2.05471	-2.5244	-1	-1	-1
17	16	-1.90471	-2.5244	-1	-1	-1
17	16	-1.75471	-2.5244	-1	-1	-1
17	16	-2.20471	-2.3744	-1	-1	-1
17	16	-2.05471	-2.3744	-1	-1	-1
17	16	-1.90471	-2.3744	-1	-1	-1
17	16	-1.75471	-2.3744	-1	-1	-1
17	16	-2.20471	-2.2244	-1	-1	-1
17	16	-2.05471	-2.2244	5303	-1	-1
17	16	-1.90471	-2.2244	-1	-1	-1
17	16	-1.75471	-2.2244	-1	-1	-1
18	16	-8.8699	1.97074	-1	-1	-1
18	16	-8.7199	1.97074	-1	-1	-1
18	16	-8.5699	1.97074	-1	-1	-1
18	16	-8.4199	1.97074	-1	-1	-1
18	16	-8.8699	2.12074	-1	-1	-1
18	16	-8.7199	2.12074	-1	-1	-1
18	16	-8.5699	2.12074	-1	-1	-1
18	16	-8.4199	2.12074	-1	-1	-1
18	16	-8.8699	2.27074	-1	-1	-1
18	16	-8.7199	2.27074	-1	-1	-1
18	16	-8.5699	2.27074	-1	-1	-1
18	16	-8.4199	2.27074	-1	-1	-1
18	16	-8.8699	2.42074	-1	-1	-1
18	16	-8.7199	2.42074	-1	-1	-1
18	16	-8.5699	2.42074	-1	-1	-1
18	16	-8.4199	2.42074	-1	-1	-1
19	16	4.77496	8.5083	605	698.875	-1
19	16	4.92496	8.5083	2653	2761.56	-1
19	16	5.07496	8.5083	2867	2942.38	-1
19	16	5.22496	8.5083	3077	3159.69	-1
19	16	4.77496	8.6583	-1	-1	-1
19	16	4.92496	8.6583	-1	-1	-1
19	16	5.07496	8.6583	-1	-1	-1
19	16	5.22496	8.6583	-1	-1	-1
19	16	4.77496	8.8083	-1	-1	-1
19	16	4.92496	8.8083	-1	-1	-1
19	16	5.07496	8.8083	-1	-1	-1
19	16	5.22496	8.8083	5025	5111.12	-1
19	16	4.77496	8.9583	-1	-1	-1
19	16	4.92496	8.9583	-1	-1	-1
19	16	5.07496	8.9583	-1	-1	-1
19	16	5.22496	8.9583	5178	5263.09	-1
20	16	-6.16018	5.33326	3714	3787.62	-1
20	16	-6.01018	5.33326	3546	3607.81	-1
20	16	-5.86018	5.33326	3347	3471.34	-1
20	16	-5.71018	5.33326	4342	4407.03	-1
20	16	-6.16018	5.48326	-1	-1	-1
20	16	-6.01018	5.48326	3849	3919.91	-1
20	16	-5.86018	5.48326	3986	4046.31	-1
20	16	-5.71018	5.48326	-1	-1	-1
20	16	-6.16018	5.63326	-1	-1	-1
20	16	-6.01018	5.63326	-1	-1	-1
20	16	-5.86018	5.63326	-1	-1	-1
20	16	-5.71018	5.63326	-1	-1	-1
20	16	-6.16018	5.78326	-1	-1	-1
20	16	-6.01018	5.78326	-1	-1	-1
20	16	-5.86018	5.78326	-1	-1	-1
20	16	-5.71018	5.78326	-1	-1	-1
21	16	-2.03933	5.99297	-1	-1	-1
21	16	-1.88933	5.99297	-1	-1	-1
21	16	-1.73933	5.99297	-1	-1	-1
21	16	-1.58933	5.99297	-1	-1	-1
21	16	-2.03933	6.14297	-1	-1	-1
21	16	-1.88933	6.14297	-1	-1	-1
21	16	-1.73933	6.14297	-1	-1	-1
21	16	-1.58933	6.14297	-1	-1	-1
21	16	-2.03933	6.29297	-1	-1	-1
21	16	-1.88933	6.29297	-1	-1	-1
21	16	-1.73933	6.29297	-1	-1	-1
21	16	-1.58933	6.29297	-1	-1	-1
21	16	-2.03933	6.44297	-1	-1	-1
21	16	-1.88933	6.44297	-1	-1	-1
21	16	-1.73933	6.44297	-1	-1	-1
21	16	-1.58933	6.44297	-1	-1	-1
0	256	2.63005	3.6684	-1	-1	-1
0	256	-2.96926	-8.13058	-1	-1	-1
0	256	4.26874	-5.46843	-1	-1	-1
0	256	-0.89968	4.90597	215	253.5	-1
0	256	-5.09118	7.49564	-1	-1	-1
0	256	4.32075	-0.747785	-1	-1	-1
0	256	-3.63695	3.88554	5368	-1	-1
0	256	-4.99194	4.14813	1678	1829.72	-1
0	256	7.76166	-4.09633	-1	-1	-1
0	256	-1.38033	-8.65204	-1	-1	-1
0	256	-3.30505	3.47892	4318	4480.41	-1
0	256	-2.5171	-3.67819	-1	-1	-1
0	256	5.01152	-7.97976	-1	-1	-1
0	256	-0.485273	-4.70492	-1	-1	-1
0	256	3.20944	-1.53864	-1	-1	-1
0	256	0.332799	3.42121	-1	-1	-1
0	256	-1.45076	-4.12028	-1	-1	-1
0	256	-5.31698	-3.70037	-1	-1	-1
0	256	-6.90578	-1.12641	-1	-1	-1
0	256	-0.233192	8.91403	-1	-1	-1
0	256	-0.345715	-7.90984	-1	-1	-1
0	256	3.94583	-7.75058	-1	-1	-1
0	256	-0.573521	-4.35031	-1	-1	-1
0	256	-3.25863	5.70899	-1	-1	-1
0	256	4.94991	-7.86007	-1	-1	-1
0	256	-6.73178	-1.3581	-1	-1	-1
0	256	1.14821	4.32787	-1	-1	-1
0	256	-0.15847	9.12134	-1	-1	-1
0	256	-8.26924	-4.45769	-1	-1	-1
0	256	-2.07635	3.59439	2490	2625.81	-1
0	256	-5.23991	0.663995	-1	-1	-1
0	256	4.3031	-7.7529	-1	-1	-1
0	256	6.14921	6.14181	3061	3191.5	-1
0	256	0.944994	8.04363	-1	-1	-1
0	256	0.0279033	4.49174	-1	-1	-1
0	256	-8.14933	-5.12673	-1	-1	-1
0	256	2.76728	-7.97672	-1	-1	-1
0	256	-3.25379	-0.0571851	2754	2782.31	-1
0	256	-3.27675	9.08514	-1	-1	-1
0	256	-6.78837	-4.46609	-1	-1	-1
0	256	2.79083	5.2223	-1	-1	-1
0	256	1.55884	-3.87905	-1	-1	-1
0	256	8.45366	-3.14505	-1	-1	-1
0	256	-7.69567	0.919897	-1	-1	-1
0	256	-0.438332	-9.49858	-1	-1	-1
0	256	4.10792	7.59787	-1	-1	-1
0	256	6.93811	-2.3272	-1	-1	-1
0	256	7.66312	-5.94956	4340	4409.66	-1
0	256	3.56152	9.10759	-1	-1	-1
0	256	8.41512	-2.00195	-1	-1	-1
0	256	6.31686	-5.13195	-1	-1	-1
0	256	6.93218	-4.64223	-1	-1	-1
0	256	-7.61277	-2.44062	-1	-1	-1
0	256	-8.20155	-1.67742	-1	-1	-1
0	256	-9.41914	-1.75166	-1	-1	-1
0	256	-0.426804	7.51663	-1	-1	-1
0	256	-1.25546	-5.19574	-1	-1	-1
0	256	-7.28136	-5.53676	-1	-1	-1
0	256	2.09345	6.54683	-1	-1	-1
0	256	7.90817	-3.86662	-1	-1	-1
0	256	-7.7026	-1.37103	-1	-1	-1
0	256	0.956457	-7.84195	708	795.219	-1
0	256	1.22338	8.172	-1	-1	-1
0	256	-2.89631	5.2973	-1	-1	-1
0	256	5.26945	5.78245	-1	-1	-1
0	256	-9.1335	-1.38337	-1	-1	-1
0	256	-2.55189	-7.57949	-1	-1	-1
0	256	5.57044	-5.72237	-1	-1	-1
0	256	2.75973	4.31966	-1	-1	-1
0	256	2.19078	2.44122	1533	1689.59	-1
0	256	3.04339	-2.12296	-1	-1	-1
0	256	0.64136	-5.65264	-1	-1	-1
0	256	8.05317	-0.411036	-1	-1	-1
0	256	3.49236	1.64417	-1	-1	-1
0	256	1.34632	7.62923	-1	-1	-1
0	256	0.313404	-4.50865	-1	-1	-1
0	256	-9.28773	0.674982	-1	-1	-1
0	256	8.64468	-0.576015	-1	-1	-1
0	256	8.43096	-0.939905	-1	-1	-1
0	256	-2.27001	2.36262	990	1158.12	-1
0	256	3.86067	-5.83469	-1	-1	-1
0	256	4.26643	-3.9379	-1	-1	-1
0	256	-7.22588	-0.207197	-1	-1	-1
0	256	0.0233741	-3.38248	-1	-1	-1
0	256	2.19191	-6.91875	-1	-1	-1
0	256	5.04351	-6.69474	-1	-1	-1
0	256	-6.5328	3.30735	2106	2223.66	-1
0	256	-6.33221	-7.2434	-1	-1	-1
0	256	4.84591	5.06291	-1	-1	-1
0	256	4.05019	-0.772914	-1	-1	-1
0	256	-4.29157	1.48974	-1	-1	-1
0	256	-4.06482	-8.57584	-1	-1	-1
0	256	9.00899	-6.65272	-1	-1	-1
0	256	2.39048	6.76566	-1	-1	-1
0	256	-4.95148	-4.17441	4293	4433.62	-1
0	256	4.27502	-1.10723	4607	4723.94	-1
0	256	-7.2364	-4.1056	-1	-1	-1
0	256	7.43112	-4.41356	-1	-1	-1
0	256	4.06889	1.3094	-1	-1	-1
0	256	-0.0711509	8.6817	-1	-1	-1
0	256	2.15828	7.03226	-1	-1	-1
0	256	-4.90919	1.92053	-1	-1	-1
0	256	3.89853	-3.10011	-1	-1	-1
0	256	-4.64948	-1.43359	-1	-1	-1
0	256	-6.58322	-4.4352	-1	-1	-1
0	256	5.27455	3.90667	-1	-1	-1
0	256	4.80911	-1.5065	-1	-1	-1
0	256	-4.90499	-8.1949	-1	-1	-1
0	256	-8.53857	-3.27297	-1	-1	-1
0	256	-0.648592	7.23731	-1	-1	-1
0	256	-6.39459	-3.67128	-1	-1	-1
0	256	-5.88418	8.38127	-1	-1	-1
0	256	9.10925	-1.28159	-1	-1	-1
0	256	5.4479	-5.99121	-1	-1	-1
0	256	-2.79188	-8.27354	-1	-1	-1
0	256	9.46309	3.01892	-1	-1	-1
0	256	-5.4828	-4.25988	-1	-1	-1
0	256	-6.1491	-0.876739	-1	-1	-1
0	256	5.6231	-5.42124	-1	-1	-1
0	256	-8.60241	4.80185	-1	-1	-1
0	256	-7.95914	-1.10167	-1	-1	-1
0	256	-3.97032	4.23948	-1	-1	-1
0	256	7.71522	-2.23481	-1	-1	-1
0	256	6.99861	-3.1569	-1	-1	-1
0	256	4.40629	-1.12793	4763	4815.06	-1
0	256	-7.00909	-6.55907	-1	-1	-1
0	256	-0.0140217	4.08496	-1	-1	-1
0	256	4.53235	4.80754	-1	-1	-1
0	256	2.63423	7.64962	-1	-1	-1
0	256	5.41779	-7.08631	-1	-1	-1
0	256	5.02263	3.35778	-1	-1	-1
0	256	-0.867643	-9.45614	-1	-1	-1
0	256	0.376657	-7.97691	-1	-1	-1
0	256	6.35276	-6.75022	-1	-1	-1
0	256	0.54167	8.09139	-1	-1	-1
0	256	3.44698	6.71774	-1	-1	-1
0	256	4.05142	2.58943	-1	-1	-1
0	256	-4.86243	-0.842145	-1	-1	-1
0	256	4.75492	0.725053	2783	2893.34	-1
0	256	1.73311	-6.2949	-1	-1	-1
0	256	7.8806	0.37295	-1	-1	-1
0	256	1.9774	9.56794	-1	-1	-1
0	256	1.97331	-2.74533	4893	5048.56	-1
0	256	-8.5173	-2.08436	-1	-1	-1
0	256	5.2106	0.86722	-1	-1	-1
0	256	-6.37249	2.41363	-1	-1	-1
0	256	1.2131	4.52299	-1	-1	-1
0	256	-3.45694	1.16129	2834	2864.94	-1
0	256	4.20829	5.1423	-1	-1	-1
0	256	8.64335	0.260183	-1	-1	-1
0	256	-8.06248	3.77473	-1	-1	-1
0	256	-1.74927	4.41781	2785	2910.12	-1
0	256	4.95469	0.339123	-1	-1	-1
0	256	4.08378	6.34607	-1	-1	-1
0	256	2.59657	-5.13956	-1	-1	-1
0	256	0.163158	5.39454	-1	-1	-1
0	256	-8.30964	-1.49041	-1	-1	-1
0	256	0.120175	3.77478	3400	3523.91	-1
0	256	0.578454	-4.19043	-1	-1	-1
0	256	4.80939	-0.310935	-1	-1	-1
0	256	3.24334	-4.21666	-1	-1	-1
0	256	-5.67088	-2.67957	5237	5338.75	-1
0	256	1.914	8.08345	-1	-1	-1
0	256	-6.11919	1.26102	-1	-1	-1
0	256	-8.73221	-2.47139	3785	3851.34	-1
0	256	-3.74588	-9.13485	-1	-1	-1
0	256	-3.87845	-2.19295	4075	4225.88	-1
0	256	-7.26195	-5.40732	-1	-1	-1
0	256	7.60921	-2.60736	-1	-1	-1
0	256	7.00774	-3.98353	-1	-1	-1
0	256	-7.34925	-4.04453	-1	-1	-1
0	256	6.63975	-0.250919	-1	-1	-1
0	256	-0.831324	3.09518	3009	3142.47	-1
0	256	-6.36134	2.16783	-1	-1	-1
0	256	7.78423	-4.88487	-1	-1	-1
0	256	-3.54247	-8.99131	-1	-1	-1
0	256	-6.05191	-7.55673	-1	-1	-1
0	256	-8.91175	-4.19017	-1	-1	-1
0	256	-4.68248	-6.98064	-1	-1	-1
0	256	2.91386	6.36562	-1	-1	-1
0	256	7.77915	-3.19125	-1	-1	-1
0	256	-7.7651	4.99704	-1	-1	-1
0	256	-0.311171	-5.48081	-1	-1	-1
0	256	-3.94165	-0.0888717	3143	3264.34	-1
0	256	-2.44429	9.31108	4716	4788.78	-1
0	256	-5.05479	-4.06664	-1	-1	-1
0	256	2.99519	0.390456	2564	2601.09	-1
0	256	-4.99948	-0.625646	-1	-1	-1
0	256	2.90739	-7.76364	-1	-1	-1
0	256	-3.61665	8.36933	-1	-1	-1
0	256	-3.53706	5.9954	-1	-1	-1
0	256	4.547	1.75281	2844	2959.38	-1
0	256	-4.52047	-6.09701	-1	-1	-1
0	256	-3.10037	-4.99273	2484	2568.34	-1
0	256	1.67819	-5.86519	-1	-1	-1
0	256	-4.21994	4.00256	-1	-1	-1
0	256	-2.44891	8.02512	-1	-1	-1
0	256	4.8623	-8.17331	4043	4114.56	-1
0	256	-6.57596	-0.325116	-1	-1	-1
0	256	-7.79767	1.48332	-1	-1	-1
0	256	5.47808	6.59548	4002	4130.44	-1
0	256	-5.9373	1.54709	3877	3989.88	-1
0	256	-5.98851	-1.20282	-1	-1	-1
0	256	-3.75702	6.12598	-1	-1	-1
0	256	2.81557	5.52174	-1	-1	-1
0	256	7.15996	-5.96371	-1	-1	-1
0	256	0.414906	-5.23981	-1	-1	-1
0	256	-7.3412	3.53259	-1	-1	-1
0	256	2.30987	6.35615	-1	-1	-1
0	256	1.8686	8.87293	-1	-1	-1
0	256	5.00424	-4.03481	-1	-1	-1
0	256	4.25947	-2.34989	-1	-1	-1
0	256	-0.821823	-6.1818	-1	-1	-1
0	256	-0.808796	-3.0374	-1	-1	-1
0	256	5.33508	1.90128	-1	-1	-1
0	256	-3.08477	-5.31885	2236	2391.91	-1
0	256	0.38194	5.50251	-1	-1	-1
0	256	2.02014	2.72241	-1	-1	-1
0	256	2.52383	-4.11564	4504	4639.47	-1
0	256	3.27128	1.61349	-1	-1	-1
0	256	-2.02277	-5.68965	-1	-1	-1
0	256	-7.26323	6.64578	-1	-1	-1
0	256	0.688296	7.96012	-1	-1	-1
0	256	7.2282	1.80824	-1	-1	-1
0	256	-5.21897	-6.81512	-1	-1	-1
0	256	8.54742	-1.90722	-1	-1	-1
0	256	9.14732	0.741671	-1	-1	-1
0	256	1.13427	7.90045	-1	-1	-1
0	256	3.27693	2.29252	-1	-1	-1
0	256	-2.9417	-4.49374	-1	-1	-1
0	256	8.96357	1.94614	1334	1400.44	-1
0	256	7.26224	-2.26094	-1	-1	-1
0	256	2.81911	-6.3031	-1	-1	-1
0	256	-5.04197	-4.37584	-1	-1	-1
0	256	2.48585	5.54237	1253	1373.53	-1
0	256	-7.101	4.62658	2255	2378.75	-1
0	256	3.43513	-1.42984	5356	5386.16	-1
0	256	4.64468	-3.48029	-1	-1	-1
0	256	-1.96879	4.11817	4320	4449.97	-1
0	256	2.92772	5.95071	-1	-1	-1
0	256	8.24935	2.23232	-1	-1	-1
0	256	-5.43052	7.11675	4627	4739.72	-1
0	256	-3.2954	6.73205	-1	-1	-1
0	256	-7.74212	1.29247	-1	-1	-1
0	256	7.89516	-5.02733	-1	-1	-1
0	256	-6.18675	-1.70807	-1	-1	-1
0	256	-8.50241	-2.4011	-1	-1	-1
0	256	-5.20221	5.09903	-1	-1	-1
0	256	5.93933	2.58796	-1	-1	-1
0	256	0.751791	5.59902	-1	-1	-1
0	256	-1.07788	4.38418	-1	-1	-1
0	256	-6.15825	-4.42414	-1	-1	-1
0	256	-2.26652	3.09739	5323	-1	-1
0	256	5.80494	-4.5126	-1	-1	-1
0	256	-7.81665	-1.09749	-1	-1	-1
0	256	3.92448	5.74031	-1	-1	-1
