Pile ID	Distribution Type	X-Position	Y-Position	Pickup Time	Drop Off Time	Ant ID
1	1	-5.02345	-1.91675	-1	-1	-1
1	1	-4.87345	-1.91675	-1	-1	-1
1	1	-4.72345	-1.91675	-1	-1	-1
1	1	-4.57345	-1.91675	-1	-1	-1
1	1	-4.42345	-1.91675	-1	-1	-1
1	1	-4.27345	-1.91675	-1	-1	-1
1	1	-4.12345	-1.91675	-1	-1	-1
1	1	-3.97345	-1.91675	-1	-1	-1
1	1	-3.82345	-1.91675	-1	-1	-1
1	1	-3.67345	-1.91675	-1	-1	-1
1	1	-3.52345	-1.91675	-1	-1	-1
1	1	-3.37345	-1.91675	1821	1894.06	-1
1	1	-3.22345	-1.91675	1730	1778.88	-1
1	1	-3.07345	-1.91675	1836	1881.41	-1
1	1	-2.92345	-1.91675	1808	1855.56	-1
1	1	-2.77345	-1.91675	1726	1754.59	-1
1	1	-5.02345	-1.76675	-1	-1	-1
1	1	-4.87345	-1.76675	-1	-1	-1
1	1	-4.72345	-1.76675	-1	-1	-1
1	1	-4.57345	-1.76675	-1	-1	-1
1	1	-4.42345	-1.76675	-1	-1	-1
1	1	-4.27345	-1.76675	-1	-1	-1
1	1	-4.12345	-1.76675	-1	-1	-1
1	1	-3.97345	-1.76675	-1	-1	-1
1	1	-3.82345	-1.76675	-1	-1	-1
1	1	-3.67345	-1.76675	-1	-1	-1
1	1	-3.52345	-1.76675	1735	1790.38	-1
1	1	-3.37345	-1.76675	1632	1676.28	-1
1	1	-3.22345	-1.76675	1439	1478.94	-1
1	1	-3.07345	-1.76675	1325	1357.75	-1
1	1	-2.92345	-1.76675	1626	1661.88	-1
1	1	-2.77345	-1.76675	1000	1036.03	-1
1	1	-5.02345	-1.61675	-1	-1	-1
1	1	-4.87345	-1.61675	-1	-1	-1
1	1	-4.72345	-1.61675	-1	-1	-1
1	1	-4.57345	-1.61675	-1	-1	-1
1	1	-4.42345	-1.61675	-1	-1	-1
1	1	-4.27345	-1.61675	-1	-1	-1
1	1	-4.12345	-1.61675	-1	-1	-1
1	1	-3.97345	-1.61675	-1	-1	-1
1	1	-3.82345	-1.61675	-1	-1	-1
1	1	-3.67345	-1.61675	-1	-1	-1
1	1	-3.52345	-1.61675	1828	1865.22	-1
1	1	-3.37345	-1.61675	1511	1548.62	-1
1	1	-3.22345	-1.61675	1264	1322.31	-1
1	1	-3.07345	-1.61675	1151	1205.66	-1
1	1	-2.92345	-1.61675	1066	1109.81	-1
1	1	-2.77345	-1.61675	918	960.781	-1
1	1	-5.02345	-1.46675	-1	-1	-1
1	1	-4.87345	-1.46675	-1	-1	-1
1	1	-4.72345	-1.46675	-1	-1	-1
1	1	-4.57345	-1.46675	-1	-1	-1
1	1	-4.42345	-1.46675	-1	-1	-1
1	1	-4.27345	-1.46675	-1	-1	-1
1	1	-4.12345	-1.46675	-1	-1	-1
1	1	-3.97345	-1.46675	-1	-1	-1
1	1	-3.82345	-1.46675	-1	-1	-1
1	1	-3.67345	-1.46675	-1	-1	-1
1	1	-3.52345	-1.46675	-1	-1	-1
1	1	-3.37345	-1.46675	1604	1691.59	-1
1	1	-3.22345	-1.46675	1424	1461.97	-1
1	1	-3.07345	-1.46675	1002	1053	-1
1	1	-2.92345	-1.46675	937	972	-1
1	1	-2.77345	-1.46675	613	763.938	-1
1	1	-5.02345	-1.31675	-1	-1	-1
1	1	-4.87345	-1.31675	-1	-1	-1
1	1	-4.72345	-1.31675	-1	-1	-1
1	1	-4.57345	-1.31675	-1	-1	-1
1	1	-4.42345	-1.31675	-1	-1	-1
1	1	-4.27345	-1.31675	-1	-1	-1
1	1	-4.12345	-1.31675	-1	-1	-1
1	1	-3.97345	-1.31675	-1	-1	-1
1	1	-3.82345	-1.31675	-1	-1	-1
1	1	-3.67345	-1.31675	-1	-1	-1
1	1	-3.52345	-1.31675	-1	-1	-1
1	1	-3.37345	-1.31675	-1	-1	-1
1	1	-3.22345	-1.31675	-1	-1	-1
1	1	-3.07345	-1.31675	1059	1124.81	-1
1	1	-2.92345	-1.31675	894	946.312	-1
1	1	-2.77345	-1.31675	802	864.906	-1
1	1	-5.02345	-1.16675	-1	-1	-1
1	1	-4.87345	-1.16675	-1	-1	-1
1	1	-4.72345	-1.16675	-1	-1	-1
1	1	-4.57345	-1.16675	-1	-1	-1
1	1	-4.42345	-1.16675	1512	1560.66	-1
1	1	-4.27345	-1.16675	1383	1461.53	-1
1	1	-4.12345	-1.16675	-1	-1	-1
1	1	-3.97345	-1.16675	-1	-1	-1
1	1	-3.82345	-1.16675	-1	-1	-1
1	1	-3.67345	-1.16675	-1	-1	-1
1	1	-3.52345	-1.16675	-1	-1	-1
1	1	-3.37345	-1.16675	-1	-1	-1
1	1	-3.22345	-1.16675	-1	-1	-1
1	1	-3.07345	-1.16675	1189	1230.72	-1
1	1	-2.92345	-1.16675	913	940.188	-1
1	1	-2.77345	-1.16675	804	832.906	-1
1	1	-5.02345	-1.01675	-1	-1	-1
1	1	-4.87345	-1.01675	-1	-1	-1
1	1	-4.72345	-1.01675	-1	-1	-1
1	1	-4.57345	-1.01675	-1	-1	-1
1	1	-4.42345	-1.01675	1249	1300.59	-1
1	1	-4.27345	-1.01675	1132	1167.53	-1
1	1	-4.12345	-1.01675	4670	4721.31	-1
1	1	-3.97345	-1.01675	-1	-1	-1
1	1	-3.82345	-1.01675	4009	4050.09	-1
1	1	-3.67345	-1.01675	-1	-1	-1
1	1	-3.52345	-1.01675	-1	-1	-1
1	1	-3.37345	-1.01675	-1	-1	-1
1	1	-3.22345	-1.01675	-1	-1	-1
1	1	-3.07345	-1.01675	1251	1345.72	-1
1	1	-2.92345	-1.01675	1117	1150.62	-1
1	1	-2.77345	-1.01675	966	1005.66	-1
1	1	-5.02345	-0.866754	-1	-1	-1
1	1	-4.87345	-0.866754	-1	-1	-1
1	1	-4.72345	-0.866754	-1	-1	-1
1	1	-4.57345	-0.866754	1368	1413.34	-1
1	1	-4.42345	-0.866754	978	1096.72	-1
1	1	-4.27345	-0.866754	1199	1244.44	-1
1	1	-4.12345	-0.866754	4517	4639.28	-1
1	1	-3.97345	-0.866754	3912	3947.84	-1
1	1	-3.82345	-0.866754	3707	3743.97	-1
1	1	-3.67345	-0.866754	3504	3556.72	-1
1	1	-3.52345	-0.866754	3446	3479.62	-1
1	1	-3.37345	-0.866754	3361	3397.84	-1
1	1	-3.22345	-0.866754	-1	-1	-1
1	1	-3.07345	-0.866754	2579	2607.75	-1
1	1	-2.92345	-0.866754	2659	2688.47	-1
1	1	-2.77345	-0.866754	-1	-1	-1
1	1	-5.02345	-0.716754	-1	-1	-1
1	1	-4.87345	-0.716754	-1	-1	-1
1	1	-4.72345	-0.716754	-1	-1	-1
1	1	-4.57345	-0.716754	-1	-1	-1
1	1	-4.42345	-0.716754	1478	1517.09	-1
1	1	-4.27345	-0.716754	1361	1403.66	-1
1	1	-4.12345	-0.716754	4789	4821.97	-1
1	1	-3.97345	-0.716754	3621	3692.38	-1
1	1	-3.82345	-0.716754	3589	3650.62	-1
1	1	-3.67345	-0.716754	3378	3434.56	-1
1	1	-3.52345	-0.716754	3259	3298.94	-1
1	1	-3.37345	-0.716754	3101	3145.81	-1
1	1	-3.22345	-0.716754	2940	2969.66	-1
1	1	-3.07345	-0.716754	2463	2528.47	-1
1	1	-2.92345	-0.716754	2306	2360.19	-1
1	1	-2.77345	-0.716754	2134	2163.97	-1
1	1	-5.02345	-0.566754	-1	-1	-1
1	1	-4.87345	-0.566754	-1	-1	-1
1	1	-4.72345	-0.566754	-1	-1	-1
1	1	-4.57345	-0.566754	-1	-1	-1
1	1	-4.42345	-0.566754	-1	-1	-1
1	1	-4.27345	-0.566754	-1	-1	-1
1	1	-4.12345	-0.566754	-1	-1	-1
1	1	-3.97345	-0.566754	3739	3851	-1
1	1	-3.82345	-0.566754	3587	3635.78	-1
1	1	-3.67345	-0.566754	3491	3538.19	-1
1	1	-3.52345	-0.566754	3177	3217.47	-1
1	1	-3.37345	-0.566754	2847	2893.31	-1
1	1	-3.22345	-0.566754	2767	2795.47	-1
1	1	-3.07345	-0.566754	2396	2433.12	-1
1	1	-2.92345	-0.566754	2241	2266.97	-1
1	1	-2.77345	-0.566754	2186	2210.97	-1
1	1	-5.02345	-0.416754	-1	-1	-1
1	1	-4.87345	-0.416754	-1	-1	-1
1	1	-4.72345	-0.416754	-1	-1	-1
1	1	-4.57345	-0.416754	-1	-1	-1
1	1	-4.42345	-0.416754	-1	-1	-1
1	1	-4.27345	-0.416754	-1	-1	-1
1	1	-4.12345	-0.416754	-1	-1	-1
1	1	-3.97345	-0.416754	3740	3779.97	-1
1	1	-3.82345	-0.416754	3616	3663.56	-1
1	1	-3.67345	-0.416754	3367	3408.56	-1
1	1	-3.52345	-0.416754	3311	3343.56	-1
1	1	-3.37345	-0.416754	3033	3069.12	-1
1	1	-3.22345	-0.416754	2714	2740.59	-1
1	1	-3.07345	-0.416754	2452	2481.69	-1
1	1	-2.92345	-0.416754	2581	2630.97	-1
1	1	-2.77345	-0.416754	4090	4213.19	-1
1	1	-5.02345	-0.266754	-1	-1	-1
1	1	-4.87345	-0.266754	-1	-1	-1
1	1	-4.72345	-0.266754	-1	-1	-1
1	1	-4.57345	-0.266754	-1	-1	-1
1	1	-4.42345	-0.266754	-1	-1	-1
1	1	-4.27345	-0.266754	-1	-1	-1
1	1	-4.12345	-0.266754	-1	-1	-1
1	1	-3.97345	-0.266754	-1	-1	-1
1	1	-3.82345	-0.266754	3772	3806.66	-1
1	1	-3.67345	-0.266754	3875	3904.41	-1
1	1	-3.52345	-0.266754	-1	-1	-1
1	1	-3.37345	-0.266754	3225	3266.78	-1
1	1	-3.22345	-0.266754	3136	3172.31	-1
1	1	-3.07345	-0.266754	-1	-1	-1
1	1	-2.92345	-0.266754	-1	-1	-1
1	1	-2.77345	-0.266754	-1	-1	-1
1	1	-5.02345	-0.116754	-1	-1	-1
1	1	-4.87345	-0.116754	-1	-1	-1
1	1	-4.72345	-0.116754	-1	-1	-1
1	1	-4.57345	-0.116754	-1	-1	-1
1	1	-4.42345	-0.116754	-1	-1	-1
1	1	-4.27345	-0.116754	-1	-1	-1
1	1	-4.12345	-0.116754	-1	-1	-1
1	1	-3.97345	-0.116754	-1	-1	-1
1	1	-3.82345	-0.116754	3936	3971.44	-1
1	1	-3.67345	-0.116754	-1	-1	-1
1	1	-3.52345	-0.116754	-1	-1	-1
1	1	-3.37345	-0.116754	-1	-1	-1
1	1	-3.22345	-0.116754	-1	-1	-1
1	1	-3.07345	-0.116754	-1	-1	-1
1	1	-2.92345	-0.116754	-1	-1	-1
1	1	-2.77345	-0.116754	-1	-1	-1
1	1	-5.02345	0.0332463	3777	3892.78	-1
1	1	-4.87345	0.0332463	4032	4077.53	-1
1	1	-4.72345	0.0332463	-1	-1	-1
1	1	-4.57345	0.0332463	-1	-1	-1
1	1	-4.42345	0.0332463	-1	-1	-1
1	1	-4.27345	0.0332463	-1	-1	-1
1	1	-4.12345	0.0332463	-1	-1	-1
1	1	-3.97345	0.0332463	-1	-1	-1
1	1	-3.82345	0.0332463	-1	-1	-1
1	1	-3.67345	0.0332463	-1	-1	-1
1	1	-3.52345	0.0332463	-1	-1	-1
1	1	-3.37345	0.0332463	-1	-1	-1
1	1	-3.22345	0.0332463	-1	-1	-1
1	1	-3.07345	0.0332463	-1	-1	-1
1	1	-2.92345	0.0332463	-1	-1	-1
1	1	-2.77345	0.0332463	-1	-1	-1
1	1	-5.02345	0.183246	3930	3985.31	-1
1	1	-4.87345	0.183246	4077	4125.72	-1
1	1	-4.72345	0.183246	-1	-1	-1
1	1	-4.57345	0.183246	-1	-1	-1
1	1	-4.42345	0.183246	-1	-1	-1
1	1	-4.27345	0.183246	-1	-1	-1
1	1	-4.12345	0.183246	-1	-1	-1
1	1	-3.97345	0.183246	-1	-1	-1
1	1	-3.82345	0.183246	-1	-1	-1
1	1	-3.67345	0.183246	-1	-1	-1
1	1	-3.52345	0.183246	-1	-1	-1
1	1	-3.37345	0.183246	-1	-1	-1
1	1	-3.22345	0.183246	-1	-1	-1
1	1	-3.07345	0.183246	-1	-1	-1
1	1	-2.92345	0.183246	-1	-1	-1
1	1	-2.77345	0.183246	-1	-1	-1
1	1	-5.02345	0.333246	4062	4126	-1
1	1	-4.87345	0.333246	-1	-1	-1
1	1	-4.72345	0.333246	-1	-1	-1
1	1	-4.57345	0.333246	-1	-1	-1
1	1	-4.42345	0.333246	-1	-1	-1
1	1	-4.27345	0.333246	-1	-1	-1
1	1	-4.12345	0.333246	-1	-1	-1
1	1	-3.97345	0.333246	-1	-1	-1
1	1	-3.82345	0.333246	-1	-1	-1
1	1	-3.67345	0.333246	-1	-1	-1
1	1	-3.52345	0.333246	-1	-1	-1
1	1	-3.37345	0.333246	-1	-1	-1
1	1	-3.22345	0.333246	-1	-1	-1
1	1	-3.07345	0.333246	-1	-1	-1
1	1	-2.92345	0.333246	-1	-1	-1
1	1	-2.77345	0.333246	-1	-1	-1
2	4	-2.83751	6.62708	-1	-1	-1
2	4	-2.68751	6.62708	4329	4384.38	-1
2	4	-2.53751	6.62708	3514	3613.78	-1
2	4	-2.38751	6.62708	3663	3716.56	-1
2	4	-2.23751	6.62708	3918	3970.09	-1
2	4	-2.08751	6.62708	-1	-1	-1
2	4	-1.93751	6.62708	-1	-1	-1
2	4	-1.78751	6.62708	-1	-1	-1
2	4	-2.83751	6.77708	-1	-1	-1
2	4	-2.68751	6.77708	4201	4258.09	-1
2	4	-2.53751	6.77708	4051	4111.94	-1
2	4	-2.38751	6.77708	3798	3856.94	-1
2	4	-2.23751	6.77708	-1	-1	-1
2	4	-2.08751	6.77708	-1	-1	-1
2	4	-1.93751	6.77708	-1	-1	-1
2	4	-1.78751	6.77708	-1	-1	-1
2	4	-2.83751	6.92708	-1	-1	-1
2	4	-2.68751	6.92708	-1	-1	-1
2	4	-2.53751	6.92708	4440	4502.25	-1
2	4	-2.38751	6.92708	-1	-1	-1
2	4	-2.23751	6.92708	-1	-1	-1
2	4	-2.08751	6.92708	-1	-1	-1
2	4	-1.93751	6.92708	-1	-1	-1
2	4	-1.78751	6.92708	-1	-1	-1
2	4	-2.83751	7.07708	-1	-1	-1
2	4	-2.68751	7.07708	-1	-1	-1
2	4	-2.53751	7.07708	-1	-1	-1
2	4	-2.38751	7.07708	-1	-1	-1
2	4	-2.23751	7.07708	-1	-1	-1
2	4	-2.08751	7.07708	-1	-1	-1
2	4	-1.93751	7.07708	-1	-1	-1
2	4	-1.78751	7.07708	-1	-1	-1
2	4	-2.83751	7.22708	-1	-1	-1
2	4	-2.68751	7.22708	-1	-1	-1
2	4	-2.53751	7.22708	-1	-1	-1
2	4	-2.38751	7.22708	-1	-1	-1
2	4	-2.23751	7.22708	-1	-1	-1
2	4	-2.08751	7.22708	-1	-1	-1
2	4	-1.93751	7.22708	-1	-1	-1
2	4	-1.78751	7.22708	-1	-1	-1
2	4	-2.83751	7.37708	-1	-1	-1
2	4	-2.68751	7.37708	-1	-1	-1
2	4	-2.53751	7.37708	-1	-1	-1
2	4	-2.38751	7.37708	-1	-1	-1
2	4	-2.23751	7.37708	-1	-1	-1
2	4	-2.08751	7.37708	-1	-1	-1
2	4	-1.93751	7.37708	-1	-1	-1
2	4	-1.78751	7.37708	-1	-1	-1
2	4	-2.83751	7.52708	-1	-1	-1
2	4	-2.68751	7.52708	-1	-1	-1
2	4	-2.53751	7.52708	-1	-1	-1
2	4	-2.38751	7.52708	-1	-1	-1
2	4	-2.23751	7.52708	-1	-1	-1
2	4	-2.08751	7.52708	-1	-1	-1
2	4	-1.93751	7.52708	-1	-1	-1
2	4	-1.78751	7.52708	-1	-1	-1
2	4	-2.83751	7.67708	-1	-1	-1
2	4	-2.68751	7.67708	-1	-1	-1
2	4	-2.53751	7.67708	-1	-1	-1
2	4	-2.38751	7.67708	-1	-1	-1
2	4	-2.23751	7.67708	-1	-1	-1
2	4	-2.08751	7.67708	-1	-1	-1
2	4	-1.93751	7.67708	-1	-1	-1
2	4	-1.78751	7.67708	-1	-1	-1
3	4	4.447	-5.5196	-1	-1	-1
3	4	4.597	-5.5196	-1	-1	-1
3	4	4.747	-5.5196	-1	-1	-1
3	4	4.897	-5.5196	-1	-1	-1
3	4	5.047	-5.5196	-1	-1	-1
3	4	5.197	-5.5196	-1	-1	-1
3	4	5.347	-5.5196	-1	-1	-1
3	4	5.497	-5.5196	-1	-1	-1
3	4	4.447	-5.3696	4969	5097.53	-1
3	4	4.597	-5.3696	5274	5336.53	-1
3	4	4.747	-5.3696	-1	-1	-1
3	4	4.897	-5.3696	-1	-1	-1
3	4	5.047	-5.3696	-1	-1	-1
3	4	5.197	-5.3696	-1	-1	-1
3	4	5.347	-5.3696	-1	-1	-1
3	4	5.497	-5.3696	-1	-1	-1
3	4	4.447	-5.2196	5161	5219.22	-1
3	4	4.597	-5.2196	-1	-1	-1
3	4	4.747	-5.2196	-1	-1	-1
3	4	4.897	-5.2196	-1	-1	-1
3	4	5.047	-5.2196	-1	-1	-1
3	4	5.197	-5.2196	-1	-1	-1
3	4	5.347	-5.2196	-1	-1	-1
3	4	5.497	-5.2196	-1	-1	-1
3	4	4.447	-5.0696	-1	-1	-1
3	4	4.597	-5.0696	-1	-1	-1
3	4	4.747	-5.0696	-1	-1	-1
3	4	4.897	-5.0696	-1	-1	-1
3	4	5.047	-5.0696	-1	-1	-1
3	4	5.197	-5.0696	-1	-1	-1
3	4	5.347	-5.0696	-1	-1	-1
3	4	5.497	-5.0696	-1	-1	-1
3	4	4.447	-4.9196	-1	-1	-1
3	4	4.597	-4.9196	-1	-1	-1
3	4	4.747	-4.9196	-1	-1	-1
3	4	4.897	-4.9196	-1	-1	-1
3	4	5.047	-4.9196	-1	-1	-1
3	4	5.197	-4.9196	-1	-1	-1
3	4	5.347	-4.9196	-1	-1	-1
3	4	5.497	-4.9196	-1	-1	-1
3	4	4.447	-4.7696	3165	3215.91	-1
3	4	4.597	-4.7696	-1	-1	-1
3	4	4.747	-4.7696	-1	-1	-1
3	4	4.897	-4.7696	-1	-1	-1
3	4	5.047	-4.7696	-1	-1	-1
3	4	5.197	-4.7696	-1	-1	-1
3	4	5.347	-4.7696	-1	-1	-1
3	4	5.497	-4.7696	-1	-1	-1
3	4	4.447	-4.6196	2935	3088.38	-1
3	4	4.597	-4.6196	2705	2764.47	-1
3	4	4.747	-4.6196	-1	-1	-1
3	4	4.897	-4.6196	-1	-1	-1
3	4	5.047	-4.6196	-1	-1	-1
3	4	5.197	-4.6196	-1	-1	-1
3	4	5.347	-4.6196	-1	-1	-1
3	4	5.497	-4.6196	-1	-1	-1
3	4	4.447	-4.4696	2359	2508.47	-1
3	4	4.597	-4.4696	2586	2642.66	-1
3	4	4.747	-4.4696	-1	-1	-1
3	4	4.897	-4.4696	-1	-1	-1
3	4	5.047	-4.4696	-1	-1	-1
3	4	5.197	-4.4696	-1	-1	-1
3	4	5.347	-4.4696	-1	-1	-1
3	4	5.497	-4.4696	3302	3435.34	-1
4	4	-0.124028	-7.34732	-1	-1	-1
4	4	0.0259717	-7.34732	-1	-1	-1
4	4	0.175972	-7.34732	-1	-1	-1
4	4	0.325972	-7.34732	-1	-1	-1
4	4	0.475972	-7.34732	-1	-1	-1
4	4	0.625972	-7.34732	-1	-1	-1
4	4	0.775972	-7.34732	-1	-1	-1
4	4	0.925972	-7.34732	-1	-1	-1
4	4	-0.124028	-7.19732	-1	-1	-1
4	4	0.0259717	-7.19732	-1	-1	-1
4	4	0.175972	-7.19732	-1	-1	-1
4	4	0.325972	-7.19732	-1	-1	-1
4	4	0.475972	-7.19732	-1	-1	-1
4	4	0.625972	-7.19732	-1	-1	-1
4	4	0.775972	-7.19732	-1	-1	-1
4	4	0.925972	-7.19732	-1	-1	-1
4	4	-0.124028	-7.04732	-1	-1	-1
4	4	0.0259717	-7.04732	-1	-1	-1
4	4	0.175972	-7.04732	-1	-1	-1
4	4	0.325972	-7.04732	-1	-1	-1
4	4	0.475972	-7.04732	-1	-1	-1
4	4	0.625972	-7.04732	-1	-1	-1
4	4	0.775972	-7.04732	-1	-1	-1
4	4	0.925972	-7.04732	-1	-1	-1
4	4	-0.124028	-6.89732	-1	-1	-1
4	4	0.0259717	-6.89732	-1	-1	-1
4	4	0.175972	-6.89732	-1	-1	-1
4	4	0.325972	-6.89732	-1	-1	-1
4	4	0.475972	-6.89732	-1	-1	-1
4	4	0.625972	-6.89732	-1	-1	-1
4	4	0.775972	-6.89732	-1	-1	-1
4	4	0.925972	-6.89732	-1	-1	-1
4	4	-0.124028	-6.74732	-1	-1	-1
4	4	0.0259717	-6.74732	-1	-1	-1
4	4	0.175972	-6.74732	-1	-1	-1
4	4	0.325972	-6.74732	-1	-1	-1
4	4	0.475972	-6.74732	-1	-1	-1
4	4	0.625972	-6.74732	-1	-1	-1
4	4	0.775972	-6.74732	-1	-1	-1
4	4	0.925972	-6.74732	-1	-1	-1
4	4	-0.124028	-6.59732	-1	-1	-1
4	4	0.0259717	-6.59732	-1	-1	-1
4	4	0.175972	-6.59732	-1	-1	-1
4	4	0.325972	-6.59732	-1	-1	-1
4	4	0.475972	-6.59732	-1	-1	-1
4	4	0.625972	-6.59732	-1	-1	-1
4	4	0.775972	-6.59732	-1	-1	-1
4	4	0.925972	-6.59732	-1	-1	-1
4	4	-0.124028	-6.44732	-1	-1	-1
4	4	0.0259717	-6.44732	-1	-1	-1
4	4	0.175972	-6.44732	-1	-1	-1
4	4	0.325972	-6.44732	-1	-1	-1
4	4	0.475972	-6.44732	-1	-1	-1
4	4	0.625972	-6.44732	-1	-1	-1
4	4	0.775972	-6.44732	-1	-1	-1
4	4	0.925972	-6.44732	3137	3197.72	-1
4	4	-0.124028	-6.29732	2713	2763.09	-1
4	4	0.0259717	-6.29732	2810	2857.16	-1
4	4	0.175972	-6.29732	-1	-1	-1
4	4	0.325972	-6.29732	-1	-1	-1
4	4	0.475972	-6.29732	-1	-1	-1
4	4	0.625972	-6.29732	3116	3180.09	-1
4	4	0.775972	-6.29732	2932	2998.41	-1
4	4	0.925972	-6.29732	2950	3033.25	-1
5	4	8.42024	-3.4959	-1	-1	-1
5	4	8.57024	-3.4959	-1	-1	-1
5	4	8.72024	-3.4959	-1	-1	-1
5	4	8.87024	-3.4959	-1	-1	-1
5	4	9.02024	-3.4959	-1	-1	-1
5	4	9.17024	-3.4959	-1	-1	-1
5	4	9.32024	-3.4959	-1	-1	-1
5	4	9.47024	-3.4959	-1	-1	-1
5	4	8.42024	-3.3459	-1	-1	-1
5	4	8.57024	-3.3459	-1	-1	-1
5	4	8.72024	-3.3459	-1	-1	-1
5	4	8.87024	-3.3459	-1	-1	-1
5	4	9.02024	-3.3459	-1	-1	-1
5	4	9.17024	-3.3459	-1	-1	-1
5	4	9.32024	-3.3459	-1	-1	-1
5	4	9.47024	-3.3459	-1	-1	-1
5	4	8.42024	-3.1959	-1	-1	-1
5	4	8.57024	-3.1959	-1	-1	-1
5	4	8.72024	-3.1959	-1	-1	-1
5	4	8.87024	-3.1959	-1	-1	-1
5	4	9.02024	-3.1959	-1	-1	-1
5	4	9.17024	-3.1959	-1	-1	-1
5	4	9.32024	-3.1959	-1	-1	-1
5	4	9.47024	-3.1959	-1	-1	-1
5	4	8.42024	-3.0459	-1	-1	-1
5	4	8.57024	-3.0459	-1	-1	-1
5	4	8.72024	-3.0459	-1	-1	-1
5	4	8.87024	-3.0459	-1	-1	-1
5	4	9.02024	-3.0459	-1	-1	-1
5	4	9.17024	-3.0459	-1	-1	-1
5	4	9.32024	-3.0459	-1	-1	-1
5	4	9.47024	-3.0459	-1	-1	-1
5	4	8.42024	-2.8959	-1	-1	-1
5	4	8.57024	-2.8959	-1	-1	-1
5	4	8.72024	-2.8959	-1	-1	-1
5	4	8.87024	-2.8959	-1	-1	-1
5	4	9.02024	-2.8959	-1	-1	-1
5	4	9.17024	-2.8959	-1	-1	-1
5	4	9.32024	-2.8959	-1	-1	-1
5	4	9.47024	-2.8959	-1	-1	-1
5	4	8.42024	-2.7459	-1	-1	-1
5	4	8.57024	-2.7459	-1	-1	-1
5	4	8.72024	-2.7459	-1	-1	-1
5	4	8.87024	-2.7459	-1	-1	-1
5	4	9.02024	-2.7459	-1	-1	-1
5	4	9.17024	-2.7459	-1	-1	-1
5	4	9.32024	-2.7459	762	841.656	-1
5	4	9.47024	-2.7459	541	615.875	-1
5	4	8.42024	-2.5959	-1	-1	-1
5	4	8.57024	-2.5959	-1	-1	-1
5	4	8.72024	-2.5959	-1	-1	-1
5	4	8.87024	-2.5959	-1	-1	-1
5	4	9.02024	-2.5959	1059	1131.91	-1
5	4	9.17024	-2.5959	923	990.25	-1
5	4	9.32024	-2.5959	520	592.219	-1
5	4	9.47024	-2.5959	335	413.625	-1
5	4	8.42024	-2.4459	-1	-1	-1
5	4	8.57024	-2.4459	-1	-1	-1
5	4	8.72024	-2.4459	-1	-1	-1
5	4	8.87024	-2.4459	-1	-1	-1
5	4	9.02024	-2.4459	740	855.719	-1
5	4	9.17024	-2.4459	587	665	-1
5	4	9.32024	-2.4459	150	223	-1
5	4	9.47024	-2.4459	291	370.062	-1
6	16	2.28504	-5.89016	-1	-1	-1
6	16	2.43504	-5.89016	-1	-1	-1
6	16	2.58504	-5.89016	-1	-1	-1
6	16	2.73504	-5.89016	-1	-1	-1
6	16	2.28504	-5.74016	-1	-1	-1
6	16	2.43504	-5.74016	-1	-1	-1
6	16	2.58504	-5.74016	-1	-1	-1
6	16	2.73504	-5.74016	-1	-1	-1
6	16	2.28504	-5.59016	-1	-1	-1
6	16	2.43504	-5.59016	-1	-1	-1
6	16	2.58504	-5.59016	-1	-1	-1
6	16	2.73504	-5.59016	-1	-1	-1
6	16	2.28504	-5.44016	-1	-1	-1
6	16	2.43504	-5.44016	-1	-1	-1
6	16	2.58504	-5.44016	-1	-1	-1
6	16	2.73504	-5.44016	-1	-1	-1
7	16	-8.3677	1.24769	-1	-1	-1
7	16	-8.2177	1.24769	-1	-1	-1
7	16	-8.0677	1.24769	-1	-1	-1
7	16	-7.9177	1.24769	-1	-1	-1
7	16	-8.3677	1.39769	-1	-1	-1
7	16	-8.2177	1.39769	-1	-1	-1
7	16	-8.0677	1.39769	-1	-1	-1
7	16	-7.9177	1.39769	-1	-1	-1
7	16	-8.3677	1.54769	-1	-1	-1
7	16	-8.2177	1.54769	-1	-1	-1
7	16	-8.0677	1.54769	-1	-1	-1
7	16	-7.9177	1.54769	-1	-1	-1
7	16	-8.3677	1.69769	-1	-1	-1
7	16	-8.2177	1.69769	-1	-1	-1
7	16	-8.0677	1.69769	-1	-1	-1
7	16	-7.9177	1.69769	-1	-1	-1
8	16	-5.35193	4.10496	4629	4682.09	-1
8	16	-5.20193	4.10496	4378	4520.31	-1
8	16	-5.05193	4.10496	4412	4543.38	-1
8	16	-4.90193	4.10496	-1	-1	-1
8	16	-5.35193	4.25496	4893	4969.16	-1
8	16	-5.20193	4.25496	4754	4810.22	-1
8	16	-5.05193	4.25496	-1	-1	-1
8	16	-4.90193	4.25496	-1	-1	-1
8	16	-5.35193	4.40496	-1	-1	-1
8	16	-5.20193	4.40496	-1	-1	-1
8	16	-5.05193	4.40496	-1	-1	-1
8	16	-4.90193	4.40496	4971	5117.34	-1
8	16	-5.35193	4.55496	-1	-1	-1
8	16	-5.20193	4.55496	-1	-1	-1
8	16	-5.05193	4.55496	-1	-1	-1
8	16	-4.90193	4.55496	5166	5220.03	-1
9	16	7.38741	-4.78175	-1	-1	-1
9	16	7.53741	-4.78175	-1	-1	-1
9	16	7.68741	-4.78175	-1	-1	-1
9	16	7.83741	-4.78175	-1	-1	-1
9	16	7.38741	-4.63175	-1	-1	-1
9	16	7.53741	-4.63175	-1	-1	-1
9	16	7.68741	-4.63175	-1	-1	-1
9	16	7.83741	-4.63175	-1	-1	-1
9	16	7.38741	-4.48175	-1	-1	-1
9	16	7.53741	-4.48175	-1	-1	-1
9	16	7.68741	-4.48175	-1	-1	-1
9	16	7.83741	-4.48175	-1	-1	-1
9	16	7.38741	-4.33175	-1	-1	-1
9	16	7.53741	-4.33175	2141	2251.06	-1
9	16	7.68741	-4.33175	-1	-1	-1
9	16	7.83741	-4.33175	-1	-1	-1
10	16	-6.14847	-4.50252	-1	-1	-1
10	16	-5.99847	-4.50252	-1	-1	-1
10	16	-5.84847	-4.50252	-1	-1	-1
10	16	-5.69847	-4.50252	-1	-1	-1
10	16	-6.14847	-4.35252	-1	-1	-1
10	16	-5.99847	-4.35252	-1	-1	-1
10	16	-5.84847	-4.35252	2043	2105.69	-1
10	16	-5.69847	-4.35252	1788	1843.53	-1
10	16	-6.14847	-4.20252	-1	-1	-1
10	16	-5.99847	-4.20252	-1	-1	-1
10	16	-5.84847	-4.20252	2160	2220	-1
10	16	-5.69847	-4.20252	1563	1704.47	-1
10	16	-6.14847	-4.05252	-1	-1	-1
10	16	-5.99847	-4.05252	-1	-1	-1
10	16	-5.84847	-4.05252	2057	2124.03	-1
10	16	-5.69847	-4.05252	1908	1966.03	-1
11	16	-7.05398	1.82649	-1	-1	-1
11	16	-6.90398	1.82649	-1	-1	-1
11	16	-6.75398	1.82649	-1	-1	-1
11	16	-6.60398	1.82649	-1	-1	-1
11	16	-7.05398	1.97649	-1	-1	-1
11	16	-6.90398	1.97649	-1	-1	-1
11	16	-6.75398	1.97649	-1	-1	-1
11	16	-6.60398	1.97649	-1	-1	-1
11	16	-7.05398	2.12649	-1	-1	-1
11	16	-6.90398	2.12649	-1	-1	-1
11	16	-6.75398	2.12649	-1	-1	-1
11	16	-6.60398	2.12649	-1	-1	-1
11	16	-7.05398	2.27649	-1	-1	-1
11	16	-6.90398	2.27649	-1	-1	-1
11	16	-6.75398	2.27649	-1	-1	-1
11	16	-6.60398	2.27649	-1	-1	-1
12	16	3.29178	3.95743	523	566.406	-1
12	16	3.44178	3.95743	5184	5323.34	-1
12	16	3.59178	3.95743	5371	-1	-1
12	16	3.74178	3.95743	-1	-1	-1
12	16	3.29178	4.10743	320	468.281	-1
12	16	3.44178	4.10743	-1	-1	-1
12	16	3.59178	4.10743	-1	-1	-1
12	16	3.74178	4.10743	-1	-1	-1
12	16	3.29178	4.25743	-1	-1	-1
12	16	3.44178	4.25743	-1	-1	-1
12	16	3.59178	4.25743	-1	-1	-1
12	16	3.74178	4.25743	-1	-1	-1
12	16	3.29178	4.40743	-1	-1	-1
12	16	3.44178	4.40743	-1	-1	-1
12	16	3.59178	4.40743	-1	-1	-1
12	16	3.74178	4.40743	-1	-1	-1
13	16	-7.92328	7.42114	-1	-1	-1
13	16	-7.77328	7.42114	-1	-1	-1
13	16	-7.62328	7.42114	-1	-1	-1
13	16	-7.47328	7.42114	-1	-1	-1
13	16	-7.92328	7.57114	-1	-1	-1
13	16	-7.77328	7.57114	-1	-1	-1
13	16	-7.62328	7.57114	-1	-1	-1
13	16	-7.47328	7.57114	-1	-1	-1
13	16	-7.92328	7.72114	-1	-1	-1
13	16	-7.77328	7.72114	-1	-1	-1
13	16	-7.62328	7.72114	-1	-1	-1
13	16	-7.47328	7.72114	1684	1801.16	-1
13	16	-7.92328	7.87114	-1	-1	-1
13	16	-7.77328	7.87114	-1	-1	-1
13	16	-7.62328	7.87114	-1	-1	-1
13	16	-7.47328	7.87114	-1	-1	-1
14	16	-9.11792	-9.79924	-1	-1	-1
14	16	-8.96792	-9.79924	-1	-1	-1
14	16	-8.81792	-9.79924	-1	-1	-1
14	16	-8.66792	-9.79924	-1	-1	-1
14	16	-9.11792	-9.64924	-1	-1	-1
14	16	-8.96792	-9.64924	-1	-1	-1
14	16	-8.81792	-9.64924	-1	-1	-1
14	16	-8.66792	-9.64924	-1	-1	-1
14	16	-9.11792	-9.49924	-1	-1	-1
14	16	-8.96792	-9.49924	-1	-1	-1
14	16	-8.81792	-9.49924	-1	-1	-1
14	16	-8.66792	-9.49924	-1	-1	-1
14	16	-9.11792	-9.34924	-1	-1	-1
14	16	-8.96792	-9.34924	-1	-1	-1
14	16	-8.81792	-9.34924	-1	-1	-1
14	16	-8.66792	-9.34924	-1	-1	-1
15	16	5.91636	0.838186	-1	-1	-1
15	16	6.06636	0.838186	-1	-1	-1
15	16	6.21636	0.838186	-1	-1	-1
15	16	6.36636	0.838186	-1	-1	-1
15	16	5.91636	0.988186	-1	-1	-1
15	16	6.06636	0.988186	-1	-1	-1
15	16	6.21636	0.988186	-1	-1	-1
15	16	6.36636	0.988186	-1	-1	-1
15	16	5.91636	1.13819	-1	-1	-1
15	16	6.06636	1.13819	-1	-1	-1
15	16	6.21636	1.13819	-1	-1	-1
15	16	6.36636	1.13819	-1	-1	-1
15	16	5.91636	1.28819	-1	-1	-1
15	16	6.06636	1.28819	-1	-1	-1
15	16	6.21636	1.28819	-1	-1	-1
15	16	6.36636	1.28819	-1	-1	-1
16	16	8.03004	-5.95551	-1	-1	-1
16	16	8.18004	-5.95551	-1	-1	-1
16	16	8.33004	-5.95551	-1	-1	-1
16	16	8.48004	-5.95551	-1	-1	-1
16	16	8.03004	-5.80551	-1	-1	-1
16	16	8.18004	-5.80551	-1	-1	-1
16	16	8.33004	-5.80551	-1	-1	-1
16	16	8.48004	-5.80551	351	463.031	-1
16	16	8.03004	-5.65551	-1	-1	-1
16	16	8.18004	-5.65551	-1	-1	-1
16	16	8.33004	-5.65551	-1	-1	-1
16	16	8.48004	-5.65551	183	257.156	-1
16	16	8.03004	-5.50551	-1	-1	-1
16	16	8.18004	-5.50551	-1	-1	-1
16	16	8.33004	-5.50551	-1	-1	-1
16	16	8.48004	-5.50551	-1	-1	-1
17	16	-0.0311037	3.27339	2384	2501.59	-1
17	16	0.118896	3.27339	2531	2563.44	-1
17	16	0.268896	3.27339	-1	-1	-1
17	16	0.418896	3.27339	-1	-1	-1
17	16	-0.0311037	3.42339	-1	-1	-1
17	16	0.118896	3.42339	-1	-1	-1
17	16	0.268896	3.42339	-1	-1	-1
17	16	0.418896	3.42339	-1	-1	-1
17	16	-0.0311037	3.57339	-1	-1	-1
17	16	0.118896	3.57339	4459	4493.03	-1
17	16	0.268896	3.57339	4339	4397.34	-1
17	16	0.418896	3.57339	-1	-1	-1
17	16	-0.0311037	3.72339	-1	-1	-1
17	16	0.118896	3.72339	4062	4191.38	-1
17	16	0.268896	3.72339	4221	4273.75	-1
17	16	0.418896	3.72339	-1	-1	-1
18	16	-4.32892	7.27528	-1	-1	-1
18	16	-4.17892	7.27528	-1	-1	-1
18	16	-4.02892	7.27528	-1	-1	-1
18	16	-3.87892	7.27528	-1	-1	-1
18	16	-4.32892	7.42528	-1	-1	-1
18	16	-4.17892	7.42528	-1	-1	-1
18	16	-4.02892	7.42528	-1	-1	-1
18	16	-3.87892	7.42528	-1	-1	-1
18	16	-4.32892	7.57528	712	779.562	-1
18	16	-4.17892	7.57528	-1	-1	-1
18	16	-4.02892	7.57528	-1	-1	-1
18	16	-3.87892	7.57528	-1	-1	-1
18	16	-4.32892	7.72528	580	645.844	-1
18	16	-4.17892	7.72528	2936	3021.22	-1
18	16	-4.02892	7.72528	-1	-1	-1
18	16	-3.87892	7.72528	-1	-1	-1
19	16	7.84154	5.14301	-1	-1	-1
19	16	7.99154	5.14301	-1	-1	-1
19	16	8.14154	5.14301	-1	-1	-1
19	16	8.29154	5.14301	-1	-1	-1
19	16	7.84154	5.29301	-1	-1	-1
19	16	7.99154	5.29301	-1	-1	-1
19	16	8.14154	5.29301	-1	-1	-1
19	16	8.29154	5.29301	-1	-1	-1
19	16	7.84154	5.44301	-1	-1	-1
19	16	7.99154	5.44301	-1	-1	-1
19	16	8.14154	5.44301	-1	-1	-1
19	16	8.29154	5.44301	-1	-1	-1
19	16	7.84154	5.59301	-1	-1	-1
19	16	7.99154	5.59301	-1	-1	-1
19	16	8.14154	5.59301	-1	-1	-1
19	16	8.29154	5.59301	-1	-1	-1
20	16	1.33976	5.67123	-1	-1	-1
20	16	1.48976	5.67123	-1	-1	-1
20	16	1.63976	5.67123	-1	-1	-1
20	16	1.78976	5.67123	5008	5056.81	-1
20	16	1.33976	5.82123	-1	-1	-1
20	16	1.48976	5.82123	-1	-1	-1
20	16	1.63976	5.82123	-1	-1	-1
20	16	1.78976	5.82123	4834	4937.25	-1
20	16	1.33976	5.97123	-1	-1	-1
20	16	1.48976	5.97123	-1	-1	-1
20	16	1.63976	5.97123	-1	-1	-1
20	16	1.78976	5.97123	-1	-1	-1
20	16	1.33976	6.12123	-1	-1	-1
20	16	1.48976	6.12123	-1	-1	-1
20	16	1.63976	6.12123	-1	-1	-1
20	16	1.78976	6.12123	-1	-1	-1
21	16	1.09749	-9.20901	-1	-1	-1
21	16	1.24749	-9.20901	-1	-1	-1
21	16	1.39749	-9.20901	-1	-1	-1
21	16	1.54749	-9.20901	-1	-1	-1
21	16	1.09749	-9.05901	-1	-1	-1
21	16	1.24749	-9.05901	-1	-1	-1
21	16	1.39749	-9.05901	-1	-1	-1
21	16	1.54749	-9.05901	-1	-1	-1
21	16	1.09749	-8.90901	-1	-1	-1
21	16	1.24749	-8.90901	-1	-1	-1
21	16	1.39749	-8.90901	-1	-1	-1
21	16	1.54749	-8.90901	-1	-1	-1
21	16	1.09749	-8.75901	-1	-1	-1
21	16	1.24749	-8.75901	-1	-1	-1
21	16	1.39749	-8.75901	-1	-1	-1
21	16	1.54749	-8.75901	-1	-1	-1
0	256	-4.08565	-4.12999	4121	4173.31	-1
0	256	6.56298	-0.0589758	3841	3940.62	-1
0	256	-5.37772	-6.43668	-1	-1	-1
0	256	-9.26459	9.06293	-1	-1	-1
0	256	7.72297	3.40286	-1	-1	-1
0	256	-4.59331	-2.36927	-1	-1	-1
0	256	1.18976	6.06895	-1	-1	-1
0	256	-4.4287	7.32022	-1	-1	-1
0	256	4.7343	-3.87679	-1	-1	-1
0	256	-3.91639	2.22872	2106	2259.09	-1
0	256	-2.6251	5.46263	-1	-1	-1
0	256	4.69676	4.818	2104	2154.19	-1
0	256	0.284835	7.95304	-1	-1	-1
0	256	9.23361	1.22397	-1	-1	-1
0	256	-3.03073	4.12686	-1	-1	-1
0	256	-0.124011	9.2584	-1	-1	-1
0	256	-3.46368	8.39205	-1	-1	-1
0	256	-8.26946	-5.19021	-1	-1	-1
0	256	-9.08029	-0.102923	-1	-1	-1
0	256	-0.144443	7.48837	-1	-1	-1
0	256	-1.18755	-3.60588	64	96.3125	-1
0	256	-4.70939	-2.47579	-1	-1	-1
0	256	-9.43546	-1.59943	-1	-1	-1
0	256	2.45864	9.51926	166	238.906	-1
0	256	-4.46957	1.09217	-1	-1	-1
0	256	-6.57022	-6.99069	-1	-1	-1
0	256	-3.10282	-8.76745	-1	-1	-1
0	256	-4.3804	-2.47954	-1	-1	-1
0	256	-8.26479	-0.964709	960	1079.66	-1
0	256	8.49943	0.376039	2434	2522.69	-1
0	256	3.77455	7.15424	-1	-1	-1
0	256	-5.24095	-4.93304	-1	-1	-1
0	256	7.79704	1.88663	-1	-1	-1
0	256	-8.8524	0.883101	-1	-1	-1
0	256	-0.911413	-5.68764	-1	-1	-1
0	256	3.51218	-2.10098	2212	2257.72	-1
0	256	8.68824	0.230775	266	352.25	-1
0	256	5.31034	-8.2796	-1	-1	-1
0	256	4.1774	5.6884	-1	-1	-1
0	256	-5.49341	3.60838	-1	-1	-1
0	256	-1.43375	-7.58651	-1	-1	-1
0	256	-3.85011	6.35337	-1	-1	-1
0	256	4.422	-1.76891	4932	5063.12	-1
0	256	-5.71868	1.36513	-1	-1	-1
0	256	7.72543	6.11649	-1	-1	-1
0	256	-0.718939	-3.24164	69	109.969	-1
0	256	-5.87926	5.63395	-1	-1	-1
0	256	-7.99017	4.71126	-1	-1	-1
0	256	4.53754	-7.52624	4765	4875.94	-1
0	256	0.876882	-8.60166	-1	-1	-1
0	256	-0.499253	8.92408	-1	-1	-1
0	256	1.84943	-7.36182	-1	-1	-1
0	256	-5.24196	-4.33717	-1	-1	-1
0	256	6.92876	-0.389732	-1	-1	-1
0	256	2.86564	-8.20989	1329	1443.84	-1
0	256	8.44542	-5.17125	-1	-1	-1
0	256	-5.97929	-6.26412	-1	-1	-1
0	256	-5.77463	7.05518	-1	-1	-1
0	256	3.07739	7.02621	3383	3490.12	-1
0	256	8.18046	-2.39509	5081	5174.75	-1
0	256	-6.3594	-5.25358	-1	-1	-1
0	256	-3.55504	6.79575	-1	-1	-1
0	256	-8.18313	3.09881	-1	-1	-1
0	256	4.44763	-7.06578	-1	-1	-1
0	256	-6.23994	7.47747	-1	-1	-1
0	256	-3.29104	7.36135	-1	-1	-1
0	256	6.94895	4.48548	-1	-1	-1
0	256	2.87049	-3.4147	2876	3010.88	-1
0	256	5.77937	7.22304	-1	-1	-1
0	256	2.74796	-8.75148	-1	-1	-1
0	256	3.70282	2.38187	-1	-1	-1
0	256	-7.9179	-3.70763	-1	-1	-1
0	256	3.0372	-8.05235	-1	-1	-1
0	256	-3.88477	1.68845	1291	1422.44	-1
0	256	-0.809638	5.44284	-1	-1	-1
0	256	6.05657	-0.306733	-1	-1	-1
0	256	-5.36385	-5.90527	-1	-1	-1
0	256	-3.88997	-6.90147	5104	5205	-1
0	256	-2.78304	-5.02975	3926	4043.34	-1
0	256	-7.51466	-2.89162	-1	-1	-1
0	256	-7.7819	-1.33579	-1	-1	-1
0	256	-2.90981	3.38265	1537	1683.44	-1
0	256	-7.7477	-3.81874	-1	-1	-1
0	256	-7.31247	4.48297	-1	-1	-1
0	256	1.83364	8.05968	-1	-1	-1
0	256	0.911295	-6.09625	806	911.438	-1
0	256	-5.34734	3.84107	-1	-1	-1
0	256	2.36156	7.67214	-1	-1	-1
0	256	6.47624	4.79933	-1	-1	-1
0	256	8.03246	3.4482	-1	-1	-1
0	256	4.23984	-7.74666	-1	-1	-1
0	256	-9.61857	0.73372	-1	-1	-1
0	256	5.71163	2.36329	-1	-1	-1
0	256	0.598626	-7.76681	-1	-1	-1
0	256	1.764	5.51225	969	1089.25	-1
0	256	-3.18664	8.24633	-1	-1	-1
0	256	-4.99763	5.4373	-1	-1	-1
0	256	2.73726	8.15875	-1	-1	-1
0	256	9.62457	2.46411	-1	-1	-1
0	256	-5.2817	1.23689	-1	-1	-1
0	256	0.297028	-4.57569	-1	-1	-1
0	256	3.63821	5.27056	-1	-1	-1
0	256	7.25234	3.2691	-1	-1	-1
0	256	2.94851	-0.667603	3451	3575.22	-1
0	256	2.10776	6.3727	-1	-1	-1
0	256	0.0872151	-9.7396	2482	2556.28	-1
0	256	-3.52256	7.26094	-1	-1	-1
0	256	8.95267	3.92316	-1	-1	-1
0	256	2.58704	-6.51125	-1	-1	-1
0	256	-6.44803	4.07861	-1	-1	-1
0	256	0.186719	9.04491	-1	-1	-1
0	256	8.41536	3.17895	-1	-1	-1
0	256	-7.09671	-2.77873	-1	-1	-1
0	256	-3.18572	3.6373	-1	-1	-1
0	256	-6.2459	-0.623261	-1	-1	-1
0	256	4.12757	0.445665	-1	-1	-1
0	256	6.47571	3.69483	541	657.969	-1
0	256	-9.43611	-0.445472	-1	-1	-1
0	256	-0.612283	-8.02773	-1	-1	-1
0	256	8.99129	3.51346	-1	-1	-1
0	256	-8.39307	0.243179	793	862.938	-1
0	256	-7.32065	3.7629	-1	-1	-1
0	256	-5.92527	1.03179	-1	-1	-1
0	256	-4.11275	-2.13977	-1	-1	-1
0	256	1.1925	-7.27987	-1	-1	-1
0	256	-8.60094	-0.214375	-1	-1	-1
0	256	7.60804	-2.01751	-1	-1	-1
0	256	-0.996326	6.50331	-1	-1	-1
0	256	4.38978	4.96513	-1	-1	-1
0	256	8.83634	-2.34429	-1	-1	-1
0	256	-8.55824	0.361528	659	723.906	-1
0	256	6.32839	-5.94612	-1	-1	-1
0	256	-7.62974	4.91329	-1	-1	-1
0	256	-6.60003	5.97542	-1	-1	-1
0	256	3.8589	7.30666	-1	-1	-1
0	256	-2.5544	2.85039	5271	-1	-1
0	256	-2.4546	9.49693	2087	2159.91	-1
0	256	-1.91281	5.9432	-1	-1	-1
0	256	-5.95317	4.93536	-1	-1	-1
0	256	0.832829	-6.17072	2753	2873.66	-1
0	256	0.221443	-8.08622	-1	-1	-1
0	256	-2.5122	8.25802	-1	-1	-1
0	256	-0.994495	-4.35276	544	667.906	-1
0	256	6.57255	-4.35553	-1	-1	-1
0	256	-7.66019	-0.510687	-1	-1	-1
0	256	-5.24591	-5.18315	-1	-1	-1
0	256	5.08665	3.97939	3584	3711.53	-1
0	256	-4.60655	5.82788	-1	-1	-1
0	256	9.45686	0.199563	-1	-1	-1
0	256	-8.82929	-2.56812	-1	-1	-1
0	256	3.49443	8.66949	3834	3931.53	-1
0	256	0.673981	-8.14893	-1	-1	-1
0	256	1.68963	6.30444	-1	-1	-1
0	256	-3.96271	-3.85504	-1	-1	-1
0	256	3.20186	6.47383	-1	-1	-1
0	256	-0.576385	-7.79754	-1	-1	-1
0	256	8.78924	2.74495	-1	-1	-1
0	256	-5.63467	-6.21555	-1	-1	-1
0	256	-6.10644	-0.319846	-1	-1	-1
0	256	-5.82732	1.42426	-1	-1	-1
0	256	-8.35481	3.25365	-1	-1	-1
0	256	-0.0706911	8.9531	-1	-1	-1
0	256	-7.11154	-5.06026	-1	-1	-1
0	256	0.0499388	7.11853	-1	-1	-1
0	256	-3.50351	3.86886	-1	-1	-1
0	256	4.01154	-2.47105	-1	-1	-1
0	256	2.95668	8.40472	-1	-1	-1
0	256	-6.40821	4.68447	-1	-1	-1
0	256	-4.514	4.78169	-1	-1	-1
0	256	1.17785	-9.62341	-1	-1	-1
0	256	-0.339538	8.87924	-1	-1	-1
0	256	8.05319	-4.98297	-1	-1	-1
0	256	4.62775	6.7092	-1	-1	-1
0	256	1.69119	9.5438	-1	-1	-1
0	256	-9.52306	-2.36477	-1	-1	-1
0	256	-3.97065	-2.19737	-1	-1	-1
0	256	9.41392	-0.420972	112	187.906	-1
0	256	0.833954	4.79498	-1	-1	-1
0	256	7.41828	-0.0654398	-1	-1	-1
0	256	-5.22183	7.67654	-1	-1	-1
0	256	-5.87347	-7.06967	-1	-1	-1
0	256	8.28856	-3.59098	-1	-1	-1
0	256	-0.0348831	-7.63364	-1	-1	-1
0	256	6.58695	4.63167	-1	-1	-1
0	256	6.30175	-7.48189	-1	-1	-1
0	256	6.29999	1.55617	1806	1856.25	-1
0	256	-3.62988	8.48708	-1	-1	-1
0	256	-0.958482	-9.36765	-1	-1	-1
0	256	-7.91458	3.94472	-1	-1	-1
0	256	5.70156	0.313329	-1	-1	-1
0	256	8.84385	5.70396	-1	-1	-1
0	256	-7.36138	-5.5321	-1	-1	-1
0	256	-2.10021	-9.2258	-1	-1	-1
0	256	9.28721	3.32087	-1	-1	-1
0	256	-5.34602	-5.6765	-1	-1	-1
0	256	4.33178	-6.58281	-1	-1	-1
0	256	-8.11524	2.42215	-1	-1	-1
0	256	-2.97015	-2.78839	-1	-1	-1
0	256	-5.4416	0.271185	-1	-1	-1
0	256	1.07054	-2.85992	5020	5158.12	-1
0	256	1.72987	7.09694	-1	-1	-1
0	256	-8.54836	3.74365	-1	-1	-1
0	256	-8.87001	3.41153	-1	-1	-1
0	256	1.80344	-3.87254	4490	4627.25	-1
0	256	-1.87593	7.75908	-1	-1	-1
0	256	-7.80099	-0.550621	-1	-1	-1
0	256	-1.80762	6.47095	-1	-1	-1
0	256	-3.8297	-5.47258	60	122.25	-1
0	256	0.622245	-1.93384	1047	1193.53	-1
0	256	4.81448	-6.25074	-1	-1	-1
0	256	-2.76856	-9.42215	-1	-1	-1
0	256	3.75398	-1.21559	-1	-1	-1
0	256	-2.02871	-2.62527	-1	-1	-1
0	256	5.90425	-1.95645	-1	-1	-1
0	256	0.425553	5.62462	-1	-1	-1
0	256	1.41691	-7.79289	-1	-1	-1
0	256	-0.0527263	7.93301	-1	-1	-1
0	256	6.76428	5.50619	4624	4741.44	-1
0	256	-0.411624	8.15163	-1	-1	-1
0	256	-5.8761	-1.84732	-1	-1	-1
0	256	-8.33169	-3.48412	-1	-1	-1
0	256	-4.62419	2.9258	-1	-1	-1
0	256	5.54086	-7.3719	-1	-1	-1
0	256	-4.80462	-5.30204	-1	-1	-1
0	256	-2.98751	8.55762	-1	-1	-1
0	256	-7.84193	1.99647	-1	-1	-1
0	256	0.710081	4.44341	2082	2118.06	-1
0	256	5.01356	1.41715	-1	-1	-1
0	256	2.85921	-8.97502	-1	-1	-1
0	256	1.85679	-4.48274	2766	2900.25	-1
0	256	-7.51108	-5.98579	-1	-1	-1
0	256	-3.33035	-7.68342	-1	-1	-1
0	256	3.13148	0.46024	2705	2825	-1
0	256	8.28075	-2.71542	-1	-1	-1
0	256	-6.66917	7.10621	-1	-1	-1
0	256	-6.42922	0.607872	-1	-1	-1
0	256	-7.30099	6.43717	-1	-1	-1
0	256	-4.80383	3.30946	-1	-1	-1
0	256	6.35744	4.62309	-1	-1	-1
0	256	-2.54265	7.87899	-1	-1	-1
0	256	-3.2493	-6.38152	-1	-1	-1
0	256	3.23593	8.34051	-1	-1	-1
0	256	-6.03344	7.91116	-1	-1	-1
0	256	1.34096	-4.97168	-1	-1	-1
0	256	-1.57302	8.17269	-1	-1	-1
0	256	4.85104	2.04105	368	408.375	-1
0	256	5.01446	-1.0876	-1	-1	-1
0	256	-6.25856	-7.27247	-1	-1	-1
0	256	-7.34267	0.630684	-1	-1	-1
0	256	-2.22341	-7.04234	4280	4389.47	-1
0	256	-8.36971	1.01469	-1	-1	-1
0	256	-6.84069	3.72469	5082	5185.53	-1
0	256	-5.34332	-8.31782	-1	-1	-1
0	256	7.17207	-5.24375	5195	5303.91	-1
0	256	-1.38928	6.83603	-1	-1	-1
0	256	3.49619	-4.6636	-1	-1	-1
