Pile ID	Distribution Type	X-Position	Y-Position	Pickup Time	Drop Off Time	Ant ID
1	1	0.670683	3.61235	1945	2064.44	-1
1	1	0.820683	3.61235	1342	1463.25	-1
1	1	0.970683	3.61235	-1	-1	-1
1	1	1.12068	3.61235	4052	4083.97	-1
1	1	1.27068	3.61235	3827	3962.94	-1
1	1	1.42068	3.61235	91	133.344	-1
1	1	1.57068	3.61235	174	205.562	-1
1	1	1.72068	3.61235	-1	-1	-1
1	1	1.87068	3.61235	-1	-1	-1
1	1	2.02068	3.61235	-1	-1	-1
1	1	2.17068	3.61235	995	1042.16	-1
1	1	2.32068	3.61235	713	847.062	-1
1	1	2.47068	3.61235	889	941.094	-1
1	1	2.62068	3.61235	1010	1077.81	-1
1	1	2.77068	3.61235	1111	1159.34	-1
1	1	2.92068	3.61235	1326	1364.75	-1
1	1	0.670683	3.76235	-1	-1	-1
1	1	0.820683	3.76235	-1	-1	-1
1	1	0.970683	3.76235	-1	-1	-1
1	1	1.12068	3.76235	-1	-1	-1
1	1	1.27068	3.76235	5339	-1	-1
1	1	1.42068	3.76235	-1	-1	-1
1	1	1.57068	3.76235	-1	-1	-1
1	1	1.72068	3.76235	-1	-1	-1
1	1	1.87068	3.76235	-1	-1	-1
1	1	2.02068	3.76235	-1	-1	-1
1	1	2.17068	3.76235	1121	1184.66	-1
1	1	2.32068	3.76235	1002	1064.09	-1
1	1	2.47068	3.76235	1104	1153.12	-1
1	1	2.62068	3.76235	1538	1604.62	-1
1	1	2.77068	3.76235	1210	1252.59	-1
1	1	2.92068	3.76235	1423	1473.94	-1
1	1	0.670683	3.91235	-1	-1	-1
1	1	0.820683	3.91235	-1	-1	-1
1	1	0.970683	3.91235	-1	-1	-1
1	1	1.12068	3.91235	-1	-1	-1
1	1	1.27068	3.91235	-1	-1	-1
1	1	1.42068	3.91235	-1	-1	-1
1	1	1.57068	3.91235	-1	-1	-1
1	1	1.72068	3.91235	-1	-1	-1
1	1	1.87068	3.91235	-1	-1	-1
1	1	2.02068	3.91235	1462	1514.66	-1
1	1	2.17068	3.91235	1218	1267.5	-1
1	1	2.32068	3.91235	1229	1285.12	-1
1	1	2.47068	3.91235	1359	1402.59	-1
1	1	2.62068	3.91235	1440	1488.44	-1
1	1	2.77068	3.91235	1554	1599.22	-1
1	1	2.92068	3.91235	2025	2152.41	-1
1	1	0.670683	4.06235	-1	-1	-1
1	1	0.820683	4.06235	-1	-1	-1
1	1	0.970683	4.06235	-1	-1	-1
1	1	1.12068	4.06235	-1	-1	-1
1	1	1.27068	4.06235	-1	-1	-1
1	1	1.42068	4.06235	-1	-1	-1
1	1	1.57068	4.06235	-1	-1	-1
1	1	1.72068	4.06235	-1	-1	-1
1	1	1.87068	4.06235	-1	-1	-1
1	1	2.02068	4.06235	-1	-1	-1
1	1	2.17068	4.06235	1563	1600.22	-1
1	1	2.32068	4.06235	1351	1390.66	-1
1	1	2.47068	4.06235	1642	1690.03	-1
1	1	2.62068	4.06235	1676	1727.03	-1
1	1	2.77068	4.06235	1692	1752.09	-1
1	1	2.92068	4.06235	2222	2274.91	-1
1	1	0.670683	4.21235	-1	-1	-1
1	1	0.820683	4.21235	-1	-1	-1
1	1	0.970683	4.21235	-1	-1	-1
1	1	1.12068	4.21235	-1	-1	-1
1	1	1.27068	4.21235	-1	-1	-1
1	1	1.42068	4.21235	-1	-1	-1
1	1	1.57068	4.21235	-1	-1	-1
1	1	1.72068	4.21235	-1	-1	-1
1	1	1.87068	4.21235	-1	-1	-1
1	1	2.02068	4.21235	-1	-1	-1
1	1	2.17068	4.21235	-1	-1	-1
1	1	2.32068	4.21235	-1	-1	-1
1	1	2.47068	4.21235	1791	1858.84	-1
1	1	2.62068	4.21235	-1	-1	-1
1	1	2.77068	4.21235	-1	-1	-1
1	1	2.92068	4.21235	-1	-1	-1
1	1	0.670683	4.36235	-1	-1	-1
1	1	0.820683	4.36235	-1	-1	-1
1	1	0.970683	4.36235	-1	-1	-1
1	1	1.12068	4.36235	-1	-1	-1
1	1	1.27068	4.36235	-1	-1	-1
1	1	1.42068	4.36235	-1	-1	-1
1	1	1.57068	4.36235	-1	-1	-1
1	1	1.72068	4.36235	-1	-1	-1
1	1	1.87068	4.36235	-1	-1	-1
1	1	2.02068	4.36235	-1	-1	-1
1	1	2.17068	4.36235	-1	-1	-1
1	1	2.32068	4.36235	-1	-1	-1
1	1	2.47068	4.36235	-1	-1	-1
1	1	2.62068	4.36235	-1	-1	-1
1	1	2.77068	4.36235	-1	-1	-1
1	1	2.92068	4.36235	-1	-1	-1
1	1	0.670683	4.51235	-1	-1	-1
1	1	0.820683	4.51235	-1	-1	-1
1	1	0.970683	4.51235	-1	-1	-1
1	1	1.12068	4.51235	-1	-1	-1
1	1	1.27068	4.51235	-1	-1	-1
1	1	1.42068	4.51235	-1	-1	-1
1	1	1.57068	4.51235	-1	-1	-1
1	1	1.72068	4.51235	-1	-1	-1
1	1	1.87068	4.51235	-1	-1	-1
1	1	2.02068	4.51235	-1	-1	-1
1	1	2.17068	4.51235	-1	-1	-1
1	1	2.32068	4.51235	-1	-1	-1
1	1	2.47068	4.51235	-1	-1	-1
1	1	2.62068	4.51235	-1	-1	-1
1	1	2.77068	4.51235	-1	-1	-1
1	1	2.92068	4.51235	-1	-1	-1
1	1	0.670683	4.66235	-1	-1	-1
1	1	0.820683	4.66235	-1	-1	-1
1	1	0.970683	4.66235	-1	-1	-1
1	1	1.12068	4.66235	-1	-1	-1
1	1	1.27068	4.66235	-1	-1	-1
1	1	1.42068	4.66235	-1	-1	-1
1	1	1.57068	4.66235	-1	-1	-1
1	1	1.72068	4.66235	-1	-1	-1
1	1	1.87068	4.66235	-1	-1	-1
1	1	2.02068	4.66235	-1	-1	-1
1	1	2.17068	4.66235	-1	-1	-1
1	1	2.32068	4.66235	-1	-1	-1
1	1	2.47068	4.66235	-1	-1	-1
1	1	2.62068	4.66235	-1	-1	-1
1	1	2.77068	4.66235	-1	-1	-1
1	1	2.92068	4.66235	-1	-1	-1
1	1	0.670683	4.81235	-1	-1	-1
1	1	0.820683	4.81235	-1	-1	-1
1	1	0.970683	4.81235	-1	-1	-1
1	1	1.12068	4.81235	-1	-1	-1
1	1	1.27068	4.81235	-1	-1	-1
1	1	1.42068	4.81235	-1	-1	-1
1	1	1.57068	4.81235	-1	-1	-1
1	1	1.72068	4.81235	-1	-1	-1
1	1	1.87068	4.81235	-1	-1	-1
1	1	2.02068	4.81235	-1	-1	-1
1	1	2.17068	4.81235	-1	-1	-1
1	1	2.32068	4.81235	-1	-1	-1
1	1	2.47068	4.81235	-1	-1	-1
1	1	2.62068	4.81235	-1	-1	-1
1	1	2.77068	4.81235	-1	-1	-1
1	1	2.92068	4.81235	-1	-1	-1
1	1	0.670683	4.96235	-1	-1	-1
1	1	0.820683	4.96235	-1	-1	-1
1	1	0.970683	4.96235	-1	-1	-1
1	1	1.12068	4.96235	-1	-1	-1
1	1	1.27068	4.96235	-1	-1	-1
1	1	1.42068	4.96235	-1	-1	-1
1	1	1.57068	4.96235	-1	-1	-1
1	1	1.72068	4.96235	-1	-1	-1
1	1	1.87068	4.96235	-1	-1	-1
1	1	2.02068	4.96235	-1	-1	-1
1	1	2.17068	4.96235	-1	-1	-1
1	1	2.32068	4.96235	-1	-1	-1
1	1	2.47068	4.96235	-1	-1	-1
1	1	2.62068	4.96235	-1	-1	-1
1	1	2.77068	4.96235	-1	-1	-1
1	1	2.92068	4.96235	-1	-1	-1
1	1	0.670683	5.11235	-1	-1	-1
1	1	0.820683	5.11235	-1	-1	-1
1	1	0.970683	5.11235	-1	-1	-1
1	1	1.12068	5.11235	-1	-1	-1
1	1	1.27068	5.11235	-1	-1	-1
1	1	1.42068	5.11235	-1	-1	-1
1	1	1.57068	5.11235	-1	-1	-1
1	1	1.72068	5.11235	-1	-1	-1
1	1	1.87068	5.11235	-1	-1	-1
1	1	2.02068	5.11235	-1	-1	-1
1	1	2.17068	5.11235	-1	-1	-1
1	1	2.32068	5.11235	-1	-1	-1
1	1	2.47068	5.11235	-1	-1	-1
1	1	2.62068	5.11235	-1	-1	-1
1	1	2.77068	5.11235	-1	-1	-1
1	1	2.92068	5.11235	-1	-1	-1
1	1	0.670683	5.26235	-1	-1	-1
1	1	0.820683	5.26235	-1	-1	-1
1	1	0.970683	5.26235	-1	-1	-1
1	1	1.12068	5.26235	-1	-1	-1
1	1	1.27068	5.26235	-1	-1	-1
1	1	1.42068	5.26235	-1	-1	-1
1	1	1.57068	5.26235	-1	-1	-1
1	1	1.72068	5.26235	-1	-1	-1
1	1	1.87068	5.26235	-1	-1	-1
1	1	2.02068	5.26235	-1	-1	-1
1	1	2.17068	5.26235	-1	-1	-1
1	1	2.32068	5.26235	-1	-1	-1
1	1	2.47068	5.26235	-1	-1	-1
1	1	2.62068	5.26235	-1	-1	-1
1	1	2.77068	5.26235	-1	-1	-1
1	1	2.92068	5.26235	-1	-1	-1
1	1	0.670683	5.41235	-1	-1	-1
1	1	0.820683	5.41235	-1	-1	-1
1	1	0.970683	5.41235	-1	-1	-1
1	1	1.12068	5.41235	-1	-1	-1
1	1	1.27068	5.41235	-1	-1	-1
1	1	1.42068	5.41235	-1	-1	-1
1	1	1.57068	5.41235	-1	-1	-1
1	1	1.72068	5.41235	-1	-1	-1
1	1	1.87068	5.41235	-1	-1	-1
1	1	2.02068	5.41235	-1	-1	-1
1	1	2.17068	5.41235	-1	-1	-1
1	1	2.32068	5.41235	-1	-1	-1
1	1	2.47068	5.41235	-1	-1	-1
1	1	2.62068	5.41235	-1	-1	-1
1	1	2.77068	5.41235	-1	-1	-1
1	1	2.92068	5.41235	-1	-1	-1
1	1	0.670683	5.56235	-1	-1	-1
1	1	0.820683	5.56235	-1	-1	-1
1	1	0.970683	5.56235	-1	-1	-1
1	1	1.12068	5.56235	-1	-1	-1
1	1	1.27068	5.56235	-1	-1	-1
1	1	1.42068	5.56235	-1	-1	-1
1	1	1.57068	5.56235	-1	-1	-1
1	1	1.72068	5.56235	-1	-1	-1
1	1	1.87068	5.56235	-1	-1	-1
1	1	2.02068	5.56235	-1	-1	-1
1	1	2.17068	5.56235	-1	-1	-1
1	1	2.32068	5.56235	-1	-1	-1
1	1	2.47068	5.56235	-1	-1	-1
1	1	2.62068	5.56235	-1	-1	-1
1	1	2.77068	5.56235	-1	-1	-1
1	1	2.92068	5.56235	-1	-1	-1
1	1	0.670683	5.71235	-1	-1	-1
1	1	0.820683	5.71235	-1	-1	-1
1	1	0.970683	5.71235	-1	-1	-1
1	1	1.12068	5.71235	-1	-1	-1
1	1	1.27068	5.71235	-1	-1	-1
1	1	1.42068	5.71235	-1	-1	-1
1	1	1.57068	5.71235	-1	-1	-1
1	1	1.72068	5.71235	-1	-1	-1
1	1	1.87068	5.71235	-1	-1	-1
1	1	2.02068	5.71235	-1	-1	-1
1	1	2.17068	5.71235	-1	-1	-1
1	1	2.32068	5.71235	-1	-1	-1
1	1	2.47068	5.71235	-1	-1	-1
1	1	2.62068	5.71235	-1	-1	-1
1	1	2.77068	5.71235	-1	-1	-1
1	1	2.92068	5.71235	-1	-1	-1
1	1	0.670683	5.86235	-1	-1	-1
1	1	0.820683	5.86235	-1	-1	-1
1	1	0.970683	5.86235	-1	-1	-1
1	1	1.12068	5.86235	-1	-1	-1
1	1	1.27068	5.86235	-1	-1	-1
1	1	1.42068	5.86235	-1	-1	-1
1	1	1.57068	5.86235	-1	-1	-1
1	1	1.72068	5.86235	-1	-1	-1
1	1	1.87068	5.86235	-1	-1	-1
1	1	2.02068	5.86235	-1	-1	-1
1	1	2.17068	5.86235	-1	-1	-1
1	1	2.32068	5.86235	-1	-1	-1
1	1	2.47068	5.86235	-1	-1	-1
1	1	2.62068	5.86235	-1	-1	-1
1	1	2.77068	5.86235	-1	-1	-1
1	1	2.92068	5.86235	-1	-1	-1
2	4	-3.64869	-6.47685	-1	-1	-1
2	4	-3.49869	-6.47685	-1	-1	-1
2	4	-3.34869	-6.47685	-1	-1	-1
2	4	-3.19869	-6.47685	-1	-1	-1
2	4	-3.04869	-6.47685	-1	-1	-1
2	4	-2.89869	-6.47685	-1	-1	-1
2	4	-2.74869	-6.47685	-1	-1	-1
2	4	-2.59869	-6.47685	-1	-1	-1
2	4	-3.64869	-6.32685	-1	-1	-1
2	4	-3.49869	-6.32685	-1	-1	-1
2	4	-3.34869	-6.32685	-1	-1	-1
2	4	-3.19869	-6.32685	-1	-1	-1
2	4	-3.04869	-6.32685	-1	-1	-1
2	4	-2.89869	-6.32685	-1	-1	-1
2	4	-2.74869	-6.32685	-1	-1	-1
2	4	-2.59869	-6.32685	-1	-1	-1
2	4	-3.64869	-6.17685	-1	-1	-1
2	4	-3.49869	-6.17685	-1	-1	-1
2	4	-3.34869	-6.17685	-1	-1	-1
2	4	-3.19869	-6.17685	-1	-1	-1
2	4	-3.04869	-6.17685	-1	-1	-1
2	4	-2.89869	-6.17685	-1	-1	-1
2	4	-2.74869	-6.17685	-1	-1	-1
2	4	-2.59869	-6.17685	-1	-1	-1
2	4	-3.64869	-6.02685	-1	-1	-1
2	4	-3.49869	-6.02685	-1	-1	-1
2	4	-3.34869	-6.02685	-1	-1	-1
2	4	-3.19869	-6.02685	-1	-1	-1
2	4	-3.04869	-6.02685	-1	-1	-1
2	4	-2.89869	-6.02685	-1	-1	-1
2	4	-2.74869	-6.02685	-1	-1	-1
2	4	-2.59869	-6.02685	-1	-1	-1
2	4	-3.64869	-5.87685	-1	-1	-1
2	4	-3.49869	-5.87685	-1	-1	-1
2	4	-3.34869	-5.87685	-1	-1	-1
2	4	-3.19869	-5.87685	-1	-1	-1
2	4	-3.04869	-5.87685	-1	-1	-1
2	4	-2.89869	-5.87685	-1	-1	-1
2	4	-2.74869	-5.87685	-1	-1	-1
2	4	-2.59869	-5.87685	-1	-1	-1
2	4	-3.64869	-5.72685	-1	-1	-1
2	4	-3.49869	-5.72685	-1	-1	-1
2	4	-3.34869	-5.72685	-1	-1	-1
2	4	-3.19869	-5.72685	-1	-1	-1
2	4	-3.04869	-5.72685	-1	-1	-1
2	4	-2.89869	-5.72685	-1	-1	-1
2	4	-2.74869	-5.72685	-1	-1	-1
2	4	-2.59869	-5.72685	-1	-1	-1
2	4	-3.64869	-5.57685	-1	-1	-1
2	4	-3.49869	-5.57685	-1	-1	-1
2	4	-3.34869	-5.57685	-1	-1	-1
2	4	-3.19869	-5.57685	-1	-1	-1
2	4	-3.04869	-5.57685	-1	-1	-1
2	4	-2.89869	-5.57685	-1	-1	-1
2	4	-2.74869	-5.57685	-1	-1	-1
2	4	-2.59869	-5.57685	-1	-1	-1
2	4	-3.64869	-5.42685	5212	5358.25	-1
2	4	-3.49869	-5.42685	-1	-1	-1
2	4	-3.34869	-5.42685	-1	-1	-1
2	4	-3.19869	-5.42685	4903	5016.84	-1
2	4	-3.04869	-5.42685	-1	-1	-1
2	4	-2.89869	-5.42685	-1	-1	-1
2	4	-2.74869	-5.42685	-1	-1	-1
2	4	-2.59869	-5.42685	-1	-1	-1
3	4	-0.837646	-6.8095	-1	-1	-1
3	4	-0.687646	-6.8095	-1	-1	-1
3	4	-0.537646	-6.8095	-1	-1	-1
3	4	-0.387646	-6.8095	-1	-1	-1
3	4	-0.237646	-6.8095	-1	-1	-1
3	4	-0.0876464	-6.8095	-1	-1	-1
3	4	0.0623536	-6.8095	-1	-1	-1
3	4	0.212354	-6.8095	-1	-1	-1
3	4	-0.837646	-6.6595	-1	-1	-1
3	4	-0.687646	-6.6595	-1	-1	-1
3	4	-0.537646	-6.6595	-1	-1	-1
3	4	-0.387646	-6.6595	-1	-1	-1
3	4	-0.237646	-6.6595	-1	-1	-1
3	4	-0.0876464	-6.6595	-1	-1	-1
3	4	0.0623536	-6.6595	-1	-1	-1
3	4	0.212354	-6.6595	-1	-1	-1
3	4	-0.837646	-6.5095	-1	-1	-1
3	4	-0.687646	-6.5095	-1	-1	-1
3	4	-0.537646	-6.5095	-1	-1	-1
3	4	-0.387646	-6.5095	-1	-1	-1
3	4	-0.237646	-6.5095	-1	-1	-1
3	4	-0.0876464	-6.5095	-1	-1	-1
3	4	0.0623536	-6.5095	-1	-1	-1
3	4	0.212354	-6.5095	-1	-1	-1
3	4	-0.837646	-6.3595	-1	-1	-1
3	4	-0.687646	-6.3595	-1	-1	-1
3	4	-0.537646	-6.3595	-1	-1	-1
3	4	-0.387646	-6.3595	-1	-1	-1
3	4	-0.237646	-6.3595	-1	-1	-1
3	4	-0.0876464	-6.3595	-1	-1	-1
3	4	0.0623536	-6.3595	-1	-1	-1
3	4	0.212354	-6.3595	-1	-1	-1
3	4	-0.837646	-6.2095	-1	-1	-1
3	4	-0.687646	-6.2095	-1	-1	-1
3	4	-0.537646	-6.2095	-1	-1	-1
3	4	-0.387646	-6.2095	-1	-1	-1
3	4	-0.237646	-6.2095	-1	-1	-1
3	4	-0.0876464	-6.2095	-1	-1	-1
3	4	0.0623536	-6.2095	-1	-1	-1
3	4	0.212354	-6.2095	-1	-1	-1
3	4	-0.837646	-6.0595	-1	-1	-1
3	4	-0.687646	-6.0595	-1	-1	-1
3	4	-0.537646	-6.0595	-1	-1	-1
3	4	-0.387646	-6.0595	-1	-1	-1
3	4	-0.237646	-6.0595	-1	-1	-1
3	4	-0.0876464	-6.0595	-1	-1	-1
3	4	0.0623536	-6.0595	-1	-1	-1
3	4	0.212354	-6.0595	-1	-1	-1
3	4	-0.837646	-5.9095	-1	-1	-1
3	4	-0.687646	-5.9095	-1	-1	-1
3	4	-0.537646	-5.9095	-1	-1	-1
3	4	-0.387646	-5.9095	-1	-1	-1
3	4	-0.237646	-5.9095	-1	-1	-1
3	4	-0.0876464	-5.9095	-1	-1	-1
3	4	0.0623536	-5.9095	-1	-1	-1
3	4	0.212354	-5.9095	-1	-1	-1
3	4	-0.837646	-5.7595	-1	-1	-1
3	4	-0.687646	-5.7595	-1	-1	-1
3	4	-0.537646	-5.7595	-1	-1	-1
3	4	-0.387646	-5.7595	-1	-1	-1
3	4	-0.237646	-5.7595	-1	-1	-1
3	4	-0.0876464	-5.7595	-1	-1	-1
3	4	0.0623536	-5.7595	-1	-1	-1
3	4	0.212354	-5.7595	-1	-1	-1
4	4	-4.20385	0.102342	-1	-1	-1
4	4	-4.05385	0.102342	-1	-1	-1
4	4	-3.90385	0.102342	-1	-1	-1
4	4	-3.75385	0.102342	-1	-1	-1
4	4	-3.60385	0.102342	5350	-1	-1
4	4	-3.45385	0.102342	5221	5248.09	-1
4	4	-3.30385	0.102342	5146	5177.84	-1
4	4	-3.15385	0.102342	1094	1124.66	-1
4	4	-4.20385	0.252342	-1	-1	-1
4	4	-4.05385	0.252342	-1	-1	-1
4	4	-3.90385	0.252342	-1	-1	-1
4	4	-3.75385	0.252342	-1	-1	-1
4	4	-3.60385	0.252342	-1	-1	-1
4	4	-3.45385	0.252342	5295	5327.78	-1
4	4	-3.30385	0.252342	4915	5041.78	-1
4	4	-3.15385	0.252342	1149	1179.56	-1
4	4	-4.20385	0.402342	-1	-1	-1
4	4	-4.05385	0.402342	-1	-1	-1
4	4	-3.90385	0.402342	-1	-1	-1
4	4	-3.75385	0.402342	-1	-1	-1
4	4	-3.60385	0.402342	-1	-1	-1
4	4	-3.45385	0.402342	-1	-1	-1
4	4	-3.30385	0.402342	5353	5379.84	-1
4	4	-3.15385	0.402342	1234	1262.25	-1
4	4	-4.20385	0.552342	-1	-1	-1
4	4	-4.05385	0.552342	-1	-1	-1
4	4	-3.90385	0.552342	-1	-1	-1
4	4	-3.75385	0.552342	-1	-1	-1
4	4	-3.60385	0.552342	-1	-1	-1
4	4	-3.45385	0.552342	-1	-1	-1
4	4	-3.30385	0.552342	-1	-1	-1
4	4	-3.15385	0.552342	1694	1812.31	-1
4	4	-4.20385	0.702342	-1	-1	-1
4	4	-4.05385	0.702342	-1	-1	-1
4	4	-3.90385	0.702342	-1	-1	-1
4	4	-3.75385	0.702342	-1	-1	-1
4	4	-3.60385	0.702342	-1	-1	-1
4	4	-3.45385	0.702342	-1	-1	-1
4	4	-3.30385	0.702342	2012	2064.78	-1
4	4	-3.15385	0.702342	1912	1939.47	-1
4	4	-4.20385	0.852342	-1	-1	-1
4	4	-4.05385	0.852342	-1	-1	-1
4	4	-3.90385	0.852342	-1	-1	-1
4	4	-3.75385	0.852342	-1	-1	-1
4	4	-3.60385	0.852342	-1	-1	-1
4	4	-3.45385	0.852342	-1	-1	-1
4	4	-3.30385	0.852342	4440	4472.53	-1
4	4	-3.15385	0.852342	1973	2034.91	-1
4	4	-4.20385	1.00234	-1	-1	-1
4	4	-4.05385	1.00234	-1	-1	-1
4	4	-3.90385	1.00234	-1	-1	-1
4	4	-3.75385	1.00234	-1	-1	-1
4	4	-3.60385	1.00234	-1	-1	-1
4	4	-3.45385	1.00234	-1	-1	-1
4	4	-3.30385	1.00234	4521	4556.94	-1
4	4	-3.15385	1.00234	1335	1453.53	-1
4	4	-4.20385	1.15234	-1	-1	-1
4	4	-4.05385	1.15234	-1	-1	-1
4	4	-3.90385	1.15234	-1	-1	-1
4	4	-3.75385	1.15234	-1	-1	-1
4	4	-3.60385	1.15234	-1	-1	-1
4	4	-3.45385	1.15234	-1	-1	-1
4	4	-3.30385	1.15234	-1	-1	-1
4	4	-3.15385	1.15234	58	90.25	-1
5	4	0.100215	6.96781	-1	-1	-1
5	4	0.250215	6.96781	-1	-1	-1
5	4	0.400215	6.96781	-1	-1	-1
5	4	0.550215	6.96781	-1	-1	-1
5	4	0.700215	6.96781	-1	-1	-1
5	4	0.850215	6.96781	-1	-1	-1
5	4	1.00022	6.96781	-1	-1	-1
5	4	1.15022	6.96781	-1	-1	-1
5	4	0.100215	7.11781	-1	-1	-1
5	4	0.250215	7.11781	-1	-1	-1
5	4	0.400215	7.11781	-1	-1	-1
5	4	0.550215	7.11781	-1	-1	-1
5	4	0.700215	7.11781	-1	-1	-1
5	4	0.850215	7.11781	-1	-1	-1
5	4	1.00022	7.11781	-1	-1	-1
5	4	1.15022	7.11781	-1	-1	-1
5	4	0.100215	7.26781	-1	-1	-1
5	4	0.250215	7.26781	-1	-1	-1
5	4	0.400215	7.26781	-1	-1	-1
5	4	0.550215	7.26781	-1	-1	-1
5	4	0.700215	7.26781	-1	-1	-1
5	4	0.850215	7.26781	-1	-1	-1
5	4	1.00022	7.26781	-1	-1	-1
5	4	1.15022	7.26781	-1	-1	-1
5	4	0.100215	7.41781	-1	-1	-1
5	4	0.250215	7.41781	-1	-1	-1
5	4	0.400215	7.41781	-1	-1	-1
5	4	0.550215	7.41781	-1	-1	-1
5	4	0.700215	7.41781	-1	-1	-1
5	4	0.850215	7.41781	-1	-1	-1
5	4	1.00022	7.41781	-1	-1	-1
5	4	1.15022	7.41781	-1	-1	-1
5	4	0.100215	7.56781	-1	-1	-1
5	4	0.250215	7.56781	-1	-1	-1
5	4	0.400215	7.56781	-1	-1	-1
5	4	0.550215	7.56781	-1	-1	-1
5	4	0.700215	7.56781	-1	-1	-1
5	4	0.850215	7.56781	-1	-1	-1
5	4	1.00022	7.56781	-1	-1	-1
5	4	1.15022	7.56781	-1	-1	-1
5	4	0.100215	7.71781	-1	-1	-1
5	4	0.250215	7.71781	-1	-1	-1
5	4	0.400215	7.71781	-1	-1	-1
5	4	0.550215	7.71781	-1	-1	-1
5	4	0.700215	7.71781	-1	-1	-1
5	4	0.850215	7.71781	-1	-1	-1
5	4	1.00022	7.71781	-1	-1	-1
5	4	1.15022	7.71781	-1	-1	-1
5	4	0.100215	7.86781	-1	-1	-1
5	4	0.250215	7.86781	-1	-1	-1
5	4	0.400215	7.86781	-1	-1	-1
5	4	0.550215	7.86781	-1	-1	-1
5	4	0.700215	7.86781	-1	-1	-1
5	4	0.850215	7.86781	-1	-1	-1
5	4	1.00022	7.86781	-1	-1	-1
5	4	1.15022	7.86781	-1	-1	-1
5	4	0.100215	8.01781	-1	-1	-1
5	4	0.250215	8.01781	-1	-1	-1
5	4	0.400215	8.01781	-1	-1	-1
5	4	0.550215	8.01781	-1	-1	-1
5	4	0.700215	8.01781	-1	-1	-1
5	4	0.850215	8.01781	-1	-1	-1
5	4	1.00022	8.01781	-1	-1	-1
5	4	1.15022	8.01781	-1	-1	-1
6	16	-4.27321	7.6482	-1	-1	-1
6	16	-4.12321	7.6482	-1	-1	-1
6	16	-3.97321	7.6482	-1	-1	-1
6	16	-3.82321	7.6482	-1	-1	-1
6	16	-4.27321	7.7982	-1	-1	-1
6	16	-4.12321	7.7982	-1	-1	-1
6	16	-3.97321	7.7982	-1	-1	-1
6	16	-3.82321	7.7982	-1	-1	-1
6	16	-4.27321	7.9482	-1	-1	-1
6	16	-4.12321	7.9482	-1	-1	-1
6	16	-3.97321	7.9482	-1	-1	-1
6	16	-3.82321	7.9482	4694	4796.38	-1
6	16	-4.27321	8.0982	-1	-1	-1
6	16	-4.12321	8.0982	-1	-1	-1
6	16	-3.97321	8.0982	-1	-1	-1
6	16	-3.82321	8.0982	-1	-1	-1
7	16	-5.67977	1.94471	-1	-1	-1
7	16	-5.52977	1.94471	-1	-1	-1
7	16	-5.37977	1.94471	-1	-1	-1
7	16	-5.22977	1.94471	-1	-1	-1
7	16	-5.67977	2.09471	-1	-1	-1
7	16	-5.52977	2.09471	-1	-1	-1
7	16	-5.37977	2.09471	-1	-1	-1
7	16	-5.22977	2.09471	-1	-1	-1
7	16	-5.67977	2.24471	-1	-1	-1
7	16	-5.52977	2.24471	-1	-1	-1
7	16	-5.37977	2.24471	-1	-1	-1
7	16	-5.22977	2.24471	4129	4179.84	-1
7	16	-5.67977	2.39471	-1	-1	-1
7	16	-5.52977	2.39471	-1	-1	-1
7	16	-5.37977	2.39471	-1	-1	-1
7	16	-5.22977	2.39471	3912	4029.91	-1
8	16	0.431899	-9.38103	-1	-1	-1
8	16	0.581899	-9.38103	4271	4342.59	-1
8	16	0.731899	-9.38103	3807	3885.44	-1
8	16	0.881899	-9.38103	3949	4017.31	-1
8	16	0.431899	-9.23103	-1	-1	-1
8	16	0.581899	-9.23103	4417	4490.62	-1
8	16	0.731899	-9.23103	3605	3691.56	-1
8	16	0.881899	-9.23103	3431	3501.81	-1
8	16	0.431899	-9.08103	-1	-1	-1
8	16	0.581899	-9.08103	-1	-1	-1
8	16	0.731899	-9.08103	3626	3696.84	-1
8	16	0.881899	-9.08103	3267	3341.28	-1
8	16	0.431899	-8.93103	-1	-1	-1
8	16	0.581899	-8.93103	-1	-1	-1
8	16	0.731899	-8.93103	3281	3353	-1
8	16	0.881899	-8.93103	3113	3181.78	-1
9	16	-9.34983	-0.123478	-1	-1	-1
9	16	-9.19983	-0.123478	-1	-1	-1
9	16	-9.04983	-0.123478	-1	-1	-1
9	16	-8.89983	-0.123478	-1	-1	-1
9	16	-9.34983	0.026522	-1	-1	-1
9	16	-9.19983	0.026522	-1	-1	-1
9	16	-9.04983	0.026522	-1	-1	-1
9	16	-8.89983	0.026522	-1	-1	-1
9	16	-9.34983	0.176522	-1	-1	-1
9	16	-9.19983	0.176522	-1	-1	-1
9	16	-9.04983	0.176522	-1	-1	-1
9	16	-8.89983	0.176522	-1	-1	-1
9	16	-9.34983	0.326522	-1	-1	-1
9	16	-9.19983	0.326522	-1	-1	-1
9	16	-9.04983	0.326522	-1	-1	-1
9	16	-8.89983	0.326522	-1	-1	-1
10	16	-2.15326	-9.14461	-1	-1	-1
10	16	-2.00326	-9.14461	-1	-1	-1
10	16	-1.85326	-9.14461	-1	-1	-1
10	16	-1.70326	-9.14461	-1	-1	-1
10	16	-2.15326	-8.99461	-1	-1	-1
10	16	-2.00326	-8.99461	-1	-1	-1
10	16	-1.85326	-8.99461	-1	-1	-1
10	16	-1.70326	-8.99461	-1	-1	-1
10	16	-2.15326	-8.84461	-1	-1	-1
10	16	-2.00326	-8.84461	-1	-1	-1
10	16	-1.85326	-8.84461	-1	-1	-1
10	16	-1.70326	-8.84461	-1	-1	-1
10	16	-2.15326	-8.69461	-1	-1	-1
10	16	-2.00326	-8.69461	-1	-1	-1
10	16	-1.85326	-8.69461	-1	-1	-1
10	16	-1.70326	-8.69461	-1	-1	-1
11	16	-4.12251	2.95465	3731	3783.44	-1
11	16	-3.97251	2.95465	3437	3485.75	-1
11	16	-3.82251	2.95465	3242	3378.22	-1
11	16	-3.67251	2.95465	529	689.344	-1
11	16	-4.12251	3.10465	3638	3681.72	-1
11	16	-3.97251	3.10465	3554	3600.34	-1
11	16	-3.82251	3.10465	3576	3621.81	-1
11	16	-3.67251	3.10465	742	804.969	-1
11	16	-4.12251	3.25465	4571	4722.53	-1
11	16	-3.97251	3.25465	3664	3716.38	-1
11	16	-3.82251	3.25465	3844	3886.5	-1
11	16	-3.67251	3.25465	884	932.469	-1
11	16	-4.12251	3.40465	4787	4838.78	-1
11	16	-3.97251	3.40465	4767	4814.53	-1
11	16	-3.82251	3.40465	4879	4929.66	-1
11	16	-3.67251	3.40465	-1	-1	-1
12	16	-1.25999	-3.07511	-1	-1	-1
12	16	-1.10999	-3.07511	-1	-1	-1
12	16	-0.959989	-3.07511	4649	4769.81	-1
12	16	-0.809989	-3.07511	4794	4822.09	-1
12	16	-1.25999	-2.92511	527	563.25	-1
12	16	-1.10999	-2.92511	315	364.812	-1
12	16	-0.959989	-2.92511	367	434.125	-1
12	16	-0.809989	-2.92511	450	515.594	-1
12	16	-1.25999	-2.77511	234	298.188	-1
12	16	-1.10999	-2.77511	181	212.062	-1
12	16	-0.959989	-2.77511	277	314.25	-1
12	16	-0.809989	-2.77511	375	417.469	-1
12	16	-1.25999	-2.62511	89	114.969	-1
12	16	-1.10999	-2.62511	151	187.938	-1
12	16	-0.959989	-2.62511	179	240.5	-1
12	16	-0.809989	-2.62511	300	331.406	-1
13	16	6.75003	6.5187	-1	-1	-1
13	16	6.90003	6.5187	-1	-1	-1
13	16	7.05003	6.5187	-1	-1	-1
13	16	7.20003	6.5187	-1	-1	-1
13	16	6.75003	6.6687	-1	-1	-1
13	16	6.90003	6.6687	-1	-1	-1
13	16	7.05003	6.6687	-1	-1	-1
13	16	7.20003	6.6687	-1	-1	-1
13	16	6.75003	6.8187	-1	-1	-1
13	16	6.90003	6.8187	-1	-1	-1
13	16	7.05003	6.8187	-1	-1	-1
13	16	7.20003	6.8187	-1	-1	-1
13	16	6.75003	6.9687	-1	-1	-1
13	16	6.90003	6.9687	-1	-1	-1
13	16	7.05003	6.9687	-1	-1	-1
13	16	7.20003	6.9687	-1	-1	-1
14	16	-1.13535	2.98187	-1	-1	-1
14	16	-0.985347	2.98187	4517	4544.78	-1
14	16	-0.835347	2.98187	1834	1874.62	-1
14	16	-0.685347	2.98187	4043	4073	-1
14	16	-1.13535	3.13187	4697	4735.28	-1
14	16	-0.985347	3.13187	4665	4692.91	-1
14	16	-0.835347	3.13187	4938	4966.47	-1
14	16	-0.685347	3.13187	4119	4211.28	-1
14	16	-1.13535	3.28187	4529	4573.59	-1
14	16	-0.985347	3.28187	4346	4383.06	-1
14	16	-0.835347	3.28187	4412	4467.75	-1
14	16	-0.685347	3.28187	3976	4005.16	-1
14	16	-1.13535	3.43187	4534	4578.03	-1
14	16	-0.985347	3.43187	4160	4288.56	-1
14	16	-0.835347	3.43187	4316	4355.66	-1
14	16	-0.685347	3.43187	-1	-1	-1
15	16	1.56773	-8.3353	-1	-1	-1
15	16	1.71773	-8.3353	-1	-1	-1
15	16	1.86773	-8.3353	-1	-1	-1
15	16	2.01773	-8.3353	-1	-1	-1
15	16	1.56773	-8.1853	-1	-1	-1
15	16	1.71773	-8.1853	-1	-1	-1
15	16	1.86773	-8.1853	-1	-1	-1
15	16	2.01773	-8.1853	-1	-1	-1
15	16	1.56773	-8.0353	-1	-1	-1
15	16	1.71773	-8.0353	-1	-1	-1
15	16	1.86773	-8.0353	-1	-1	-1
15	16	2.01773	-8.0353	-1	-1	-1
15	16	1.56773	-7.8853	-1	-1	-1
15	16	1.71773	-7.8853	-1	-1	-1
15	16	1.86773	-7.8853	-1	-1	-1
15	16	2.01773	-7.8853	-1	-1	-1
16	16	-5.12682	7.88157	-1	-1	-1
16	16	-4.97682	7.88157	-1	-1	-1
16	16	-4.82682	7.88157	-1	-1	-1
16	16	-4.67682	7.88157	-1	-1	-1
16	16	-5.12682	8.03157	-1	-1	-1
16	16	-4.97682	8.03157	-1	-1	-1
16	16	-4.82682	8.03157	-1	-1	-1
16	16	-4.67682	8.03157	-1	-1	-1
16	16	-5.12682	8.18157	-1	-1	-1
16	16	-4.97682	8.18157	-1	-1	-1
16	16	-4.82682	8.18157	-1	-1	-1
16	16	-4.67682	8.18157	-1	-1	-1
16	16	-5.12682	8.33157	-1	-1	-1
16	16	-4.97682	8.33157	-1	-1	-1
16	16	-4.82682	8.33157	-1	-1	-1
16	16	-4.67682	8.33157	-1	-1	-1
17	16	-6.85378	-7.1494	-1	-1	-1
17	16	-6.70378	-7.1494	-1	-1	-1
17	16	-6.55378	-7.1494	-1	-1	-1
17	16	-6.40378	-7.1494	-1	-1	-1
17	16	-6.85378	-6.9994	-1	-1	-1
17	16	-6.70378	-6.9994	-1	-1	-1
17	16	-6.55378	-6.9994	-1	-1	-1
17	16	-6.40378	-6.9994	-1	-1	-1
17	16	-6.85378	-6.8494	-1	-1	-1
17	16	-6.70378	-6.8494	-1	-1	-1
17	16	-6.55378	-6.8494	-1	-1	-1
17	16	-6.40378	-6.8494	-1	-1	-1
17	16	-6.85378	-6.6994	-1	-1	-1
17	16	-6.70378	-6.6994	-1	-1	-1
17	16	-6.55378	-6.6994	-1	-1	-1
17	16	-6.40378	-6.6994	-1	-1	-1
18	16	0.0852898	3.7374	2203	2257.34	-1
18	16	0.23529	3.7374	2340	2389.62	-1
18	16	0.38529	3.7374	2192	2224.94	-1
18	16	0.53529	3.7374	2096	2131.47	-1
18	16	0.0852898	3.8874	2482	2513.97	-1
18	16	0.23529	3.8874	-1	-1	-1
18	16	0.38529	3.8874	-1	-1	-1
18	16	0.53529	3.8874	-1	-1	-1
18	16	0.0852898	4.0374	-1	-1	-1
18	16	0.23529	4.0374	-1	-1	-1
18	16	0.38529	4.0374	-1	-1	-1
18	16	0.53529	4.0374	-1	-1	-1
18	16	0.0852898	4.1874	-1	-1	-1
18	16	0.23529	4.1874	-1	-1	-1
18	16	0.38529	4.1874	-1	-1	-1
18	16	0.53529	4.1874	-1	-1	-1
19	16	-1.96404	-5.1072	-1	-1	-1
19	16	-1.81404	-5.1072	-1	-1	-1
19	16	-1.66404	-5.1072	-1	-1	-1
19	16	-1.51404	-5.1072	-1	-1	-1
19	16	-1.96404	-4.9572	-1	-1	-1
19	16	-1.81404	-4.9572	-1	-1	-1
19	16	-1.66404	-4.9572	-1	-1	-1
19	16	-1.51404	-4.9572	-1	-1	-1
19	16	-1.96404	-4.8072	-1	-1	-1
19	16	-1.81404	-4.8072	-1	-1	-1
19	16	-1.66404	-4.8072	-1	-1	-1
19	16	-1.51404	-4.8072	-1	-1	-1
19	16	-1.96404	-4.6572	-1	-1	-1
19	16	-1.81404	-4.6572	-1	-1	-1
19	16	-1.66404	-4.6572	-1	-1	-1
19	16	-1.51404	-4.6572	-1	-1	-1
20	16	7.06195	0.411239	-1	-1	-1
20	16	7.21195	0.411239	-1	-1	-1
20	16	7.36195	0.411239	-1	-1	-1
20	16	7.51195	0.411239	-1	-1	-1
20	16	7.06195	0.561239	-1	-1	-1
20	16	7.21195	0.561239	-1	-1	-1
20	16	7.36195	0.561239	-1	-1	-1
20	16	7.51195	0.561239	-1	-1	-1
20	16	7.06195	0.711239	3304	3399.12	-1
20	16	7.21195	0.711239	3791	3844.47	-1
20	16	7.36195	0.711239	-1	-1	-1
20	16	7.51195	0.711239	-1	-1	-1
20	16	7.06195	0.861239	3514	3569.53	-1
20	16	7.21195	0.861239	3641	3724.12	-1
20	16	7.36195	0.861239	-1	-1	-1
20	16	7.51195	0.861239	-1	-1	-1
21	16	2.37808	-7.05211	-1	-1	-1
21	16	2.52808	-7.05211	-1	-1	-1
21	16	2.67808	-7.05211	-1	-1	-1
21	16	2.82808	-7.05211	-1	-1	-1
21	16	2.37808	-6.90211	-1	-1	-1
21	16	2.52808	-6.90211	-1	-1	-1
21	16	2.67808	-6.90211	-1	-1	-1
21	16	2.82808	-6.90211	-1	-1	-1
21	16	2.37808	-6.75211	841	898.281	-1
21	16	2.52808	-6.75211	-1	-1	-1
21	16	2.67808	-6.75211	-1	-1	-1
21	16	2.82808	-6.75211	-1	-1	-1
21	16	2.37808	-6.60211	500	611.719	-1
21	16	2.52808	-6.60211	720	781.125	-1
21	16	2.67808	-6.60211	-1	-1	-1
21	16	2.82808	-6.60211	-1	-1	-1
0	256	3.64007	-8.47174	-1	-1	-1
0	256	6.83312	0.20744	-1	-1	-1
0	256	1.913	-4.63696	3342	3454.78	-1
0	256	-2.802	8.95886	-1	-1	-1
0	256	-3.83252	-0.587974	4651	4776.09	-1
0	256	-7.24467	5.16986	4123	4189.78	-1
0	256	4.286	8.55485	-1	-1	-1
0	256	-1.65535	-8.45838	-1	-1	-1
0	256	0.540836	-8.6108	-1	-1	-1
0	256	-8.3203	-0.101735	-1	-1	-1
0	256	3.68457	0.346252	1813	1843.41	-1
0	256	3.76539	-6.10896	416	537.344	-1
0	256	5.94474	0.352096	-1	-1	-1
0	256	8.36321	3.9619	-1	-1	-1
0	256	-6.92433	5.02792	4415	4480.19	-1
0	256	-1.51643	-8.12025	-1	-1	-1
0	256	3.35454	-2.15228	-1	-1	-1
0	256	3.70424	2.93025	590	732.094	-1
0	256	4.57452	4.48563	-1	-1	-1
0	256	-6.34046	-5.16516	2173	2290.59	-1
0	256	4.4744	-2.89365	5191	5322.91	-1
0	256	-5.37489	3.39467	4922	5050.59	-1
0	256	-0.101599	-4.07249	-1	-1	-1
0	256	1.05916	2.12333	35	70.6875	-1
0	256	-5.09993	3.28588	2813	2942.72	-1
0	256	-6.91074	0.395232	-1	-1	-1
0	256	8.71822	-0.63809	-1	-1	-1
0	256	-6.3003	-5.85432	-1	-1	-1
0	256	5.53372	-3.0634	-1	-1	-1
0	256	5.62165	-0.708576	-1	-1	-1
0	256	-8.90833	0.468666	-1	-1	-1
0	256	-7.60516	6.15474	-1	-1	-1
0	256	-2.08742	-4.58339	-1	-1	-1
0	256	3.47966	6.50632	-1	-1	-1
0	256	4.64815	-5.41419	-1	-1	-1
0	256	7.74624	8.3605	-1	-1	-1
0	256	7.52659	3.34934	-1	-1	-1
0	256	6.36587	6.39067	4826	4953.59	-1
0	256	1.95995	-3.86406	4629	4663.69	-1
0	256	-1.07349	-7.78813	-1	-1	-1
0	256	-4.13559	-7.01061	-1	-1	-1
0	256	2.12644	-5.21529	3844	3956.62	-1
0	256	-3.63269	-4.97408	2524	2652.38	-1
0	256	2.87372	1.51763	-1	-1	-1
0	256	4.06048	-6.5725	-1	-1	-1
0	256	-7.56443	2.67887	-1	-1	-1
0	256	-3.798	4.01242	-1	-1	-1
0	256	-5.73571	-2.57126	5276	5399.72	-1
0	256	1.24638	7.80363	-1	-1	-1
0	256	-8.38119	4.78101	-1	-1	-1
0	256	-6.64438	-2.37763	-1	-1	-1
0	256	-7.09849	6.21973	2664	2774	-1
0	256	6.86802	4.23356	-1	-1	-1
0	256	-7.37933	-4.38278	-1	-1	-1
0	256	-5.74194	1.1887	-1	-1	-1
0	256	-6.60682	-5.4005	-1	-1	-1
0	256	-6.89333	5.18173	-1	-1	-1
0	256	9.09883	-3.49366	-1	-1	-1
0	256	-6.43617	4.93151	-1	-1	-1
0	256	5.75828	-3.16915	-1	-1	-1
0	256	-8.31798	-2.35414	-1	-1	-1
0	256	2.27978	8.42158	-1	-1	-1
0	256	2.17644	2.37532	3847	4019.81	-1
0	256	2.98196	7.51591	-1	-1	-1
0	256	1.73195	3.07261	2936	2966	-1
0	256	-2.05428	-7.02656	-1	-1	-1
0	256	4.90486	1.97977	-1	-1	-1
0	256	-8.491	-3.76039	-1	-1	-1
0	256	1.57428	3.05065	3544	3682.91	-1
0	256	3.04545	-5.23241	2958	3081.06	-1
0	256	1.78472	-9.72326	-1	-1	-1
0	256	7.894	-2.61022	-1	-1	-1
0	256	2.60078	-2.14679	56	85.0938	-1
0	256	-0.918903	5.75145	-1	-1	-1
0	256	6.56106	1.2304	-1	-1	-1
0	256	-5.29988	-3.42821	-1	-1	-1
0	256	-6.53462	0.0372367	-1	-1	-1
0	256	-2.22394	7.31055	-1	-1	-1
0	256	3.25218	-7.89457	-1	-1	-1
0	256	4.74078	-4.24866	2590	2733.34	-1
0	256	-4.77172	1.38746	-1	-1	-1
0	256	3.13524	-6.70896	-1	-1	-1
0	256	5.32665	-1.07542	-1	-1	-1
0	256	-6.38877	-3.23641	-1	-1	-1
0	256	-3.09157	-8.39954	-1	-1	-1
0	256	4.03658	-1.42945	1338	1459.5	-1
0	256	-4.48995	-2.39636	5031	5183.22	-1
0	256	-2.40762	9.65629	2664	2739.31	-1
0	256	-0.0441169	3.48628	2121	2158.97	-1
0	256	-8.05645	4.71039	-1	-1	-1
0	256	5.0957	-6.89983	-1	-1	-1
0	256	0.822501	-8.29996	-1	-1	-1
0	256	-2.0763	7.01276	-1	-1	-1
0	256	7.56583	-5.8673	-1	-1	-1
0	256	-4.50251	-1.8852	391	512.938	-1
0	256	-3.63665	1.53241	47	96.625	-1
0	256	4.39837	-8.59279	-1	-1	-1
0	256	8.67273	2.52058	-1	-1	-1
0	256	-4.32511	-8.70207	-1	-1	-1
0	256	5.05462	7.17518	-1	-1	-1
0	256	3.50312	-3.42885	3284	3448.16	-1
0	256	9.2902	1.90469	725	796.75	-1
0	256	8.43567	1.41196	-1	-1	-1
0	256	5.15548	6.91821	-1	-1	-1
0	256	-7.47665	2.794	-1	-1	-1
0	256	-5.43002	-2.05944	-1	-1	-1
0	256	2.67856	1.67096	-1	-1	-1
0	256	4.39975	1.832	-1	-1	-1
0	256	6.39056	-5.35169	-1	-1	-1
0	256	1.17292	-5.33765	-1	-1	-1
0	256	4.6099	-3.7951	954	1090.19	-1
0	256	-4.43462	8.53364	-1	-1	-1
0	256	-2.72648	6.80332	-1	-1	-1
0	256	8.97347	1.85701	-1	-1	-1
0	256	3.51978	-2.57494	-1	-1	-1
0	256	5.419	-0.668949	-1	-1	-1
0	256	-6.25719	-5.52954	2984	3123.62	-1
0	256	-7.75908	6.29908	-1	-1	-1
0	256	6.41809	6.72291	-1	-1	-1
0	256	-8.31136	-2.11134	-1	-1	-1
0	256	-7.88954	-3.12246	-1	-1	-1
0	256	-8.57393	3.96795	-1	-1	-1
0	256	-2.88732	8.90218	-1	-1	-1
0	256	1.04722	-3.65537	-1	-1	-1
0	256	-3.3609	7.9232	-1	-1	-1
0	256	-3.01475	7.07447	-1	-1	-1
0	256	-7.68116	1.02253	-1	-1	-1
0	256	5.43319	2.7802	-1	-1	-1
0	256	-2.62734	5.91339	-1	-1	-1
0	256	4.5115	4.70756	-1	-1	-1
0	256	-3.10897	2.88862	-1	-1	-1
0	256	1.57525	7.74431	-1	-1	-1
0	256	3.34907	6.78357	-1	-1	-1
0	256	-7.0704	3.62753	-1	-1	-1
0	256	6.154	5.04709	-1	-1	-1
0	256	-7.22095	-4.98559	-1	-1	-1
0	256	-5.17138	-6.16342	5243	5316.62	-1
0	256	-1.02169	3.52822	4441	4489.09	-1
0	256	-1.0603	8.43634	-1	-1	-1
0	256	5.26598	5.54789	-1	-1	-1
0	256	-1.46403	-3.37749	-1	-1	-1
0	256	8.97269	-2.83202	-1	-1	-1
0	256	-2.68406	6.9727	-1	-1	-1
0	256	5.10874	-6.25259	-1	-1	-1
0	256	-4.94025	-6.04523	5038	5164.62	-1
0	256	-2.63329	6.40919	-1	-1	-1
0	256	6.53625	-2.38346	-1	-1	-1
0	256	-5.76563	0.233496	-1	-1	-1
0	256	-1.87438	4.54985	666	790.656	-1
0	256	-7.57836	-1.94462	2391	2487	-1
0	256	-3.73735	3.82989	-1	-1	-1
0	256	3.22682	-1.4599	1154	1196.78	-1
0	256	1.35956	8.41632	-1	-1	-1
0	256	1.63947	-7.1517	-1	-1	-1
0	256	-7.90481	4.40855	-1	-1	-1
0	256	1.82801	-8.46999	-1	-1	-1
0	256	-4.22353	1.76618	2659	2695.31	-1
0	256	3.75938	-3.95395	-1	-1	-1
0	256	5.68087	-5.90758	-1	-1	-1
0	256	-4.22614	-8.73347	-1	-1	-1
0	256	-0.540513	3.72916	-1	-1	-1
0	256	-7.34867	1.27077	-1	-1	-1
0	256	7.51317	4.26855	2684	2785.97	-1
0	256	-2.20916	-2.0684	669	846.531	-1
0	256	2.53527	-5.70131	-1	-1	-1
0	256	4.65321	1.07451	3056	3093.78	-1
0	256	-3.59639	6.04582	610	721.25	-1
0	256	-7.46957	1.19504	-1	-1	-1
0	256	3.8192	-9.20494	2104	2175.69	-1
0	256	0.0972718	3.60554	2041	2095.09	-1
0	256	3.7619	1.49604	-1	-1	-1
0	256	1.85613	-7.09584	5169	5272.16	-1
0	256	7.63832	3.67114	-1	-1	-1
0	256	-6.7356	-2.73006	-1	-1	-1
0	256	-3.35893	-4.07889	-1	-1	-1
0	256	7.18597	6.15909	-1	-1	-1
0	256	-7.77287	-5.51784	396	467.031	-1
0	256	-8.057	-3.63411	-1	-1	-1
0	256	7.16008	3.54875	-1	-1	-1
0	256	-5.4643	5.28224	-1	-1	-1
0	256	2.21078	-3.55603	1574	1704	-1
0	256	-5.72743	-6.58646	-1	-1	-1
0	256	-4.32518	7.22397	4036	4141.22	-1
0	256	5.29423	-1.63344	-1	-1	-1
0	256	-1.16676	-4.06944	-1	-1	-1
0	256	-4.84368	-4.92571	-1	-1	-1
0	256	7.0895	-5.40682	-1	-1	-1
0	256	7.45212	1.36467	-1	-1	-1
0	256	-5.09558	2.59888	-1	-1	-1
0	256	9.21785	3.41376	-1	-1	-1
0	256	9.43318	1.70563	1705	1785.94	-1
0	256	9.42157	-2.4536	4128	4211.31	-1
0	256	4.09734	-5.12985	1126	1266.84	-1
0	256	6.05465	-1.39653	-1	-1	-1
0	256	-8.45639	-4.98165	-1	-1	-1
0	256	-2.82741	-4.49811	3100	3231.97	-1
0	256	-4.05477	-1.87029	3328	3472.69	-1
0	256	5.5685	-5.75424	-1	-1	-1
0	256	7.78	-8.13019	-1	-1	-1
0	256	7.39306	0.161823	-1	-1	-1
0	256	4.09982	-5.97497	870	990.812	-1
0	256	9.19887	0.562614	2603	2669.59	-1
0	256	-5.69283	-5.62955	-1	-1	-1
0	256	6.09582	-2.302	2025	2120.25	-1
0	256	-0.19542	7.19534	-1	-1	-1
0	256	-4.86075	-6.85599	-1	-1	-1
0	256	4.16143	-3.84899	2244	2380.44	-1
0	256	9.28583	3.64711	-1	-1	-1
0	256	-6.62043	-0.247124	-1	-1	-1
0	256	8.65743	-1.3311	-1	-1	-1
0	256	4.49836	-2.54805	1050	1187.88	-1
0	256	-3.15213	1.97866	36	70.6875	-1
0	256	-2.00479	7.31554	-1	-1	-1
0	256	1.63471	-7.397	-1	-1	-1
0	256	-2.00191	-6.16101	-1	-1	-1
0	256	7.21558	2.38228	1638	1731.88	-1
0	256	5.69218	-3.05847	-1	-1	-1
0	256	-0.738588	5.79464	1760	1863.56	-1
0	256	-6.36887	5.97417	-1	-1	-1
0	256	0.646004	-7.339	-1	-1	-1
0	256	-0.890756	6.5309	-1	-1	-1
0	256	-4.70864	1.91847	-1	-1	-1
0	256	-8.50239	-1.25698	-1	-1	-1
0	256	-1.32599	-5.5674	-1	-1	-1
0	256	-6.98807	3.5538	-1	-1	-1
0	256	8.46607	-0.292554	-1	-1	-1
0	256	6.72503	3.80888	-1	-1	-1
0	256	-0.584777	-7.084	-1	-1	-1
0	256	-0.222178	-6.91188	-1	-1	-1
0	256	-5.49689	-6.31198	-1	-1	-1
0	256	-9.48424	-0.618538	1764	1833.16	-1
0	256	-9.43244	2.8708	-1	-1	-1
0	256	4.73057	2.16443	-1	-1	-1
0	256	-7.70734	-2.05414	-1	-1	-1
0	256	6.35673	7.54693	-1	-1	-1
0	256	-3.46446	-5.14857	3715	3851.97	-1
0	256	-1.68573	8.09293	-1	-1	-1
0	256	-0.968398	-3.88368	-1	-1	-1
0	256	3.18482	5.31618	-1	-1	-1
0	256	-6.43688	-0.424707	-1	-1	-1
0	256	-3.59689	-9.27442	-1	-1	-1
0	256	-5.83887	-3.92526	3222	3355.94	-1
0	256	3.76358	3.68887	1065	1212.38	-1
0	256	6.21645	-0.265206	-1	-1	-1
0	256	5.02811	0.822979	-1	-1	-1
0	256	9.47244	2.4206	-1	-1	-1
0	256	2.57087	3.50802	905	951.844	-1
0	256	4.06849	1.71811	-1	-1	-1
0	256	-8.25523	1.15244	-1	-1	-1
0	256	0.270884	-4.55667	-1	-1	-1
0	256	-6.90491	1.76773	-1	-1	-1
0	256	0.349065	-5.12677	-1	-1	-1
0	256	-1.06021	2.83703	4305	4460.31	-1
0	256	6.00067	-0.316232	871	974.188	-1
0	256	-3.207	8.79092	-1	-1	-1
0	256	-6.83745	3.60191	-1	-1	-1
