Pile ID	Distribution Type	X-Position	Y-Position	Pickup Time	Drop Off Time	Ant ID
1	1	-1.71748	-5.4101	-1	-1	-1
1	1	-1.56748	-5.4101	-1	-1	-1
1	1	-1.41748	-5.4101	3530	3622.06	-1
1	1	-1.26748	-5.4101	3422	3468.81	-1
1	1	-1.11748	-5.4101	3398	3449.72	-1
1	1	-0.967476	-5.4101	3508	3557.97	-1
1	1	-0.817476	-5.4101	3420	3468.81	-1
1	1	-0.667476	-5.4101	3153	3207.06	-1
1	1	-0.517476	-5.4101	3278	3350.75	-1
1	1	-0.367476	-5.4101	-1	-1	-1
1	1	-0.217476	-5.4101	-1	-1	-1
1	1	-0.0674759	-5.4101	-1	-1	-1
1	1	0.0825241	-5.4101	-1	-1	-1
1	1	0.232524	-5.4101	-1	-1	-1
1	1	0.382524	-5.4101	-1	-1	-1
1	1	0.532524	-5.4101	-1	-1	-1
1	1	-1.71748	-5.2601	3880	3973.06	-1
1	1	-1.56748	-5.2601	3661	3726.47	-1
1	1	-1.41748	-5.2601	3014	3130.84	-1
1	1	-1.26748	-5.2601	3171	3221.16	-1
1	1	-1.11748	-5.2601	3236	3287.31	-1
1	1	-0.967476	-5.2601	3162	3217.75	-1
1	1	-0.817476	-5.2601	3028	3081.59	-1
1	1	-0.667476	-5.2601	2436	2484.5	-1
1	1	-0.517476	-5.2601	3119	3158.78	-1
1	1	-0.367476	-5.2601	-1	-1	-1
1	1	-0.217476	-5.2601	-1	-1	-1
1	1	-0.0674759	-5.2601	-1	-1	-1
1	1	0.0825241	-5.2601	-1	-1	-1
1	1	0.232524	-5.2601	-1	-1	-1
1	1	0.382524	-5.2601	-1	-1	-1
1	1	0.532524	-5.2601	-1	-1	-1
1	1	-1.71748	-5.1101	3778	3827.97	-1
1	1	-1.56748	-5.1101	3433	3473.88	-1
1	1	-1.41748	-5.1101	3285	3329.84	-1
1	1	-1.26748	-5.1101	3267	3315.09	-1
1	1	-1.11748	-5.1101	3092	3163.81	-1
1	1	-0.967476	-5.1101	2960	3018.38	-1
1	1	-0.817476	-5.1101	2740	2780.28	-1
1	1	-0.667476	-5.1101	2326	2381.47	-1
1	1	-0.517476	-5.1101	2311	2373	-1
1	1	-0.367476	-5.1101	-1	-1	-1
1	1	-0.217476	-5.1101	-1	-1	-1
1	1	-0.0674759	-5.1101	-1	-1	-1
1	1	0.0825241	-5.1101	-1	-1	-1
1	1	0.232524	-5.1101	-1	-1	-1
1	1	0.382524	-5.1101	-1	-1	-1
1	1	0.532524	-5.1101	-1	-1	-1
1	1	-1.71748	-4.9601	3779	3820.56	-1
1	1	-1.56748	-4.9601	3524	3578.38	-1
1	1	-1.41748	-4.9601	3542	3612.5	-1
1	1	-1.26748	-4.9601	3555	3652	-1
1	1	-1.11748	-4.9601	2985	3036.69	-1
1	1	-0.967476	-4.9601	2878	2917.09	-1
1	1	-0.817476	-4.9601	2532	2575.56	-1
1	1	-0.667476	-4.9601	2028	2088.88	-1
1	1	-0.517476	-4.9601	2123	2165.12	-1
1	1	-0.367476	-4.9601	-1	-1	-1
1	1	-0.217476	-4.9601	-1	-1	-1
1	1	-0.0674759	-4.9601	-1	-1	-1
1	1	0.0825241	-4.9601	-1	-1	-1
1	1	0.232524	-4.9601	-1	-1	-1
1	1	0.382524	-4.9601	-1	-1	-1
1	1	0.532524	-4.9601	-1	-1	-1
1	1	-1.71748	-4.8101	3881	3934.34	-1
1	1	-1.56748	-4.8101	3686	3732.5	-1
1	1	-1.41748	-4.8101	-1	-1	-1
1	1	-1.26748	-4.8101	3821	3919.31	-1
1	1	-1.11748	-4.8101	3721	3770.5	-1
1	1	-0.967476	-4.8101	3436	3502.41	-1
1	1	-0.817476	-4.8101	2616	2657.12	-1
1	1	-0.667476	-4.8101	1866	1964.06	-1
1	1	-0.517476	-4.8101	2200	2259.06	-1
1	1	-0.367476	-4.8101	-1	-1	-1
1	1	-0.217476	-4.8101	-1	-1	-1
1	1	-0.0674759	-4.8101	-1	-1	-1
1	1	0.0825241	-4.8101	-1	-1	-1
1	1	0.232524	-4.8101	-1	-1	-1
1	1	0.382524	-4.8101	-1	-1	-1
1	1	0.532524	-4.8101	-1	-1	-1
1	1	-1.71748	-4.6601	4039	4084.59	-1
1	1	-1.56748	-4.6601	-1	-1	-1
1	1	-1.41748	-4.6601	-1	-1	-1
1	1	-1.26748	-4.6601	-1	-1	-1
1	1	-1.11748	-4.6601	3826	3874.75	-1
1	1	-0.967476	-4.6601	3913	4001.5	-1
1	1	-0.817476	-4.6601	4061	4147.44	-1
1	1	-0.667476	-4.6601	1759	1811.66	-1
1	1	-0.517476	-4.6601	1583	1621.78	-1
1	1	-0.367476	-4.6601	-1	-1	-1
1	1	-0.217476	-4.6601	1053	1172.69	-1
1	1	-0.0674759	-4.6601	1242	1322.34	-1
1	1	0.0825241	-4.6601	-1	-1	-1
1	1	0.232524	-4.6601	-1	-1	-1
1	1	0.382524	-4.6601	-1	-1	-1
1	1	0.532524	-4.6601	-1	-1	-1
1	1	-1.71748	-4.5101	-1	-1	-1
1	1	-1.56748	-4.5101	-1	-1	-1
1	1	-1.41748	-4.5101	-1	-1	-1
1	1	-1.26748	-4.5101	-1	-1	-1
1	1	-1.11748	-4.5101	-1	-1	-1
1	1	-0.967476	-4.5101	-1	-1	-1
1	1	-0.817476	-4.5101	1909	1951.38	-1
1	1	-0.667476	-4.5101	1668	1715.47	-1
1	1	-0.517476	-4.5101	1477	1517.47	-1
1	1	-0.367476	-4.5101	1401	1439.59	-1
1	1	-0.217476	-4.5101	780	834.875	-1
1	1	-0.0674759	-4.5101	891	977.625	-1
1	1	0.0825241	-4.5101	1228	1279.88	-1
1	1	0.232524	-4.5101	-1	-1	-1
1	1	0.382524	-4.5101	-1	-1	-1
1	1	0.532524	-4.5101	-1	-1	-1
1	1	-1.71748	-4.3601	-1	-1	-1
1	1	-1.56748	-4.3601	-1	-1	-1
1	1	-1.41748	-4.3601	-1	-1	-1
1	1	-1.26748	-4.3601	-1	-1	-1
1	1	-1.11748	-4.3601	-1	-1	-1
1	1	-0.967476	-4.3601	-1	-1	-1
1	1	-0.817476	-4.3601	-1	-1	-1
1	1	-0.667476	-4.3601	-1	-1	-1
1	1	-0.517476	-4.3601	915	968.094	-1
1	1	-0.367476	-4.3601	645	709.344	-1
1	1	-0.217476	-4.3601	303	426.562	-1
1	1	-0.0674759	-4.3601	465	501.75	-1
1	1	0.0825241	-4.3601	1062	1128.03	-1
1	1	0.232524	-4.3601	-1	-1	-1
1	1	0.382524	-4.3601	-1	-1	-1
1	1	0.532524	-4.3601	-1	-1	-1
1	1	-1.71748	-4.2101	-1	-1	-1
1	1	-1.56748	-4.2101	-1	-1	-1
1	1	-1.41748	-4.2101	-1	-1	-1
1	1	-1.26748	-4.2101	-1	-1	-1
1	1	-1.11748	-4.2101	5281	5329.72	-1
1	1	-0.967476	-4.2101	5196	5231.31	-1
1	1	-0.817476	-4.2101	5340	5388.16	-1
1	1	-0.667476	-4.2101	-1	-1	-1
1	1	-0.517476	-4.2101	1030	1081.81	-1
1	1	-0.367476	-4.2101	635	674.281	-1
1	1	-0.217476	-4.2101	541	588.188	-1
1	1	-0.0674759	-4.2101	558	602.594	-1
1	1	0.0825241	-4.2101	650	707.125	-1
1	1	0.232524	-4.2101	878	914.531	-1
1	1	0.382524	-4.2101	-1	-1	-1
1	1	0.532524	-4.2101	-1	-1	-1
1	1	-1.71748	-4.0601	-1	-1	-1
1	1	-1.56748	-4.0601	-1	-1	-1
1	1	-1.41748	-4.0601	5312	5374.19	-1
1	1	-1.26748	-4.0601	-1	-1	-1
1	1	-1.11748	-4.0601	5104	5142.81	-1
1	1	-0.967476	-4.0601	4096	4165.03	-1
1	1	-0.817476	-4.0601	4005	4046.69	-1
1	1	-0.667476	-4.0601	-1	-1	-1
1	1	-0.517476	-4.0601	889	947.594	-1
1	1	-0.367476	-4.0601	773	812.562	-1
1	1	-0.217476	-4.0601	792	852.281	-1
1	1	-0.0674759	-4.0601	880	930.812	-1
1	1	0.0825241	-4.0601	776	809.562	-1
1	1	0.232524	-4.0601	958	999.719	-1
1	1	0.382524	-4.0601	-1	-1	-1
1	1	0.532524	-4.0601	-1	-1	-1
1	1	-1.71748	-3.9101	-1	-1	-1
1	1	-1.56748	-3.9101	-1	-1	-1
1	1	-1.41748	-3.9101	5140	5180.56	-1
1	1	-1.26748	-3.9101	4922	5065.47	-1
1	1	-1.11748	-3.9101	4018	4058.03	-1
1	1	-0.967476	-3.9101	3806	3866.16	-1
1	1	-0.817476	-3.9101	3900	3951.53	-1
1	1	-0.667476	-3.9101	-1	-1	-1
1	1	-0.517476	-3.9101	1068	1119.38	-1
1	1	-0.367476	-3.9101	1020	1063.28	-1
1	1	-0.217476	-3.9101	1149	1236.03	-1
1	1	-0.0674759	-3.9101	996	1037.28	-1
1	1	0.0825241	-3.9101	1087	1134.34	-1
1	1	0.232524	-3.9101	-1	-1	-1
1	1	0.382524	-3.9101	-1	-1	-1
1	1	0.532524	-3.9101	-1	-1	-1
1	1	-1.71748	-3.7601	-1	-1	-1
1	1	-1.56748	-3.7601	-1	-1	-1
1	1	-1.41748	-3.7601	5214	5268.25	-1
1	1	-1.26748	-3.7601	2010	2055.31	-1
1	1	-1.11748	-3.7601	2020	2054.59	-1
1	1	-0.967476	-3.7601	2108	2140.47	-1
1	1	-0.817476	-3.7601	3703	3748.47	-1
1	1	-0.667476	-3.7601	-1	-1	-1
1	1	-0.517476	-3.7601	-1	-1	-1
1	1	-0.367476	-3.7601	-1	-1	-1
1	1	-0.217476	-3.7601	-1	-1	-1
1	1	-0.0674759	-3.7601	-1	-1	-1
1	1	0.0825241	-3.7601	-1	-1	-1
1	1	0.232524	-3.7601	-1	-1	-1
1	1	0.382524	-3.7601	-1	-1	-1
1	1	0.532524	-3.7601	-1	-1	-1
1	1	-1.71748	-3.6101	-1	-1	-1
1	1	-1.56748	-3.6101	-1	-1	-1
1	1	-1.41748	-3.6101	2106	2141.34	-1
1	1	-1.26748	-3.6101	1735	1797.22	-1
1	1	-1.11748	-3.6101	1628	1684.91	-1
1	1	-0.967476	-3.6101	1932	1974	-1
1	1	-0.817476	-3.6101	3563	3620.12	-1
1	1	-0.667476	-3.6101	-1	-1	-1
1	1	-0.517476	-3.6101	-1	-1	-1
1	1	-0.367476	-3.6101	-1	-1	-1
1	1	-0.217476	-3.6101	-1	-1	-1
1	1	-0.0674759	-3.6101	-1	-1	-1
1	1	0.0825241	-3.6101	-1	-1	-1
1	1	0.232524	-3.6101	-1	-1	-1
1	1	0.382524	-3.6101	-1	-1	-1
1	1	0.532524	-3.6101	-1	-1	-1
1	1	-1.71748	-3.4601	-1	-1	-1
1	1	-1.56748	-3.4601	-1	-1	-1
1	1	-1.41748	-3.4601	4479	4599.03	-1
1	1	-1.26748	-3.4601	1847	1877.28	-1
1	1	-1.11748	-3.4601	1530	1578.19	-1
1	1	-0.967476	-3.4601	1557	1587.03	-1
1	1	-0.817476	-3.4601	1732	1766.59	-1
1	1	-0.667476	-3.4601	-1	-1	-1
1	1	-0.517476	-3.4601	-1	-1	-1
1	1	-0.367476	-3.4601	-1	-1	-1
1	1	-0.217476	-3.4601	-1	-1	-1
1	1	-0.0674759	-3.4601	-1	-1	-1
1	1	0.0825241	-3.4601	-1	-1	-1
1	1	0.232524	-3.4601	-1	-1	-1
1	1	0.382524	-3.4601	-1	-1	-1
1	1	0.532524	-3.4601	-1	-1	-1
1	1	-1.71748	-3.3101	-1	-1	-1
1	1	-1.56748	-3.3101	-1	-1	-1
1	1	-1.41748	-3.3101	-1	-1	-1
1	1	-1.26748	-3.3101	2206	2236.62	-1
1	1	-1.11748	-3.3101	1425	1456.62	-1
1	1	-0.967476	-3.3101	1461	1493.81	-1
1	1	-0.817476	-3.3101	1660	1693.97	-1
1	1	-0.667476	-3.3101	-1	-1	-1
1	1	-0.517476	-3.3101	-1	-1	-1
1	1	-0.367476	-3.3101	-1	-1	-1
1	1	-0.217476	-3.3101	-1	-1	-1
1	1	-0.0674759	-3.3101	-1	-1	-1
1	1	0.0825241	-3.3101	-1	-1	-1
1	1	0.232524	-3.3101	-1	-1	-1
1	1	0.382524	-3.3101	-1	-1	-1
1	1	0.532524	-3.3101	-1	-1	-1
1	1	-1.71748	-3.1601	2308	2452.09	-1
1	1	-1.56748	-3.1601	-1	-1	-1
1	1	-1.41748	-3.1601	3858	3900.47	-1
1	1	-1.26748	-3.1601	1346	1378.59	-1
1	1	-1.11748	-3.1601	1202	1231.06	-1
1	1	-0.967476	-3.1601	1255	1291.31	-1
1	1	-0.817476	-3.1601	1549	1593.91	-1
1	1	-0.667476	-3.1601	-1	-1	-1
1	1	-0.517476	-3.1601	5127	5247.19	-1
1	1	-0.367476	-3.1601	-1	-1	-1
1	1	-0.217476	-3.1601	-1	-1	-1
1	1	-0.0674759	-3.1601	-1	-1	-1
1	1	0.0825241	-3.1601	-1	-1	-1
1	1	0.232524	-3.1601	-1	-1	-1
1	1	0.382524	-3.1601	-1	-1	-1
1	1	0.532524	-3.1601	-1	-1	-1
2	4	-8.0808	-4.4325	-1	-1	-1
2	4	-7.9308	-4.4325	-1	-1	-1
2	4	-7.7808	-4.4325	-1	-1	-1
2	4	-7.6308	-4.4325	-1	-1	-1
2	4	-7.4808	-4.4325	-1	-1	-1
2	4	-7.3308	-4.4325	-1	-1	-1
2	4	-7.1808	-4.4325	-1	-1	-1
2	4	-7.0308	-4.4325	-1	-1	-1
2	4	-8.0808	-4.2825	-1	-1	-1
2	4	-7.9308	-4.2825	-1	-1	-1
2	4	-7.7808	-4.2825	-1	-1	-1
2	4	-7.6308	-4.2825	-1	-1	-1
2	4	-7.4808	-4.2825	-1	-1	-1
2	4	-7.3308	-4.2825	-1	-1	-1
2	4	-7.1808	-4.2825	-1	-1	-1
2	4	-7.0308	-4.2825	-1	-1	-1
2	4	-8.0808	-4.1325	-1	-1	-1
2	4	-7.9308	-4.1325	-1	-1	-1
2	4	-7.7808	-4.1325	-1	-1	-1
2	4	-7.6308	-4.1325	-1	-1	-1
2	4	-7.4808	-4.1325	-1	-1	-1
2	4	-7.3308	-4.1325	-1	-1	-1
2	4	-7.1808	-4.1325	-1	-1	-1
2	4	-7.0308	-4.1325	-1	-1	-1
2	4	-8.0808	-3.9825	-1	-1	-1
2	4	-7.9308	-3.9825	-1	-1	-1
2	4	-7.7808	-3.9825	-1	-1	-1
2	4	-7.6308	-3.9825	-1	-1	-1
2	4	-7.4808	-3.9825	-1	-1	-1
2	4	-7.3308	-3.9825	-1	-1	-1
2	4	-7.1808	-3.9825	-1	-1	-1
2	4	-7.0308	-3.9825	-1	-1	-1
2	4	-8.0808	-3.8325	-1	-1	-1
2	4	-7.9308	-3.8325	-1	-1	-1
2	4	-7.7808	-3.8325	-1	-1	-1
2	4	-7.6308	-3.8325	-1	-1	-1
2	4	-7.4808	-3.8325	-1	-1	-1
2	4	-7.3308	-3.8325	-1	-1	-1
2	4	-7.1808	-3.8325	-1	-1	-1
2	4	-7.0308	-3.8325	-1	-1	-1
2	4	-8.0808	-3.6825	-1	-1	-1
2	4	-7.9308	-3.6825	-1	-1	-1
2	4	-7.7808	-3.6825	-1	-1	-1
2	4	-7.6308	-3.6825	-1	-1	-1
2	4	-7.4808	-3.6825	-1	-1	-1
2	4	-7.3308	-3.6825	-1	-1	-1
2	4	-7.1808	-3.6825	-1	-1	-1
2	4	-7.0308	-3.6825	-1	-1	-1
2	4	-8.0808	-3.5325	-1	-1	-1
2	4	-7.9308	-3.5325	1974	2035.47	-1
2	4	-7.7808	-3.5325	1853	1913.31	-1
2	4	-7.6308	-3.5325	1605	1676.53	-1
2	4	-7.4808	-3.5325	-1	-1	-1
2	4	-7.3308	-3.5325	4498	4555.78	-1
2	4	-7.1808	-3.5325	4622	4691.47	-1
2	4	-7.0308	-3.5325	-1	-1	-1
2	4	-8.0808	-3.3825	-1	-1	-1
2	4	-7.9308	-3.3825	-1	-1	-1
2	4	-7.7808	-3.3825	1424	1546.16	-1
2	4	-7.6308	-3.3825	1659	1732.16	-1
2	4	-7.4808	-3.3825	1725	1789.09	-1
2	4	-7.3308	-3.3825	4191	4285.84	-1
2	4	-7.1808	-3.3825	4357	4421.72	-1
2	4	-7.0308	-3.3825	-1	-1	-1
3	4	-7.3607	2.89643	-1	-1	-1
3	4	-7.2107	2.89643	-1	-1	-1
3	4	-7.0607	2.89643	-1	-1	-1
3	4	-6.9107	2.89643	-1	-1	-1
3	4	-6.7607	2.89643	-1	-1	-1
3	4	-6.6107	2.89643	-1	-1	-1
3	4	-6.4607	2.89643	-1	-1	-1
3	4	-6.3107	2.89643	-1	-1	-1
3	4	-7.3607	3.04643	-1	-1	-1
3	4	-7.2107	3.04643	-1	-1	-1
3	4	-7.0607	3.04643	-1	-1	-1
3	4	-6.9107	3.04643	-1	-1	-1
3	4	-6.7607	3.04643	-1	-1	-1
3	4	-6.6107	3.04643	-1	-1	-1
3	4	-6.4607	3.04643	-1	-1	-1
3	4	-6.3107	3.04643	-1	-1	-1
3	4	-7.3607	3.19643	-1	-1	-1
3	4	-7.2107	3.19643	-1	-1	-1
3	4	-7.0607	3.19643	-1	-1	-1
3	4	-6.9107	3.19643	-1	-1	-1
3	4	-6.7607	3.19643	-1	-1	-1
3	4	-6.6107	3.19643	-1	-1	-1
3	4	-6.4607	3.19643	-1	-1	-1
3	4	-6.3107	3.19643	-1	-1	-1
3	4	-7.3607	3.34643	-1	-1	-1
3	4	-7.2107	3.34643	-1	-1	-1
3	4	-7.0607	3.34643	-1	-1	-1
3	4	-6.9107	3.34643	-1	-1	-1
3	4	-6.7607	3.34643	-1	-1	-1
3	4	-6.6107	3.34643	-1	-1	-1
3	4	-6.4607	3.34643	-1	-1	-1
3	4	-6.3107	3.34643	-1	-1	-1
3	4	-7.3607	3.49643	-1	-1	-1
3	4	-7.2107	3.49643	-1	-1	-1
3	4	-7.0607	3.49643	-1	-1	-1
3	4	-6.9107	3.49643	-1	-1	-1
3	4	-6.7607	3.49643	-1	-1	-1
3	4	-6.6107	3.49643	-1	-1	-1
3	4	-6.4607	3.49643	-1	-1	-1
3	4	-6.3107	3.49643	-1	-1	-1
3	4	-7.3607	3.64643	-1	-1	-1
3	4	-7.2107	3.64643	-1	-1	-1
3	4	-7.0607	3.64643	-1	-1	-1
3	4	-6.9107	3.64643	-1	-1	-1
3	4	-6.7607	3.64643	-1	-1	-1
3	4	-6.6107	3.64643	-1	-1	-1
3	4	-6.4607	3.64643	-1	-1	-1
3	4	-6.3107	3.64643	-1	-1	-1
3	4	-7.3607	3.79643	-1	-1	-1
3	4	-7.2107	3.79643	-1	-1	-1
3	4	-7.0607	3.79643	-1	-1	-1
3	4	-6.9107	3.79643	-1	-1	-1
3	4	-6.7607	3.79643	-1	-1	-1
3	4	-6.6107	3.79643	-1	-1	-1
3	4	-6.4607	3.79643	-1	-1	-1
3	4	-6.3107	3.79643	-1	-1	-1
3	4	-7.3607	3.94643	-1	-1	-1
3	4	-7.2107	3.94643	-1	-1	-1
3	4	-7.0607	3.94643	-1	-1	-1
3	4	-6.9107	3.94643	-1	-1	-1
3	4	-6.7607	3.94643	-1	-1	-1
3	4	-6.6107	3.94643	-1	-1	-1
3	4	-6.4607	3.94643	-1	-1	-1
3	4	-6.3107	3.94643	-1	-1	-1
4	4	-1.20244	2.1936	148	283.906	-1
4	4	-1.05244	2.1936	304	325.812	-1
4	4	-0.902436	2.1936	-1	-1	-1
4	4	-0.752436	2.1936	954	984.719	-1
4	4	-0.602436	2.1936	898	920.688	-1
4	4	-0.452436	2.1936	1078	1104.44	-1
4	4	-0.302436	2.1936	1161	1190.03	-1
4	4	-0.152436	2.1936	42	102.594	-1
4	4	-1.20244	2.3436	4491	4515.69	-1
4	4	-1.05244	2.3436	4545	4597.25	-1
4	4	-0.902436	2.3436	4704	4727.03	-1
4	4	-0.752436	2.3436	1001	1027.47	-1
4	4	-0.602436	2.3436	1024	1058.34	-1
4	4	-0.452436	2.3436	1078	1108.12	-1
4	4	-0.302436	2.3436	1246	1269.38	-1
4	4	-0.152436	2.3436	1351	1432.66	-1
4	4	-1.20244	2.4936	4625	4662.69	-1
4	4	-1.05244	2.4936	4749	4775.94	-1
4	4	-0.902436	2.4936	4810	4868.28	-1
4	4	-0.752436	2.4936	1242	1284.62	-1
4	4	-0.602436	2.4936	1153	1181.47	-1
4	4	-0.452436	2.4936	1447	1472.78	-1
4	4	-0.302436	2.4936	1298	1331.78	-1
4	4	-0.152436	2.4936	1452	1482.25	-1
4	4	-1.20244	2.6436	4961	4994.19	-1
4	4	-1.05244	2.6436	4858	4898.22	-1
4	4	-0.902436	2.6436	4889	4916.97	-1
4	4	-0.752436	2.6436	1595	1626.66	-1
4	4	-0.602436	2.6436	1518	1557.31	-1
4	4	-0.452436	2.6436	1584	1633.84	-1
4	4	-0.302436	2.6436	1643	1679.47	-1
4	4	-0.152436	2.6436	-1	-1	-1
4	4	-1.20244	2.7936	-1	-1	-1
4	4	-1.05244	2.7936	-1	-1	-1
4	4	-0.902436	2.7936	-1	-1	-1
4	4	-0.752436	2.7936	1889	2005.38	-1
4	4	-0.602436	2.7936	2774	2838.25	-1
4	4	-0.452436	2.7936	2859	2884.69	-1
4	4	-0.302436	2.7936	-1	-1	-1
4	4	-0.152436	2.7936	-1	-1	-1
4	4	-1.20244	2.9436	-1	-1	-1
4	4	-1.05244	2.9436	-1	-1	-1
4	4	-0.902436	2.9436	-1	-1	-1
4	4	-0.752436	2.9436	-1	-1	-1
4	4	-0.602436	2.9436	-1	-1	-1
4	4	-0.452436	2.9436	488	533.844	-1
4	4	-0.302436	2.9436	276	395.75	-1
4	4	-0.152436	2.9436	-1	-1	-1
4	4	-1.20244	3.0936	-1	-1	-1
4	4	-1.05244	3.0936	-1	-1	-1
4	4	-0.902436	3.0936	-1	-1	-1
4	4	-0.752436	3.0936	-1	-1	-1
4	4	-0.602436	3.0936	-1	-1	-1
4	4	-0.452436	3.0936	428	458.188	-1
4	4	-0.302436	3.0936	441	473.156	-1
4	4	-0.152436	3.0936	-1	-1	-1
4	4	-1.20244	3.2436	-1	-1	-1
4	4	-1.05244	3.2436	-1	-1	-1
4	4	-0.902436	3.2436	-1	-1	-1
4	4	-0.752436	3.2436	-1	-1	-1
4	4	-0.602436	3.2436	780	813.906	-1
4	4	-0.452436	3.2436	578	617.281	-1
4	4	-0.302436	3.2436	626	657.031	-1
4	4	-0.152436	3.2436	703	731.844	-1
5	4	-2.76622	-8.37374	-1	-1	-1
5	4	-2.61622	-8.37374	-1	-1	-1
5	4	-2.46622	-8.37374	-1	-1	-1
5	4	-2.31622	-8.37374	-1	-1	-1
5	4	-2.16622	-8.37374	-1	-1	-1
5	4	-2.01622	-8.37374	-1	-1	-1
5	4	-1.86622	-8.37374	-1	-1	-1
5	4	-1.71622	-8.37374	-1	-1	-1
5	4	-2.76622	-8.22374	-1	-1	-1
5	4	-2.61622	-8.22374	-1	-1	-1
5	4	-2.46622	-8.22374	-1	-1	-1
5	4	-2.31622	-8.22374	-1	-1	-1
5	4	-2.16622	-8.22374	-1	-1	-1
5	4	-2.01622	-8.22374	-1	-1	-1
5	4	-1.86622	-8.22374	-1	-1	-1
5	4	-1.71622	-8.22374	-1	-1	-1
5	4	-2.76622	-8.07374	-1	-1	-1
5	4	-2.61622	-8.07374	-1	-1	-1
5	4	-2.46622	-8.07374	-1	-1	-1
5	4	-2.31622	-8.07374	-1	-1	-1
5	4	-2.16622	-8.07374	-1	-1	-1
5	4	-2.01622	-8.07374	-1	-1	-1
5	4	-1.86622	-8.07374	-1	-1	-1
5	4	-1.71622	-8.07374	-1	-1	-1
5	4	-2.76622	-7.92374	-1	-1	-1
5	4	-2.61622	-7.92374	-1	-1	-1
5	4	-2.46622	-7.92374	-1	-1	-1
5	4	-2.31622	-7.92374	-1	-1	-1
5	4	-2.16622	-7.92374	-1	-1	-1
5	4	-2.01622	-7.92374	-1	-1	-1
5	4	-1.86622	-7.92374	-1	-1	-1
5	4	-1.71622	-7.92374	-1	-1	-1
5	4	-2.76622	-7.77374	-1	-1	-1
5	4	-2.61622	-7.77374	-1	-1	-1
5	4	-2.46622	-7.77374	-1	-1	-1
5	4	-2.31622	-7.77374	-1	-1	-1
5	4	-2.16622	-7.77374	-1	-1	-1
5	4	-2.01622	-7.77374	-1	-1	-1
5	4	-1.86622	-7.77374	-1	-1	-1
5	4	-1.71622	-7.77374	-1	-1	-1
5	4	-2.76622	-7.62374	-1	-1	-1
5	4	-2.61622	-7.62374	-1	-1	-1
5	4	-2.46622	-7.62374	-1	-1	-1
5	4	-2.31622	-7.62374	-1	-1	-1
5	4	-2.16622	-7.62374	-1	-1	-1
5	4	-2.01622	-7.62374	-1	-1	-1
5	4	-1.86622	-7.62374	-1	-1	-1
5	4	-1.71622	-7.62374	-1	-1	-1
5	4	-2.76622	-7.47374	-1	-1	-1
5	4	-2.61622	-7.47374	-1	-1	-1
5	4	-2.46622	-7.47374	-1	-1	-1
5	4	-2.31622	-7.47374	-1	-1	-1
5	4	-2.16622	-7.47374	-1	-1	-1
5	4	-2.01622	-7.47374	-1	-1	-1
5	4	-1.86622	-7.47374	-1	-1	-1
5	4	-1.71622	-7.47374	-1	-1	-1
5	4	-2.76622	-7.32374	2981	3053.09	-1
5	4	-2.61622	-7.32374	-1	-1	-1
5	4	-2.46622	-7.32374	-1	-1	-1
5	4	-2.31622	-7.32374	-1	-1	-1
5	4	-2.16622	-7.32374	-1	-1	-1
5	4	-2.01622	-7.32374	-1	-1	-1
5	4	-1.86622	-7.32374	-1	-1	-1
5	4	-1.71622	-7.32374	-1	-1	-1
6	16	0.142929	-8.22192	-1	-1	-1
6	16	0.292929	-8.22192	-1	-1	-1
6	16	0.442929	-8.22192	-1	-1	-1
6	16	0.592929	-8.22192	-1	-1	-1
6	16	0.142929	-8.07192	-1	-1	-1
6	16	0.292929	-8.07192	-1	-1	-1
6	16	0.442929	-8.07192	-1	-1	-1
6	16	0.592929	-8.07192	-1	-1	-1
6	16	0.142929	-7.92192	-1	-1	-1
6	16	0.292929	-7.92192	-1	-1	-1
6	16	0.442929	-7.92192	-1	-1	-1
6	16	0.592929	-7.92192	-1	-1	-1
6	16	0.142929	-7.77192	-1	-1	-1
6	16	0.292929	-7.77192	-1	-1	-1
6	16	0.442929	-7.77192	-1	-1	-1
6	16	0.592929	-7.77192	-1	-1	-1
7	16	6.71069	-0.188366	-1	-1	-1
7	16	6.86069	-0.188366	-1	-1	-1
7	16	7.01069	-0.188366	-1	-1	-1
7	16	7.16069	-0.188366	-1	-1	-1
7	16	6.71069	-0.0383655	-1	-1	-1
7	16	6.86069	-0.0383655	-1	-1	-1
7	16	7.01069	-0.0383655	-1	-1	-1
7	16	7.16069	-0.0383655	-1	-1	-1
7	16	6.71069	0.111634	-1	-1	-1
7	16	6.86069	0.111634	-1	-1	-1
7	16	7.01069	0.111634	-1	-1	-1
7	16	7.16069	0.111634	-1	-1	-1
7	16	6.71069	0.261634	-1	-1	-1
7	16	6.86069	0.261634	-1	-1	-1
7	16	7.01069	0.261634	-1	-1	-1
7	16	7.16069	0.261634	-1	-1	-1
8	16	3.546	5.74925	3740	3790.5	-1
8	16	3.696	5.74925	3862	3911.62	-1
8	16	3.846	5.74925	4932	4994.66	-1
8	16	3.996	5.74925	-1	-1	-1
8	16	3.546	5.89925	4599	4707.16	-1
8	16	3.696	5.89925	4808	4860.75	-1
8	16	3.846	5.89925	-1	-1	-1
8	16	3.996	5.89925	-1	-1	-1
8	16	3.546	6.04925	-1	-1	-1
8	16	3.696	6.04925	-1	-1	-1
8	16	3.846	6.04925	-1	-1	-1
8	16	3.996	6.04925	-1	-1	-1
8	16	3.546	6.19925	-1	-1	-1
8	16	3.696	6.19925	-1	-1	-1
8	16	3.846	6.19925	-1	-1	-1
8	16	3.996	6.19925	-1	-1	-1
9	16	-6.51299	0.0893094	-1	-1	-1
9	16	-6.36299	0.0893094	-1	-1	-1
9	16	-6.21299	0.0893094	-1	-1	-1
9	16	-6.06299	0.0893094	-1	-1	-1
9	16	-6.51299	0.239309	-1	-1	-1
9	16	-6.36299	0.239309	-1	-1	-1
9	16	-6.21299	0.239309	-1	-1	-1
9	16	-6.06299	0.239309	-1	-1	-1
9	16	-6.51299	0.389309	-1	-1	-1
9	16	-6.36299	0.389309	-1	-1	-1
9	16	-6.21299	0.389309	-1	-1	-1
9	16	-6.06299	0.389309	-1	-1	-1
9	16	-6.51299	0.539309	-1	-1	-1
9	16	-6.36299	0.539309	-1	-1	-1
9	16	-6.21299	0.539309	-1	-1	-1
9	16	-6.06299	0.539309	-1	-1	-1
10	16	-4.7595	5.35213	-1	-1	-1
10	16	-4.6095	5.35213	-1	-1	-1
10	16	-4.4595	5.35213	-1	-1	-1
10	16	-4.3095	5.35213	-1	-1	-1
10	16	-4.7595	5.50213	-1	-1	-1
10	16	-4.6095	5.50213	-1	-1	-1
10	16	-4.4595	5.50213	-1	-1	-1
10	16	-4.3095	5.50213	-1	-1	-1
10	16	-4.7595	5.65213	-1	-1	-1
10	16	-4.6095	5.65213	-1	-1	-1
10	16	-4.4595	5.65213	-1	-1	-1
10	16	-4.3095	5.65213	4446	4571.59	-1
10	16	-4.7595	5.80213	-1	-1	-1
10	16	-4.6095	5.80213	-1	-1	-1
10	16	-4.4595	5.80213	4756	4825.97	-1
10	16	-4.3095	5.80213	4650	4707.91	-1
11	16	1.60699	-5.22091	-1	-1	-1
11	16	1.75699	-5.22091	-1	-1	-1
11	16	1.90699	-5.22091	-1	-1	-1
11	16	2.05699	-5.22091	-1	-1	-1
11	16	1.60699	-5.07091	-1	-1	-1
11	16	1.75699	-5.07091	-1	-1	-1
11	16	1.90699	-5.07091	-1	-1	-1
11	16	2.05699	-5.07091	-1	-1	-1
11	16	1.60699	-4.92091	-1	-1	-1
11	16	1.75699	-4.92091	-1	-1	-1
11	16	1.90699	-4.92091	-1	-1	-1
11	16	2.05699	-4.92091	-1	-1	-1
11	16	1.60699	-4.77091	-1	-1	-1
11	16	1.75699	-4.77091	109	235.531	-1
11	16	1.90699	-4.77091	-1	-1	-1
11	16	2.05699	-4.77091	-1	-1	-1
12	16	2.89963	-6.32322	-1	-1	-1
12	16	3.04963	-6.32322	-1	-1	-1
12	16	3.19963	-6.32322	-1	-1	-1
12	16	3.34963	-6.32322	-1	-1	-1
12	16	2.89963	-6.17322	-1	-1	-1
12	16	3.04963	-6.17322	-1	-1	-1
12	16	3.19963	-6.17322	-1	-1	-1
12	16	3.34963	-6.17322	-1	-1	-1
12	16	2.89963	-6.02322	-1	-1	-1
12	16	3.04963	-6.02322	-1	-1	-1
12	16	3.19963	-6.02322	-1	-1	-1
12	16	3.34963	-6.02322	-1	-1	-1
12	16	2.89963	-5.87322	-1	-1	-1
12	16	3.04963	-5.87322	-1	-1	-1
12	16	3.19963	-5.87322	-1	-1	-1
12	16	3.34963	-5.87322	-1	-1	-1
13	16	4.29318	0.370541	4822	4936.75	-1
13	16	4.44318	0.370541	5077	5118.25	-1
13	16	4.59318	0.370541	5180	5246.56	-1
13	16	4.74318	0.370541	-1	-1	-1
13	16	4.29318	0.520541	4976	5020.06	-1
13	16	4.44318	0.520541	5133	5189.12	-1
13	16	4.59318	0.520541	5306	5352.5	-1
13	16	4.74318	0.520541	-1	-1	-1
13	16	4.29318	0.670541	5090	5141.69	-1
13	16	4.44318	0.670541	5253	5292.41	-1
13	16	4.59318	0.670541	-1	-1	-1
13	16	4.74318	0.670541	-1	-1	-1
13	16	4.29318	0.820541	-1	-1	-1
13	16	4.44318	0.820541	-1	-1	-1
13	16	4.59318	0.820541	-1	-1	-1
13	16	4.74318	0.820541	-1	-1	-1
14	16	-4.20306	3.7579	-1	-1	-1
14	16	-4.05306	3.7579	-1	-1	-1
14	16	-3.90306	3.7579	-1	-1	-1
14	16	-3.75306	3.7579	4277	4429.47	-1
14	16	-4.20306	3.9079	-1	-1	-1
14	16	-4.05306	3.9079	-1	-1	-1
14	16	-3.90306	3.9079	-1	-1	-1
14	16	-3.75306	3.9079	-1	-1	-1
14	16	-4.20306	4.0579	-1	-1	-1
14	16	-4.05306	4.0579	-1	-1	-1
14	16	-3.90306	4.0579	-1	-1	-1
14	16	-3.75306	4.0579	-1	-1	-1
14	16	-4.20306	4.2079	-1	-1	-1
14	16	-4.05306	4.2079	-1	-1	-1
14	16	-3.90306	4.2079	-1	-1	-1
14	16	-3.75306	4.2079	-1	-1	-1
15	16	7.73158	3.33286	-1	-1	-1
15	16	7.88158	3.33286	-1	-1	-1
15	16	8.03158	3.33286	2332	2399.56	-1
15	16	8.18158	3.33286	2184	2249.41	-1
15	16	7.73158	3.48286	-1	-1	-1
15	16	7.88158	3.48286	-1	-1	-1
15	16	8.03158	3.48286	-1	-1	-1
15	16	8.18158	3.48286	-1	-1	-1
15	16	7.73158	3.63286	-1	-1	-1
15	16	7.88158	3.63286	-1	-1	-1
15	16	8.03158	3.63286	-1	-1	-1
15	16	8.18158	3.63286	-1	-1	-1
15	16	7.73158	3.78286	-1	-1	-1
15	16	7.88158	3.78286	-1	-1	-1
15	16	8.03158	3.78286	-1	-1	-1
15	16	8.18158	3.78286	-1	-1	-1
16	16	2.55921	8.66149	-1	-1	-1
16	16	2.70921	8.66149	-1	-1	-1
16	16	2.85921	8.66149	-1	-1	-1
16	16	3.00921	8.66149	-1	-1	-1
16	16	2.55921	8.81149	-1	-1	-1
16	16	2.70921	8.81149	-1	-1	-1
16	16	2.85921	8.81149	-1	-1	-1
16	16	3.00921	8.81149	-1	-1	-1
16	16	2.55921	8.96149	-1	-1	-1
16	16	2.70921	8.96149	-1	-1	-1
16	16	2.85921	8.96149	-1	-1	-1
16	16	3.00921	8.96149	-1	-1	-1
16	16	2.55921	9.11149	-1	-1	-1
16	16	2.70921	9.11149	-1	-1	-1
16	16	2.85921	9.11149	-1	-1	-1
16	16	3.00921	9.11149	-1	-1	-1
17	16	7.86745	0.470503	-1	-1	-1
17	16	8.01745	0.470503	-1	-1	-1
17	16	8.16745	0.470503	-1	-1	-1
17	16	8.31745	0.470503	-1	-1	-1
17	16	7.86745	0.620503	-1	-1	-1
17	16	8.01745	0.620503	-1	-1	-1
17	16	8.16745	0.620503	-1	-1	-1
17	16	8.31745	0.620503	-1	-1	-1
17	16	7.86745	0.770503	-1	-1	-1
17	16	8.01745	0.770503	-1	-1	-1
17	16	8.16745	0.770503	-1	-1	-1
17	16	8.31745	0.770503	-1	-1	-1
17	16	7.86745	0.920503	-1	-1	-1
17	16	8.01745	0.920503	-1	-1	-1
17	16	8.16745	0.920503	-1	-1	-1
17	16	8.31745	0.920503	-1	-1	-1
18	16	2.61403	7.16382	-1	-1	-1
18	16	2.76403	7.16382	-1	-1	-1
18	16	2.91403	7.16382	-1	-1	-1
18	16	3.06403	7.16382	-1	-1	-1
18	16	2.61403	7.31382	-1	-1	-1
18	16	2.76403	7.31382	-1	-1	-1
18	16	2.91403	7.31382	-1	-1	-1
18	16	3.06403	7.31382	-1	-1	-1
18	16	2.61403	7.46382	-1	-1	-1
18	16	2.76403	7.46382	-1	-1	-1
18	16	2.91403	7.46382	-1	-1	-1
18	16	3.06403	7.46382	-1	-1	-1
18	16	2.61403	7.61382	-1	-1	-1
18	16	2.76403	7.61382	-1	-1	-1
18	16	2.91403	7.61382	-1	-1	-1
18	16	3.06403	7.61382	-1	-1	-1
19	16	-1.39125	-8.17081	-1	-1	-1
19	16	-1.24125	-8.17081	-1	-1	-1
19	16	-1.09125	-8.17081	-1	-1	-1
19	16	-0.941247	-8.17081	-1	-1	-1
19	16	-1.39125	-8.02081	-1	-1	-1
19	16	-1.24125	-8.02081	-1	-1	-1
19	16	-1.09125	-8.02081	-1	-1	-1
19	16	-0.941247	-8.02081	-1	-1	-1
19	16	-1.39125	-7.87081	-1	-1	-1
19	16	-1.24125	-7.87081	-1	-1	-1
19	16	-1.09125	-7.87081	-1	-1	-1
19	16	-0.941247	-7.87081	-1	-1	-1
19	16	-1.39125	-7.72081	-1	-1	-1
19	16	-1.24125	-7.72081	-1	-1	-1
19	16	-1.09125	-7.72081	-1	-1	-1
19	16	-0.941247	-7.72081	-1	-1	-1
20	16	-5.82923	1.27541	-1	-1	-1
20	16	-5.67923	1.27541	-1	-1	-1
20	16	-5.52923	1.27541	-1	-1	-1
20	16	-5.37923	1.27541	-1	-1	-1
20	16	-5.82923	1.42541	-1	-1	-1
20	16	-5.67923	1.42541	-1	-1	-1
20	16	-5.52923	1.42541	-1	-1	-1
20	16	-5.37923	1.42541	-1	-1	-1
20	16	-5.82923	1.57541	-1	-1	-1
20	16	-5.67923	1.57541	-1	-1	-1
20	16	-5.52923	1.57541	-1	-1	-1
20	16	-5.37923	1.57541	-1	-1	-1
20	16	-5.82923	1.72541	-1	-1	-1
20	16	-5.67923	1.72541	-1	-1	-1
20	16	-5.52923	1.72541	-1	-1	-1
20	16	-5.37923	1.72541	-1	-1	-1
21	16	6.97588	-6.47678	-1	-1	-1
21	16	7.12588	-6.47678	-1	-1	-1
21	16	7.27588	-6.47678	-1	-1	-1
21	16	7.42588	-6.47678	-1	-1	-1
21	16	6.97588	-6.32678	-1	-1	-1
21	16	7.12588	-6.32678	-1	-1	-1
21	16	7.27588	-6.32678	-1	-1	-1
21	16	7.42588	-6.32678	-1	-1	-1
21	16	6.97588	-6.17678	-1	-1	-1
21	16	7.12588	-6.17678	-1	-1	-1
21	16	7.27588	-6.17678	-1	-1	-1
21	16	7.42588	-6.17678	-1	-1	-1
21	16	6.97588	-6.02678	-1	-1	-1
21	16	7.12588	-6.02678	2572	2644.28	-1
21	16	7.27588	-6.02678	2401	2508.91	-1
21	16	7.42588	-6.02678	-1	-1	-1
0	256	7.21225	-0.591923	-1	-1	-1
0	256	-3.83479	3.39322	-1	-1	-1
0	256	-4.29271	2.87901	-1	-1	-1
0	256	-6.94604	0.627542	-1	-1	-1
0	256	6.94904	-3.74791	-1	-1	-1
0	256	6.1093	-4.05377	-1	-1	-1
0	256	-7.59284	3.21017	-1	-1	-1
0	256	-6.30017	0.927579	-1	-1	-1
0	256	-9.37315	-6.61759	-1	-1	-1
0	256	0.517884	5.94831	5387	-1	-1
0	256	9.44295	1.18521	-1	-1	-1
0	256	-1.0218	-5.5106	3658	3707.72	-1
0	256	6.95864	-5.35778	-1	-1	-1
0	256	-9.17732	-0.30752	-1	-1	-1
0	256	-3.07042	-6.39843	-1	-1	-1
0	256	6.09257	5.39182	3043	3173.56	-1
0	256	6.07051	7.58818	-1	-1	-1
0	256	6.48911	4.19124	-1	-1	-1
0	256	7.57357	-5.79918	-1	-1	-1
0	256	5.81306	4.23795	699	822.562	-1
0	256	-4.3689	0.731772	-1	-1	-1
0	256	2.63461	-6.35955	-1	-1	-1
0	256	-0.553645	-6.69622	-1	-1	-1
0	256	5.51494	5.87929	-1	-1	-1
0	256	-4.71128	-4.37874	463	629.562	-1
0	256	3.54383	1.52216	-1	-1	-1
0	256	-8.21432	1.08901	-1	-1	-1
0	256	-6.02092	3.96921	-1	-1	-1
0	256	-4.99366	8.47566	-1	-1	-1
0	256	9.45435	3.20154	147	219.406	-1
0	256	8.12041	-7.03153	-1	-1	-1
0	256	-8.84237	0.76968	-1	-1	-1
0	256	-1.67063	-8.69018	-1	-1	-1
0	256	-4.6429	-0.353606	-1	-1	-1
0	256	1.11832	-7.48981	-1	-1	-1
0	256	-9.03963	1.57488	-1	-1	-1
0	256	-7.46186	-6.07316	-1	-1	-1
0	256	7.08129	3.6797	-1	-1	-1
0	256	1.22114	3.54365	4838	4967.97	-1
0	256	-0.761679	7.45395	-1	-1	-1
0	256	9.16096	1.58457	-1	-1	-1
0	256	-5.02256	5.72455	-1	-1	-1
0	256	9.62221	0.882788	-1	-1	-1
0	256	0.213948	-8.85541	2700	2768.59	-1
0	256	-7.5067	-6.24385	-1	-1	-1
0	256	-6.84224	-4.74619	-1	-1	-1
0	256	-0.537133	8.3059	-1	-1	-1
0	256	3.05736	0.392255	831	857.281	-1
0	256	0.0948686	6.72723	-1	-1	-1
0	256	5.4452	-5.08045	3048	3173.22	-1
0	256	6.14883	2.83146	-1	-1	-1
0	256	-7.82373	2.92221	-1	-1	-1
0	256	-0.361417	7.37487	-1	-1	-1
0	256	3.07098	1.3607	-1	-1	-1
0	256	-0.533174	-8.9974	-1	-1	-1
0	256	2.41846	7.57869	-1	-1	-1
0	256	-6.00897	6.38485	-1	-1	-1
0	256	-0.180453	3.78558	-1	-1	-1
0	256	-3.7268	-5.02978	-1	-1	-1
0	256	2.92416	5.23076	796	919.531	-1
0	256	-8.84305	1.3569	-1	-1	-1
0	256	-2.90562	-2.69655	4506	4675.97	-1
0	256	0.717081	5.47905	-1	-1	-1
0	256	-5.28308	-0.211759	-1	-1	-1
0	256	4.31858	-3.38821	-1	-1	-1
0	256	-3.07993	-9.06	-1	-1	-1
0	256	-6.02235	2.57058	-1	-1	-1
0	256	-3.90661	6.76613	-1	-1	-1
0	256	-6.3732	-2.24009	-1	-1	-1
0	256	-2.82218	-4.61059	-1	-1	-1
0	256	2.70878	3.84944	-1	-1	-1
0	256	7.12328	-2.81244	-1	-1	-1
0	256	1.18516	-4.29785	1258	1299.12	-1
0	256	-9.14896	-3.36628	-1	-1	-1
0	256	3.44237	0.630085	-1	-1	-1
0	256	-2.35208	-5.01365	-1	-1	-1
0	256	-2.46372	4.36628	-1	-1	-1
0	256	-8.77592	2.42853	-1	-1	-1
0	256	-3.93757	-3.72535	-1	-1	-1
0	256	9.23435	-3.48097	-1	-1	-1
0	256	-9.38347	1.48663	-1	-1	-1
0	256	-1.60879	5.28762	-1	-1	-1
0	256	4.1284	-1.40068	1862	1981.5	-1
0	256	-6.35991	-1.40603	-1	-1	-1
0	256	2.11697	-6.14754	-1	-1	-1
0	256	7.15759	-6.70378	-1	-1	-1
0	256	-2.81847	-5.14435	-1	-1	-1
0	256	6.65817	-5.97782	-1	-1	-1
0	256	-6.76129	-7.87521	-1	-1	-1
0	256	4.56843	6.92228	-1	-1	-1
0	256	5.52827	-2.06504	-1	-1	-1
0	256	9.0793	3.91372	-1	-1	-1
0	256	-6.94107	-5.21612	-1	-1	-1
0	256	2.90738	3.49594	416	572.75	-1
0	256	-8.2342	-0.439046	-1	-1	-1
0	256	5.10657	1.88252	4143	4253.53	-1
0	256	6.56687	1.1977	-1	-1	-1
0	256	4.77301	-5.95789	-1	-1	-1
0	256	6.39956	-6.43494	-1	-1	-1
0	256	-4.27483	-6.50434	-1	-1	-1
0	256	-5.50542	2.53346	-1	-1	-1
0	256	1.45719	-4.4475	143	184.688	-1
0	256	-1.76178	5.66522	-1	-1	-1
0	256	4.14193	-1.22011	2981	3099.78	-1
0	256	-0.50338	9.3663	-1	-1	-1
0	256	-5.22063	7.34551	-1	-1	-1
0	256	-6.57098	0.973173	-1	-1	-1
0	256	-5.76928	-4.6216	-1	-1	-1
0	256	1.2774	-8.48613	-1	-1	-1
0	256	-2.32603	-3.2912	-1	-1	-1
0	256	-3.8895	-6.63473	-1	-1	-1
0	256	-2.43379	-5.63606	-1	-1	-1
0	256	-8.09271	-0.442471	-1	-1	-1
0	256	2.36079	-5.29386	-1	-1	-1
0	256	1.73369	6.46555	-1	-1	-1
0	256	7.43514	4.6935	-1	-1	-1
0	256	2.03657	-3.29567	334	478.781	-1
0	256	-9.59075	-2.26292	-1	-1	-1
0	256	-8.48819	-3.46859	-1	-1	-1
0	256	-3.77126	4.80504	-1	-1	-1
0	256	2.04992	-9.63934	3236	3315.28	-1
0	256	3.65629	-0.536865	121	151.969	-1
0	256	5.75266	0.334891	-1	-1	-1
0	256	5.06751	-6.87257	-1	-1	-1
0	256	5.79646	-5.51356	-1	-1	-1
0	256	3.2867	5.97468	-1	-1	-1
0	256	-4.54213	3.81137	-1	-1	-1
0	256	9.0014	0.883812	-1	-1	-1
0	256	-6.00473	-4.21552	-1	-1	-1
0	256	-9.36826	-2.52843	-1	-1	-1
0	256	7.31019	-5.36837	-1	-1	-1
0	256	-9.06305	5.38546	-1	-1	-1
0	256	6.39914	2.33564	-1	-1	-1
0	256	-6.70806	-0.510988	-1	-1	-1
0	256	4.23954	5.51238	-1	-1	-1
0	256	-5.41016	-1.99498	-1	-1	-1
0	256	-3.75749	-8.91055	-1	-1	-1
0	256	1.3955	-7.62695	-1	-1	-1
0	256	-2.25115	-5.62597	2410	2525.47	-1
0	256	7.11411	1.54878	-1	-1	-1
0	256	2.30508	-6.72486	-1	-1	-1
0	256	-9.06372	-0.651997	-1	-1	-1
0	256	5.92295	-2.5934	-1	-1	-1
0	256	-5.95377	7.48842	-1	-1	-1
0	256	-8.00579	0.492452	-1	-1	-1
0	256	8.16911	-9.43264	-1	-1	-1
0	256	-0.919319	3.49447	-1	-1	-1
0	256	3.41742	-1.59277	-1	-1	-1
0	256	-3.59994	-3.65339	-1	-1	-1
0	256	-7.54011	6.40353	-1	-1	-1
0	256	-0.73268	-7.07981	-1	-1	-1
0	256	7.55394	3.53228	-1	-1	-1
0	256	4.03744	-6.07323	-1	-1	-1
0	256	5.69937	1.81803	-1	-1	-1
0	256	1.32179	3.5596	1242	1389.16	-1
0	256	2.78	-9.41186	3348	3436.78	-1
0	256	7.12395	5.3871	-1	-1	-1
0	256	-4.89327	-2.4408	-1	-1	-1
0	256	5.43213	1.88948	-1	-1	-1
0	256	-1.17308	5.6481	-1	-1	-1
0	256	2.90318	-4.20507	-1	-1	-1
0	256	4.21484	3.0437	73	112.906	-1
0	256	0.0816913	-7.30246	-1	-1	-1
0	256	-1.9267	5.11857	-1	-1	-1
0	256	6.14363	3.09853	-1	-1	-1
0	256	5.31149	5.5671	3752	3875.91	-1
0	256	-9.77071	-0.815742	3779	3855.12	-1
0	256	-2.56139	7.34229	-1	-1	-1
0	256	8.65408	3.03865	-1	-1	-1
0	256	1.43602	5.39046	-1	-1	-1
0	256	6.79484	-2.61596	-1	-1	-1
0	256	-5.66479	-7.41523	-1	-1	-1
0	256	0.883547	-2.15178	-1	-1	-1
0	256	-5.51097	-0.150183	-1	-1	-1
0	256	5.18123	1.99023	106	148.688	-1
0	256	-2.25787	-6.0042	-1	-1	-1
0	256	2.01625	-2.61354	-1	-1	-1
0	256	6.23673	-6.26575	-1	-1	-1
0	256	-4.45243	3.40383	5302	-1	-1
0	256	1.24323	-9.65729	-1	-1	-1
0	256	-3.6582	4.66459	-1	-1	-1
0	256	5.98919	1.27762	-1	-1	-1
0	256	-5.43853	-4.45154	312	452	-1
0	256	-8.21362	-3.67553	-1	-1	-1
0	256	5.28525	-0.639828	4500	4607.59	-1
0	256	-2.82279	8.23407	-1	-1	-1
0	256	-5.97459	3.0013	1910	2042.34	-1
0	256	1.02207	-6.13661	-1	-1	-1
0	256	-6.65603	-0.0789413	-1	-1	-1
0	256	1.8263	7.46918	-1	-1	-1
0	256	7.50059	4.18771	-1	-1	-1
0	256	0.797435	6.51133	-1	-1	-1
0	256	-1.9943	-3.2731	2504	2557.72	-1
0	256	-1.87651	-8.88684	-1	-1	-1
0	256	8.51743	2.10826	2687	2772.75	-1
0	256	6.66638	-2.07618	-1	-1	-1
0	256	-6.87172	5.06996	2529	2658.03	-1
0	256	-2.5329	7.79563	-1	-1	-1
0	256	-0.402179	9.00715	-1	-1	-1
0	256	0.885692	-4.43708	-1	-1	-1
0	256	3.22601	1.19982	-1	-1	-1
0	256	1.67123	-5.90341	-1	-1	-1
0	256	5.48971	-6.16666	498	619.406	-1
0	256	3.89573	-5.85017	-1	-1	-1
0	256	4.96906	-8.48403	-1	-1	-1
0	256	-3.46692	-0.822434	2735	2851.62	-1
0	256	3.418	8.94517	-1	-1	-1
0	256	-8.27286	-1.88357	-1	-1	-1
0	256	1.18506	-5.83006	-1	-1	-1
0	256	-4.49753	4.26941	-1	-1	-1
0	256	-3.65931	-5.69295	-1	-1	-1
0	256	4.64903	-1.55532	-1	-1	-1
0	256	-2.71676	4.0127	3309	3442.5	-1
0	256	-6.9569	-2.96325	4191	4286.44	-1
0	256	-3.24987	-0.649998	31	69.4062	-1
0	256	2.43654	9.45776	-1	-1	-1
0	256	2.05019	7.95532	2500	2567.81	-1
0	256	5.7574	-3.83809	-1	-1	-1
0	256	-7.09526	1.64644	-1	-1	-1
0	256	5.95644	-0.636908	-1	-1	-1
0	256	-3.17779	6.28987	-1	-1	-1
0	256	-2.9406	8.54104	-1	-1	-1
0	256	4.77888	-7.02433	-1	-1	-1
0	256	2.77632	2.99047	1960	2123.31	-1
0	256	4.83073	6.31085	-1	-1	-1
0	256	6.50493	-7.02828	-1	-1	-1
0	256	3.62914	-8.16852	-1	-1	-1
0	256	-8.86954	1.91191	-1	-1	-1
0	256	3.83299	-6.78168	-1	-1	-1
0	256	-8.84412	-3.20161	-1	-1	-1
0	256	-8.57722	3.80306	-1	-1	-1
0	256	-5.94031	1.44931	-1	-1	-1
0	256	6.06845	2.67686	-1	-1	-1
0	256	0.677971	9.50323	2005	2072.44	-1
0	256	1.21285	5.57537	-1	-1	-1
0	256	-2.10124	-6.27844	-1	-1	-1
0	256	-3.89818	6.57661	-1	-1	-1
0	256	-1.95792	-9.45561	-1	-1	-1
0	256	2.99641	-7.61582	-1	-1	-1
0	256	4.28569	5.13032	-1	-1	-1
0	256	-3.41642	0.382027	-1	-1	-1
0	256	-2.96429	7.4218	-1	-1	-1
0	256	-1.18606	-9.36318	-1	-1	-1
0	256	-5.11729	-7.49565	-1	-1	-1
0	256	6.8433	-1.4461	4868	4957.56	-1
0	256	-5.58875	-3.54949	5266	5395.56	-1
0	256	1.26031	-8.12647	-1	-1	-1
0	256	4.78408	7.18583	-1	-1	-1
0	256	-7.6772	5.69295	-1	-1	-1
0	256	1.40915	5.10354	2592	2638.75	-1
0	256	-3.76696	1.81327	33	96.625	-1
0	256	-4.48726	0.294353	-1	-1	-1
0	256	6.12528	2.28471	-1	-1	-1
0	256	-4.89464	4.57851	-1	-1	-1
0	256	-0.936188	-6.43166	-1	-1	-1
0	256	-5.08367	-6.22519	2676	2811.56	-1
